703.5,361.5,57,114
702.9034745248599,364.91702355515343,59.31918734728902,109.88054963098043
707.9589444970909,369.482787115334,61.95582582742625,109.13856562100058
723.6940840668583,379.63497645167445,61.83582077540252,107.18691937131233
735.3963903941343,385.4207960688487,65.59844814012564,110.18349834736628
746.2175573577001,389.4931298112043,71.51731053560003,113.56903004437939
758.6911087210833,396.4602038750314,75.60457742302872,111.53069673880854
764.1333304604352,399.95931903841813,79.05485914672106,111.49668209058994
773.2589801754948,399.78788174364735,80.37309489610485,113.83386651036393
781.0481970808924,399.4120682363511,79.50083958416944,118.38500076691244
791.6278165473756,398.4612750721833,78.1886004291429,125.34132003464836
793.0271140971919,398.1179065799852,78.09242099592444,126.47164856605102
792.2884734126371,398.4164808707501,81.17884315367134,127.39994207166959
790.8669661954883,396.84236342329365,86.73257156503774,130.5008804555607
791.8772014372823,394.4243400584174,86.12558970672566,131.17015022841565
794.2603575926585,396.383291675071,89.18449787384598,130.038936901733
794.8648691297512,394.04436346206376,88.7931856361304,130.8839557153095
798.7429267517429,393.1567368468738,90.76355715077032,136.1247957111178
805.7346279743907,393.0064704012046,94.79717199406144,141.2725645570341
808.5230775383947,393.67021121652215,99.89621125026555,145.9140377037802
813.3720045125161,393.1713345286429,102.98619923057808,144.49633187931337
812.2714418619341,394.4126066566731,104.47339529046542,141.22304321044692
812.171609005185,393.9311703557728,109.38261677381765,138.66650083503208
803.6544406740771,392.8142800644802,113.7670991791258,138.75897273344026
792.7090753619623,383.39346231156526,115.55236524289352,137.26145205513623
780.5976096548751,374.7231985462249,118.1712083050072,135.63888886575856
772.9031835797897,368.55103600657566,121.44336957214657,136.301303689037
760.307164454077,361.9901285030493,126.30537619623587,134.93177201390642
748.083585096784,352.7662545821774,128.98072921011092,134.85849657128392
746.5277739684525,343.8204537660974,128.01613656552655,138.61857271622867
728.4398852511277,337.2922643865049,126.32421655482031,137.06371434685818
716.6881840273704,338.4016150270237,134.2199235092702,130.42955357826614
714.8737672582739,334.0039898176726,140.65875290395826,126.83636294338191
701.4220748969278,328.6506633451476,145.86936953094866,121.37407556647041
702.7230486792059,330.0983359529765,150.4119387396054,115.40862233567762
695.2961528132299,310.95919778404436,144.40481272453167,119.53458765434986
692.8183506860962,306.9512757888412,143.50063311677687,121.37483245901376
692.2978786974317,298.4354374389758,144.91236371730147,122.37230288624536
679.1347529171561,283.71813870094127,145.3403856747199,127.38242964304204
671.4420018670288,270.7848150888211,141.3130803045507,133.3076462142758
659.4410529877024,251.36971054360703,135.2148590141589,137.44579062159562
646.0546831186041,239.54611411918597,127.27469360554517,142.60516652249203
633.5513840147489,237.56670782027848,124.02166451845733,141.21481006015262
607.2625285210389,214.71276585258505,118.06124148902032,142.18498674839472
589.5810100115459,203.13526157533965,120.40821016692007,137.34322461128951
551.652290174214,190.30476821158052,113.38773404297876,133.95083590113467
530.6395143658601,179.2156162755487,106.80851039676114,137.8733738230669
506.7802969609637,168.42312907920896,103.06114531626648,139.51446436179208
471.01627611916547,157.88560625985062,103.85283660723172,133.5166049023244
443.15509041261225,155.07972880745064,98.31303799295219,134.31807617747407
417.5288613624997,142.40599671041633,94.06646940160982,136.51283285107576
401.9536062969808,146.62150209937784,93.70145202491251,129.4123238256224
390.3809059391525,145.40290347396552,90.524690009006,125.57488376730456
373.98661784074625,143.8931908034951,88.18441930442458,124.0605299682143
368.5033157259584,143.2379896615615,82.11593295761722,123.88517197475177
363.33062897872276,144.73046739472852,81.61588970150936,120.30737877809239
357.803860937911,147.0772465668206,80.98512147897189,118.94240668401375
350.90471873522904,154.11606221449836,78.59184534507389,118.12837817721255
345.1724152092063,161.06256000988566,72.96446198428552,119.02378570827076
341.64892456740216,171.47955187193952,68.59681700763238,116.37158225755964
339.47569584592105,193.92454604564654,64.31033981856083,114.19274966246675
335.961382720623,213.91146137319507,62.91802084159977,111.18294802557857
335.77707027708044,232.98332730287157,64.8041614889042,106.84955576101363
342.98025146070734,246.99271511925298,65.40096026874355,101.75470057331347
348.5107094115849,255.92796964898196,65.86124054326103,99.8621363734907
360.946670612219,264.95856947372533,66.79246860165073,96.28814574301401
369.0682104266481,272.8019947648526,66.96326613758802,92.5124772240515
377.07282372437305,279.69694332388684,66.62745253068789,90.02909604020144
392.2635684074969,277.39614012384914,64.17639097100543,87.50843306163212
403.1108748809691,273.87023373735826,63.590769376644026,85.35033435486622
417.5241561153713,271.5799725871663,63.39704223933258,84.71989182375346
425.25759030179825,271.8318678460101,64.8333599638868,82.30363305289414
434.4857274218247,273.5777429718183,65.8595001647969,79.63761364710629
444.9192711762612,268.258912812491,68.0747263204936,79.39932012254795
452.2809665522801,265.8762783488021,67.23856276884754,81.55457432421802
458.20529984720434,264.6537475762349,67.64483287428537,80.91919471595189
461.7584234305105,266.07896826666376,67.88253566384849,79.28415376222819
464.21393936914177,265.82342604625273,67.16597573561819,78.42527540209406
466.26986040053026,264.4708815893928,66.88485073023989,78.82332722106031
468.2342072606987,262.3144261696589,67.08720082316184,79.75371824384297
469.5702124957722,261.3765623599856,68.21165289969815,79.39951781635298
469.7755386780954,262.16709777659725,69.43046805640503,80.43113327955245
474.11028293343475,259.7129606601429,69.67438137359979,84.17485461091265
479.3592840065483,254.78954711462558,71.90383047216285,87.48343540608674
487.7350274915481,250.03518909120416,70.17151688626869,89.87095385785182
494.8498373698237,249.71294201871396,68.92404018266774,89.91333685145896
495.29871447166295,248.94757612534517,66.47605842197913,90.37076935864685
497.58096804549405,244.9253658097882,64.79205081613347,90.53205405019202
501.4261480393704,242.10828581317566,65.87265399314661,88.5216577206663
508.64214154874435,241.84546765434857,64.38781420299614,86.62535053870135
516.3281887270346,240.26121264366446,61.20514793126634,85.47498733057401
525.3635005506411,238.41038565030146,60.02049191041111,81.86671504436205
533.0786664935056,236.80933595649606,55.727470228425915,80.4627746274256
541.0283548231502,237.37086141679276,53.99008401384292,76.66730783529648
544.4183931491651,240.1359015103593,53.88996903941651,72.47535470635715
550.6136824263516,241.94176890175385,51.14796116703556,71.39554641257004
552.685038616305,243.57557329119965,52.24910764297594,69.27664441509013
557.9912988927123,243.95148054882864,52.211256660579686,68.23863840060783
565.5373166986901,239.33954423384262,50.151504034994474,70.45159355658224
570.7132907190812,240.8439963731003,49.86892654058997,69.69299883373938
574.9345775099027,236.8781735053363,48.76227824633081,71.16864980587253
580.6207486987223,239.28709470538746,49.164355926437835,67.86488844572781
586.6122307266996,239.00152242918278,47.526928021165055,67.21410818825187
596.7330665176747,236.4496379322662,45.75726854784125,68.27587812892652
604.515284227843,231.28196897292622,42.825607585417515,69.67844169516617
610.720049308923,230.1990045636453,41.42557974664619,68.51181884883943
618.2276252218128,229.940145172634,40.506968452303866,67.29852858247071
623.7758634337594,227.95885243570788,38.580014228933166,68.92708587354849
629.8266535693758,228.11671402515915,38.15215543926219,69.04852106484107
635.9797381578921,226.9473721119949,36.9521308430958,70.62759191888784
639.5339422027529,228.580468890062,38.04341509773154,68.80882849621305
646.3153625529657,228.57433301034007,38.542777573987195,67.2546227212483
652.6375074533806,227.02530173735585,37.619847566091494,67.15989935538742
660.5380613125884,223.57866086291867,38.33803891319188,67.47265966383844
665.7643902824207,223.4735425255327,38.16007926319431,68.14416214203526
672.2521160907893,220.19500556265132,37.22769638216783,71.01826746260409
680.9268849464327,219.44702731840906,38.10875911084486,71.1333800594178
687.0044942193236,217.80741346623535,37.76025422233512,69.88546488668035
694.0514489604527,219.65962140361512,39.73906009350709,67.96131374102313
699.2650004736165,220.45348935868392,41.36680926091597,64.55820761367602
706.5075401422678,223.6722753171331,42.03230419114388,62.50980746516579
715.2640869661176,222.3485907352258,41.92362394645187,60.677781666612574
723.2099019175048,220.31362817727575,40.80853095687081,60.21546675458819
731.4265952060487,219.20451449935885,40.12777621124149,61.5118781156569
737.9320302657312,215.63454715564248,39.04295353759678,63.20401511562175
742.7225849164915,213.35853236444808,37.93988547728449,65.1716733034205
749.3886728123365,209.13145596314504,36.71236754993959,66.94524367164121
753.9107450963094,204.71647715139676,35.70939700782459,67.55563918679914
758.9266167160347,205.31657820165884,34.996980686852794,64.79888310036583
762.4222118540495,203.34043720836644,33.57623400051287,64.39792947353757
763.5922910024971,201.0941450236908,33.11140104104144,64.05766425439282
765.8472239548631,199.72156386320586,31.643670309551226,63.302599770876284
765.6682388510483,195.21497671520655,29.985080083091496,64.29884892895083
764.2494112273725,190.82620739459884,29.48601256207728,64.34302611651103
762.5755433449417,189.16778126463038,29.21454231332153,64.76407324758435
759.0707282068754,187.5348395679805,29.445758802126512,63.75109535914147
753.9560882034713,186.6059190313238,29.82073041649201,61.26176050349985
750.570247790435,185.54695376362056,30.20462520772467,60.59386200869368
745.7048454784566,183.702745342434,30.256738203540866,60.68188759156996
740.5785524075302,184.54900695557552,30.534200239173032,58.41520461860577
736.3941925573105,182.79175961361608,30.235655727287273,58.69036305791599
731.2899129557422,182.78681141481616,29.79811650314184,58.05026948982393
726.8329080748097,185.15281636105414,29.693253268341525,56.76742601596009
720.2390275754582,186.7315108305136,28.921298020130635,57.1407651769872
714.5651157116008,188.56900159047868,28.91822970633151,56.808722032261144
707.3043067705979,190.8569999603318,28.76834059966728,57.217385286302914
692.9084910390934,196.59360461412948,31.035492415239418,55.63931043610698
683.2758809685683,202.11403235585644,32.418406313535684,53.21778190217045
666.0253479341436,207.57980614580254,34.79960024574664,52.7364696155751
655.2465758164333,210.0645721882667,35.311318814293195,53.04040097840651
643.482319407673,210.82910505610062,35.75389496362135,53.707120577278516
626.2066569858439,214.16260533112768,38.96564767990145,53.18254153351791
614.0534371296864,215.79205378637357,39.7386630382707,54.99027044066145
595.6577911313365,219.3079433834616,42.60405262915727,55.7543456095351
586.6399048297343,220.76860602112453,41.04776281623279,57.77252301126359
576.6423118161644,223.25272677957093,39.481307461044,58.91943808188344
567.5621908946797,223.5610461129102,36.24170348994356,62.1481719406836
561.9599801817906,224.90245153302124,34.3049794626054,63.93491786767251
553.6819020076468,229.06040637571817,34.02768064677618,65.58572095972076
547.8984715727889,232.41902473998556,34.661933721195446,67.7479469341786
541.7153282651938,233.230201184551,34.62884885797239,71.05018515635993
532.0711441631795,237.2617506536306,36.93093530575099,71.42083518060903
525.0347836791764,244.8517411411371,38.93418578305355,70.04413084636269
515.7534296692356,248.15395285696724,39.613116229594226,69.34754124713581
508.3210510905882,246.7074560679843,38.02911778182879,72.05392442375788
502.35716895364675,248.77178887868072,37.51678459093059,72.52504616874005
492.4590864647865,253.25476811722623,37.9626652033692,71.22049730147813
485.397846459372,259.89772577997593,38.839391914323144,68.72703144620284
480.1336938085347,265.76261270975533,39.921307114531665,66.5859692531348
474.1593484290275,270.3665416673081,39.582588988360456,66.13004466314923
468.3153537873079,279.2363976676619,41.39569742286818,63.34242251196015
464.33825696448326,279.7312248593571,41.185436130580904,65.6095794851709
459.44099533860987,280.45195750941707,39.34462844278565,68.82218410039677
455.0774085167993,281.5785594008145,37.661735763127794,71.75298972184419
451.72561275110814,280.11463845928733,35.662631853166886,78.89815409511831
447.80642916052454,277.8816948946072,35.92359618517557,80.31999431375509
442.9381190348044,282.2349954499454,37.6949594093904,80.44804435120831
436.5210797943101,280.4055768058574,38.16906056080489,82.16103221930993
428.9105208138252,282.50081767901463,41.88347998308668,77.15992235107615
423.06787620427497,279.7337273594072,44.287908877758674,80.23274692355875
411.7156873252683,284.5688380228848,51.48792320987016,76.95164685748331
407.680679908327,286.0342863951383,55.05172352161526,73.75260808595752
406.1377844326664,284.2886872260588,54.99924698282396,75.92779380633195
399.97079975772374,280.8432481688256,55.96697287371212,76.35530280646445
389.5628122272111,281.05735512669884,59.45784117928619,75.15470138856654
385.5429012977027,280.07703242422383,59.44698658586947,77.47976799957388
384.80894687807387,276.8965941284306,60.93844383677455,77.56065502180708
385.33049536474334,278.23148949450206,63.21701872768759,77.45759374231932
382.6273932887901,276.1746539046395,63.965616775955326,79.37134882932168
384.68764746362604,277.121723424824,62.56768170167962,78.06258737657325
389.6540324535501,276.5266914538488,62.66905997850938,77.34379871022287
398.16745642007197,277.5159679240338,61.822902125089456,75.22514092476956
404.1118901398844,279.6331339184714,60.05946971805538,74.32806019678877
411.6800210256713,281.5339706194369,56.95825057035158,74.89523400298337
417.4386253799074,277.73820844351013,56.99925698464671,76.86367415813129
418.13283435677243,278.3794015902359,57.743680401861226,78.48754301222279
414.5855820681747,279.5533079733226,62.74633475206934,76.83120903478357
415.0400135879494,281.3521050137724,66.11630658416942,77.71651890014631
414.86693388330457,284.13820239401,68.51501785353584,78.57799098718928
419.1654426732733,287.27173813751244,70.02611408919888,78.47672767121281
428.73646685873126,283.59431375005266,65.78325273467597,82.62676278807159
435.25907265122004,286.560743300226,64.83139353780662,85.24707016998666
439.8656517423695,288.75233899765306,65.28721454764086,85.53925479549075
444.7549430490766,291.2482319932584,65.7351618037137,84.5402719155058
451.3524793429317,293.79237532384855,65.38750878149139,84.09652644812348
456.9340637419734,296.5214118492905,63.57136622214193,84.59787004811912
464.0375811662855,299.3494901611836,64.38573938350474,84.57268767841958
466.2495997005228,300.3910182265281,65.2455532161,83.3449030855484
469.719116218853,302.0817599881019,66.26306839259496,83.58604815430527
477.1642871932155,302.4090521484327,65.57716705593305,86.2124219602613
478.8301413876946,300.733344285202,64.49654743830833,87.85272728783544
480.76915323995274,302.3437855234787,64.9642965710691,86.84184610019423
485.17006836993744,305.9283033268277,65.47945161658043,86.53239518369233
491.9901898580833,306.8894489343775,66.74270538527601,85.41399161001479
505.29603093862113,303.9361072527474,65.40937773044631,88.09328227105608
513.1052491274902,305.28579539161314,64.93658511103396,87.11064522842274
526.4243755533935,306.3221508215594,63.994325137753904,83.6770629448608
535.7339960544548,308.7345523104498,64.29766440737512,82.31897054108937
542.6440859498656,309.3960658153644,64.18689076225124,81.94216615926146
552.5678794826484,311.5383043718715,65.44063904798625,78.88757080988574
561.9360831994858,314.8293872766337,66.04786613630996,78.69550160672517
576.1568980073957,315.30140469108755,64.4870265986106,78.83259077733996
584.9452036120693,311.70614050975956,64.88800857553821,79.66518549048354
595.2863880538466,312.09135923412094,63.833161618077796,79.9152017071901
609.4134118576377,310.54298251383403,60.39237801731039,81.82990288996301
618.0771195642382,311.43829796271126,62.414378245460995,81.44101190769852
629.8605120804996,309.7589139956899,61.31808531733437,81.54765802046916
641.2461207653317,310.4155185593269,57.85298530793425,81.94002639451195
651.2238962905591,308.32753128020516,56.107949338822856,83.53327665614582
662.5747467421642,307.42318409928384,59.11709302546191,82.43511168289427
671.7721275737968,307.17087471885554,60.727430208488364,83.17394599550337
684.1651138746946,307.768040989569,61.82394967630269,85.00819498577854
693.1897211422681,306.7264542338106,62.69843779106769,85.67754448716643
702.2507632147691,305.7484542304566,62.829785054976085,85.30390422185323
716.8072922181849,306.54619253985476,61.63667035370396,85.30086350714365
724.1542704692722,308.1389155007558,63.60265692430632,82.59475748687613
738.1880511955642,309.16163110133846,63.79212512552593,80.54148240457454
746.1387846391566,308.0928480413481,63.17153538938689,81.10584832311072
754.150986292109,308.668570528777,63.13394027149361,80.83875863950927
765.4524700629024,308.3741679654659,62.30006592877979,81.25640427010005
774.1699586150878,307.3661814315831,61.513395414909,81.142119477395
784.3581797842556,309.2224712768963,61.409867104786215,80.79015673920634
791.5414716770726,307.10984698006433,59.85290539632831,79.78904420746713
797.8515670299762,308.25259216008567,59.899526756507555,77.67365566761335
805.237251009286,308.02808694870373,59.58405654473007,77.09578583184445
809.5167708066723,308.5538839567893,60.02530892734863,76.7252390957293
815.7020296384231,308.68040940728014,60.40663900319823,76.45564915759488
818.4415805599151,309.39623353429187,60.11775678163886,74.56222653646635
821.5921195610383,309.08959570862424,59.726066371907216,74.10392000947955
826.5140349779188,308.3227404719167,58.97703135614614,73.85246396394747
825.9717632968726,306.97795882599996,58.84179146284934,74.16688252251919
824.4109744939485,306.35531720374297,58.538110724446966,73.90365833856077
818.3301212467666,305.56070631366,56.66786858337149,74.54560127501973
811.8477634178349,304.32197537076206,55.89880548254095,75.24547828288681
801.4276309050479,303.47357098676764,54.867091584845866,74.66539757180004
793.0332886914762,300.36041287529196,54.20202867201684,76.4719666838395
782.5894697545315,299.3031229959666,54.0274767650505,76.61532709676601
771.0257711872343,295.05554154520667,51.5493966817656,78.99664915486129
760.8559851044774,293.7535052202068,52.48870015483694,76.89249440894015
749.9359462977052,294.2464045613941,53.386635185588055,74.86607770984935
744.3975329657321,292.01173808563715,52.84372800660995,76.18275066592531
740.2694399008399,291.3431513733846,52.66950538588484,74.96186889427406
734.4350269749941,290.27198837443115,51.83396611762631,73.4324528099138
729.9245226167527,290.81191307880374,52.82513471471731,71.90082753583167
724.3014082395232,287.435248472653,52.269405895128415,71.7593334437289
720.3842049226819,287.9869091208627,52.915566486236905,70.290977136874
716.2715514676628,283.44247248320755,52.453024311889074,71.76274585657924
708.2828877934029,282.7744417067348,52.5130230717997,71.37238318190113
703.0161381207267,281.69182948872947,52.95737464728182,72.4708822632612
696.110126642306,277.02666065129245,52.764769684006566,73.45426441386172
690.2614479521167,276.550151729629,53.475884476275134,73.02762149005139
684.5964421303155,273.33767169273756,53.19415371751188,74.34447884703357
676.7617395818742,270.2400905450702,52.55318612888519,74.67318133546752
668.8735317473385,272.68293855594544,53.02395348029817,74.11657281484169
659.8911270597082,269.6955722665035,52.467786913826366,76.70260214470939
654.0108484529933,269.9106449248612,52.49335505583405,78.77338254451145
647.4212727726187,265.6912248245187,52.930241663594174,80.38361530140757
638.0779512852571,268.0178286563764,52.35044927759782,85.13528028564724
631.4288008621705,268.93516965405195,53.04864864959568,89.89606322339017
620.7660194920393,267.40302425932475,53.316307202943584,92.34581910443379
614.6788252320979,268.55030670925225,54.22767660362342,93.05192850606977
607.8632365249047,267.6503764983445,53.8580981982648,93.8644651379239
598.1995080717805,267.5935518096129,54.090100594000816,93.61678046505114
592.6363807981247,269.9632662826326,53.49892081032385,90.87522893101917
582.8239036702477,274.9669410668159,53.85987119436235,89.46398114841699
575.5882212614148,277.0407172279855,54.872418230982575,86.60381892945323
568.6000146206413,280.10977228014974,55.41443459480592,82.75624387620422
560.5252806696393,283.1041791323633,55.07750483961684,81.4744371121676
553.3407259185216,283.6743092369226,53.569689142528695,83.23101048588786
543.4790020468598,285.94828473927737,51.611772734416384,83.00230333622399
536.1892655279648,288.25103084509374,49.914554743535376,79.06570275759468
527.2174458424678,294.52782875415625,50.15538556367402,74.27043310027834
516.6479293700567,298.26131085795987,50.787429688397644,71.41056649750334
509.0693685041413,300.35226328942116,51.5759224437739,71.01465207419355
500.1687410289966,305.0518722678914,52.97779454455692,69.13366931251177
493.4550452221154,308.73010430058093,54.646666310384596,68.78503293470769
490.4671661774297,311.94495649671853,57.06025809598823,67.35179742521122
490.3040778607888,317.44319053483275,60.31241866869155,66.5943857185388
491.4899655744828,318.9665072557423,60.294176905676835,68.88285081154214
490.3202167410992,321.13407639918137,62.37262495633736,70.24087555023442
490.79068954380955,324.6351722866834,64.23707226216194,71.28574831286521
492.9739174431822,327.10955387631094,65.80377920212877,71.74911615752634
492.2135255903752,331.185959328233,65.52560380969996,73.10635098937499
491.86466191731,331.7673520577897,65.59340100966585,75.35616532588615
489.0970019800796,334.2648886648342,65.91457714969772,75.2517170815562
484.21715618053844,337.4515229390193,65.70816546910153,75.06511196341899
477.3313709898342,341.3557410831861,65.92148731500635,74.50500984298986
469.44028673363596,346.03274892024695,66.97290862489497,74.67686007414778
467.3489923238235,347.30413217362246,66.23001642977059,74.72289769864176
460.9529101863792,350.5975832747157,67.37544456934953,75.23317395125375
457.38237440704575,354.2236665327997,67.97538474710655,74.83642652363227
454.33735349995777,357.02840860483815,68.3094435614348,74.91199955429026
451.387974288671,360.94276619560486,66.64727517358197,74.47067400216926
450.0351579968092,362.9795344696435,63.85222009033404,75.57529485039892
453.14448257301274,365.39956127221564,63.42960195356473,74.83642132690925
457.02509641770496,368.2773672061679,62.634481063421596,74.14455469332381
463.8704857285183,370.15003276375063,63.41026107301204,73.33891945123693
465.3279363309372,373.76519832376107,64.33362237030575,73.64695721407685
460.45609704978676,376.9859846503538,64.60723410994979,72.13705251390274
449.8637839371499,382.5854791927244,67.57165613316509,70.30204742576744
439.48157028300795,383.6674664248536,68.42370869131851,71.40005234896873
430.08858491125886,385.8224966603025,70.82341045976048,71.77203919223889
415.04234675266605,386.74503855537534,70.87916725491274,73.1161791288269
404.4434749380213,389.75003891343897,72.31363342944044,72.35840936051369
388.15088343943154,390.8929715991798,72.13270336307933,73.30507920048838
378.13207777838807,391.43008954111787,72.23958302046843,72.84211122652425
368.26760447175815,395.2857072569726,74.31362219762548,72.48363874821015
356.3919541725619,395.56408640761276,77.56518943964087,71.79577986974238
347.4236970819073,396.859962649402,74.64083543392402,74.32469759318299
341.7730406741961,401.387165953288,75.4051845529459,73.954496156138
341.7110998750578,402.1324921763269,75.22713624674277,74.17104577021847
339.72291344253983,404.16436124535846,76.82678871105935,73.75494372436623
335.1501891660154,408.4211574345206,77.20852047327305,73.76337044499577
332.9363551810494,412.5831407486885,78.6437129185631,72.30098106438363
332.39124237663606,413.8814449664211,77.84718189390796,72.48901969776428
332.92144958284325,414.32396387615796,78.46627153616242,72.76491920732224
335.2235323758091,411.5998165739529,78.14177070951493,74.28388841379963
342.9804046369998,405.29310216548845,78.24708826771196,76.15690385937734
361.8328276888299,400.533688609997,80.84167846246781,76.20874886307536
386.9516385500871,394.88012322615873,79.6743868003681,78.54393466110945
427.928515582199,389.7233776716283,83.59878960427766,75.00616932096483
452.57524691294736,385.25235707250283,83.34642925231987,75.11464844441151
489.6870933458877,378.3840664058094,82.41172280341873,76.64179200034482
512.7480863325449,375.3062754414717,83.83891347322665,77.37916529501223
518.9536904495096,370.2083192185668,81.72526412404287,80.36305224685233
516.4521912073483,362.66683835305616,81.514131525588,80.72686338082615
518.8279498028434,364.4525738204002,83.15617165798062,77.94074047686655
519.185468085439,358.460480945423,86.91711875663427,76.9349271352047
524.011024088665,351.3025202175358,86.12049998387964,78.05884730089802
529.887323644331,344.91948272178786,83.69192153140423,79.76905869352571
544.7606100146485,331.9224746627526,83.47077560656618,78.55261514525404
553.3463665883198,324.7375300058279,83.65299540501317,78.59587170894142
560.285527629444,313.44226567269277,82.94719509734072,77.82589052309473
561.2698310085443,302.9560651711974,82.06291120471319,79.10785529748512
564.8220374064663,292.4890149396255,78.3187521648001,80.6236100678818
569.1477863080111,283.38855900315497,79.88435333190418,75.982420835887
573.3624340219701,275.8471598711741,81.25276289583911,74.6312624729718
579.2269225380638,262.76606119337845,79.3352464348907,76.08337562142174
584.1079946476056,256.30435139597336,82.79180586416489,73.67482728354553
592.9175210284449,250.8507638393774,83.21862720081894,72.81033842333031
603.6481337643141,236.4489096181552,79.74023084712728,74.929325567902
611.7186727706419,232.15084832462088,78.42424938223598,76.80877158921942
618.2934708899924,229.28020734265067,76.36642932531643,78.26603056991993
623.2996072087902,228.87023388859438,74.12219895284859,78.1735633122929
627.8990214775986,228.10623986883175,74.80398217522882,79.65313906617875
634.2805587835786,228.1260871018949,75.07718434320176,80.44709319758016
638.4261336530735,227.93059154454323,73.47536854445812,80.22722978688083
645.5187353789117,226.43930516757402,72.70959714108407,81.94728865674432
649.3493794027506,227.91486831626682,73.50207016136949,81.0416157888705
655.4039320462584,228.3237253124859,73.14598392283747,80.03212248705239
662.8235479512853,227.4643541819197,75.61250981317808,78.798085454158
668.6979412397563,223.9520646282417,75.40567899258822,81.45161051001166
672.9874458206267,218.70053680800166,70.95094335654264,84.47780757801165
677.9059138082562,217.0678442586807,69.29077397776803,83.39635966390013
676.0124678561943,215.3090687642043,69.78863446503235,81.65000809283603
668.4005594344392,212.36692284020862,71.6639860486913,80.784518090406
661.621477576425,210.83861901165022,71.49071889496717,81.23837111060382
651.461759783515,208.15854864443904,70.80935082444913,80.13611521687034
643.2026244168645,205.58879443585596,72.44120052084779,79.55027369102808
639.5127937177681,202.2862822297173,74.24940752925424,80.77423586288634
638.8212540531396,196.63959579403382,72.35761645630762,81.72611879052337
639.117945484968,195.30686337827922,72.98115186404509,80.16292834632016
639.5922496744189,191.56187883827653,71.45378283222539,78.6933316366711
639.7122577492777,187.9052690815736,69.78186712271,79.2681077203837
635.5491666618437,184.77322650050343,68.48724541332754,78.21093341770215
630.1539741917438,182.26991493504792,70.37720656664887,77.66371683818748
625.8346630736457,179.85471900585193,69.26415263078948,78.2258997138536
618.6467895208089,179.22938214546284,70.69792407154472,77.19903617160428
614.8168555816648,179.7437401291486,68.34043096034561,76.34115059391584
609.5693972349013,179.35096533819393,69.75669602631866,75.41670441241439
603.19070256321,179.04358915003996,69.75776123911028,74.37153702398633
599.6087618397613,178.31435344316694,68.111335977071,74.54348882707022
594.1788314843319,180.0622014636034,64.97796958276166,72.34597807924504
591.6098698418217,181.16864609896308,61.74433259009241,71.84761182455689
588.2285854851132,182.38322289772475,58.072438735535265,72.56859633261755
583.0222945398754,183.78581134306674,54.39516234116664,75.28585147809615
577.4640049386394,185.69905027126418,52.480560822003916,76.04349377580661
570.8751161309589,189.64991328434087,51.95541122606456,76.38161036944982
566.1112377843863,192.14829763725402,50.61923806126897,76.4191081084458
561.7896391975793,194.72813933034297,50.87882732607294,77.0064622918197
556.2613265953622,199.9769706835628,51.900097431263745,76.35995212158717
554.0168614873494,202.14691822011366,52.24990217721618,77.83328285055693
550.1275240002061,206.88921384153832,53.60423801534286,75.64050463685405
548.3838157023116,208.86513550567636,53.74840966131704,75.465885067869
547.5220321740718,210.749019277604,53.2556831454086,76.17675860714526
545.8229087922376,212.3033554722563,52.048532205526925,75.26512804680834
547.7921420616096,213.63927298612504,50.29559322367314,73.39478742541284
549.4813211466235,214.96066566381901,49.934919776036175,72.41035465365492
551.3256586507415,215.3495352225393,48.36072961371574,73.35404612961543
552.834285237057,215.83634923345534,47.17268037511995,73.3771586937854
557.8792072347474,219.54556653403301,48.92834456571232,68.79374327580335
562.7184644325522,221.7028275252252,49.6147059042805,66.73307480887681
573.1418390122744,222.49581099094715,49.96463807201786,67.12137240042244
578.8631241666069,222.2606770485965,50.08011705080062,68.36022278190919
584.9984597498296,223.5125223546254,48.08830155935466,69.19284465131696
591.2264180201697,224.32964596439245,46.37525831912121,69.07358896798965
594.6523730220921,227.01972856615782,45.68335033854774,69.29930851361452
595.768129348725,227.39424852193207,44.3693081823347,71.21669020884953
596.8226303523022,229.63426744649425,44.29362946355559,71.31987048199728
597.8618828753971,230.64301582046096,45.54727587401031,72.1938929916798
600.0761100224544,233.00955139285966,47.827113794407175,70.48394164563871
602.7250440295377,232.56399891505956,47.022563005667976,70.21345611534065
605.6574163676373,233.91762967605115,46.2083534105598,71.19026180367266
612.165375094657,236.13529941336543,45.56236069239273,69.5663871173231
615.4612276516694,236.04664704478677,45.047829299207514,70.64827018510746
616.6130647728669,237.16975848772225,46.82320178590883,69.58228936777272
618.4435213691141,238.83780514001526,49.024689083373914,68.09212641692528
624.649906048263,237.37861024244563,49.60496458504523,68.90612521723516
631.6876897366379,237.2412285976165,51.10125941796896,68.76124362245844
637.1661712319647,235.7558667971835,51.98048617770671,68.809835776451
650.6500921259839,236.22322107681796,46.81926526338001,68.60555081771047
654.6892432258331,238.52548932525096,46.04455887771875,67.00840288509444
657.8837927324037,239.73688538027432,45.752861035930046,66.80314018718991
662.8275659706989,242.5962804981608,45.105199600668435,66.04889981869965
666.6622427069024,244.61445609457294,45.00958636032574,64.6447793528651
672.6821088879902,244.86049364042762,43.81108210795521,66.68716064350093
676.3450641768295,245.7927410178006,45.006828413852936,66.34190004499362
679.433273382089,248.2132791498844,46.18777388321385,66.3516358147104
684.3340957844453,248.62175723012064,47.957274361456754,68.33892879536744
688.6893215933482,248.4405264454399,47.97847950565789,69.593598277119
693.7954080016426,247.9822149112971,45.960870155044795,72.22678036345681
697.1580979006467,247.43485240547895,44.55341684832294,73.79445001397589
700.5913187544965,246.75181367421203,44.40245885652193,75.43735804974861
703.3945844141516,247.16086642235825,46.31496361975432,76.5758555309188
707.0920699350486,248.39097160186694,46.62928718703175,73.99680411038929
711.8351620791228,251.37284611169173,47.03058228505054,74.13187334392194
714.2762054452849,249.92350823077544,45.10868118346973,76.68993049496706
717.6943978408186,251.3214154666366,44.281514580086316,77.97232955077163
720.8326476068466,251.2580647568338,45.58343208550491,78.28185394328753
722.8024127920573,252.1956957402088,46.37728698882574,78.4533885210923
729.6720935795834,252.62092106021024,47.22912671050433,77.83768440372471
734.2942776198631,253.4795388939727,45.57592957320423,78.02966435101236
737.7843767275531,254.5870076704943,43.77477277408128,77.990930029159
741.3961954584543,254.7630668177167,44.927021128550685,79.81880015178255
743.4318589247364,254.42953492235878,44.17392475189876,81.86602304744254
745.73882986718,256.2696447590997,46.13674703623881,79.58691295748919
748.9082015560755,257.3785384454779,45.44903328269626,78.70031063743238
751.6497795521923,258.9138258212127,45.51411656487003,79.68273469621958
755.4600875476019,257.77046811499014,44.664731180952984,82.79988471877357
757.482063896741,257.9672835883924,44.533864413921606,83.41444263583207
760.3007490140031,259.1426426514141,44.955420804748584,82.56715734360901
762.8282143371719,259.87430959365315,43.44254989061665,82.8372504302332
765.9487960199419,259.652318201793,45.13836405585188,82.45974552832736
769.3797828584021,259.8060938038508,44.393846081564696,83.05762409978107
771.9006722983117,260.04969917461136,44.48961885716071,84.21267624791959
774.8385737892295,261.439383289601,45.69840124153584,84.81608039520364
777.0188296360593,261.710755084094,46.05619971311609,84.34547675727009
780.8042517398127,263.3887664075174,45.91693312928429,82.20530488649855
786.5271399653697,265.83280679367624,43.97265062785529,81.36982959972642
788.9146696926532,266.79404622052124,44.92559268632601,81.1378210336954
791.6737227353525,266.5735945079557,44.94363584567703,83.20615675741391
792.2130813931923,267.91401947007,44.99701192143975,83.58856865980798
793.8996285770716,268.0000321904084,43.064235785773306,85.25125293883669
793.6410197385377,270.1894116347249,43.70022477957908,85.92060766706467
792.6463780818298,270.7802805494581,44.30662876989683,87.8905163126854
787.5941608566466,272.2144819980481,46.727885714093816,87.94227348341391
784.385864003571,274.6297941538879,48.60129862998886,86.95519473895577
783.1000563370309,273.7615588901531,47.378065689521534,86.26127106509207
782.2773680560567,274.2445576073538,46.35306439114416,87.96098507422221
780.9480906472784,273.78420860815436,46.37263983071553,90.24476885594191
778.4110806269888,276.38088173848166,46.845411825800326,90.1473235131435
776.6047091258529,278.51724213005383,47.11958779771315,89.28334413773374
774.674416544523,279.94904771626625,45.85114409041971,88.18426203848463
771.8193102485143,282.55359646666824,46.03665281086705,87.86656691657994
770.2608386877517,283.73926197437567,46.05942052090476,88.87129408322528
768.910350156792,285.5569384933894,45.58411716073044,88.67478349269561
767.9119765333943,287.1399673688847,44.32449469530736,88.35651937208968
766.066736344152,288.579693961753,43.63390929606949,88.67830521357912
763.7953747180018,290.9900781501754,43.36418821851545,89.52093455336899
762.8449058630648,292.7244466661135,45.450161076886445,90.06002275307577
762.7960051361393,295.80690295055734,46.68622264361793,90.65167376299205
761.79559400354,296.3765320688308,45.594399787394465,90.47396007716281
761.3995401359306,298.73539664564197,45.08300092205447,91.68431816557559
759.0459829577309,300.82946836149665,48.58523406675831,92.81035151580733
758.1233593777761,302.5319836599354,49.98573592390679,95.54540018595151
759.7347043193748,306.1639389149513,49.5767906315063,96.3541398614764
759.9995863149956,308.18349433602395,48.112320656408876,95.31878778441485
759.8844764715553,310.0497088272723,47.998368821365304,94.613441484986
761.2839641677286,311.08863014339636,50.44109838449431,97.03606186551127
760.9815424170598,312.14887810680375,48.58158717174677,97.96394355758565
763.4319687350367,314.63262340799116,48.260575777153484,96.57797097522457
765.4906191414382,315.17116763622937,46.51992722455145,98.15096899596485
767.2960384285317,318.09809621888166,46.52707352608236,96.89117405444699
767.0064026990646,317.5983731443334,45.42369375539825,98.53864226493545
768.1895851520704,319.522601909811,44.70788482334092,99.41158027557341
768.5115875610729,319.44220558887366,44.33983524162929,99.44903099564004
766.8878850852976,317.8885856335566,44.22945007946146,99.76152959330776
766.5053470619641,317.68063854968875,44.36558391842259,100.14103671930505
765.6946033618738,318.5246507852063,45.330619449155144,101.20148168445945
766.2007109083295,318.0118480624431,45.061151428782466,101.74123775408952
765.4656821805902,316.80990087052163,44.98704092067383,99.30283901252311
762.0769776319968,314.34089405475595,44.47301691521356,102.11815954071
759.6797762703561,316.46599654708865,43.84002155295075,99.28317839099576
758.451160319557,315.22688306384083,43.29217926604586,98.94351889808856
757.994492773852,314.2737710645627,43.02851188271458,97.27367752893693
756.4941350108862,313.8019995409583,43.705673188325974,97.89829826836511
753.957047809529,310.2624524283396,44.06733029663737,100.0884894944584
752.5160977880319,307.66507581148676,43.71237826644234,102.88588899657857
751.3508760234142,305.416077095652,42.85816119612231,104.16142773448583
750.4601835969139,305.9650701978438,42.79569561825494,105.22751169912077
749.9319640255724,303.7735806244476,43.08212959349449,104.59427725184229
751.046790417826,301.3645052042546,43.95271214668213,105.88310334005313
753.4310325407826,300.42369345693095,43.72036847652873,105.22134122367434
753.9657163163328,297.03911719395137,44.31152682446192,103.40348820157782
755.5076507330919,296.22886314055467,44.83059504616105,102.32482246462641
759.0016188836918,294.6413416974873,43.809232179800055,101.37556504453019
763.1390155293357,290.5535968014349,44.12849220620848,100.23395386336853
764.4539540266117,290.8976527306162,43.612389820804,100.6942679497781
768.6204555942154,285.8252394095637,44.33788595168661,98.64938310417647
772.1304056403919,284.4396087142282,43.20377028191689,100.9226812604683
775.4398120275512,280.4978168433466,44.0501487699364,100.82807477566199
780.4685242168745,277.33941199297135,42.798877748139844,103.96820671968266
782.7812874074094,272.77298315378465,43.22718797772109,104.90541315748432
786.753459736123,271.7292982333248,43.41940541019032,103.87278014202747
788.6435561904461,271.1384396824223,43.11798469802024,100.85173174288964
789.8491462594919,269.66017905866613,43.411431589945984,96.54407240974272
790.4943568755202,266.0962466158552,43.50536888068808,99.2812384021781
790.8035472603294,265.0752704191312,43.098467278243156,98.76679855415257
789.726659611279,264.6259349320646,42.797829278273746,97.04254832609243
787.9117258703766,264.58445318886396,42.43113611021997,93.15696521324176
786.7274809069479,263.19730659971253,42.49980811665155,92.61929254221248
784.9150410394737,260.7356610522793,41.673284682628946,92.76724627348773
782.9356911474104,259.50815151764436,41.28305602099365,92.19354114102634
780.0766979352801,259.9540791839133,41.842009572982995,89.0633155698478
776.5042545537976,259.57872507265904,41.80756426862317,87.22863567146416
773.4303820984562,256.80499235697744,40.46511446974299,87.17403650839547
766.955313850277,251.34065501655172,41.146127828997045,90.05142121802243
764.9754974233489,250.5700806640136,40.345561940618836,91.60204791161772
760.1489964366834,247.7892627180398,39.87927650035293,94.08123252687011
755.9866592922203,248.9037428686207,41.26082046035517,94.8316175763037
753.7002383500098,246.63070731229652,40.73338812897894,97.18718244127362
749.1928519956098,245.4538833689785,40.979538840354564,97.06594043593057
746.7263625970403,244.8314888767781,40.758627974932395,95.43443084015813
743.0133504663307,244.43327145721153,40.93940285345851,96.21448274298909
740.629233503867,243.5232072039336,40.61422519380642,95.688072176651
738.1122275653153,242.76374664404437,40.611673503669,96.07093630537406
732.2818134771286,243.12669773737866,40.52255240336836,96.15258712287087
730.3627653224761,242.71950961956426,39.914090138369815,95.21880774923062
725.7782090030763,243.5618356213094,40.20749119233133,97.13648830469843
723.4372624626536,242.1735886076632,40.17651986713098,96.96005512403381
718.7556184600139,241.67427188176896,40.61587772080564,99.4045445375751
714.7418510644067,240.30476985671265,40.53362854643953,99.47034788580356
711.1873414151038,240.30608452352578,40.69081064326238,100.69825795004829
705.7137272841716,240.52764028141286,40.80927152447486,98.1092889086053
702.7775201308657,241.72966646124937,40.685783250240135,97.9105827336328
698.0789959579486,242.68797081062726,40.591799757022066,95.93772122188129
691.0128718722378,242.94483245016755,41.63041622378126,97.61365229711524
686.7951676979696,243.3057072114948,43.238309950190086,99.15200576175563
681.0862154037475,241.83835753876912,43.30186790774686,100.28723899383375
677.3071967819992,241.84691824580239,43.37480051756395,100.54062576552973
672.600811446543,242.43025280367635,43.827499120409335,98.94719682467245
666.7162374374456,241.04260060910758,44.60350976506637,101.81052136430438
664.9469094878623,241.84797411965042,44.75781029555321,105.32645037927401
663.3414443937096,239.39519065419842,44.57972560172519,104.7629532771733
661.7140586932534,237.20757794734803,45.04069093939019,104.03698211427438
661.1437198798834,235.28148652361656,44.364285957240504,101.31345861667984
660.6341175077151,232.9852734602797,43.60769519161739,102.04458289356423
659.4560476338586,231.91153495308788,43.69195552845834,101.84415073315986
658.6235959089511,231.4040234650788,43.52510245571611,103.22439656902885
659.1132409159763,229.60750392814487,43.30003095451186,104.00611277531178
658.5592466124558,229.9322617547076,43.46565764206619,103.55640331631069
658.5001304990456,229.5875593147579,43.25766803287115,104.92115784384983
657.6005992270282,229.5464999971944,43.77129194117481,106.44963485913291
658.2181286482331,230.7016810219156,44.02637703259994,109.48145992821856
659.0898741640727,231.99628132624014,44.263426287545535,109.37705598124445
660.1489049452595,231.0850357231696,44.04579758359315,110.9851281834269
660.452454157753,234.02818555254177,44.405272378381156,112.52579343463907
661.5440528099733,235.34855340854892,44.43912288628927,113.2239895304817
662.2038300239246,239.16992687806993,44.89407556409221,114.44262601112686
662.2034739772555,241.44038866962168,46.07042115801393,113.99240332992933
664.263547025833,243.2854481728205,46.2569674880843,116.46453503422435
666.4093514607393,245.7713283611421,46.226647512460936,116.92062401903532
667.6592199813837,250.30430138336433,46.92398974856765,115.73605597243404
669.127318241206,254.04651205662128,47.09229064088599,115.88331557694791
672.0656304063461,258.61816948402554,46.343720251674824,115.52935213404662
673.4641397819146,263.04927371008307,46.24936014324473,114.82220968380275
674.0303632494955,269.5926007779209,45.74024490067978,114.34746643310751
674.9152040033674,272.1390332336604,45.64591477146247,116.71966959610668
676.4282346999436,276.67938374050055,46.62928501156513,118.5854003419132
677.3310182570167,286.0937224904795,47.48411180666322,116.15971482570049
677.0112978821895,290.9914960994298,47.22163955216365,116.32575294757147
677.5777129462331,298.3976543241565,47.187115318229026,117.35465689159643
677.3918741581334,304.9145486744033,49.0469163055457,119.75908144209382
676.9342653088399,314.03970924874375,51.05149209429359,118.76465373019175
676.2885652745765,322.76880507661815,51.936825259284376,118.81288399819385
674.1179230285096,331.3289011646282,53.38131062353302,115.06207201052207
671.5682148257747,343.1016464204952,53.09539355571739,113.24647994398637
665.9365158038156,349.4271499268657,53.65522492079194,112.2463012353216
662.820036493458,353.367471112579,52.80076305511515,111.75778484545225
653.2789392319721,362.7544166011942,51.380366915619135,110.02796684203747
649.1849357892959,370.62850446127754,50.80268918143491,112.49800781768229
640.123188946836,378.2942947644706,49.77550422477659,118.09238679225957
633.2470188978541,385.0373595697963,52.040627343131334,117.84808997102391
627.254423489554,390.59812259290277,53.90411255142858,116.55321196594595
616.3338363065748,398.3361888422795,55.91514631321403,119.80121568299026
610.0188879856627,403.73603268964274,57.07398232638471,116.27153859416173
599.1592832231428,412.1384713225536,55.37466866157372,117.6942910633467
591.4658954496692,417.86841394879355,57.278141022151345,117.48858982754984
584.9068799922154,422.617155471162,56.64524526085894,117.6827714789537
575.1710577058949,430.07267912377904,56.48936267932439,121.85875157640827
570.6640371439548,435.4153900994977,58.2615834211288,124.50322935608672
567.4185725578661,440.39975515981865,61.02230754321401,129.72539479805934
564.4068920237042,442.8030293476626,64.38252249484667,137.76823619114168
561.7275442778766,445.35592631490465,69.78761968104224,139.66082810948342
559.8484671508829,450.91722059511625,79.39441168358769,137.33229588765843
564.4683294681563,447.1944320277549,85.65515882650091,138.19810193406389
576.9594142350187,444.35012901473715,88.72134892462758,138.32544593069767
582.6411635242755,437.49545966382203,94.62952251545937,137.8762549318211
583.3843855947016,435.9817917780365,103.74624872414,134.3556071363543
591.8490000830574,425.2866025751078,119.16006231211021,128.9166169095233
602.3486947603697,414.0848178884668,122.22186470469065,132.27788940555067
619.0062954378031,391.2652104810397,114.19931918016076,135.62519455866322
620.752967741564,379.15539854821293,106.7150614627055,139.17996143801514
623.7572920367937,366.73400139926696,102.28734556864966,141.07138103315532
618.9823372228276,343.85949640028565,99.33935682184712,142.6953921289578
620.1757900214465,332.19187379506275,96.9403736107157,142.26867780313282
626.3680952447138,313.2410351070261,92.44192869020101,139.25243255430607
632.237927925454,308.2226495446947,89.42503322471462,136.13761794303036
639.6715146677193,302.11935169431695,86.19472061100109,134.05259474217993
651.3497019581484,290.9528932912539,81.0020477003178,131.50545244754085
659.1350595302744,285.31675605292406,78.28641457790246,128.54582080915313
672.197731265425,274.2312930982921,71.90372356992177,124.84128906190011
682.0646973513032,267.26624919977746,67.2532159411401,124.09294657839183
689.6968277692525,260.6409872847127,63.647054290193125,124.08334249391677
697.417983471936,249.1034944961549,60.75057654921092,128.10233334578183
703.819408162588,243.82968071292572,58.593505169513435,128.77771690558293
710.4891310747485,239.1844023610812,56.71121503363848,125.85599388943183
716.5957685693261,238.45447920646728,55.2866084897824,124.77421580795234
722.9205138013831,237.87622857215635,55.52033641326823,122.78753636726383
733.1645188233834,233.16188224963338,54.620056778002514,119.62602437067983
739.5550191990656,231.58689640410395,54.01695878062186,118.24013013953406
748.3917909454119,228.66951436219784,51.71845487314837,114.13455619237416
753.7817885136194,228.1132043872795,50.35100326054878,110.87227718430462
759.1862970956561,225.7637173402963,49.45885281516596,108.81023111842865
765.2650117351457,222.94921981170432,48.506181331410716,107.12042158209968
768.9718224098574,218.69286564014791,47.34181924254948,105.43058024536373
772.6852014097475,220.41026288185057,47.23104164261097,103.39612446027246
775.0897964794074,218.9310896412336,46.74970795490258,101.76478271506232
777.0551527643802,222.187230071064,46.04383852671982,100.13539475129528
779.2672428275864,222.22437659314093,45.27497931325303,98.53082086295495
777.7384471910358,220.44355343207792,44.95367706644259,98.0653857179286
777.8948112988932,214.58896009842522,44.63552044240617,98.98266869931425
778.3543055158625,211.02287609128894,44.490361505967336,98.7198644566049
777.1634413545214,208.56711383219286,44.46122072308718,99.110746338429
776.8135386910528,207.9541057578669,44.907536524658745,98.02051808982685
774.8130813787067,206.82556692268906,44.468763642959345,96.51457620203186
771.4787011884291,206.73533608995797,45.54301247154907,95.5921459563863
766.4458657557728,204.18463735325406,47.27728306251842,94.25810172509121
763.1172646918823,201.08309541228675,48.55293718870134,92.88560190360849
760.1293872762001,195.71097451600832,47.14083315271445,93.49705033854909
759.7026205829053,195.24602761841848,46.35523637345737,92.9743348143595
757.9249443464906,194.09079231812453,45.73586390904092,89.95886488613849
752.2719317223681,191.39725531741766,46.90052603086098,85.95731850242225
748.124208903432,191.94249590030537,48.39920882478532,83.79530207573316
740.6434868644726,190.29219149084244,50.04715283523289,82.26873037617658
735.0650472516074,187.75443392517371,49.52184217448072,82.57381545439793
732.1014057562636,179.88469623047317,48.36471599270004,85.33336756783068
728.2271478378856,176.03602850039795,48.00639554254417,84.6277948891768
727.7564344510987,175.63204048912502,47.252634610363536,84.57573994779719
726.3931422749964,172.85218945446377,46.12134995011772,84.82597941514811
725.4264359206521,174.4094107228799,45.978739722660805,82.86029093911634
721.9792866661928,172.6289068748373,46.4420018026768,81.553785680461
722.2520826378758,171.29858758797764,45.242057328964435,82.08461766478374
720.6181317599719,166.60693908223948,44.99673790549201,82.68877561087822
718.5230842101573,169.25862875637358,47.22050548160538,80.60036989074635
715.0013763610318,171.4423035776007,49.445251073384284,80.26822076277517
711.1804563631753,171.30970817275158,51.595588067665624,80.44394236319685
707.0135684715887,169.90115665511374,52.07059569995706,83.11405154577803
705.4336469298579,171.223403279104,50.52393729441265,84.85295557822108
701.8640668330946,168.35977567907884,49.096075428616814,86.54698427221396
699.6777404068766,172.2182862160478,49.11425775793287,85.51233694375385
697.1422427370213,174.33139250387617,48.58634422339467,85.04158159438276
695.3801976563641,175.88224000976834,47.201357253368066,83.55881434952389
695.4005209811598,175.59848282184726,44.20224176818494,82.4631510766148
695.0245607330367,173.86551561183703,42.05414842594314,82.16717190483975
695.4238548440317,175.2035818764162,41.59846873774087,81.68206156069608
695.497095465062,176.20741798514655,41.108721011914454,80.30921494218526
695.0435100726672,175.6480772974198,39.12752058125818,80.9288317607001
693.099113910088,173.5857441850313,39.204537522264424,82.0411799075239
693.4204784811313,172.6690542326416,39.63991076359326,83.77738897097208
692.2634619223226,176.5562512635825,40.47568577202541,82.8857300595309
691.152141650249,178.330052271398,42.032257492939806,82.7900620615382
689.9082547297335,179.91915997871638,43.12891878855076,82.88184888393242
693.4733850848316,176.77560228305006,42.80839436035059,83.63725565192169
700.3539772560222,175.22957065232396,40.922126877776506,83.94509209777564
703.9865673734437,176.43044795348123,40.46322931115292,82.56238551061598
705.66217938535,179.3310178318045,40.87083862829839,81.01975345495018
706.7214393826717,180.97487814705613,41.17602581789738,81.24538590184582
707.3371488647039,177.86796154247713,41.026097912322406,81.59847051869204
707.0590887782972,183.95911298858263,41.84034136710059,78.7057070257653
706.5633296353948,188.6249070082369,43.17618840061172,76.05173790334698
706.0536124382105,190.81602715116762,43.49885475143372,74.05293694052675
703.058851964189,192.7604326220037,43.39949240560227,73.54084082843721
702.7528073669199,196.65157346982122,42.551736763552746,73.11351869763814
699.880486781476,200.03556621901237,42.18444000135717,73.76998458163409
697.4899486157459,204.61730275083096,42.904248498478836,74.1756896840185
694.4021197988485,207.9360623806717,43.42330927040535,74.57917270182746
691.1510106169318,213.0546960432133,43.765357559619574,76.9286609615622
689.8710957605366,215.69466108997614,42.97254660019284,80.13086541012117
691.0225646150892,222.21988319874046,42.27283839216662,79.4116438445099
689.2756842583129,224.6766386861196,41.79889590420336,79.57731977471147
690.0439579763296,228.28955908364225,41.963971254259164,78.78322020312406
689.8009111908542,229.5707559258697,42.144104379304885,79.53655640037444
690.6685781165847,231.17302238652275,42.48271083897451,79.26740868437196
689.176071545391,231.22910812076393,43.58684166756181,80.09836434564187
689.0982128738899,230.78490013188477,43.95058009989028,81.02068805859001
689.8201637571858,231.86387065402755,44.35264021735294,81.73067127414535
691.3251421534486,231.34718583520316,44.80029066643537,81.8863759621263
691.831311486064,231.7414625198769,44.5461879853533,81.98621311049762
698.6568902152329,229.63398321964496,44.149743688682626,84.42081820618796
701.2559063510379,227.05486368864246,43.98425199465446,86.29462631052924
703.9845943764836,229.1939618807644,44.53833291680259,85.41902325170585
706.9896987587827,226.47778652437228,45.772364173749196,85.45182734574938
710.4625914249808,225.59416768678634,45.88402896058987,87.21703896055037
714.0812845110086,227.03345275577746,47.97061122474079,85.92903827326376
716.46810825631,228.41336507617638,50.08553707242994,84.1515363566696
720.5351842972879,225.84477426244214,50.867551898570966,84.41698365474207
730.1910565169142,222.559414995059,49.862267169905934,85.01112784978065
737.7842257318866,220.96865124236058,48.60616331967678,86.24154318885111
746.5436939135188,221.7056444667271,48.518429163035364,85.15384363630517
752.9602674106836,223.01494918813108,48.73860255595841,84.64225387002907
758.0801601275058,225.5207547500043,48.133989890453435,84.13359619891136
764.7100942580619,227.12553516400445,47.494964900071736,83.83824344847875
771.0728867769112,229.63497280027806,46.60189231371829,81.94465443597092
780.3060767014812,234.63552426119497,46.70187640954074,79.13470646454925
786.7183428416122,236.6024479771984,46.97514213234457,78.15020257546263
793.0266671379434,234.3168742925248,47.09161764132157,79.48684585066417
802.2424295934056,232.0035355232693,48.31760445164427,79.26949921777518
804.93246599713,236.8145619823605,52.57520290243953,79.54938007151387
803.4503892267651,242.6658266028108,54.813666494854075,79.59991942194063
802.8812450266232,245.9790377384183,55.71828185572839,79.75699834855222
802.5533815611054,245.94381776513626,54.59205007704037,82.69901668461807
802.9959295942798,250.02249103264398,54.97914910343496,84.83222866352409
801.8985826436505,250.32100834411938,57.30709189830932,85.2048728624699
801.3725581374157,251.26516344039317,63.90145698825004,84.71635543235685
806.5237054298298,254.49353094765638,77.93817573058377,85.33572109927808
785.7145372254421,251.11897562537968,75.19632600669338,90.11933782628363
779.9286305226555,252.6214252382374,68.91273853879422,95.50681169764894
774.6877385066216,252.3392731223693,66.4918026013648,97.97729146638555
771.0610277442124,250.4111886210444,64.96373133709773,98.33369008970956
762.4839880919036,254.31298132095907,64.68810694347603,98.53429988674657
754.6952063157023,258.93389744575967,66.87745301566987,98.18503915090128
746.835682607094,262.23648139373284,69.17979880064348,98.50946186378236
745.3914883948455,260.9783190366122,68.85262449948809,102.66771007908417
739.6565469103008,263.1073160512744,71.17448059111595,104.70259079494119
732.1818339082832,265.34472131969136,71.32080027483555,109.15673102692553
727.5520563689507,270.28787352253323,72.45763165931567,111.70505177699513
717.1170601800978,273.0978860371342,73.73230988067006,113.76038834480504
712.0351693189413,276.5264111419039,73.46594137623931,117.40238227769443
710.741866896866,274.6345428833394,71.90095870327896,125.17208975555516
697.5690948303227,281.9906703816122,76.03407146718772,124.08148206753378
690.9456214400632,282.83499184954826,77.64446235647353,127.3211692906178
681.9855292613817,289.78883549200225,81.80318617649286,129.19072046073268
675.2057641054732,292.15466101542717,86.40848535131195,134.53584235300957
665.8642586213213,293.7450521972562,89.5135100275497,140.12510305288131
654.8729554778372,298.32418039527,93.084102269682,146.5193790573915
648.3736838175913,303.6719509292984,92.4666707060233,150.1211667981433
645.198118777555,304.9000448025829,91.51825863731527,159.30288846588775
647.1198585996731,311.695382460819,89.62876873465649,164.400061752981
646.0475610830321,318.8006072451917,90.07223047120763,165.72681579136628
648.502325244537,323.15400140645454,87.73740346247027,170.24604204369683
650.3700337948528,325.8717842370082,91.97103940393042,176.0495400073125
649.7553848734563,337.93897719720997,100.90556227206541,174.7590123096782
647.9111437304803,345.50228841133844,102.22390837588898,174.8093126908562
644.6332391359441,350.9497396850939,106.5957044420837,175.80853056339765
639.2393689610278,356.8538475322263,112.0147338844848,174.00610621135456
640.1280430892726,364.6879280090237,114.24141081715025,175.818743302241
645.4536433738316,373.5986122169014,115.68566670756773,182.2659803885006
647.086081865591,368.6235516130732,113.58375252281655,189.29708409234453
651.5717725465483,374.16014197820346,108.90701462859306,185.83311621541358
656.9331092388031,374.11711503666373,111.75255777703916,184.05056731066045
661.8700443464429,377.39719374619983,117.09298979048543,188.31354415673894
665.775276673773,375.01911379179126,122.72281698260761,192.89353532526295
661.4765450984671,374.42907600951986,132.80476398652542,197.33850496225
663.8919743145966,377.7987140589971,138.54923498030092,198.7628135001687
663.9051695107762,372.7734742048623,146.8977977608556,203.18354374609606
669.2129027899003,369.840778996375,148.71070351234263,209.52233507366094
691.4429062568846,357.96092667343,139.89517695447347,227.40211734565725
709.3601517963523,347.643936696364,132.8148083061006,235.4167228878244
725.560373541138,342.25106356451994,131.8468746820222,240.52866345265954
745.9226102280543,339.9260619083196,131.25449640067913,228.9929189642951
754.893030225531,340.5556787199816,137.93650638276043,226.13354256592197
762.6234033763847,345.2319976337576,144.56542743507748,222.318955561804
765.384993985541,348.50992100660596,150.78900930242634,221.47753826403
764.0276952702911,344.7576700686295,157.89916062852097,223.97413372844773
750.5753681322252,346.878614582302,163.13358947321427,219.78665015371587
744.623555538485,351.9472583347438,167.794493404276,218.3075479375043
718.5301977021452,349.62571285334553,170.5397516879098,218.31188224661298
700.7852881649984,350.73021197514555,171.75580459605615,212.20396618337853
669.3188897186769,355.0453527370794,174.85824541985926,203.37714731359216
629.7348552064243,359.79841734802346,171.35585919579455,202.29753658308732
584.5080477436093,359.2026415212721,178.6499472013286,202.56601327363188
511.36951002504566,350.38592927415243,187.12845773108438,207.03642483287308
470.28147744299673,346.7954559414143,192.20871211062524,208.13880284285142
443.0372281543739,338.82888867975026,192.6702258716088,212.8790703118011
413.8200457870556,339.550626056946,205.56743187442635,199.54844613955368
396.3879122882197,326.0076975438039,206.13845660284926,201.76853424526072
390.7145810590797,309.5962051941257,201.4968731192724,204.88719514117352
388.70530458880586,299.00204215448696,201.4018657919742,202.7550441284681
383.82775835528184,297.205618525943,208.4627111534,195.85131040464643
362.8670561015779,273.29127952694694,207.98349698575515,192.9098532189223
353.15748790861164,277.5458475521666,216.2114727665932,189.46885902054504
337.47646159975693,249.66851882295512,211.40253209197402,197.2606983600038
327.59424326547855,238.15413469032524,207.03345292746772,201.08412120000824
317.0596078425521,231.35839161052854,215.59475042131734,195.54338548969542
304.96254438349865,215.9220853457424,224.2046436283533,191.8613949808284
305.4087841821313,200.83492681508994,222.3657290677339,196.16698506486605
299.27254044790607,176.79015288937828,220.28381600222133,196.7411933317308
304.70711668963656,170.3356546120431,216.50783876613508,198.8411781798372
312.1437968713342,160.4481021840033,208.96051391435316,205.49831753343577
325.97269892073183,155.85749793615506,208.82531325342595,203.23414023685888
330.3644909293871,161.8160974834082,214.61937461004445,197.54490399468875
342.8220061547516,144.88489973709312,204.04633372813169,206.86440424198003
352.3974416750154,141.1445062378081,201.680216452334,204.8844459174802
350.77761381075925,153.9392481247932,216.44561775110657,190.0606157297732
357.1205560223149,140.4928476151129,204.11106825135715,195.56692078050142
372.9496671599015,145.9635900901684,205.881924375394,189.3717259189065
367.7476474782221,156.05672095410267,208.59297780616888,182.33165894675767
389.8531082701716,148.00726917066325,203.5934785540638,188.28754256535302
399.52458661765536,138.31473350983674,194.41640188060262,199.0337083400479
405.23016725451885,136.88855282674214,187.3161094381772,197.6407545007421
398.81882004205056,143.64028286689154,189.90047165814804,189.50850425629295
385.4777843638352,155.17354424640894,198.37322604362947,180.92653154488895
380.2201887714443,144.736368784363,190.4256582048419,188.2728786525007
381.73233093381504,147.95376100797318,177.9870832135598,188.33345608883957
369.21880446793443,157.6346934661957,178.11775497399609,181.87564143498784
356.889417839347,166.70488488373155,177.4964868847301,177.83438677659345
342.3259921099833,166.67132146228914,169.51769378262412,179.4635810708686
334.87680809786934,171.38447717709897,165.44170364081154,178.46306699744525
336.1401529383528,173.30669276440952,165.07348575711566,179.02861414572834
324.3181603132032,176.29930930273648,161.42843203167746,178.69383937926654
318.49740314024353,179.8539743970689,161.13227647857957,179.97169571710776
321.49539974906355,178.7823877978832,158.5377786489686,183.6314583025903
317.5301471298787,181.5338741661377,157.68264435586016,182.13659119883133
319.0220516983794,187.76698878989436,156.03446285539445,185.56736752578368
310.69705266694666,196.46568017122263,164.94540430677768,179.90187501945448
306.69265550266886,210.26898722641982,174.1885507283857,173.079722502722
310.5720028322408,206.5645733547695,174.45836810135333,178.2837857642069
305.6633784027272,210.75511037852033,171.7045391335211,183.03270518615372
326.29642534434925,210.51339683973242,176.1023361814885,184.30343264580748
341.24626548383935,203.7916557553566,174.55350632138678,190.1460091502164
348.21124797176617,195.97132337843175,171.19960791072822,195.96047784593736
355.97461129709274,189.0973280844629,170.04763192590656,197.56957504020605
360.26362575553946,187.1733417745124,167.75286251236855,195.76673434237415
367.2187083199362,183.82325074315207,169.27961529606466,194.07219288902834
372.0422905675871,189.20157087594086,174.6221548967818,188.4745717717986
381.9033160516533,186.12236927070202,172.7642267244211,191.04407087304236
390.41175410420556,174.1958431846409,166.3862101923633,199.22061940065754
400.72600869520585,166.6745141697076,162.6939493705777,202.57277709134394
402.7411949227587,172.79163672198717,166.32999254158284,197.31705168549536
412.31728073306573,167.2800430515769,165.17424583081274,197.60828734222696
418.3833226977714,161.13324696009425,167.12783100593947,195.67713086930496
412.8741602116231,164.06464830450895,170.0167076148952,186.3084640666621
415.6209914040828,167.23384529698515,173.1613194817383,179.79131358986348
422.2196614028011,159.83480831427056,169.74100006058018,179.90784362992312
419.27258279381556,160.5702565010064,166.002000690794,180.3235875708453
428.2232287951133,155.75786010204985,161.50026359972838,185.07513892343317
433.812744450433,154.55219992204206,155.44278585457135,188.5279054799177
450.2288382063442,151.83996028195537,155.91098716858457,188.01727290863445
454.9692934292744,149.5817679590474,151.79351696168047,188.8452062828908
463.34688255628686,149.11535346926746,153.94088988555984,182.54303523696944
470.0072827094118,155.54552830324363,160.46467919000514,173.43325204483614
476.4516585336839,156.1786922226372,158.4794274011878,169.3589123317957
491.02302553668187,156.24893696052277,159.06127992616553,163.97604148429255
501.814850888057,153.94711195412708,158.4348046950065,163.22350087881327
513.2564901287495,150.96952914434027,156.2469910953362,166.0406314537384
518.2040212050765,151.37016844294803,156.36583314288418,166.97923065904314
531.3178794492401,142.48412031685356,147.12446745211898,174.00799554504414
539.9163819978958,143.48327364007918,145.72967213225957,174.3810862614008
551.0273915339977,141.84466406343716,144.7809320445695,172.30552823407126
565.9688869817745,143.65431004396086,145.34875370994146,166.23567292475002
575.5228002485962,141.41349126224347,144.50413490146144,166.11806638818774
582.2941566242918,144.50603367772663,144.77511879449997,163.8890152580524
593.5018994251675,147.06471859125017,145.3895359711479,161.77335961193927
602.3670792035048,146.3624175452994,144.15117686426868,162.27176840732727
616.2573182696173,133.56899654191716,138.22767576853698,169.49536005633132
620.5696953471322,133.02477668968322,133.64459915832245,172.31709325961458
626.2380464655993,134.99510524053738,136.3467981220684,169.95895617604728
632.2616275090479,128.7646066718637,134.8523509699579,171.48689299422608
634.6460087670605,123.50805094816342,131.9944449535651,174.2386792216527
642.2345785817469,119.45186745139682,128.692089735553,176.19682911144184
648.0717473317443,114.34483588441816,130.23869215081262,175.55307166122572
655.4802506805107,104.8275691136655,129.48471435563778,177.1064718734151
664.3872019704518,100.082340936907,130.97323699542414,178.50671354508017
668.4986919932994,103.50378419426917,131.23034531969154,177.31352427765495
683.3800795673861,91.24848323681124,129.5409907622342,182.6100810446963
693.0244558720159,88.10059031261792,128.24067007358963,188.08725247799094
702.23143574,88.58652403800293,128.5940699963595,188.9740648409501
710.0004870639016,87.84711791551456,129.56361994942756,187.46928734192164
715.6529135104672,85.82180441622701,131.67894741787825,184.7079728620587
722.7923355453448,84.87114130921593,134.15546391684717,178.24605088784713
733.1787668205518,87.44264961026417,133.95393076387188,174.60263304810076
738.3470097171365,93.32396526635793,136.45350453271573,171.6768734385928
746.6322109909327,96.47159777804848,136.13097485758357,172.51216107687276
761.2038940663398,94.05252902750819,132.33013975156194,174.21902511961017
777.0413237992259,95.00559548553018,128.63581185923476,172.82997046558538
784.5807904759673,97.20451668218773,129.43442729531967,171.1866199287679
791.0251164289431,99.67480565839595,131.1289013944483,167.19293983424163
795.0165924740495,102.6006241327638,130.16450055514684,162.11548613131973
802.0989268136425,102.72091881738667,131.1212954036413,158.43282291039432
810.1406865305805,104.82990396073313,134.77620731596596,153.78983514431695
818.6419600137491,104.33399973780035,135.01992887056417,152.40381997476436
826.4999899378156,102.58930859660967,134.50520357540006,152.49663799571914
838.1112934741807,102.27352131258479,129.88259261525923,151.5984679717007
853.2901596120224,102.01031803658869,125.13740885753876,149.36865332554768
866.5269624034349,99.71714777236473,117.01537091754798,151.65589752681907
881.8281233415396,101.85093611679898,110.03277240946716,149.72404831289174
893.7674426686806,98.8313941332209,103.82628050105268,148.3877781066211
904.4148505865797,99.30866228720924,101.48276650006731,143.82195001409622
915.4212748854693,100.89930852294404,102.27634108103445,138.7162422856698
921.834519565909,100.97964003630419,106.09032629103842,138.24897418672325
929.9906075163944,95.0945882449977,108.22022292197177,138.37102787508027
933.9413805708232,91.33880426932575,110.71596031388043,137.86741197296357
943.6632377878574,91.16958531256,112.77560199950861,135.27772645573089
959.2688868694554,79.30943913047577,110.68595579161095,142.24179282568684
981.0942863442723,75.35617400819169,104.73960482169625,145.87575186415552
998.2484957918563,69.6847426088426,102.8361290348864,149.71392334833152
1014.9612551365572,63.39690221473174,95.67492713937744,155.25808960515434
1037.8393230100855,62.81385283939895,93.11047283534853,154.2184847335572
1054.4156853360146,60.24499904738569,89.66270380219518,152.32582287362257
1068.6400570770663,56.86332706559082,89.00368101146543,152.8602375119441
1086.025282714106,56.03601594753559,91.78569313174118,144.6252995466687
1099.006587923798,52.86790273306153,92.86522118161935,142.5024572720215
1110.753045600296,49.78200169611911,95.80782126724162,141.50591800211328
1117.9048849888381,42.4622751914406,95.89127536958686,150.64516427383867
1124.6331088963348,36.79575544190622,96.46272093658828,153.58652359855296
1131.5785643921927,35.01824123689633,96.27980582045427,152.9492107606145
1133.4726904517538,36.60323885906473,96.0360972775437,150.55684125554853
1135.7063359940823,32.692884751883454,97.95515917542616,149.94442429057185
1135.7849015562904,34.51984926527466,99.57720845534422,146.10249443093377
1134.8191038962432,35.06393425516097,100.20006373976668,143.15530077027088
1132.5748562357148,33.33030094595594,100.79810865364163,145.36830398415668
1131.445596503286,34.175961535434496,100.58913592828382,147.89599113864995
1129.5472244155812,35.789941789177576,100.61366992029366,151.83170079990026
1128.395475343826,38.26951544626536,98.22112665543958,152.81838900464203
1129.544508443393,36.491245385104236,91.93634557741584,156.79002906165263
1123.1411796763166,41.11365550127984,90.22610409745181,156.74297046003625
1119.1962928991945,43.833218287652755,89.47551950724352,156.8079262981321
1108.8610617950333,45.748879778259806,90.75062294324972,151.33861066090185
1100.3620755932702,47.3608783767464,90.57850221321155,150.30062775575342
1092.9582884686872,44.7773630891768,88.56281311235719,149.2377283893487
1077.4181704761418,46.15068526426877,83.22293446084346,146.25235234511302
1063.7151881694401,47.52032110802169,77.90167291957101,144.43037400643348
1041.561724782911,46.900109234771605,73.24215404888255,146.41316170073665
1026.2228359009532,48.38834165629167,68.07065157599106,144.17978211050692
1011.2814512257124,50.079389396247606,64.06584136787144,142.48370354442156
987.245860871431,56.28587188822348,64.08194256885136,142.252765874985
971.32356025461,52.31634418640489,63.408467289623076,143.48547122755602
945.2059963236674,55.91974879397719,67.27376294210542,140.91880202341238
934.8258505231906,53.19012527909743,66.11564547283578,136.5111895965569
923.9940609662705,53.1262042074365,63.641869648661114,133.60178398768753
905.5043887067782,49.29755789977946,61.12371614172355,133.38295224880545
894.3684726168524,48.133798603679224,57.62239738705428,132.91312173253502
874.457981069765,45.947431214602304,56.50850918754887,134.0140555238842
865.0615316890654,42.52064485772962,55.19259975382114,134.82858284654088
851.617433968483,40.92710590594007,54.68632488361952,134.2791715287242
832.1342651082541,42.04090879930314,55.49212986118138,133.5765466212194
820.4714788959874,38.32530875002787,55.57923620110506,134.0065968778466
804.0995043629574,39.64309405156831,54.93890421872376,128.67704463772665
794.8340145942059,40.807847074718424,54.64739402146854,124.92309605463814
785.7438731657094,37.61169002052951,53.74517570191675,124.3351079582201
775.3219592074747,35.32752367953372,51.567900835088224,121.18256687394843
769.9421908230235,35.83934156196905,50.55101578619764,120.21054880618885
765.7041474275192,31.02244403893816,47.53383177268564,121.20324715809315
760.9756690995882,27.745001180165346,45.62511903199979,119.68323033184583
752.1163937116637,25.870756604193744,45.43598621238723,118.84680902289324
738.2671769917586,28.108815778113694,48.030814736981505,115.11936744254743
729.1883669966722,25.95874069083945,47.90098733019088,115.51761143620186
718.892773947105,24.311617003506655,47.21343942195985,111.25472497319862
712.3998503186276,24.631518997749353,46.66935095507041,108.24444533682288
704.0483475337669,23.29386550963251,46.16971093447049,106.28973747831566
692.0445991213552,19.629685044922724,46.6454494407121,108.60352944499081
685.8984185655534,17.79391005686641,45.13166537767102,110.27732516602745
675.7757063673187,17.270859317663223,44.34428809056634,110.4953286886385
668.4890698286142,17.654607734379198,44.23929778295738,106.58835479622218
661.1642407725042,16.44579580442071,44.62664800767281,106.53594952379464
652.2444920780401,17.794682181559438,45.84719007709412,105.93860934235408
647.8098626056974,18.22379373428727,46.14751939792154,104.69128168976829
641.7602730407492,18.2090350177916,44.59845684944572,104.9203888439339
637.3169504087805,17.712890975401137,45.15911675313225,106.71148530053114
632.6592964302994,19.1968747343644,45.85386092710903,108.49021790657764
625.1642378050308,20.42273920928332,45.955702265502296,106.48634655766881
620.3211344606563,21.80266783980842,46.99411835134788,106.45059828902927
616.9568646804344,20.157160545325382,46.81809458443671,107.77451936944391
609.3104019403143,19.995951135163118,45.49144825295741,107.53787218269385
603.7856419652238,21.27715923205333,47.11155972362826,107.56634847501651
596.0351908245126,21.27766299691885,46.729931253958895,107.33423632299042
590.5545466186899,21.466065250157108,47.24076880010199,105.60788707015767
585.660121340907,22.304683995177115,46.44288464857597,104.64240320825306
578.2193766131317,20.34492101581197,45.115001704155986,105.46163674705404
574.6028675062215,22.896080895563607,45.88220733573347,104.12058592247543
568.2376433249289,21.466087565774764,45.437744329092176,104.95846759468863
565.4831766307817,24.444471270913823,45.58971689410323,102.63168002060212
563.1644422538917,25.2999308404098,45.208761613523954,100.81801251671473
558.2643562476113,25.057783136282048,43.73941206467022,100.09250567206142
555.5839778334539,27.427034961540684,43.88509151752547,97.88143674288494
550.4235941116654,29.333580144280717,43.80192394041496,96.86177843281169
549.3630306226978,33.06144772597264,43.1293411860601,94.99513904532225
548.8000577415878,35.11407294609696,42.239800292252255,94.1049995741629
550.6443926173827,39.1429607053905,41.983878525213086,93.29857166699078
551.4239010380128,42.93897900571531,41.72907125224916,93.53712275028738
553.5245018102285,47.62518247398157,42.212897222313515,92.25118090233207
556.717021511313,49.78953527093805,41.15817461417869,92.39781564125006
560.5165282123833,54.77321353751542,41.45879093848734,91.96726834482811
567.0948339788597,62.22991396166807,41.61783673628159,89.12240711385876
571.0935848743942,65.80565014859948,41.60752503791026,88.44478981572486
577.9042319104703,70.46282710383295,41.12226607888775,88.37945390647344
581.7593199523003,71.61604148163141,42.41305414622693,88.2937014971561
586.3704685343814,65.67904619124269,41.972749390582166,90.6564024715564
