780.5,310.5,90,91
766.7517778120582,325.2879522795138,84.85455170698705,90.49355526124015
751.9850828588656,327.80860493969897,82.77674694313862,87.00676202296776
739.967274356739,323.6951858556572,78.89082647011735,85.53456696516602
729.0110316268429,319.7765110969481,75.36256242595431,82.74575914791794
717.3397577885347,314.8870323929319,71.71296795678114,80.17875323914244
706.4645481558238,310.38382739154605,69.62929823643029,77.27840973752737
695.5740993041752,305.4351465692911,67.6360362607605,74.58521371578632
686.063374609417,302.0385918153011,66.59950693215235,72.35364338727972
677.3131557360853,298.2959337229901,63.971883790795644,71.46150098499386
669.0663634901647,294.7744844308953,61.72025190357171,70.15235577250844
662.1734037778921,294.29728378097576,60.45886500206958,67.45508953468239
655.111954364553,292.25480780946333,57.95878669533542,65.87158736738499
647.6523031474837,289.39448716123724,56.72666356859462,65.10307089807989
640.3488276814669,287.45597236155913,55.49118900448044,63.13425527611856
632.515993633559,284.2676999282723,53.844202762433966,62.620472492613764
628.4626421356401,282.9420709639343,53.13673212979952,61.38336427982117
622.8205398020739,281.0811328972727,51.46442307627713,59.23062927023915
619.3167175809637,280.3750623075905,50.71029626271181,57.66494087888432
613.6823655274989,278.17569279581915,48.81244300841953,56.72665123492669
609.4310499378738,275.893629862678,48.053847327385846,56.2907419928852
605.9749210985002,273.86255633912634,47.094605450381344,55.29418753090178
601.4732124503352,271.5023524746381,45.947869458604046,54.10701643077472
598.3626800998284,271.51272590241047,45.08990904401575,52.41576418103058
594.4142092871145,269.9476391007526,44.59148564587398,52.15251497751082
590.2788334826682,268.0792252099105,44.82554873267863,50.9282800249915
586.4997947707266,267.8248561769949,44.13401698428754,49.61139657878667
582.0949229545898,265.4253200861101,43.11945411468646,49.370500444565096
578.5316678697345,263.931364692524,42.728715579878845,48.41410486165559
575.11492190895,261.6869918744334,42.42105100193177,48.634007574392314
570.4877031870203,261.60680701516037,41.62215842434398,47.084377915176496
567.8048841026923,261.1864390057781,40.63472917969467,46.527818824048694
564.9712712277517,261.1551547745723,39.71667994435214,45.549188275475345
561.2964541362679,260.11825570622227,39.38018922325746,45.13686514871772
557.8955986010067,258.76629388424277,39.07476582892314,45.21336162614806
554.9972741930217,259.10875195365867,38.301400890274515,44.22953398455003
552.4497443011549,258.8792071008081,37.554441350975466,43.937788881527695
549.8727809680166,259.00068486540323,37.127309162265966,43.486532921288514
547.390940811435,258.63032933543974,36.974458185750066,43.12889895815367
545.4373800819787,259.0552359504604,36.88203793281822,42.54469697465826
543.4449736221783,259.1191987602734,36.360194024521235,41.98439958054259
541.2881993996743,259.20489111450746,36.14623408594766,41.35616522255329
539.7135909866561,259.45956098684354,35.88529839209676,40.73315597628719
537.412142618603,259.2398076367502,35.54955731302165,40.56594336086472
535.5752160348626,260.35459409140594,35.682384385167936,39.833776825678285
534.5427666269238,260.4170012368674,34.906130022466066,39.82510209928403
532.9034736549307,261.6118032886811,34.79268554052557,39.46932259832609
530.8929457171713,262.691953974896,34.606430250344864,38.69533824664015
529.2610727564734,263.51118894455163,33.87015192864857,38.51655869572202
527.2230085008324,266.1781058232344,34.35463176980552,37.83098285199623
525.9183922358042,268.1749534289321,33.716880425040195,37.331409361597
524.4576649598023,269.0989138074425,33.13695578172301,37.00329783867703
522.872981062333,271.0681120945338,33.09789770449968,36.94317881736542
521.7071575171753,273.19469093412204,32.63116253876175,36.69946060576893
520.6271055563441,274.6423846336046,32.026357613269646,36.53897806672469
519.3110603101537,276.51047164768977,32.536955461875095,36.491004285423635
519.542416132737,277.62449427034215,31.856618689455612,36.514368950554356
519.7600175290279,278.4799269653354,31.434317702585066,36.31435303706944
520.9717108842676,278.8312443252764,31.161708540331176,35.11148825887612
521.4440417949698,279.6532728424696,30.751912939951993,34.7218773518346
521.9442248355424,279.06320023785565,30.746069314409496,35.223106134627635
521.8706302110763,280.2872659989437,30.549356698831158,34.60361046946535
522.0800806321142,281.0981194409579,29.939529598653095,34.16722765756582
522.327797040419,282.4562163522851,29.522908074575373,33.776148832368804
522.6381881361045,283.58284837098404,29.028419606291855,33.10272308067043
521.6473293330853,283.62401547422115,28.845287303386996,32.87277279623572
522.2745028165228,285.2643577339637,28.881919674551327,32.97216410939933
522.3718783919459,286.875792150061,28.411948912291805,32.40925573004869
521.2308386730325,287.75092658084833,28.216666788760996,31.755725909416544
521.8204532626415,288.54284662031915,28.36659427241737,31.56718233953817
521.0942549614842,290.19094871340263,28.431741432839804,31.609307810143704
520.6227420620639,290.8055306836091,27.875264836565883,31.20678581920807
521.1532137855173,291.78933466463445,27.87006302474628,31.17765573077132
522.8369001221058,292.1698113807382,27.882531358204858,31.34636467730845
524.7907076133232,293.1251864500953,27.887608565292695,31.731143183506784
527.0527257571017,294.26524239698136,27.555429697147396,31.271470966532068
529.3465898923134,295.4226901214252,27.894574617007105,31.526111527574844
533.3041105518192,296.7076219415058,27.482754053544824,30.79000945986816
538.7459591195415,298.21753880933335,26.89398503476782,30.242110150841953
544.98340201213,300.399119639877,27.0558569664151,30.095686416295152
551.0866943999998,302.42167076045473,26.47306669801844,29.795950400455773
557.7134551757312,304.0066789020176,25.822018484708344,29.335917600755632
563.8467885615498,306.2364589560028,29.76420410639852,28.37000632610148
566.2385423206991,307.6391206579991,30.211034084030555,29.210912210641627
568.7543012180711,309.1085968088968,28.429253081735983,29.186303757550775
573.3797592161134,311.69131232175545,26.908419608687755,28.52061344011721
575.4483841919583,313.65575130161767,26.620534637751497,28.884435382790628
574.5857148197255,316.5135076403797,29.046936050364366,29.101022336674895
577.4673239554603,317.58259041074933,27.742381106625864,29.880375186888468
581.2105817142007,320.11583156158963,25.002854622084907,29.520365345245303
582.6613173725846,322.4347010927878,24.628443882132693,28.586597586740886
583.9537311180356,324.65824852284896,24.46198606662279,28.378115185072282
583.8359556599661,326.56045343202027,24.255779173877766,28.242781816782138
583.130685639083,328.0101447354468,24.38130953128463,27.57768530536939
583.524405255572,329.9093312266743,23.83969707750021,27.7144454928221
583.0103813041258,332.27040427052805,23.68771729421607,27.394583557818862
583.0358158152534,334.0447542764752,23.428891007004136,27.192058433115076
583.443826142392,335.9661884182264,23.72972234582794,26.5449248068153
582.6889596522077,336.75538991421917,23.311246698449366,25.718274360082845
583.2813859707327,336.9680921641985,22.7843596804532,25.926502043471313
583.0327476316379,338.80311547269076,22.70993449920576,25.624695887387578
582.9951160035926,337.93429216435123,22.726585139218848,25.938173477867714
581.7682382600332,339.4585636876341,23.0605756349778,25.662862270302476
581.7848455797198,339.4577295297414,22.669761060571297,25.695121566980536
582.1791037995104,340.4924945911084,22.378589183590787,24.977118519418752
582.2971820427117,339.86503029230266,22.163419753449894,25.10635175394562
582.4760096372166,340.490236576127,21.91171429877584,24.506117214308315
582.3794576907496,340.1224358009312,21.447253189677767,24.137569552845555
582.3166005269527,340.5030611490401,21.35603074955933,23.816403255060067
582.5640467631338,339.56679432839593,21.10275271255886,24.373313696158508
582.2146361417184,339.00669615230225,20.84169708116371,24.32760702503769
582.2074144678483,339.35617064804484,20.979703865850116,23.98660846204421
581.0045585703829,339.5040265774744,21.527349456340456,24.069181036766217
580.2714666080618,339.72646303495213,20.857195511085628,24.14085625362732
579.5712623751102,340.4181721869688,21.21600780965038,24.107868289911195
578.0760607381991,340.3722726200433,20.99860237769647,24.282553084874966
577.2855081491464,340.0368758507517,20.709348286032622,23.94331400248636
576.0460267454336,339.02513967101754,20.27420686435742,23.699383068988404
575.5751506433081,338.05209656091955,20.230818620584962,23.92847999847603
574.4728307608809,337.15698299679343,20.659004207418583,23.558602574839487
573.4794427891915,337.4134690489838,20.58487623839182,23.204372196675152
572.8174983708137,336.6008392589232,20.054370598639288,23.157141036426314
572.644385584507,335.77124782168994,19.39406333390503,22.890275943964298
572.252346451996,336.03275797207164,19.45725860583454,22.559558619265715
570.2977408574603,335.6201903825587,19.791064830748287,22.050671441596776
569.2471125789249,334.9618855599942,20.765511288080614,21.93403172782103
567.2799615085619,335.8419490957576,22.437782157912928,21.55511515312942
567.5374411638742,334.7661900737065,22.034821587890757,21.848515938133815
567.1500503947823,334.456873208814,21.150441681727813,22.507320700360147
567.0358015116632,334.3913524830671,20.741828650938107,22.8173001507353
567.6362107150759,333.9247126404953,20.01190560704973,22.689413248083394
567.3922936051206,333.1767963446579,19.755812203081046,22.22610985521918
567.2165677299216,333.83192139463347,19.549887794254285,21.59950168934536
567.2683791181719,333.32248404492805,18.810804040402463,21.89668147183959
568.1282148841502,333.7154877690098,18.850334831267197,22.017617779239846
568.8123677005856,334.33146462438526,19.314038829480257,22.01054060039707
569.8815837890645,334.81163982859215,20.083208917216925,21.688466587762385
570.7824979014388,335.0950490460172,20.097038628918355,21.520038196109603
571.8113415271622,335.6097370419371,19.78433830116845,21.26470474515306
572.0507315316419,335.9041894269708,19.778875331994094,20.835247682041825
574.5440308634289,334.62353523173414,18.424185287694065,21.41804270185852
575.3082617576588,335.5680415281865,18.310623334798837,20.751161158083736
575.8921233841977,336.60623956763186,18.424847518285784,20.556350587234924
576.9083420260955,336.9373407002777,18.881920957262924,20.410743096001017
579.0400351947965,336.4958720779241,18.73420011925706,20.747007736843436
580.1533639607998,336.9304802947647,18.656752203679776,20.540938976532146
581.4318011988642,337.18752724717933,18.396783803657073,20.369611008606963
583.1454637596839,337.34447446785174,18.116530574082052,20.29944973103421
584.6090441460457,337.8753229280226,18.041463721780897,20.49950514362894
585.8221538331181,337.91534511358293,17.689086941651468,20.586272635226727
588.2385090892014,338.18182328605695,18.08965473386978,20.30534242209299
589.7043658048611,339.2116760535898,18.334046745875444,19.670883982892832
591.5094583937497,338.82914221133893,17.67261022829314,19.757990841009846
592.8095463011257,339.41948141637266,17.58044398526963,19.3770623220735
593.7684703029648,339.92901178425967,17.799847454473312,19.486015795712113
595.7881085226129,340.3639781179714,17.501973962949158,19.3070675870009
596.5854096921498,339.88335581759355,17.443861682518254,19.59097313149645
598.5638228106478,340.61516037459086,17.403745464312756,19.28825484695548
600.0940779172588,341.02531474333415,17.898866402315132,19.51919096204073
601.5992958881396,341.61529556738617,17.818906651548634,19.11991610247501
602.3756256055597,342.5070086833066,17.51203391479612,19.15751574409316
604.5021714385629,342.8109333732306,17.461036019480716,19.153433201790975
606.5260255570585,343.4716497447074,17.554541069550826,18.849079108472264
607.200164666554,344.6061180712634,17.30248815182846,18.287605427378764
609.6232254743257,344.9618449126526,16.954553228622995,18.34440574363745
610.5106735007569,344.49642341150496,17.163097959486244,18.679422201217
612.6012201323274,344.8905947950848,17.136622405145047,18.8065035107889
614.3262708809687,345.36357765271686,16.996710823887064,18.84598720768085
615.4197635940915,344.58814209333826,16.250542094426724,19.140161889911816
616.3994336413467,344.4282633397813,15.8447127517625,19.086585383854008
616.9655180107618,344.99685009739505,15.765551887497017,18.64794790512767
617.5853031869129,344.4303641857127,15.639404692307284,19.024990243850077
617.1597409189364,344.9174748988056,15.92198397642564,18.867211085071567
617.6231415518076,344.5340023214721,15.924438911831619,18.75337207664011
618.0358967000983,344.97192859583237,16.16305915739235,18.54070838262343
618.0855040598569,344.3067385260869,16.05136385612675,18.65223574199479
617.9776824938439,344.9427834910554,16.633682564760043,18.577371866344393
618.8766829749767,344.34654738485193,16.798278780501143,18.279977186408516
619.6535277411144,345.3494301195729,16.691319477030156,17.893583216956852
620.4149387291869,344.73550733859884,16.355031782643735,18.077077940045175
620.2510830225395,345.28356225735246,16.266458645922327,17.834660053219046
621.8938484460585,344.74915929150217,15.829763675255894,17.855731702202508
622.676805093161,344.4830597697029,15.341105339684145,17.74243661172789
623.6070937377398,344.4103310005522,15.486275916105932,17.607521198247717
624.0016604292971,344.6297205679503,15.508997400120059,17.499866827050568
623.8830796492573,344.7443690209311,15.763918322857382,17.525159105903654
624.4294914310245,343.5412328995582,15.597946861730431,17.550935389391164
625.935877934927,344.5838380023057,15.305460430439084,17.313968564367258
626.0981406405976,344.007251670716,15.095889154243554,17.368889079331492
626.2351345457938,344.185171895193,15.407525764628545,17.391622872779152
627.5011470343167,345.06942316267396,15.280248822235443,16.910279704413465
627.5150264402139,344.5611082923378,15.612219534238468,16.562281057873818
628.0943549145941,344.8238054234556,15.772862441333533,16.718482327060954
628.4525106269773,344.9344784495928,15.688630069293415,16.727787471599637
629.5931353513641,344.83489523560365,15.43468176616706,16.50082388200171
629.7625057272616,343.69861527432005,15.502262396756546,16.26877799522576
630.6969532785375,344.5366210876689,15.483654530815128,15.998995661160734
631.2604202516965,344.0594650996894,15.653335605819883,15.855560547889802
631.5564699426454,344.4325953669906,15.834799614228128,15.722358779066248
632.8582423864942,344.68433695802315,15.551594931711815,16.007700744181577
632.4507207793979,343.3920009484715,15.861171391299115,15.961437818525816
633.4270269347154,343.64181353937,15.757928372673579,15.896455741923424
634.0244959043689,343.5182956002892,15.879301761015702,15.992747980573409
635.1545194236619,343.35204400680044,15.844038308781734,15.660684757379656
636.0269869946259,343.4052774852297,15.15649070514143,15.735927835432449
637.2938342216031,343.1283796728115,15.160272784415316,15.924835945580568
638.2770331399537,342.6484434210491,15.415750085986424,16.0481738385209
639.0469928780232,342.68546666190286,15.44938452857423,15.976520182203561
639.6481795793412,342.94611825222825,15.391608860673355,16.16657119688312
640.7662766589186,342.6465165160344,15.577637025289672,15.903660047396055
641.2328713935755,342.5052923415512,15.993791177358819,15.697492413138637
643.1679522069089,342.74286127536334,16.510870223060042,15.98144454504745
645.9333770730843,342.04110039437984,17.377301444110635,16.108663765055148
646.4756579633881,342.22277604011555,17.904738572997317,16.394864476736842
647.8473472799013,343.3842929447942,18.62738336431417,16.87715395978071
648.5519407815369,342.9576926193247,18.4575371796632,17.348606055688652
650.0664924655557,342.58880864157976,18.258376089455307,17.214315292995394
652.5471939263791,342.58872759804615,18.48165553907048,17.41312764301136
654.2234056193952,343.0383076891183,18.66503359113802,16.835983653028023
656.9308471042158,342.66435760567254,18.94014458352965,15.987998107887172
658.1920862771707,342.8645428439929,18.46796002523825,15.945900961482012
659.7507014153177,343.1576392834061,18.799879673460943,15.409683321874713
662.3143382309955,343.131015951903,19.645180489357333,14.82421740472106
663.315632366084,342.85558081345175,20.7394122030949,14.237230671659386
669.4158524600065,341.72537273705746,19.113082882291536,14.985740943715301
672.4232107480755,342.2342648403658,18.457658046283036,14.565020509119881
676.2249423349975,342.0988276538194,17.642992843364503,14.222873072400134
678.9231541767585,341.7443194205593,17.323514969559294,14.223283428623159
681.7185949678124,342.46623187097794,16.895325471374512,14.46794426431426
685.5064814524583,342.347638832413,16.847215858692845,14.010450818516498
688.200493716981,342.5196950049051,17.089446747796302,13.98856728314857
691.6253681369053,342.6890595544296,16.455266090258302,14.258752455113854
695.4750641311126,342.60432391924775,16.605594343018172,14.340372296276193
697.9322151460613,343.51871905552485,16.58749687305383,14.305489191632155
701.4568195048182,343.04734873105383,16.211624705123505,14.45063950438296
704.9890338324482,343.5532333173956,16.22645121731599,14.540016423283717
708.548516165748,343.16066664331987,16.476273293207704,14.403570021257067
713.3498255187628,341.87380162676493,16.46532696453846,14.444070457521995
712.5927755560635,342.32005034642873,16.971981147231823,14.127906777790315
705.7370088480052,342.43400703168953,17.35408829854836,14.117284808507467
696.4894024686556,342.5198275966914,17.435926772580693,14.725952831127204
686.5167027756065,342.28158992042154,18.03073481661552,14.690769364225357
673.6701489844074,341.5714202347866,18.506313522389178,15.041057052809467
662.5346089106193,340.3853306621751,18.94290735798853,15.321036575483117
648.7152582277602,340.17430377045633,19.492493854161797,15.883663559089392
636.4796057879469,339.92447535530704,19.632182703909486,16.324725679214755
625.3745689113985,341.35163868981607,20.744712898483478,15.752003639146576
616.68803727608,341.33170477158285,21.55479639939488,15.329382052647787
611.015599487783,341.59404796271576,21.36275478824505,14.952595679771548
607.4282889706656,342.13195993695354,21.45431004271042,14.59989272698347
606.225632011022,343.00622454752187,21.05695496817699,14.659740594129943
606.1228539682671,342.39753778205517,21.19544060742371,14.759971804151087
606.9125233913662,342.2444296549217,21.49680077046626,14.743259159884005
609.3001620121579,342.8412282177786,21.596708256955644,14.750168440246803
611.8824050967023,342.6203910314339,21.64599519588605,14.944783365163346
616.1114709620142,342.04686058816003,21.368663115976453,15.150851819799481
618.3847292684108,343.1581005081053,21.50850867718372,15.040727711732183
621.1845615249135,343.2366272494288,21.33898920439629,15.081157400419045
624.2904922558024,343.6860084882421,21.492846362517973,15.162082755467527
626.3223047397436,343.7535170405923,21.660684238193095,15.224276710576802
628.2865586669615,344.13301845674107,22.033786043689712,15.275749507323546
630.0325881759507,343.939239423411,22.09313187411401,15.366513614247834
631.5863861824643,343.60707904844617,22.205470328265093,15.673985835427052
633.9929970996556,343.73929195229795,22.20251293177001,15.635104403991726
636.8753720740281,343.4904185299163,22.002289109545586,15.639308949523096
638.8324964278897,344.0377843781189,21.61701409949207,15.634613698090769
640.4963693320722,344.3910843614973,21.35978682243323,15.571173810220444
643.1270505628646,344.4089229006995,21.528346923824667,15.469283099988694
645.0948826619784,344.6033208402459,21.373032630019363,15.348901260225308
647.7725380379658,345.33650377172205,21.06205655290182,15.134526485095337
650.3353793166835,346.0090469519765,20.786940779911355,15.187975259748072
653.0925857663213,345.3127050907166,20.374705613687492,15.717609726319203
656.6000528668847,345.35672788807443,19.847920946185745,16.200052799399227
659.1159426877934,346.4662862577156,20.03799559073218,16.25089961853069
662.6963691181005,344.87520872808363,20.262045329573105,16.290582374975482
667.5511880686047,345.69377104391697,21.249714917101365,15.776660766619045
670.4961508465219,346.0495037747953,21.581750049006203,15.770802453191004
672.3869026976411,347.0851868720423,21.272629628436004,15.78473287852254
675.3904032892566,346.97658988730643,21.188921906595013,16.007583590763367
679.5416635359512,346.70471691529934,21.02306765401478,16.3403916757728
681.6197079556198,345.78945826718444,20.55145423059146,16.59963655629336
686.8844885568367,345.8082687619102,21.29138012961105,15.773587706627765
691.6997062852838,347.40663146678895,20.61225952494702,15.97648334017849
695.9534439779632,347.6533505241014,20.606043699532925,16.18770931423762
700.8930993474642,347.2422871447506,20.290340030945437,16.493183986825958
705.2650457386616,347.75527004814734,19.44965870650345,16.98472959235535
710.9307545149766,347.7649446018527,18.812155442118783,17.014959210857754
715.4246885394493,348.3661971733228,19.729638532687375,15.968025507442833
719.337383264007,349.1162117353953,18.960826190846404,16.270302313280773
724.3935890272359,349.52830905564247,19.11093450753797,15.97175563892219
728.0508139768611,349.75567403497695,19.028665025291666,15.655810379161196
733.4714800138215,351.016659085745,19.141608777777492,14.902353870714771
736.4431336738307,351.3616633195306,18.753937128266706,14.897406951649579
740.9521769707072,351.84414276900026,18.534868404398516,14.544546448164676
746.008787725926,352.3082045293049,17.48708613444898,14.93088820109869
748.9750223341542,351.4623494839994,17.052904367835158,14.988051209770319
752.7060807545372,351.86548512946985,16.686009448741803,14.875499787870291
757.1481906747148,352.0527427157488,16.24851264490032,14.678952875911996
760.4912998074232,352.06969257560377,16.30656256911158,14.46814826230333
765.6657193428192,352.4816531207597,16.38091080173067,14.349740756073489
768.2536899528028,351.727217955727,16.257421323713494,13.973456422523833
770.4706321468228,352.90435305588943,16.17641160009446,14.024163121532702
773.8024268966296,353.3440702219342,17.134012874767176,13.933442567051465
771.6458520358565,352.8700987724796,18.189249260977466,13.666928778929911
771.8289197171225,354.1741666245081,19.996749937021487,13.466918415563745
769.3009014359576,354.02662342969893,20.656066308571244,14.133589649130357
767.2222741503793,353.44327377411247,20.630071080814357,14.998866333663882
764.4953877715678,354.6897094925458,20.745476515652065,15.45760870980142
762.4485306453576,354.5336107880717,20.378856511501574,15.870698656068566
759.4768811882265,353.4599062930565,19.297437785998703,16.512488175452404
757.0402723456685,353.98365377947147,18.915738154080593,16.87227791592192
755.9604798944844,354.12257233311544,18.334173989325556,17.56373093130849
753.0253203714312,353.471696509625,18.123137082824424,17.796664461146275
750.7799061767845,353.3815145307041,18.30684200430452,17.575305991232064
746.8864497642707,353.3954283426722,17.73160976310184,17.84742834846082
741.7777205492966,352.79467976434694,17.046532594834495,18.314396472943297
736.2280854791461,352.2572051017857,16.347153352433093,18.60374972027963
730.87013385586,351.9762666992397,16.121412750080673,18.433786154076493
725.314174029509,352.1768029383158,16.370705157769876,18.28262754610648
718.9099019161458,352.67137964007,16.507720106056397,18.437156084420955
712.7034467933983,353.32671087553206,16.886547526454393,18.415987000555997
706.1543057573042,353.73848653212826,17.040790952503116,18.78379717523013
699.5387157756385,353.68121658035096,17.579586630565764,18.27233570517405
694.569568168427,353.04256284638325,17.42804079059304,18.850725504191406
688.2103812661968,353.8287700974108,17.347233929297097,19.183977760156175
682.1750452477892,354.6125960516528,17.64296149472173,19.95507475804697
677.4966979589659,353.3739450087393,18.14117097618084,19.9753126766472
672.8305850256178,355.01941262828234,18.800728943414995,20.075119644104173
668.5164656377027,354.93469866920105,19.79032525392536,19.011630113523623
665.4326110097388,356.79266753351646,19.28714327593314,19.66112101457768
661.973897198416,358.0143335604602,18.740280560447303,20.366527411173344
659.4302696655725,355.79472926372364,18.939509767719137,21.428582090115192
653.852382374258,356.2310036282539,18.816274046410513,22.33796279268819
650.6398525817331,357.96205464407717,19.389946715052133,21.92105263425048
648.8327228204539,356.24603769277087,19.22349297174891,22.493673493072155
647.7368699260094,358.20452382548996,19.35981578526385,22.009604175706677
648.532316467525,357.69008403357134,18.87737198654822,22.080974216134322
647.6779164740152,358.85423079236426,18.453131130018722,22.296582560595176
647.0960700804146,357.9997864683084,18.378355240859875,22.332363725096954
647.4858622894835,358.5125203283266,18.135329948241562,22.263902110918515
646.9926169589984,358.5157821766693,17.924779598617956,22.88999018185664
647.3098570266799,359.3742782011941,17.969889993997743,22.66061692822712
645.359034507921,358.9077585631269,18.409248699322845,22.639243177607554
642.9381306396767,358.3245396482301,18.78877742208709,22.4732654155208
640.202371728451,358.51276269805004,19.054816576927973,23.50137838669803
637.4563951204153,359.3359301023245,18.768764716800234,24.05636939095728
634.9830749538651,360.1773584206717,19.016769497196258,24.19776610923185
633.2033269883892,360.6904353065215,19.851505229726385,24.307552642562577
630.049094562173,361.90800210850637,20.545916538183086,24.1549703493498
630.3369438043526,361.2224359596621,20.927203141559612,23.576195422560623
631.0129953607002,362.21085438240954,20.282561134947088,23.93111617712544
628.7528747340182,361.75877790015085,21.470339740970203,23.028609772913065
629.7780384362119,363.778804285356,21.251772629498028,23.32610771807699
627.5607561062315,363.2530492510583,22.66525857137828,22.716914408112572
622.6044434081924,363.9193682811314,24.63299570665808,22.583501832646103
623.2282805451799,364.4607005321733,25.586273613762707,23.568147500783375
623.7934850406058,364.7377051739004,25.551050929259254,24.51573526257025
622.6440963996923,363.9344086291565,26.120393740462124,25.04446304235076
621.7248394667142,364.9693006959846,26.575900460137753,26.02095548387107
619.8239513600738,364.40532515320587,26.66774513489863,26.75293031479437
619.6190825931174,364.8136909826004,26.083698052851155,28.033981140547567
618.9203476654545,364.8974124489096,26.516431529817336,27.793851343600494
617.7038855687719,365.7812145356859,26.807608800866134,28.02727335031917
614.0863040341558,366.27957060198787,27.62333655126019,27.123405188857134
614.0218240635886,367.7838234439327,27.170995915388765,27.83490188008968
612.6794518097958,367.49281034264646,27.67008463202602,27.746682732378936
612.5616803967787,368.62386979130474,27.834554404509575,28.378953933795934
612.5182473731093,368.1119819078356,28.623359080703878,27.956642516815386
612.7374232218117,369.9097618731646,28.20014620181859,28.749594608103074
613.3972190210092,371.3287761989869,27.629326210509948,29.820007319913685
613.3783790554223,370.5627673098246,27.711741216488306,30.369263015424536
613.1215312566237,371.55241800469423,27.650719056049084,31.397253043085957
608.5649566789182,370.24305218803886,30.467986126358824,30.436274763115463
609.5025668368373,368.52727498741524,31.064231277521273,30.556762249572277
612.1423721254989,370.24706751649177,28.807788295050358,33.428032789913
611.5349273449427,371.84406400951934,28.469381163790437,35.33407762403499
612.6801221048499,372.8874957426746,27.659434475435212,35.31103536471081
613.5958264225042,371.68642319769805,27.159222485702045,35.50688544493193
613.2345750446964,373.99255599255434,27.32889177910334,35.12236297544999
612.1543081149704,373.3455082491725,27.97852058982732,34.602774051083166
611.9812473859663,377.35322344727655,28.106768601987934,34.240348353440645
611.4354509758756,378.6934208602616,27.993374735870216,33.73021157099042
611.2342373528437,377.6747597621312,27.91725027562786,33.42916995925166
609.6103559707793,378.91777001592715,27.536941129732323,34.15302078083519
609.4702419039908,380.1864340706686,27.13120586625077,34.08051513109474
609.2661151646472,376.97123958689474,27.49786899948451,33.4573287289459
607.6831837970116,377.73231513241427,27.659486067565865,33.284485185922556
608.0412867206119,375.1069471958914,27.272852922921217,33.83648312492441
608.04316620516,374.45241207106056,27.03954263197633,34.40930288456106
606.1323609184485,376.1222431025412,28.24791568696449,33.506485383295264
606.688113833121,373.55552947799833,28.255874438071366,32.760153149336475
606.2492736686041,375.1884882737504,28.146366786540597,32.476325909205705
606.0534489608922,373.0873414268088,28.294608550698307,32.28271832946033
604.5826309683993,372.2762372050579,29.675675035146348,31.423716778627245
603.2671657691109,373.6509814528113,29.89307475933959,33.40466303820808
602.8499038057469,370.847592305715,29.426798581035243,34.452330691228056
601.7351955067811,367.7229776536756,29.67087537953808,35.11201650870307
600.6776909201016,365.6218402265842,30.419394284699678,34.66245377688354
600.1616669138576,364.2004090405192,30.55083900123749,35.5479462929528
599.1126928308064,362.0440625882217,31.492812786942878,35.26784269326954
596.9411039730396,360.32990210064406,32.274170972750696,34.43713335470504
596.1269422817616,358.83018293746744,32.2821307867565,34.680784146350234
596.6265077726157,359.6152630032362,32.479334225640486,35.12856945392976
597.3674219391341,355.88512715630304,31.607936070987385,36.38751716060835
597.3439971340074,352.5738512098251,31.5418384491011,36.631430453292765
597.5370938845604,353.4503748718214,31.14418980315547,37.39546192577382
595.9301230134632,350.9689607168026,32.15960140610851,37.63762254973864
593.9053599817936,348.5800968537086,33.19185647311298,37.563365757464695
592.3303349292679,345.96881329035904,33.76414975066905,37.82451492799541
590.3484355036652,346.15167315358354,33.655276629358774,39.62140988319859
589.7562709210523,343.08517671651913,33.268411482256624,40.904691291865596
588.6029888907725,340.024043139944,33.98580720823032,40.62655084593965
587.3142497701058,338.161631902454,34.71865412007594,39.78765729824717
585.8617237006912,335.4096901848541,35.56678912966112,38.31261618687321
584.4387800704416,335.40684726992373,35.14941271188586,39.155740029330154
582.8286231842072,334.69035531056596,35.75550059214207,38.14720686235016
581.8837938085026,332.24553909614446,35.78511168849277,37.85301230801827
581.2557292958014,330.87993600901376,36.06368730851817,37.06940130752974
578.8552356994054,329.8166571011396,36.42214977138964,36.58707337099348
577.359465271507,330.4107881330769,36.21603170686805,37.54934848222136
578.3768955401163,328.2607131602847,35.63566775196739,38.043958603670745
578.5931945597902,326.9697139572707,36.200185579608835,36.603444905684185
580.6322921008193,327.17319817459014,36.9648453747402,36.92079051089213
583.4460047476066,324.8947922231565,37.131180240895986,37.54041465760628
584.9794027000895,323.15758158176175,37.58429263553774,37.877961345573524
586.0670006523814,321.8642772264701,38.22593615513318,37.89777434560737
588.5198376881505,320.5003442529421,38.61208921802133,37.942263213259125
589.522893217975,319.5683640933092,39.95468257181105,37.77508906049486
591.5330170000826,318.3854535637333,40.76030916964443,38.33814439034499
593.035073627106,316.19745146878034,40.82766227926891,39.4710450684954
593.7862571649118,315.80047437291597,42.481230721107394,40.16261402302678
595.3170428445355,314.7416636213617,44.083440954037876,42.105275302781536
601.8901091129356,315.1805699122159,45.57597650391684,44.30738994360525
606.1026863740761,314.0956226207428,46.6841704298691,44.93230738580383
611.8372169540276,313.96233933255644,48.12964200552976,46.97772533541877
617.0989090780248,315.3770816147561,49.13535521144776,49.287285178502515
620.0986470865951,312.6566716829957,50.27623418014707,50.495378113160406
621.6242569503122,314.5856681541319,51.955409726949746,51.03753035743564
621.4349421903817,314.18282017712795,52.82868820723422,52.00985510112753
623.3800219967087,313.23705067043204,53.718650017854216,53.47229743208111
623.2465041929408,313.4745661392916,54.96465840072782,54.78173187971366
623.5889527448566,311.9490443953879,55.91930328908704,56.288863380584914
624.7886952997217,311.69427907292106,56.56384374632158,56.952296171483
630.0248198909359,312.11473516789613,56.945427405012104,57.952459942607575
634.0578842038616,313.6472257611362,57.54931674240011,59.53794556667645
638.3547466419637,315.9022536960768,60.02620187755636,61.391880979884085
638.7843804592566,318.8289621161892,62.36173594563598,64.7096632626896
643.8114181546184,321.8293873870549,63.29019633687703,66.3272207726637
644.3538322385036,326.5619440599593,65.13605575826779,70.33056731680045
644.8631012944066,331.1221475676582,67.21091359940962,74.50111259815407
644.2618973878593,335.2010618069746,69.90796250632876,78.3338586937517
643.285115662726,340.26298172747875,73.37134234040899,80.2741066260749
644.7192073161548,347.3807982135171,74.92420357735152,82.86699823447044
644.9683625287912,351.66000778039427,77.58055752414913,84.997410890342
649.1647194998751,356.1644070384044,78.41744333519136,88.11250052565478
655.8513182849177,362.4909209134546,77.78354276162926,90.48121646325379
662.219547375997,366.7817841258918,78.62093375754445,92.71754261236913
663.5847611530388,373.08027329218004,82.97983932109196,93.73931884973908
668.2641642589866,375.31848399159855,84.8405797508465,97.54858369407957
667.5667175258569,380.83602684891014,88.41949969656281,103.4157304903218
666.2173737162436,385.64386810174693,91.77049421453125,109.07252900427179
661.9116418439618,387.78003602222896,94.63482761954373,117.08058318549152
658.4295863675158,396.3425214907573,98.785789847813,124.7038225296292
653.1996826342305,399.7129936886634,101.79378741002708,128.47916264035345
651.5365557305406,409.1292012832612,103.0394770569834,134.46755769623422
648.9809173972013,416.05381754215244,106.93198302748947,140.7452147185006
646.4429269862237,420.9389757386923,107.9531869059394,149.9695539650482
