629.5,441.5,95,82
626.0019329751093,441.78006109880147,102.07891538959971,79.24089670456534
624.4220000210089,442.613115630871,103.34691564596244,80.15806931596269
622.9310041221379,443.60577733024763,106.08658075752199,80.2318736407765
624.1803701302114,443.3247672722909,106.36876475108397,81.11641565347715
623.8214779081076,442.8627906411185,107.36964202475266,82.95933058281324
623.2122357992943,445.9737073105625,105.25068661370254,80.83218608002834
622.2802586400683,444.6273157408669,111.42399442946828,81.87110835427526
621.955528714446,445.6088082237404,111.32434444131604,82.6573950539397
620.9595615711968,444.58165638266195,113.55882891772445,83.76334039330041
620.92943730216,445.9193114792866,113.89601042676483,84.86799563540508
622.2064187098362,444.9631834478231,112.11381257872783,85.01909087849283
618.7677015515801,446.8109475788862,114.28509450013618,84.34456900479053
619.0631998604198,444.5628651773503,117.60099366738152,87.1622729520937
616.3890556861529,447.1442198252326,120.23674753192776,84.6436058043121
614.5982947639322,447.8689406244853,121.19892818053788,84.73058590254314
612.6415142322647,446.7420202453069,124.37825831664472,86.71971044215054
611.5241499490468,448.08338175342317,124.36254397381667,86.76463376750426
610.0932351886808,448.16228894213987,124.64671215459393,87.46439545813541
612.1742883083748,447.7626279054943,123.20195331030524,88.12051786664323
610.3416229568832,449.9233146948475,126.48825489523995,86.46100151603652
605.9720316385091,450.863426599796,127.67433436228255,85.10184913799294
606.3194067827696,449.9462149666363,129.76295917156432,86.5371629962971
605.3783115789686,449.35128820343596,129.12050165114022,86.52562359805208
602.4833748960009,450.39269271416543,131.7238564173507,85.63134880975016
600.962773224808,451.45824145072527,132.91424072182232,85.70275565969628
599.5444515028983,451.4293241409096,133.91995824366882,86.42485451765592
596.704782615245,452.24106461923554,134.91962023271446,85.65419020989836
596.0200823469554,452.7265310930012,134.1216506187776,84.8035456440358
591.6064381018972,452.8883812937016,137.44422215076796,84.83202162277104
590.045765860629,453.3320127624042,138.3976520182835,85.28575832682009
585.9779467180854,452.7476082263956,139.63832508434632,86.45367011464607
580.9803832174184,450.2887950477293,141.389018120453,88.53956124708355
580.416329046046,450.3371082470618,141.5536442992339,88.48605029277759
575.8561031840112,450.62686712229515,142.36720716596656,88.28040208245419
574.089180936646,450.743409947615,141.3195237428394,87.87915468062207
572.0411126318862,450.5585678657461,142.8920165382884,88.540434031203
569.9033003240816,449.36587851134817,144.29795645184953,90.77641191034175
564.6504633194714,449.7600430076571,145.77331695677586,91.48736531159598
562.9624876849347,448.22984779334286,146.38919134611965,92.73377115611045
561.2089647399985,447.11982473269813,146.21287803310685,93.43131979290098
558.8453188961113,447.8601390534623,146.06360332890085,94.5619214388768
556.2530492030336,448.55389337882747,148.07216940546868,93.59537439411481
554.1323944098646,448.2062683942482,148.4195388787113,94.12242757502113
550.7324199913559,449.13233705334403,149.15842704277438,93.78620154573201
546.3302089525436,450.6737827746684,154.00523531399577,91.12312336845594
545.4155733500733,450.19390779681805,159.15164620289286,93.74592665568724
543.7190317226847,447.73356254622144,160.16727611520358,95.7420857574415
545.5542927608753,448.8866038956768,159.16560954110935,95.90445762306587
545.0393198994267,449.3679408920335,159.38556526790185,95.64832778364114
543.883464446276,448.4851325315368,161.63127424109848,97.3199730743133
544.741963349066,449.43212866254913,164.04439443118423,97.34791881965637
548.3614631230786,448.88033181067135,162.0354400581009,98.78944925554049
547.5722778503088,448.83742773795007,163.87140266602074,99.83229232275835
547.7462853559164,449.53029770527047,165.14387747843855,98.87165677060273
548.9728809823328,449.76921515450397,165.0038325045897,100.09352161946477
548.8816641067422,450.23922245864736,165.21493770801547,100.08846663098895
547.4231707825791,451.0271933449718,167.54011925020708,100.24889511715588
543.064178349627,447.3719556885376,169.28267534835112,100.02041771343748
544.3758074119714,449.6832510969266,170.0272156823611,99.87106601649921
542.7635284244775,448.50542333010475,166.7800823875799,100.13405236702893
538.7651876768668,448.50746059059077,169.88080528178813,101.94035059304872
542.7819081501684,447.37805430165304,169.0925789192075,103.97816855660707
539.9289732715228,446.62830085802455,173.4712834432173,104.02895709419194
536.9337719794394,445.43047432033165,176.09511312927498,103.6580420125097
536.4449483320641,443.462522754501,176.72697323891,103.80967518693078
542.2592638178378,442.9757566158074,174.073680619987,104.81940973184498
540.4185856536398,438.9944377780051,179.2762356204052,104.74081846453669
540.5624528308963,439.36674208923,177.70074887353536,104.64855175053695
537.8751821296618,437.57631109111543,181.84118988048115,102.97782241234941
537.1956826269156,438.8331539034709,182.64375143745588,102.28863548253833
535.1441263815337,437.9520523032183,179.10911686178724,102.47725885923543
535.5423747880385,435.1424473704366,177.84594118870723,102.02710460441732
533.7971957995683,435.3242754353443,178.86917949475907,102.54282305760421
529.2805719604185,434.4580551760413,184.02302386878722,99.08177866727732
528.9245736966687,433.3736128563876,184.15946778341225,100.46145387418646
523.7434703487811,430.08866645740756,182.92867181062786,101.08105597491691
527.4665633394492,429.0394966086848,184.38402863433402,101.69750200067188
525.9097463873062,428.39271404850024,185.21130476453544,100.69654238658536
523.0464160439778,425.7326403174154,186.57288832866243,100.5858472774803
525.6561470971509,422.47244030613854,184.90329027324424,104.40838064045529
527.0079966967307,422.28680014904614,184.67585566014583,105.05724161607074
524.4460338357874,421.74166515701194,188.18469779007063,103.37351732505964
523.5412465406365,419.90982998928655,188.79957210396836,104.93664973708468
524.14557859267,417.7780010351497,183.6247750161315,106.95549048841079
525.1492857055224,417.52417873555135,183.6593923129813,105.44551914053572
524.5599602972527,413.3530452614067,182.97113289707283,106.21965873577636
518.2791351090823,414.8576606308811,187.15689198784742,105.72965688643154
517.0729813952361,414.9616637431694,192.43320534519057,106.10020700628962
514.4463806012463,412.55480518874384,194.42792128318712,105.47239043074319
509.4857032840139,412.3144632370753,193.57035978891255,106.52346663754378
513.5916206688507,410.75027152473393,192.38150126514427,109.08472465458144
512.2915698760214,413.64954493951416,195.80514450949244,105.18526158962197
495.83943933404,411.52529176495926,204.87710236862858,103.34004731037479
514.6368694577742,413.58210786683105,199.08576457859766,108.0107514363806
504.3835901260625,409.7575362956897,200.36506065350383,108.16822374439938
509.40157789282637,408.1669003576019,198.59284503398982,110.18871474662659
487.69305032287684,408.04980883552713,206.16152588425683,106.72687783140199
507.17900168614347,404.9349371500127,198.4606396955407,113.51914040976256
507.18328965416555,402.11938087371004,201.32644406424592,111.45523546356627
513.1466028977035,404.19964533866033,195.90418560471275,115.91376726222586
506.35876969898084,401.4614874600171,197.79280002675978,117.60176719953273
506.2750678421774,405.6692342574451,202.43396150617502,116.44790086908452
507.881389013096,405.87135478868584,203.4764796368728,114.90467885629126
509.905364028334,406.4808473906518,205.22681914107645,113.3689897491106
505.15195572943287,402.514242334474,207.71775545086962,113.15832247768176
510.95710150754593,403.1693538735843,204.1990703729822,113.33625016325055
506.4287688652627,405.61644231850073,206.56075764704232,110.28568949299687
517.178311410172,401.7534601840726,200.87627673224745,109.07313049309349
511.03901250573574,401.65570648459305,204.77484262093452,103.02179657676412
516.4021445441298,401.76798538958457,202.23695182325176,103.89443012595908
511.76970334095284,401.7033463133586,206.39465862171747,99.43141605730686
513.7968251753204,401.8195137036803,205.70241529683813,98.73544909611068
515.2403864403304,401.55494730981036,205.9248787688644,99.32293399534548
522.0280845031216,399.8025622944009,202.85973839194946,101.8966695793035
521.2841254524418,400.5287977578471,204.36843781058013,98.8719954065582
524.3968316858247,397.11344206558374,201.39718478525035,97.56200268774407
531.7357667102626,394.1479815792739,196.1506826395915,98.70165526573406
533.0742092972637,395.891690086038,193.48356287520494,99.68437634058131
534.8431157408023,392.88139283278724,193.2367194213712,97.77238066064393
535.6746321142905,395.59291552007306,194.76843110559287,96.99261633067418
531.0033281618149,395.40831568696115,198.41328238545026,96.0231087749714
532.7635757750218,394.85572241058986,199.8450512242016,96.83346918172192
533.0461567871425,390.22899877144704,201.76730840552113,95.51925066813612
538.1174198075319,391.1005785158273,199.14681738729897,98.49424071318894
533.3381937433508,389.7447943780646,201.00312346359888,98.83743212088974
535.933116526028,389.52896227771714,202.70935323747236,100.19204124321044
532.2615353270804,387.1301467412269,205.2399675265339,98.11808023268483
536.184960346045,390.9156657741892,204.76888850077108,97.95275107094547
533.649879924649,388.76534387105613,207.8578120759281,96.36000788997771
535.6576662930764,389.65094181255034,207.3403627663602,96.72784566366879
538.0120021148061,386.0206870783949,208.9248175331577,95.59102744489448
538.4266804765848,385.88867598236675,208.71516645696542,96.2059549491355
537.2413059274286,385.59146852401386,209.69963653578583,96.04685598833564
540.6305584869841,383.5136062115315,208.9797248195889,96.69578651307266
540.2991487535394,382.0388235908095,210.02491362284047,97.13579914576985
542.5835641293208,384.0834131505109,210.37129942766165,97.48871243605436
545.9159995494092,380.7138560253245,212.73539374577751,97.33895415012535
541.070426177089,380.7580022203818,214.8872965721981,98.41305352692495
543.4639258062206,377.2112212625236,214.28818881590118,98.96923480931298
541.5017039890475,379.74386415210495,213.09700402382146,99.14070563215347
513.5386943487343,376.4687007580437,224.45970161908804,94.62379410735485
539.5822474300327,373.77294591792463,213.32469916050377,100.57810027907178
540.000743943243,375.9870131896341,214.4125744280381,100.05257210862656
543.4443042230149,371.60976300031086,214.28726296660284,99.77187692005876
543.4886748739975,372.74116990021525,212.20691324918025,100.72987909365918
543.5766990664628,372.9822119625751,213.32444552051228,101.31593134740382
544.6596966860063,371.5847747338581,216.64035138424003,101.02458595369777
547.6937044771914,371.21749914295793,214.2889391491371,102.55246399621463
518.777507751772,370.99092089437215,226.7666778222847,96.72442096379625
542.3661142391245,370.85073571568574,221.4109915167021,99.16479130876446
542.9922092248927,372.1859284415958,219.92683762334133,99.43598061717563
551.4966286367365,367.40715953451,215.30250337651182,101.24455508162936
536.876711545135,371.4919205009338,216.46731544112794,98.19162189730307
541.7075741720081,369.16201047348227,217.8474374871111,98.297656510786
537.083189903771,369.3739317465546,217.15740656308066,97.84165285441071
541.6342193538749,370.3549842589192,217.11098251944378,98.40733132872013
538.7933579075878,369.2678894043694,216.04164455291058,98.54482091670742
540.8428176282664,368.5926948386169,218.60028633715973,99.85284244988436
538.3790244103941,367.7622050646927,218.46233329392726,100.60384765948814
541.8192962325882,368.9860325257803,219.59372158415533,101.10542295179488
539.5075066835714,367.2897298554754,218.9710267585285,99.87708077416285
540.1816784616597,369.64588943154365,220.58572013897395,99.86769974899259
542.8781416459061,367.512832106664,221.0261742271395,100.67222460070141
537.8063760553521,368.1542696409475,222.6289640352765,100.9867304217604
538.6701459213302,368.0491701251414,226.09203909276548,101.98987401124938
536.364843064695,366.792600569532,226.58618264910302,102.71160823386467
525.6249167450574,369.9785825872219,228.6444789449198,99.87369058015712
537.5305290804993,368.96584339218106,228.35862816664365,102.04229150708056
518.8287961915162,370.28360637698665,230.13642662161806,99.4431685558402
534.457583990276,368.38483351538895,229.47581731298106,102.31241469243126
531.2438046815194,369.37208342488765,230.07101287184867,104.08050156417676
533.4150955902011,370.8666461738493,228.85152060438207,104.76062827410027
525.7125434375788,371.5290208517909,231.56995745070157,103.3427172377416
528.3839372390175,373.556108507599,235.5338592724819,103.67330178156313
523.4883962980008,373.68821558732446,236.52524578603374,103.60746750322971
524.3574761553828,374.74592622656866,238.32732605909948,103.6754263389347
522.164183460985,374.7751485503754,236.91989526308393,105.0660497535899
516.4799051513277,375.7440203923014,241.16652589903268,103.58289365861737
513.4740004945921,377.31326642792567,248.15250650098258,102.9923700014761
517.2180400331637,377.42925630825323,245.70080980789476,105.68376893295638
510.2178308077833,377.0947155535758,247.90312933808593,105.74960932074352
504.0876966371286,377.11288393866306,252.18680751958118,104.74879010004744
509.0719981206071,381.4381513353974,248.3836227843604,108.01673583937595
502.2310716377397,381.4476120340222,251.51608067156133,108.68797188692854
