1039.5,408.5,165,74
1016.5442718744009,409.0600433744504,181.106045835168,66.87272364956861
997.108254495083,410.93343814244224,190.28047444789948,66.36334996280348
985.7251620876907,410.05184244846157,191.12971284507069,67.64395564986867
969.995297511543,409.69990339363744,193.0264244672608,67.6069161608483
952.8614073592822,409.6920038089453,194.21175796619653,66.96512742118476
937.9744860206217,409.67910315389014,196.25993548337834,67.15095361338756
922.9675478392529,410.07540918883404,191.8943857434488,66.70784578783294
909.2671263666144,408.6710285656787,191.44803073804042,66.2554344362816
894.6169432830918,410.07015934558757,188.19646195244752,63.59476060788628
879.8606040890812,410.2560493493247,184.30594656513807,62.47814544484113
865.2460683756179,410.7896840554215,179.27084122695322,61.841514428572
851.3750745908617,409.96798194176716,176.1797102334178,61.30155320219001
837.9393856058365,408.3398164099257,175.2774919481185,61.433449770296875
821.3358307376542,409.23978706314665,172.45510903378664,60.02780199389467
804.6901379499961,407.9570169440051,171.90870471099504,59.622364941451266
788.5013526340108,409.4982337778065,174.70001183594127,58.6720510897825
771.5566360967288,408.38046783256414,171.83644660340707,58.19751509784888
754.7514057247377,409.04256451830076,171.93437699165145,56.18354510185064
735.0015727364683,409.23785171456757,169.14301768616988,55.57809133853082
715.7694599866717,409.39276571438734,172.10228268459377,53.7332417413939
699.9850912011045,409.7802238287502,175.92859485896122,54.82090425644676
682.8316172687705,409.33199279368546,176.97873477070232,55.71736632657625
666.8708148557828,409.10289934102985,180.93140732949666,55.935089444356635
650.4172415501499,409.0188197947755,180.24109188213902,55.45697087579741
634.7427455050299,409.6651598553521,177.1189091037371,55.9406742680471
617.3470376861187,409.35328174494305,179.63780136523695,57.3676592394994
597.8340579199644,410.0428948021568,178.733159394045,56.669680052509634
579.5146896486897,410.1852924746309,183.10089571051665,57.2199263704849
561.3793986000557,411.58621170452665,183.93213565432717,57.94059372288853
541.8847881610545,411.6144083056654,187.14070670916644,57.706042059298696
523.810092634396,411.3328062709125,188.46926858213803,57.731788572087794
500.69052772232726,410.48610626149963,193.83085831945783,57.474452733071985
484.5958679330839,412.11088934869707,190.59675751806708,59.85724848407396
462.4531750765079,411.9600817709467,193.28535225390974,59.02308241331468
439.56707829061435,412.5596087124186,192.77998058389525,61.445290977309995
419.5438822999505,415.59875981359346,198.1700404712721,61.518060998011606
395.99548974424636,417.14225073706524,204.234111711129,62.44234854953234
378.4226130532339,420.1391383555606,206.00246089229867,64.81382756608596
356.24926046304375,422.82551180205263,211.63565285672973,66.23625130276149
333.35444990937026,425.1618136901844,211.2426928596834,68.57052685717053
311.6841264924107,429.5528198509157,217.05266704905623,69.43390089997614
293.35223864719984,436.34725873801665,222.34520216855785,70.93942262578337
278.57039430970883,446.3935265492407,227.28423441681883,71.0177171434128
263.30218374136507,453.4154294869574,228.28616532290255,72.06529515402933
248.02550015005093,460.58381551849646,230.47964807597083,72.54697679378377
232.30139583933914,467.5697979662969,231.13354593302654,72.98699366420121
215.4189328174161,475.9813388293723,232.0438781926852,74.63526660181073
198.47162711188395,482.8227919101496,232.30540615758173,73.8866643152032
182.2594911502421,490.27099431474346,235.586778229652,76.44423994276968
164.0499926721911,499.6170387401271,240.69851327487987,77.62430036686354
146.14544502096737,506.1805042409201,246.14001399312463,76.71991170686437
131.00715594887208,511.70377047282034,246.17994964941954,80.71399172888462
118.82556165665153,516.6362541769709,248.8245200633957,85.22863184221181
110.60871521986704,519.7665378582777,249.1735392789691,89.24221376777338
100.2181828172144,522.2868486790003,250.74182262126743,91.27065608503733
99.42291306652157,527.871761382059,248.61340679755864,90.58763634851721
101.3500156938456,527.4496038740799,250.875736934753,92.40874179614227
119.44072958767593,527.7732965647904,249.9486612545995,91.6467816565413
145.54054578104964,529.1313211640111,247.7777303327586,91.92194587804505
208.91022519338185,525.4339690296079,238.56688890164548,90.64604110092762
248.6434600715666,518.6881631194921,232.38972816210415,90.51199464680867
284.3018543977155,511.6582336035965,227.73991120915292,86.89533822882981
310.6105052113204,500.6010142915936,227.50804777116127,85.76006994256804
329.19122273530536,488.8427279188288,222.15259822616372,85.09172264207591
331.53817746238985,479.6556573689896,217.69104257001163,87.34366062786748
320.27748259719135,477.76339153050407,219.82481286019942,86.83804407479933
305.10332739495766,477.15083169174557,216.42183738572663,89.74316479990105
296.55184393198545,475.3523799589934,219.03531372434688,89.80073868166477
287.3018142479937,472.3850170429991,218.27329131944816,90.43953408836053
291.42829566533214,464.68789009201515,212.41956807648972,93.54902266238282
293.91826197567644,455.31130377796967,207.19651053653877,95.20282250413229
301.3779849794728,445.8307547385768,207.6777949448904,93.02296003588104
306.96217817673596,436.6064072725017,204.15212308571924,93.23276224365007
318.8391221959811,431.4177257918962,200.93624260518735,90.87324588464888
331.09679647955704,428.76495345603126,195.39534568712386,93.23888213231665
343.94056726596,427.5519023045761,192.15235632889494,91.23405313260831
360.1744977885908,424.92719178278656,188.58453509120932,90.83195358181993
375.4381664733369,419.9414759164183,184.57271016083362,91.56395744791791
388.3369137215144,414.2128989090182,180.74066948285025,90.78498665191533
395.90624725705527,409.95012471465884,178.96834751732823,88.25953003888625
405.4474756903721,406.2708753267312,172.0014160994942,85.71640558452987
414.4080521261246,399.87074753735556,172.4533449531897,85.55475311238118
426.17289316923603,395.62010173499993,168.62679459890592,82.65569991018634
442.0186130358397,388.50064156471217,163.03693651345236,83.54550254093944
458.1300543178702,382.9732979925705,163.05915059922592,82.05658373295549
473.4489595900688,379.826200532029,159.64859170955665,84.30661010190018
489.3856202232107,377.90707225895875,155.70915417577908,82.26600462035651
507.28977635687903,374.8551161983117,151.26079796281704,81.07999134806411
524.8090323785675,368.38102993296104,147.27814352678695,78.3436296720535
543.1316285468811,361.9018275844594,143.5910892256441,76.4802567238372
559.6336672960045,357.0491744287968,140.32600933095526,72.69110468240088
572.8892019424004,354.6198688911073,139.49866007873362,74.1140376966645
584.5094022686965,352.6105762588929,136.80967583222053,72.62284441004122
595.2429950198514,351.55275910063153,132.90277639375122,71.86547686018281
605.0995872226542,349.31184633896964,131.03738096902413,71.55830564856507
614.8147294824973,347.7161295129399,128.65412276617388,73.38028593235755
627.7962374311858,346.2015193332444,125.06891790356514,71.45065707654513
639.6182433674128,345.5858789540505,122.32382658966532,70.01787058359069
648.117255471369,343.5283028019708,119.74731716585529,70.4205106659123
650.972544421826,341.88026950190994,118.44671845964598,69.24251754880503
648.3502830768971,340.09311688119345,115.07185330178822,67.24479686619277
645.7991360413804,339.65001366854676,111.8173827906567,68.1160411572277
643.7019189692062,339.66074934781386,109.83184318853448,64.64738519707242
639.3031971484345,339.4241222971103,108.81786105644191,63.948813563435344
632.7670536962783,340.1017091163094,109.50371743434263,62.46034699059196
630.044403727783,339.5014852030523,107.28314145130037,62.83643264353851
626.6008993230852,340.1422333041936,105.99903652681873,63.204557065698395
624.406073784125,342.24179357891705,103.76485361817294,63.63171703901084
620.0292626453897,343.8605818754657,103.2318277448684,62.86711362515204
615.920730822043,344.88383728675706,101.81176554279969,62.24774153112859
615.3941684178872,347.21886988764766,100.17259477500642,62.738507143837595
611.7140549513967,351.3901182833912,99.71449547318097,64.18226511345854
610.313360512528,355.56991561875265,99.62162786756585,63.49028161151536
606.9891616637751,362.24548490790954,96.85358812270735,64.08688240508305
607.9809382304769,368.4994189567945,94.14364664073857,63.92829430951577
603.7094548932591,374.6222950922248,94.95092934261433,65.44749034140436
603.2634851447142,380.8832340551563,92.88284177823697,63.002359180918724
601.3163514620255,382.1634801208809,91.89515593886465,61.28897546616143
600.5874643862178,383.8491631622244,90.86054570605313,61.677469882414364
600.4244987809931,383.2596033257558,89.59810623084466,61.50568454695998
601.7354132749293,382.6035900057636,87.20367585534551,62.459223962732395
599.9867852370982,382.1232295566427,86.74954953155046,62.00410354439648
600.6473068867547,382.4362034587633,83.94144394818613,64.07516649607416
597.5244366200328,381.7523074019097,84.61369677305473,63.07287913551694
596.9126400559593,382.69845830024923,84.11233772827424,63.587106965175835
600.5907702947123,381.8285075707438,80.80570311894577,66.71147664669652
601.2343052840154,379.65405656489446,81.60268032668677,64.8912893499598
597.868536287367,380.2146918072826,81.69763238655699,62.69945312319602
601.1060489085714,379.2472692665332,77.98745067468096,64.98661615401937
603.3886909147125,376.5513688332387,74.94333079787772,67.9827394512425
608.0411227612815,378.4096624794764,72.64903775185897,69.54702193678884
609.9133477345256,376.30698258551485,73.48528923806089,67.55072491692901
610.8647585263232,376.8659224328283,73.37841240065518,65.91154874924204
616.6009213864082,377.0086630927521,68.7538066262576,68.83642483514271
618.5989258759657,378.2729920944584,69.55284908118122,68.32879899171346
621.6967289754036,378.00945957162924,70.34929349941373,67.75377138383554
625.5064818497012,379.4647766564371,71.1548452457961,67.65672865765985
628.2365601290742,379.34724844511663,71.10080093203612,68.27830284017355
632.814821763299,380.5283036851921,70.42512949942174,69.44244573195063
636.4795678268815,381.0706147342082,69.98749193161483,70.14185659694027
641.2222733194702,381.44064208299795,71.87084345234743,69.52195380289871
645.1583035989713,381.42994151057604,71.87478037625311,70.72995931804121
649.7476924985833,381.8753904850295,72.60270724239588,71.67171068894037
656.5712629809233,381.851713379497,73.5380054573091,75.31735562094724
663.9431803080995,382.31182290922334,74.38478266898686,77.57656200290847
669.9174355545263,382.1076253991704,75.8754900774154,78.22181209101421
676.7128819862772,381.64275898105103,75.84754694377953,81.07132918207375
682.0566472369884,382.23005809918874,77.42820419893438,81.98998795751524
690.1803562325565,382.26756821179987,78.29041269781342,82.29496832443559
698.4596425710047,384.03735167303165,78.44481543584368,85.0776658106441
706.1795528290108,383.5771448833335,81.43921460088322,84.76676739441481
715.2690485627636,383.95355660581504,82.87512074907545,84.66451138146667
722.7614782818283,383.3015473853367,83.77143373148638,85.03858841024066
730.5766066121495,382.7723257764841,83.86944352397187,87.95120507781171
740.7525838905921,383.2792509625049,83.78020249957945,91.20439508682857
747.9458218437189,382.35595098204203,85.17335774320338,89.60865236143438
754.0244840751119,382.3493040099271,85.71600708317759,90.57935052567218
762.0041784661598,381.9677251672087,86.72494278217665,92.33391048404062
769.9808107004509,380.87524227165284,87.03795215617559,93.71772377849078
776.5346512556664,380.793663334467,86.05484605525864,95.62962829820628
778.6946457865264,381.2278913221971,88.54773322564446,95.59021234885088
777.7089480083002,381.092545771202,89.32457931627921,94.93029237566293
771.6396241432026,380.1327112541893,88.91370042554561,94.1276204565657
767.3998832950647,380.80146615985745,89.56305679009529,91.14925316280278
761.656732637637,381.70990828343633,88.70992162978186,88.12048086423013
754.8393222219356,383.5869543847921,87.08084458431324,86.7587750333112
748.4105636258776,384.7253820792225,86.56594408147247,84.3345238668715
739.7273881607075,386.2753103012208,88.14127640368437,84.92284383801211
731.0102411334838,384.3967572651378,88.95557132782697,86.11024843811407
723.5602838121976,384.77986358128385,87.61137786026383,89.8406189804004
712.9047159598362,382.30151714220784,88.12769862627997,92.3569204509906
696.9666009638294,382.6156645553419,89.4888384562481,89.89047233249711
683.8279697585881,382.0353269188178,88.55147518970956,89.39397875824125
667.0373995412154,383.49030026529516,89.97114442557607,85.67761572239263
661.6574192046638,385.108706626998,91.23118355700223,82.55813684785369
661.9077964619446,385.91977074035503,93.1343228061592,79.25336126376774
665.5225660492183,385.13482295848866,92.80834077170347,79.92222778287177
667.4775421323056,384.9167587718595,94.66571891567094,78.74718625447076
