393.5,328.5,155,319
385.91465343696024,331.0276243353303,167.0394698939923,310.89744092785577
384.4105171737482,340.79203788455436,168.27433255748514,296.17545207739596
385.70260591355833,332.035375424452,162.96518573859385,301.2969094151208
384.56450344996074,331.66365783884623,162.51945073929411,296.53274386917883
383.4783769442878,328.20313009541564,163.36693061566422,295.5581689318856
382.7752949548202,326.1644450605112,161.729648242908,293.9754735868442
382.34758680888945,322.4386539147168,159.64049979255165,293.6787772338298
382.7474907799499,319.1146443427766,156.02828920243627,292.925380972886
382.600042458419,315.8331766899486,153.60557573842715,291.2283190207501
384.240125421837,315.9335258201794,153.54123051074023,292.6936469200195
384.36376917821735,313.3129853284649,151.59355150959223,289.26362101545817
386.2098053642029,312.35373655199874,148.78746566045675,291.8549074721317
386.37308643186776,313.65752902513304,147.59851265468913,291.48737344127693
388.39719012588694,317.5676368443701,145.64792178473982,288.2223673550236
389.5157846842483,314.0936435741555,142.26896063035855,287.1440251741549
390.4043029389875,318.727606626894,140.38893262768573,286.1890038547583
390.6459939961047,320.5464775266513,139.55419457315287,282.73719753326145
391.8236786987803,322.38620290480674,135.8032286337339,281.85376513563506
392.9439086374267,323.2942918779828,133.46895599025206,279.2586262561761
395.16891670886844,324.1910289638874,132.18991477888488,277.3972346087588
395.5358131166831,317.3455757120144,128.59581570409708,279.9034832492307
397.1207987120642,323.9669177450588,127.97023895835669,274.31320269461776
396.91836352721486,318.2022125987247,126.16819249632496,274.83589168980154
399.1397405692246,321.2098856079734,125.25783460198595,273.89929433584393
400.5008241156271,318.5975641190704,123.04125724855055,273.20446154639416
401.1194011011709,322.80781868283646,122.80774397874828,268.52944728690005
401.5052212160064,319.14799905014945,122.78769340406565,266.1817389183301
403.9294674170841,314.96688795819,121.05674968276864,266.8422886234834
405.69607020326293,313.22666377441544,122.6916327847606,266.1397376888302
408.46471973244047,312.2777617026817,121.70188537319692,263.11981847590556
412.2732136945026,315.5762180347003,118.57769215145396,257.82999979437284
414.31974840025526,311.029912857614,119.60713633175507,258.02210820025874
417.0138203731586,311.1304747899008,119.5468891648842,255.5791300987128
420.2441493471064,308.9450746444785,119.38784683233347,253.16505483699444
422.32103331070186,306.72304571162886,119.34205424166404,251.719021809826
425.56321107104463,303.8138507081375,119.15146208523049,251.153270988008
428.5105675976989,304.0088968050812,118.42599385292206,247.83584371745653
430.58456896112574,302.14822287832055,117.93895307814907,246.95193121316743
434.68913411929066,304.5887338859061,118.31457125112786,238.94517046904417
437.79197870428345,300.796505260941,117.05125633930255,239.72417328844608
441.77318676347693,299.90515022597975,116.11321304918314,237.23278418470457
444.25527885161654,297.91700420705996,115.7670166839915,235.2820823837087
448.67550229289856,295.0630638591333,116.0651937112917,233.8984876824202
451.6200506183998,293.06484109881563,116.56257389358464,234.4461256705449
454.36963476964917,291.8117433667428,116.99702220273106,233.72758169154343
457.8359703287481,292.7324766325966,117.02310672449795,231.45531170093992
460.3769876369145,293.4362448807018,116.99903192845561,230.79610371892596
463.1521268807048,292.0222683397701,116.62326775701965,228.8131371164204
466.7824060887939,293.05610252559256,115.75761044161183,227.77402385358127
470.10055697535705,295.22594258035843,115.36911745865442,224.91857221394636
472.9580523901273,293.202683296431,114.11365821464064,223.88296231964546
477.04516300505065,297.94858157092403,112.76942509585541,220.5507222206896
480.38831824066864,301.6440647694699,113.18695656637996,219.17941259101804
483.65149757384626,303.4168938393192,115.54062141796098,217.73436766129538
486.755040508597,303.9879952285762,114.02657341735706,216.95411136148073
490.1927918890105,309.4918686366629,113.73597089981254,212.77512379412278
493.94852111351963,308.03364595164413,113.88441797660954,216.6197561487717
496.55865373668735,312.3536861399441,112.75982861667462,211.63781532261865
499.85954979643884,316.18412008446035,112.14291507155353,210.09676302658858
503.20080294382285,315.1068468512509,111.56697912443025,211.01590947544037
506.35868290609204,314.58218264454626,111.92474516360436,210.38889833249488
508.4050381959668,315.84076379867514,111.5899403426566,206.47004518438973
511.8934763709812,315.2386747779815,110.31824518004615,204.10758518580164
515.4673758253973,316.6566135381907,110.78985823339475,201.54846221991784
519.5813899603482,314.6354570107941,109.71274659795192,199.60332109534608
523.8214815692468,312.0691412100445,109.42470077061756,198.7514696354126
527.5894961736743,312.2577147918708,109.94779011475141,194.86339349519426
533.3955398052223,308.69633171380895,109.14413907083535,196.58213193516957
539.5446891938001,306.15598990009755,108.8887002412593,196.77565755575438
544.1053736182309,305.6452312325388,108.85763607398614,191.64450192672012
548.3370410799407,304.24598122109666,108.1836355034564,191.80421370399742
553.8109669735197,301.8510773560388,106.37044069044924,191.59621762516622
558.3775750181538,299.9387331906744,105.00762360445688,189.5791641761345
562.6555179335691,297.33606803411595,104.61202422288456,188.37797174819403
566.8639651807616,295.31153027341975,106.08372399627063,188.06220619474703
572.0972203073057,295.363055392845,105.34139283086715,187.0140744643105
576.4979977797262,293.4374838452469,105.34081514113566,186.2262709277415
576.9169889695328,290.6125522907804,103.72807005092127,187.92877227663786
575.9797389061451,291.2039956744192,104.10770618998126,187.2008818045026
575.7154946420318,289.16340267173786,103.50965188686956,185.85395995859503
578.7160076901087,288.3290647589416,103.04743900873262,183.4298880509415
579.4337046434505,285.02760006133786,101.41236628569307,184.3294683569899
579.6041451531871,283.9944549878769,100.33081277110693,184.25349791004453
578.8154216550457,281.0189771367629,100.70624059744661,184.2695024551664
579.1585821314736,280.55737283160715,100.66076818429318,183.74216730931795
579.5032044025077,279.71418121318175,100.32856108102351,181.39498583004826
580.5848003555557,278.35177609616954,100.13600891971103,181.20713883643464
580.6525996824973,276.4072722844955,99.5759869025406,179.77028678206216
582.3872921320958,275.01850965119615,98.4628473141551,179.1928981779344
582.6548009994629,272.0084082247407,97.65394285430872,178.8210355549058
582.9700377528119,271.58574488632405,97.18351282842748,179.07583686352316
583.5298527264476,268.88293244129784,97.08718147062095,177.9763482873957
585.3177136727977,266.38184109102707,96.34802478542761,178.45150543842556
585.9548109569159,266.3072261189328,95.43314960998195,176.46825893174582
587.4570807934322,263.52227407234705,95.08339639867805,176.72698299498052
587.5089606149157,263.93112726537504,93.77402195188974,174.535761043636
590.2626051450984,261.1950930270832,93.67852443782515,173.87870709192117
589.9319262355026,259.8842064825293,93.22005924516824,174.19476450428243
589.7961502170967,259.2177080872121,93.40894271059202,173.25000078509098
591.946514929776,258.56926864918876,92.18640771715019,172.70911937361922
592.5171910353121,256.8167360406768,92.09916030861311,173.11810267417388
592.7728353899643,255.51184010796865,92.06236056490977,172.2097213159753
594.2993764480403,255.05805312443061,92.46909031389389,170.69865880393172
594.1296678735504,255.51871913660398,91.73677013573538,169.71201602739507
595.9576778736239,254.2653967568162,90.24529616801149,169.64591481809535
595.4902815045377,253.86508146817732,90.54766609891017,168.25695809253386
596.732156944425,255.89984943761525,89.07162092261964,166.83652701271131
597.5668500995068,254.09575402158427,88.4060421775357,166.61254092429425
597.4410738517354,257.58049800406684,87.83442946987167,165.42044659365143
599.4540099390667,257.6059779353127,87.02177157697936,164.43210942199346
599.6891952269011,257.7707833931184,86.95703971534846,164.6753809114381
600.1834640080162,257.59587662044186,86.06072714190601,166.0055796918532
600.5650952342768,257.9737553926286,85.86527430115096,165.652363249886
601.488770975039,256.5197344295108,85.90624066182133,164.87176562681418
601.2781485098826,256.3383492126273,85.75192581270825,164.04411056078717
601.2525021015917,254.334223382315,85.5398821612625,164.70553030213324
602.857351002803,256.7509461857044,82.99195132546235,161.17271436495807
604.3610297461145,256.28555353611245,83.23280515120997,160.8177657923985
604.3290249445699,258.962824641089,83.62091028624903,160.92547920468897
604.8125403131719,261.7965534183801,82.79598962106854,160.6300768486206
605.7706342391231,264.8005177388005,82.02429703539107,159.73798076919888
605.8238454828147,265.3670763611352,82.23135525516183,159.3576271971532
606.9566599301751,267.9875988984104,81.77345820081119,157.4731547004307
607.9530186326971,269.7903320549188,81.10411880489339,156.57399191027812
607.9104425932402,268.29730259985433,81.11294176349068,159.26665349533772
608.0358735581075,271.09111066371236,80.10604171019313,157.72989194192536
608.9803138616007,269.24601178438854,80.87219164513252,159.03225305471955
609.6125031984784,270.38167497176676,79.84438295617869,157.53456755049848
609.4856458355007,268.98671032335994,79.41755501204696,158.49178664422647
610.249074648497,270.24340044653394,78.2663997619938,156.89346393651604
611.5649606536606,267.72244297204486,78.22663318082516,158.66857429119347
611.2623541778364,269.27650242267714,78.05925799545946,157.00559406627127
611.3171467576085,268.0900945557632,78.24575337692283,157.52544592533297
612.1252762984848,266.84467781020066,77.4981249989534,156.29515810597823
612.1237712346668,266.3617145721921,77.0203043486552,156.8849423432394
612.6349761049928,265.4214170467478,76.57170061562405,155.71067528782925
613.1675731068241,264.2554763819862,76.36986568358694,156.14895272894955
613.3067414125625,263.8368864605137,76.1486451179156,155.34037028252447
613.8434871338268,262.4628756749886,75.80700664597583,154.6122341092331
614.1432643993252,263.13095172707807,74.90796168623797,153.40793716865394
614.6918014919805,261.8892357828066,75.28557584507038,152.60851812730235
615.0446105345784,262.48043455742703,73.47849304068035,150.83662553272677
614.7494455746812,260.63122819793927,74.47325137576466,150.92412572296595
615.5762184054785,258.9934548645869,74.63896429757905,150.5787164196104
616.500269370432,259.8468051232193,72.87197225761297,149.15950125214036
616.4408980615948,257.9724427059683,73.76341971260211,149.9259694970887
616.1169094741576,258.2163344033433,73.49846443268277,148.88350251942154
617.0010903840304,255.12829689740386,72.09905548508853,149.20084607071738
616.6737199078074,253.98453117795643,72.8630481499241,148.33464169071436
617.4790378369088,253.8512921075279,72.0667973888094,148.83762643964084
617.5985668112102,252.5884127764144,72.2968673894465,148.53701238041157
617.6989243845383,252.95549591096463,72.56919225512436,148.2295170822295
618.4764897530252,251.28184280614965,72.01035529556081,148.45918831885683
618.4911597072537,249.6931832326273,71.82611907492162,148.68640774065543
618.1625086339284,251.21586975310186,72.23247419817567,146.62658680521167
618.4214188106201,248.51285292210878,72.00942601056587,147.8412999879811
618.3162939348343,249.7515256316094,72.33880293009386,146.29553240484464
619.3085959029162,246.3785653448389,71.45495853916272,147.8442125169525
618.3330329925107,246.7559277161208,72.23345813133884,146.9511585881209
618.7225198941737,246.08812101604374,71.9475197732641,147.5057519445291
619.3515419179428,244.7734947864605,71.37927242954319,147.39753769135507
619.3975273768154,246.2501962602533,72.11939555447164,146.02666592845333
619.5106438584687,245.56442088800924,71.98582487159925,146.43508173997694
619.9539784511907,246.74834028672916,72.2492239159462,146.3708962128765
620.2763171439047,248.65654683657243,72.78241205813887,144.95919158823006
619.6278145652471,251.32220363991195,73.29173617898442,143.42260638645692
621.2238603850412,252.86968537013968,72.25468923590768,143.89173875539166
620.4603154959709,256.6745981698885,72.60767891789787,143.61249326629874
621.9457163088302,259.90947633900714,72.52024388603665,144.6490536300359
620.8473365148409,263.5210720975331,73.1947760780205,142.82704358178916
622.4358463415116,267.61682294380785,72.63044959733888,143.71843371894315
622.4950962846084,270.8658664324025,73.6184664369573,143.2264686840122
622.2673362400183,275.16999247647846,73.86747013280043,141.9066644077323
622.4579857189262,278.2505471207976,73.40821101905628,143.2487129157539
623.5633813328607,281.69548436292894,74.13717557348063,143.53379553522691
624.1800851078541,285.7280724740949,74.27999330944621,142.80907271951304
624.0023410854433,289.5138824357256,75.1258858980123,142.02265508703545
624.811028927733,294.1674087556441,74.43836290645484,143.3692577395062
625.7337296027598,302.1415468206038,74.70202776038153,144.50212590411655
626.0134928896645,309.27353860361785,75.83545772535147,142.5810822294624
626.7846784409313,314.62792325609,76.67930828415322,142.84845408137946
626.7203433429024,320.8836229086638,76.14653223389769,141.68432255685718
627.5879335186766,326.5858188706195,77.45387430182966,142.72969345202472
628.6703636902664,332.9166191842786,76.86008955183671,141.2428457712589
629.2096196348269,335.78390118485595,77.94460349524476,142.19821430446967
629.6351182266166,341.06871088303325,77.74236634162193,142.10559774008382
629.6197468149965,343.1898235172938,78.63588748596686,143.3628754990505
630.9065918075207,345.90305958841253,79.14577014905089,144.10052725654825
631.6920132557184,348.7343369805337,79.66568964055236,144.0088407791473
631.8199467061577,353.18808720781846,79.48862254512912,142.33299766479306
632.6593737266498,355.70491480607467,79.76980891401682,143.72297948502037
633.243498394861,361.4061216569143,80.28662658555592,142.0636352755616
633.4662051991095,365.30865178395493,80.90147266580853,141.2096498693698
634.233759167293,369.1881009824432,80.82088664197592,141.85499515800322
635.2513230384565,372.9543137504753,80.95402151054994,140.67764321627664
636.0515953243765,377.21020949036415,81.37110491292445,141.1174506731596
636.7320190161886,381.97966737817035,81.66942004465804,140.00139768550875
637.2159871897318,386.140204622747,81.47145127485294,139.60194532123515
637.96199818296,389.88195989592816,82.2846844590979,139.45194743611773
638.8945920672609,393.93263263205904,81.62447690106573,138.09066321666015
639.904357917854,398.208917468668,82.28404113231173,139.85707288365657
639.4358454947135,401.4673486667623,82.12871345521819,139.1580762028056
640.3476103313485,403.8563404033856,82.7784650300245,140.44278575978294
641.1888742959803,407.6900408697943,82.67941154722824,139.12336461952594
641.2212279617878,412.05333814877594,81.66625821978761,137.8654576539893
641.5758674110713,415.36701840498205,82.42351685102697,137.65951816969243
642.0338160851721,419.01009213344855,83.00209589519065,137.09221516003453
642.767275333457,422.22076318856523,83.10160462689693,137.3359158337932
643.2931393421043,426.67232064151415,83.27170598079937,136.17910307342927
644.2007341733323,430.22121251468536,84.06021088036677,136.29204974693792
644.0567113278192,433.18648214965947,84.21443612825675,136.55312120693756
644.9806111145765,436.82048616855076,83.6720476781264,135.70803588324623
646.0966756388129,440.753533418426,83.56722137925793,135.16339973175403
645.8221398338056,444.0554571121576,83.77935320041843,135.0280916819594
646.44187884869,446.86900809974327,84.07884607052841,135.59255039335216
647.4995744361572,450.7842003532693,84.79198365647862,134.35984494496824
647.5590948274842,454.68780311749356,86.36053755327805,135.05385224002674
647.3046287970969,457.6029507823455,85.58134185187787,135.43318584828467
647.5467660508332,461.4539317440043,86.43268390320908,134.27215076308337
649.1551461273601,466.19039250792423,86.79229928668059,133.11914158504266
649.5657215780047,468.7865331840264,85.93402191018886,134.6285699933732
649.4930670697329,471.3627396067843,86.29376330879536,135.34834901597173
650.0478665547021,475.02025188187486,87.59063799042092,133.3621791099422
650.5815819784845,479.6898963759228,87.82178088838978,132.57859013162513
651.2588596973595,482.07468915881094,88.10421590028554,133.42745178794996
651.3870324231451,486.26912793527174,88.33310682898573,132.83876212088694
651.3965238315687,488.5648380648997,88.96428643611787,133.56088591405899
652.3396406418834,490.51346571735246,89.36454725154739,135.4147410996274
652.7919294029177,493.60327325664775,88.89618542635489,134.7094013087219
653.5150443018166,495.6324771060063,88.82121853605992,135.4635120879533
653.4513885773783,498.14693826698476,89.53449973058162,134.92640358633133
653.6970197803984,500.4705200535291,89.26858502131388,134.8026543382554
653.1877915310886,504.1786443763759,89.81722516755913,133.70420632116458
653.6664131244775,504.47383415558835,90.28683845148498,135.68206685153237
654.0381780585753,506.46949559683446,90.55314656542976,135.6338102295115
653.8878912702654,510.64035645960314,90.72838685980345,133.03517857582665
653.8447942655991,511.94253565779985,91.27659344983874,134.30365908783287
653.6674563704582,514.1384388610841,90.8883289366754,134.26473323498578
653.2472222236645,515.8602614895601,90.27980109051254,134.62470536917965
654.0073079662269,517.864357265089,89.58144051296242,136.07733089809594
653.2482371002145,518.9727556109484,90.8989592641359,137.02742024365756
653.1426530131586,521.4425529667728,91.6446200992361,134.81905483178954
653.08398258592,521.9357223685082,91.63595362120056,135.53326315536825
653.1617756812849,522.2805577013764,91.86717366608481,135.24597855290529
653.8089991127769,523.0901481554458,90.89941649452922,135.67957336157644
652.8083925050653,522.279233103309,91.88750662999898,136.9730823736138
653.096172321903,522.1828624987372,92.43487302314121,134.7792278186396
654.3569235480466,522.439790803029,91.60175724161545,135.3267573782032
653.1714875168967,523.0519062685516,92.48409396018539,135.2920059551517
653.7338392294622,524.7569751426128,91.6823410416696,134.89799830069927
654.1866352423303,524.7106064619772,91.77301315875883,135.33144573647886
654.9373345439332,526.7125950120782,91.21143814467638,133.99943820918514
654.6781102896966,527.4728133777724,91.79336867714592,134.28805397492872
655.0237915417028,528.342538060211,91.5958653285937,135.0137492877814
655.7639420602083,530.0374521326141,91.14844821794513,135.06621261232274
656.0793252082295,530.0700579737216,92.66486515290045,134.988956529474
655.4289013554256,531.9307728826273,93.19363725835044,134.15702304946646
654.9636690633461,531.6938235625373,93.01702932226901,133.3810111943227
655.8459625470289,532.9969566875611,92.837394338418,134.63481509497853
656.1733055939052,532.4353702757941,93.15958096498586,134.66034303174553
655.9062558000078,533.2865619387463,93.65097358012969,133.58828109443647
657.0384852574538,533.5672197769566,92.98137057645653,132.95282038543752
655.957884917972,534.0466464204528,93.81664063186874,133.11168301352518
656.5943706190116,534.0052639298445,93.53587105233291,132.74726350999418
657.0559245566478,533.6020544228336,94.13289377339113,133.87271249802947
656.8380237071357,533.6063833968094,94.75457573204508,133.18205922935397
656.5708274003777,535.7693535237515,95.55873028189566,133.28591260119197
656.871592594941,536.2765787442058,95.20328035875374,133.12136525846495
655.9116979959289,537.8674389977464,96.48563623027889,131.69026096057647
656.1367570895009,537.8159417495295,96.16330744010106,133.25793063498392
656.975994119259,539.4403773645827,95.3836402412425,132.02029927805353
657.1392911229498,539.2566013778539,94.66813391882302,131.29380005251232
658.398062880984,538.7068919077803,93.99253443695173,132.90678232195316
658.1461248957303,537.9619506361403,94.80602622135964,133.4962550626002
657.7534220869495,539.7124635119549,95.58448283065546,131.65887791917478
657.2237617811577,539.5371193932581,95.52975668387101,129.8180518578921
658.1138192534069,537.2477202359196,94.8869413356224,133.60167858731637
657.6657901136072,537.5926885404955,95.72275299609046,130.94847493772866
657.5705758905384,538.4564838229908,95.55434400562432,131.08433565236575
658.5084699014891,537.0968597188557,94.66969781498665,131.6645637310639
658.2358530582227,537.659046781589,96.3394263564999,131.01913371487075
658.3532085817976,536.6387752336808,96.8481384203661,130.7887084363077
658.3291866737586,538.2274419101245,97.48476180373484,129.04962814405383
658.2894100990856,536.3475987593469,97.18625058163266,129.22641515666206
657.7241068871176,538.2518391269845,97.32703245178487,127.83478000931422
657.852841537784,535.7940244592481,97.24689799372089,128.21769269411737
657.8968802336219,537.3599645113246,97.44486142824792,126.86994469604952
658.3481255316161,536.6858510186562,96.53503578545912,127.32574995166239
658.7891355200942,536.3382940786504,95.50754214345761,127.60577485972561
658.1617026009181,535.3818394091124,96.0328777772409,127.34436454639061
658.0787833587715,535.3981789675473,96.68316806617187,125.74691701026101
658.6992246960916,534.4083619205094,96.46536105222478,126.59817245935074
659.0597421373734,533.5955467712901,96.41618089089623,127.38955284091088
658.5284897928364,534.8547451276007,97.36995575190556,125.56616727560835
658.5018030110413,533.2265903688949,97.23046006321822,126.0770438014801
657.9292989342478,532.2095818361665,97.49326102769604,125.89372555747879
658.2019946884091,533.1302759447412,97.92260322166385,123.92465226764415
657.5734997719933,531.0984420808996,98.28025286783097,125.18572731554882
657.252088383923,533.4055222613603,99.11317674936441,122.93080254240706
657.2001569342137,531.0552808519745,98.92641350424758,123.83811401404537
