663.5,450.5,128,132
660.6737510476195,452.02509003089983,131.60305707699285,130.66608036529857
660.1039376354518,456.05723476485764,139.07553794032913,130.2861301400419
658.5493454534538,459.2663365221983,140.029018036809,132.631238137711
658.7383540794175,462.67761980631826,140.90578975826216,133.86809435700178
658.7406704569302,466.3264154443326,143.01794220681745,135.3390903628078
658.200676797989,470.2788003689571,145.05997244541658,137.3920173529251
658.7225839650064,474.25392133967796,144.46766927510487,137.75022045914903
659.0629052715093,475.9506664207114,143.1746255537646,138.64221574099386
658.0250770452948,477.7693893272225,142.8608114982365,138.08388126619735
658.5836060662531,478.36666785354987,142.66953327525061,136.5834312371844
657.3943747676022,477.43234569535514,142.31883023373754,140.38238142721937
655.9191978110784,478.76944610940393,144.68008182279254,140.5123181907159
655.43400367684,480.0115062746056,146.43473003594448,140.0623362213051
655.159154836807,481.7516347172417,149.1541208548826,140.34594759029028
656.4981005572189,483.2557415138062,149.39711066211476,142.01555394758054
656.1813250655292,484.16006511965475,150.31693698196653,140.6768261077562
656.1621949601583,484.9810722096553,151.79067474520306,142.74819049393972
656.2254111824753,487.5730830347928,153.8869280406095,143.2946897455214
654.7161514578966,490.253660729995,154.57217883335346,143.633580359158
652.5628038571258,492.32979049950967,155.79877744456778,145.48058910521956
655.3455742407104,496.1307517793357,155.39299834724807,143.21000013311618
652.3239347347453,497.50915985272445,157.66857222903093,143.9016543864693
655.3298148947857,500.07944753178094,155.0591862869447,142.76901243698666
653.0645221268422,500.0479266671793,159.64495603824554,146.79051542696277
655.7164222800811,503.5494061945895,158.21491316647973,145.64181177353257
655.290130294458,504.82241243211786,159.25010637212796,144.74827964500463
655.8180182130253,507.0686775117822,160.37681390392714,144.31858702911833
655.4791687499472,506.20592851296306,161.25152639413017,144.8112178017566
658.411217008942,508.3060432648224,163.20493520072688,145.74401759522013
657.5809087617699,508.8199752805814,164.59600418005834,147.39769587717183
660.3899272994886,510.53179655973685,167.11327471205362,146.18030845300413
662.13674875797,512.2201696835209,168.0645584282595,144.5578751640213
662.7919144252429,512.0731083124392,168.1949658217205,145.7873923972069
663.0886528898377,513.2426873333819,169.13142406401275,146.4803007189112
662.8861699667311,514.0440270681024,171.1133427434033,146.5966828737567
664.6175607222617,512.7892283498005,173.44021535895408,145.38654625653757
667.4530022632223,515.2549076547832,172.70823289702935,146.60656461311606
665.4426214574895,512.2467040368651,174.13398730438342,148.93096158832452
668.3600845074702,513.7984046554393,177.53801468629047,148.9117300866306
672.60613525705,515.5261772602046,175.57891778189457,148.0544534837307
671.5921746990798,512.6838414978622,177.45954400710397,150.00865803494682
674.5300759779078,513.9044793453544,180.37079705700722,150.77828674116145
674.5524046021438,511.68870213619687,182.29330556353736,153.25913072296157
674.688296881992,511.3925946116861,184.7490189402127,154.68301987304687
676.8875795322679,511.19870603169977,185.47951051051757,152.89628201523416
679.2575539305446,512.0495672067498,187.04464526252866,154.73943570686828
682.0531140228716,510.8600440801848,185.2352096491855,151.75526740026564
682.5715461059806,511.16986596247386,190.4748808430985,152.19015444677686
684.1337875316871,509.9564285460672,191.8466773914707,153.6673730762521
686.4771365553295,509.3859380204631,193.42629882220615,153.64281787556047
688.0349806131679,508.7287597944942,193.6330220103252,154.49853494285185
689.2664347380701,507.86772370411194,194.7999319573786,153.85416870207052
690.9966573190162,506.57741860037066,194.80950633343195,153.58063091512247
689.1752223972344,504.1968532120321,195.04426470198075,154.96177153432654
687.1711880349773,501.84812329575874,198.44628044957608,154.89969189281769
683.3876641322756,495.3812204519611,201.01090648252818,156.6586210725268
679.6959129643426,491.22273422460387,201.6428739470004,154.9224812009257
681.2309791028354,488.98849750317606,199.7818846007732,155.15331157662246
680.6843927832069,486.5324601737858,202.04595700351098,155.14559837907177
677.9211910815802,483.89579999535704,202.56330399350657,154.44378061472827
678.2188057982721,482.19887707557166,207.02439681549043,152.56058305840492
678.331418209677,479.3523391215913,207.76289961789993,153.9535236205267
677.497142556463,477.08665293269564,206.29814240985706,154.814150151148
677.1186795979428,475.4946397239612,210.20269962406778,154.6693464725347
676.6866538590908,476.2015426122406,211.72539604086393,155.97960882847718
676.3652988511743,476.0268135596842,212.75767896259907,155.84239264499604
674.1350903945022,477.85263542086767,214.30757307813317,154.96547499327232
673.9859429785598,477.10107107942076,217.1157095064994,155.5982874786373
675.4662224798146,478.80192642537185,214.379741258582,156.1307753200227
673.1991251837884,479.7161382181373,218.795512269902,155.4188107332459
673.6826238411649,480.3787153122157,218.2156730288024,157.2646500627727
675.7841332617293,481.61804071405686,220.1708591325344,157.95922335684878
672.7815420531597,482.50390497311435,222.72826761578233,159.29462295770483
674.4890425631438,483.1532808377634,223.43426135740907,158.6444072014935
669.2904822112275,482.0068031865204,225.11963730168725,158.7620163794172
668.5981103825054,482.3119370501918,226.7949917255736,158.4225434816003
666.1135131511613,482.29164029410526,227.44978067915955,158.1140872185676
665.990278902083,483.2691548346081,227.6054514293387,159.15121995052348
665.457917777926,483.97350638352,226.71645444089233,161.15373794864402
665.592139233471,484.9086822697973,231.94494866798044,158.5624701073229
661.3754421285984,485.9586857764539,232.26574516351275,158.08964440504062
661.3687087313592,485.13130392400853,239.24110419852508,159.18593516123605
656.4476470250058,486.7090481742214,246.07216163112065,159.33819936052367
653.8669134795331,485.5940213672042,244.61122534640577,162.00478652065647
650.8334207534216,484.63746757770866,242.13243491437697,163.761920105673
647.0878590064432,485.52378049350955,245.79152821718804,163.31950941192787
646.7748623749002,488.00168459179747,241.5127424649548,162.39934233696027
647.0895528241622,489.80919648835004,246.8460728400766,162.08463253166036
642.7035532824527,487.1798669345219,246.10195969655047,161.61333202732388
637.4894181132671,489.00079929967995,249.09483555492778,160.99472275174355
641.9872707195608,490.9834090087973,250.99699962314256,162.70534271509098
632.1316447942185,486.9683869192581,254.43615035682257,160.26967238399527
634.870900961345,490.5744442812168,254.38865946273768,162.49752726109372
632.91567381899,489.02646351355344,256.9633143084544,161.6878467098812
625.8643661322124,489.68926350981457,258.30352877172294,159.9829737726615
626.7093222387987,486.7054042089672,262.0456995789185,160.0679778366358
627.3138212345597,489.4746870978394,259.5413569481941,160.01995758083208
614.231977476482,487.5241937295888,267.39488655821,153.47773505722787
619.2880223059003,488.00649231696207,265.47926996779825,156.6210190060686
614.8426689549714,487.8881737711415,264.16579016226115,157.13355298010174
615.3459957443969,485.1203860023635,262.25250184283726,155.00553572127143
615.8597129415757,485.7668905452145,263.9857022269869,155.89602184546482
612.2948942637255,484.6155456824215,260.85328753116124,157.72913357681
612.0427073736179,486.0655715022479,263.50059530222296,155.4940293087376
615.1413154902586,486.24645907692127,269.27144897379753,154.07742628449364
608.3720192638665,483.07950879716395,268.1345602827278,152.13717266895125
610.948252458214,484.6222730428511,266.98877664618976,150.41834984543277
605.8051365297072,484.79523663314325,269.1719803486719,150.11237355210156
608.8964723378028,483.65111288194845,271.8170303783003,153.3602763443913
606.3790963821012,484.26534011538325,273.26967932704264,156.57201686633096
600.4786034393521,482.64231701820376,269.82435921151625,150.46263402734928
602.121929715833,484.43725523584953,266.20068335370075,153.1227841768777
599.8689339909428,481.50119633284174,269.1941747966276,150.72395109882532
594.8847511095189,484.20404798996185,273.7167064120855,149.70827274403155
596.2170743586165,481.43136693585086,276.79555359859006,148.20632746349656
593.441466374638,482.10116653996886,283.5370806623676,151.29893606590736
592.9604747778833,479.7534525674325,287.6621235057529,149.7312033105071
589.491773202232,483.5071467537024,289.2559706781052,148.0185680914106
580.9569813251775,478.4490110221404,290.92897181301504,147.2345853171695
581.6892852401877,479.81640884144406,285.46303740968267,146.6319055754064
583.5720061811948,482.33627589414107,280.8115357450999,146.97834606027322
585.9273664680585,484.7161450008789,285.14639099089726,147.63764558650973
583.110417484512,486.82697934037196,290.65869549597096,146.14448850464083
574.6902488272859,483.15112253558294,290.3001334964324,145.0925398910605
576.901376694087,485.9445537753081,289.64931504627316,146.47313564859684
575.7805203502242,483.81980908722767,290.173083913483,148.47947466443566
577.0762243132906,480.82076806791883,291.1447078114931,147.72893556638402
570.1243022907208,484.8349873159405,292.7593084769511,145.62023131045282
571.5053588718029,480.92407567016755,293.5571932333691,143.21240545077086
571.6123040301111,485.5837973676323,295.9577216661453,139.0303013601347
568.1250373058042,485.1031945903976,295.27494869189366,141.11664777149008
568.9851276844099,485.1029813240339,294.4531461453446,141.04575314801707
573.426777590639,483.7139267829917,296.2948277691103,141.75802086056035
578.1961508886795,482.87808501825293,295.7550261671418,140.8286204834107
575.2152482705924,482.15289955354564,298.6919424213405,137.7042930382676
581.640110720549,484.57163947812836,293.51480870171383,140.05626175857068
581.9052621695902,485.53890643850536,295.99838799576696,140.29727406788513
585.5019187090332,481.81323788550003,294.8710479839615,138.8820816385507
576.5882810065536,484.3479627549849,300.54433705753604,134.52944646455495
587.8247617184163,483.8959507358393,296.7969313728045,134.26970416326293
583.2224198254218,483.8950512839876,300.1636462327029,134.84047081252277
583.9702089919691,484.57637470440613,303.70629303305856,134.78238135949212
588.0608171105546,484.29082264787286,303.4880575868593,136.38062583199974
589.1760381524858,478.59020299294593,310.82829784524506,130.28785153521716
597.6484041514541,482.5703262076533,303.0691671708452,135.34904823854083
589.1705303101268,480.18396155383084,305.38043038734435,132.5956144130582
593.6526462444667,481.65805410043924,305.58896316027983,131.71791494979738
590.0908250759799,481.1822266587661,308.14910539636764,131.19978438981406
594.7918858464124,483.51317287479105,308.1585939505751,131.53706089939607
595.4374338796688,479.01377866709504,310.3647197510486,129.86220412710125
603.4504779420377,482.7538545316172,307.45790925089943,133.17818716405964
591.9105660476026,476.66030896141115,308.1874406771796,131.9393232717291
601.9743150421746,479.90253623589786,309.4054067949638,130.05978816281734
609.4811215769454,481.420792798076,307.36813885322795,135.316150057699
590.90679140313,478.9158530257972,314.08254066245996,128.99479205363667
609.8627300444739,481.64729723717267,309.46576908727786,130.9801493042316
609.1579456649986,479.6909423959048,315.09211723178345,128.37488659460863
618.1979693036737,479.0944257978002,310.58062545006135,130.05836347076547
616.0850173608479,476.7604982995192,320.0608453894103,125.04733555389615
617.7288086637066,479.92226647052865,315.96027431484094,132.07203618719757
612.7327622428843,475.147101803152,322.2481227500422,128.4025041402434
625.5686949249377,478.74864010695177,315.7530243734059,130.60065058610226
625.6078399974432,475.6305923655208,320.2337893426588,124.59208922087171
633.6460330419635,476.997954439193,315.0908162802354,128.39890699816442
633.1311392658962,474.8925967970579,322.5827683267935,122.89673083369193
642.9242991357571,477.4180693903837,315.7078180301486,128.3028640778771
641.8150479274552,473.7799071202333,316.08913019235285,127.12336071152833
652.6394695378151,474.90957845737,313.69551121042366,128.75242608578444
651.8336416228785,477.45974473074006,311.2509678397011,125.3135673368892
655.5186146269499,473.82952206723684,308.0917311827934,124.70455882094606
655.9538772850553,472.6791592809297,309.35403520265845,121.22675202587983
665.1390324723703,473.8967724813883,304.9856481818292,126.08413251120648
654.0787763641074,471.86321843498064,308.91331843759383,119.94589862961553
662.2744973343815,472.9082715935336,306.5217110606565,124.35201148381671
666.8084060983587,469.00118179976664,304.2169345822153,121.91234115361482
672.3691373633494,472.070113738436,302.6753848031659,125.15366080570905
669.2502726020956,465.6890618444466,302.37788384113696,123.97458927569512
682.7963354757208,468.3011664951794,297.9574776593796,127.81668594106524
664.9729831193513,466.9797647957313,308.8790430028088,120.35668432804847
678.5790592807059,465.6507512032033,300.0741654424875,126.03593800764865
677.8040802805597,468.78398342648927,304.18306372005,120.32154090717177
677.6147975141957,462.3662618958458,304.0976330885584,121.0746416126599
685.6066776182931,465.644889561897,300.02849349314107,123.76222903372374
675.2521620826774,464.0094557268719,300.5059271799655,119.43897780604354
677.9661242681129,464.3284900710822,299.97295873505783,121.42666720740806
676.6329206416419,457.54211304563603,303.26493094660276,120.01402318970352
682.4787249008298,460.2208886453574,293.72717760927196,124.85242337780193
677.0803718071379,457.39846374378044,299.9724066012168,121.48896267280816
688.0790021973421,457.6294649903474,291.19216365784575,126.32300700801233
683.0752825272966,451.6467104228114,294.1428559401557,120.76119809760448
685.8509194482909,455.817777957393,292.72520577791124,123.91094927963108
683.8720583953584,450.83196971282763,296.95405716092534,119.29166173313914
694.6091206338269,454.55151673637687,288.33381698700316,124.70689171955257
694.7836171445952,447.66433220162196,285.78014060716794,120.32012142968864
698.8272930199389,448.82939029373927,282.0678487518364,123.03171625377927
699.8956753824986,450.2536946447456,284.0163905817106,119.03548866793744
698.4263195943342,449.5974341804815,283.7553358984293,117.73450809017464
697.1243050349328,444.77590696093347,284.25985648793346,116.8013797549385
700.8891674154646,450.44650148876343,278.32893776295424,119.8110971473642
700.2042514575755,444.95615731747574,279.9401223985635,117.44113255011594
701.6446990699428,446.2027965845253,280.4569045258197,119.18712828292412
704.5242167261468,439.9505203762278,275.6664761190875,118.32900220489395
699.2962602570186,445.4737490593117,261.1731852243324,120.52419024761498
712.2960746893135,437.27306187308864,260.41005447717885,119.69018823179732
703.01363004783,442.05764267080656,251.96207908389715,118.5644542062525
708.5118165401789,438.0379696911176,256.7956143719058,114.52295493990204
698.8450092282408,444.5474529366374,245.10873408141953,116.32776265170028
709.0379801028002,437.2204404542875,242.76936252235237,116.44334511856634
700.4899939399381,438.78035695957794,237.9919292712301,115.27674188962084
705.5151937587448,433.0506276930053,241.65039503967012,112.3680592153884
694.1721156715577,438.8855211804841,231.3002024646764,115.54716272983555
702.8839224007588,431.3730193723448,231.83511953739654,111.73495576593754
692.2402523457271,436.9313031263591,229.4155440845397,111.00405511541766
697.2433556601032,432.7007309064304,235.95286867487198,107.62882284830751
690.5519788860817,434.0397454143329,227.38057057150746,112.28978997549746
691.0384328034094,429.51013871255583,228.98728192382436,108.21647065178442
686.2944693671908,433.24962860281437,221.4749240536777,107.8456523704221
690.0341214813434,433.32439205309856,220.12362496868604,107.54359130805216
680.9556980860714,425.5065828891958,216.24101415308127,106.6046835859367
687.6128683771602,430.26887157384357,217.81837339308,107.75224899124966
680.8071128605673,425.8662713720493,211.64800348244495,107.14298267139597
680.2584474815757,426.89786180351655,213.33761839987602,106.02656664877424
675.4550631730225,427.89912248248675,207.13317104636434,106.06652022453835
680.3274339325113,420.4930169898856,210.13876750445692,101.79620134670145
674.8557716550192,425.17160693987194,203.51559063935647,102.95997881956936
679.5798605706319,418.83806740858626,203.52618744416083,102.07966117882032
673.4758433139953,419.71111400824816,198.4469369888285,104.08704500007428
675.842664321648,421.323539773898,198.1861213928058,103.05512680015812
678.4528818762436,412.84270976239134,197.48537275614765,101.93228687630977
671.8768872630136,417.20312995746144,191.95402438643583,101.65162747621311
676.9900765976329,412.6428848743406,191.06195515765864,100.28979192604743
670.3940117397437,414.34512680483533,188.01568900694872,99.70655091370784
670.889064997647,413.5051208956066,185.63654477129842,101.85700220338626
670.2099850681482,407.3905053796655,184.40176767282784,99.23344923622157
668.3815975142618,411.9272343431718,180.01250826422114,98.75684658333782
671.0666857503919,405.79581783267935,177.88274626313734,99.1068864411071
664.0235543190778,408.9898326075657,173.9573630633208,98.50352391247198
669.2386895412226,404.09615424318486,173.5842830286137,97.2134971594358
665.765603796028,407.5157806890001,169.35112664211198,97.25920922128412
665.7945775504043,402.76194387618716,168.14200545604928,96.80595194425464
660.6627952555339,406.35092479751603,166.02900606261818,96.43797229841384
662.5966345418493,400.5930736657284,166.26913826695022,94.94929537166428
658.8265301032413,404.12630851506106,162.06388349148767,95.99556576723906
657.8850777973004,397.88375348729363,164.85777900022882,93.94857136073766
655.6128594930464,403.68101683905775,160.0771594811429,92.56122836884056
656.6952645357915,398.44698685187603,156.96949612474708,92.98118374629755
653.0068272805963,401.40623718370097,150.218326822363,91.5790876379434
651.1499029513376,396.2961142589809,151.80683823605642,92.02624333366327
646.702764904478,402.3843807112615,151.3183418684506,88.27766409686718
647.5154083645658,398.68005592114974,148.8529894517254,92.66745849788765
650.1946400843354,397.91214589847567,145.40808186599946,94.02113565973526
645.104198761057,400.40148749950293,143.83335114560475,91.20498852107998
641.4265282434139,400.79637678573715,143.09817072881737,89.6655380476848
643.8033413793904,398.58600851049056,139.52772036602167,92.04803330312312
638.7613700738611,399.71811169838196,140.9669225105821,89.28332724057881
640.1913753881835,398.5806935048059,138.84267697553489,90.2252688969363
633.0246707206926,395.1899760442924,136.78819953886403,90.07438283006267
633.8598634908097,395.3682560143241,134.83522326601891,91.26944203342832
628.6830272427883,397.8284117168223,132.60631317891796,88.75174533090019
627.3707329083827,395.82712426532237,133.13908895851958,88.7956461838026
622.5461824526428,398.5432179158262,132.17000941079974,86.2104990827545
619.9844222142485,391.58626102618814,131.71808824136792,88.21946538225671
615.6079157201237,394.4302858152313,129.03230542580073,87.45278730870305
618.2623549819489,394.0179208490539,126.90682531439231,87.76371678651299
611.6567529958868,392.9596662458992,124.1821596323303,86.71014915466752
609.1962663301844,394.7708044921633,123.46112769390103,85.2785446799559
609.4660705238263,394.0883220185503,121.59660810080445,86.48476528260548
604.3971513392374,394.97631558390395,120.02958432776606,84.7514327118315
600.9815420082355,395.14964647698764,119.60046651711683,84.3465719462306
598.5672456990719,396.61215624706324,118.10056981582055,83.53476966060742
596.899958791254,395.7674867239159,117.54580558044012,84.09848969646913
592.9668041718492,395.53054659039424,118.32363861640603,82.13298897289603
592.6481114109283,395.21896240823014,116.77671595301494,82.91168934825036
588.7362084821359,396.51605949948834,115.3282731523734,82.0314950738459
588.6217010379034,396.5323428348416,115.85136030073068,82.9561458955726
583.9108071930334,394.9434944404296,115.25109084087885,82.66757868929184
586.5961364779496,395.43850850303085,112.8816273403613,83.30735999884618
582.1902401644246,395.818158995979,112.13562854193395,84.12361709561087
581.7732601870026,395.6869854979543,111.62026833326196,85.25844520159184
576.3457929267778,395.5931399380354,113.15671667591982,83.74892289284914
578.7113696233718,396.90185007873487,113.10609648569078,82.85200204150905
572.6121600683185,397.221236098654,114.00673755208263,81.6194214918643
569.434935763039,397.5419632611131,113.70859103664844,81.01661580036354
570.27217738674,397.9276378061567,112.68641273571112,82.1291061438566
566.4472053302641,397.61823962274445,112.72603706833911,81.63697185889922
564.387371087514,393.6912911768332,112.18917888655102,82.85438889515808
565.2233278811567,394.3426279395344,110.28348285879832,82.2799647886722
561.3071607962827,395.10773961128064,109.94760499123456,81.19029821151304
557.2606832769518,396.0486709806761,109.45462331859348,80.97589256264176
557.7528626954361,394.9117508244176,108.77377142472031,81.57746722855441
552.9271106655118,396.73243874205053,108.79526931350138,81.61099954269277
548.9979057625766,396.76884846078866,109.91984238497261,80.5148646964474
544.4924027523139,397.92018106378737,109.90254180564335,80.73221206754137
540.8622288352709,398.9011907269876,111.39923277282608,80.6927800280589
537.1936699317556,398.56179930481227,112.20045853186981,81.74420797115837
537.2695925727692,398.6118172910759,110.69689944124156,82.90621176396462
533.746564656463,398.3622318922418,109.61655201227673,81.89906169428664
533.3681597036707,399.2862630007485,110.90340092156711,81.05548139512285
532.6829473469882,399.195235528068,108.69534571284154,80.87666238294868
528.9580262742096,399.3879829768458,110.76968702996993,79.15132282351094
