264.5,149.5,32,68
267.1347090959568,148.28561523001952,32.53784037663424,69.05029813311292
270.0829460659072,149.0103553370105,33.15240416639335,69.33435587355662
274.90047584845604,148.88310575061053,32.590592842408995,68.84749185775976
278.6779777057557,149.52571184364132,32.44041867525939,68.04521409096652
283.24270938647027,149.50709096006494,32.217585021916435,68.61314293044413
286.2576256975448,150.3545200006925,32.24557774882029,68.84853998085262
291.5732922726144,149.549794091821,32.242377381372236,67.92325832390532
295.2370738195539,150.34956839284675,31.72966848378621,67.9549171292799
298.4440160690881,151.06413378022924,31.46837272961343,67.57461682422841
302.76258657798024,150.84078154803544,31.296349122230747,68.421500415362
306.4374670716827,151.2091725023286,30.984950271648128,68.15714929915552
309.8402993967471,151.286410664622,30.86644143717257,67.61835150618586
313.9053408927291,151.75973198340432,30.885263031239873,67.96606508493842
317.4525499122823,151.43748451133266,30.288193905832806,67.9268558982152
321.0703303705873,151.92688966782245,30.34943696041508,68.40112968712397
324.3870625529962,151.56733734794335,30.451972177308797,69.46481403967661
326.97725863123156,152.65624384395645,30.502212276719405,69.16313874852807
331.7530496746972,152.48755424270115,30.48404224728261,69.05598636016967
335.1509707245427,152.32863856637795,29.64399767946974,68.43942082454275
339.268992254502,152.11344210131335,29.43105080619801,68.79803686511511
342.4710376353715,151.57276820524177,29.79965297584762,70.09727121225102
345.3066310696894,152.6910120501351,30.04702650486962,68.74475629813534
349.28341668013786,153.27715290936942,30.167588342933723,68.72769056995782
352.5882134755116,153.19712429946776,29.445692020221447,68.36783034165546
355.88599260421427,154.21477624357811,29.98357475150156,68.60295191192978
359.24463779011415,154.10027000853455,29.19737269702736,68.92789713472116
361.68751422114127,154.05641636809514,28.72576864442116,68.76993511991357
364.86759303486616,154.56567512244436,29.4235070564537,69.14696465979179
368.1429852252483,154.25635984192985,29.247685450788367,69.20603990516592
371.46397254795187,156.03405605872533,29.939449712916847,67.86595634015134
374.8447800499506,154.9014327706342,29.030984424964437,69.55219123608155
376.6713540227733,156.12956376989004,29.067966302842215,68.33746087691173
380.1738673991329,156.06342690598098,29.287401236637553,68.35894637194147
383.6056611012851,155.57084175487103,29.19544026766169,68.93725199140167
386.84330902348,156.54274112270335,29.674089470205242,68.38275482667649
389.56041389707514,157.29144639054505,29.015191747503327,67.30582327542284
392.49797748157613,157.35300826090392,28.723615927036594,67.72867970687587
395.6502863784525,158.1068116657097,29.452117842595484,67.60797083269011
398.91406451628546,158.2651214454111,29.673203621128977,67.20027883490008
402.1348069778463,157.87739679631602,29.58628989637087,67.57578697144058
404.92497001534394,158.52381361734155,28.729895392342012,67.07943053843746
406.96009943615763,158.00570909193814,28.56452657424545,67.8445237286913
410.20862458879077,158.7900587875251,28.383366097287535,67.41973537374099
412.4528620132151,159.26796358920518,28.32148758706401,68.0000773559223
415.03122170649027,159.96058826053547,28.338138128783243,67.34015229237122
417.309238005768,160.0394940381209,28.32378356738879,66.68883653943541
419.862020100521,159.5350667632417,28.739829004843806,67.88054246770749
423.18321018336263,159.90220428105894,29.410122220034552,67.44573199457135
426.33856623145596,160.40629366065548,28.74567504455655,66.23270052618817
430.0415958056092,160.1834809915599,28.900392267347353,67.21389981120767
432.87788637778266,160.98631772171382,28.46383839893202,66.11652344308754
434.89553054821454,161.40592251559445,27.971811852026047,66.08809332360461
437.514499013676,161.13605580143005,27.805229129098358,66.47779553505477
439.44945686919937,161.71587827351127,27.403143192341155,66.26762393412311
441.40757529724783,160.19835580175382,28.389202892742688,66.69828056805369
442.6415654660322,161.97474040722378,28.16634350537547,66.7573708320511
443.8191207235566,160.72626012112352,28.30795682140717,66.09504640292069
446.0421278205851,161.19261593946032,27.692088403607453,67.58687477108388
447.7277525535759,162.30530152362473,27.123328349603128,66.88292583911803
449.8508519496806,162.34740248317763,27.393628888289975,67.81288566607387
451.6805551726008,161.78191458296416,27.166902932105014,67.36755312353829
453.51972793132387,163.1576687274779,27.380391094068223,67.41910267703436
455.62410017228507,162.44969279289825,28.395669670362537,66.3681462642518
457.7947872139116,163.67353976276598,27.312336452518792,66.95164600936945
459.4238712482192,163.4194008265048,27.43091214092132,67.10349055681452
461.4473885478296,164.21661535170057,27.499346269116344,66.863308498477
463.16917227159894,164.51527708609274,27.685979211636532,66.10688714869931
465.4596123188394,164.72793481388507,27.388411105556287,66.04270879103035
467.6117370387092,165.18077939528024,27.128826089517645,66.53825989411561
470.2011951568584,166.26658557850988,26.929173034256404,65.46985228160733
471.7456620272669,165.048813499692,27.455206136903982,65.66842544382621
473.42453337120025,166.46310333498138,27.138403771454428,66.62366519226029
476.1378948812454,165.66748726922577,28.710557974045834,65.92015482001352
478.811439470949,166.58209243722143,27.380774367130684,66.27018551927463
481.12498679797733,166.27376424919868,27.357348809994015,66.3880044255475
483.3307480947994,167.1918271134179,27.17397108579333,66.76939518964483
486.17562307345815,167.6610089817658,27.095224546593162,65.37639681768653
488.782091644205,167.60890564866992,27.325207616593413,66.06803271630264
490.6547778534997,167.93327259346464,27.52257315060524,67.41124140169319
493.1809991891887,168.0516934199129,28.211670465786064,66.6720391500481
495.9116137793664,167.93586154398545,27.343830297005056,66.39061191015621
497.8263886794791,168.59716980959297,27.590160663076436,67.15661688467834
501.04918290192455,168.7308775960036,27.400318475942505,66.79872017711428
504.2537033025823,168.25293154056106,28.222661748758746,66.1542490814403
506.7734649665443,169.36531055465522,27.576442964606173,66.54164573037589
509.9256082664372,169.12939070271318,27.64200922841393,67.3029642962449
512.5313291264075,170.05778025921185,27.32642875686605,65.84982620845824
515.5502968532701,169.96568939684784,27.476908269650732,66.28322972395421
518.4112386294066,170.0768231635103,27.21098888494216,65.93380476548819
520.1118243660165,169.35236277716638,26.808281779901513,67.08028965557747
523.2247682824539,169.61871447365456,27.527560044851857,67.31221035435684
526.1214231796575,169.70981028902338,28.08265110488245,67.26526338770918
529.1001001569,170.89966507087348,28.27001596375402,66.61872208127116
531.5203997494234,170.47935144493317,27.658000401628293,66.4262615874018
534.0575626377394,171.0621658047266,27.27829494877576,66.50310057595718
536.7551602529844,171.7969144596799,27.636920824288993,66.46103247458365
539.664731093482,170.80277853521048,28.17778896094231,65.1376717349299
542.8316090894967,171.5246898867399,27.26780846652633,67.00625979776053
545.1026662160285,171.46317378367615,27.33051982489908,66.64264852175805
547.3275573291104,172.5195470419634,27.434933383288516,66.21116007703162
550.4745992708952,171.88481384297086,28.45722241737674,64.87397869030659
552.3031170385681,173.40800147501955,27.654174399650177,66.09712882954412
555.9661284845536,173.28878586134965,27.55144326528891,66.63598970295496
558.5520741648388,173.0621866575911,27.2806880068641,66.01215505599653
560.689218584813,172.85694521685508,27.123857578043975,66.39415141154245
563.9106763084659,173.70713256682208,27.49346887832311,66.752467522183
565.8984071677907,172.80354188719082,27.966508231184086,65.36103101743905
569.6439446228819,173.63396621359692,26.717818180602933,67.02335937802248
571.5647355020214,174.42468354878656,26.662170882094525,66.02810794139836
573.8467984736478,174.74683050984896,26.57896810069139,66.88489420846027
576.3889131440487,174.04675552594196,26.560501979112303,66.64753023064291
579.0661506002906,174.58246882620548,26.631212270231032,67.01713111104105
582.1849392078806,175.00696606210172,26.90501433372231,66.4699488128188
584.3129283550761,174.05703411970666,26.255590514261655,67.5329032897917
586.1037633236209,175.39548978516996,26.662564999428714,66.73297782099249
588.2682235615742,176.46373184384703,27.078925536186205,66.1973400492376
590.4048398506269,175.6607395435274,27.93885835086879,65.0601392798746
593.5763548509017,176.1799880424581,27.02813448761874,66.03823877788372
595.9404192568799,175.7852891311021,26.417810682221095,66.78801942988264
598.1909244036657,175.78874585780682,26.45555431872772,66.9283753042242
601.3190583940507,176.42578733101507,26.500745314967027,65.51933151773744
603.3064137288577,176.8122598562997,26.77148869610829,66.95614526276998
606.5253443703879,176.57138509455723,27.571872466170305,65.58033424594797
608.9127311960468,177.02520324475304,26.962929711146117,66.10350050774497
611.1236225190927,176.46377572434994,27.835827331439237,63.98806765205514
614.8452566274499,177.0215436417439,26.562452679778616,66.08714159241664
617.8666526921476,177.0066808348676,27.154448384979084,64.98321011114754
621.0219306567686,177.0882320881529,26.681706068362256,66.65217475161658
623.5001614350564,176.32242466006167,27.86593320785569,66.0027333120919
626.1934556485637,177.27441260132235,27.426753134071884,66.64763667295759
629.8199230425939,177.63390786100928,26.851717545284995,66.75136364225044
631.7371203239564,177.67258482072384,26.875526298827232,67.62734576687936
633.8006155936832,178.4422211198563,27.692123329679234,68.50405436331403
635.0763268406663,177.80237132020847,28.67275754242463,67.14062987549491
637.6550092693655,178.09832230840618,27.73841255627714,68.9687718248538
640.4716319359226,178.56240159248017,28.628765851874476,66.00693536344747
643.3072948937103,178.6944645088969,27.918401381120056,67.40321571680421
646.5048185699042,179.0804229327429,27.559120988888886,66.82587389570197
648.9335491088656,178.57306806700547,27.08721434224846,69.04878033069045
649.9047907483762,178.02757879522477,28.820353984805365,67.39903681595148
653.0798651579589,178.1664517274431,28.346359320816156,69.38020839774646
654.5338452935868,179.160201300037,27.840292858115824,69.22178987867724
657.0762110286919,179.1282354639775,28.156359299730916,69.3363896189291
658.9583342770584,178.30947337972563,28.51005723266327,69.55701775742564
660.5042669349604,179.3603893799761,28.897393576408117,69.96408660162786
663.1694332060673,179.54673599731288,28.744545192407287,69.92168029306208
664.8793975398108,179.0097205975061,29.69618550992713,68.41013639790961
667.8158527490951,179.67265445358015,29.418339049996405,68.19858847649866
670.0294124544063,180.0265436350134,29.41865027486665,69.02047618073942
672.0243284700656,180.41766246031202,29.319388645489173,68.15702405001787
674.5717885607219,179.99426485875938,29.706432736617135,68.94881649741647
676.6778791319712,180.09779292193005,28.980376538523956,68.76264090071851
679.1632662156081,180.45476547294896,29.269170688292732,68.9573384523961
680.9776507756576,180.91428285440384,29.12776965876837,68.23539700403995
683.2568205221163,181.22039997842703,29.14640539859208,66.6349577288651
686.6196268177465,181.32668256718426,28.659291287985326,67.82190283960296
