811.5,368.5,75,43
816.7891150645162,370.5527392330105,78.21080608364437,44.02639417959987
819.2044703537844,371.44529276325216,79.80301386672758,44.72875965680673
824.2516531558135,371.672193266653,81.3653089325695,44.6130350500995
830.0110282941887,372.4778372754901,79.39072014603431,45.465821425032885
835.9491463413008,372.4003735329146,78.80975949641795,45.199559509470085
838.2083998942812,373.54583079574314,79.43980283491017,44.40043219767041
841.7881793570612,374.4694838595111,83.43746703002795,44.67656808453191
847.933448802272,375.9493121170633,83.96055097916279,44.84236829700958
853.2563566235626,376.2349477152159,80.90548299732448,44.271222336209306
857.8392245233864,376.17125958105623,81.88590887147912,45.036757233219106
860.2565645320838,377.0960524704751,83.57958950205604,46.235299601332095
864.919793756546,377.0041785905055,81.45533561750203,45.96227260946077
869.0345904243006,377.9254621664551,83.57521348355684,45.735003479957065
873.9059906793315,378.5589041579835,82.38190446458754,45.45169924320515
878.1114906152745,378.7986829588233,84.56527128330883,46.357123522078474
882.6697308549805,379.641399155406,85.36896393101182,46.25261883444572
887.3359035936886,380.20521647850666,84.16127253731742,47.12367045503046
892.8693014101635,381.2783102246973,85.0408518849585,46.183983079804484
896.9738713440893,382.05731685318585,86.20251979806955,46.129797699180294
904.4025835269977,381.4736565609407,83.69851060973603,47.57258610854386
907.8227365977187,382.0849298828416,85.39650137915483,47.17361573227409
911.7652866117724,383.0785132533824,86.39172599654451,46.795661914294385
917.6282735554032,384.25375005735594,88.68826778270916,46.32151623807834
922.6536001023908,384.5838383712704,87.5054473033643,47.38154833901997
928.6537557529865,386.1256847174995,89.96367251783445,46.23601714220141
934.9252831683674,385.02235698883834,86.30335074344165,47.22903860805156
938.3086021222246,386.0962875595326,88.43568157524184,46.4213439246506
944.0495490959659,386.3744344302912,90.31190761236823,48.10220155622726
949.2868654825648,386.75599235946106,90.00497621888957,48.26382075308274
956.8326921875185,386.94629366344964,90.1171644593939,48.1101065789763
961.1261258766325,387.92505798086444,90.02057299250305,47.219865149014176
965.9218169842795,388.16619701589343,90.22673801346907,47.25846394573281
972.8014046265755,388.2981705778596,90.8952679733678,47.35945682098195
977.3819966094933,388.32787730118247,92.5563924136858,48.18498526782322
985.4803371465014,389.35421418282726,91.26797705606569,48.13392878410562
988.0296591309493,389.1044840879635,93.54773437450336,48.1521604269074
991.0849386485063,386.1708217543585,92.22381019868601,49.356132567310894
995.3982785607545,385.28200812149504,93.55722768186149,50.20624807671504
998.1177094013418,384.97217827786653,94.22042553156209,48.62203610176307
1001.8418974851394,382.2013923146303,94.01706312121165,50.06591242619728
1004.8534348971057,380.5185860400447,94.7660970854098,50.320756583265464
1008.0218972567759,380.21645445873776,93.49936660696306,49.80107735045785
1014.0391237703593,377.672984772014,92.9142566201712,49.492476200246216
1014.9008455534207,376.39565593608495,94.97530824225423,50.02186060588727
1021.7870261596262,373.38157223679127,92.87782902414831,50.32645401044082
1023.2364520009667,371.5052964486208,96.01737699249041,49.732806048729856
1027.502281157684,368.9709219827797,94.54144057371605,50.69462558809642
1033.0157295651284,363.81799960601455,95.56274580335538,50.67596527462868
1036.2694438266274,361.5271558432895,95.3292786489417,50.754684958623955
1041.4199665363817,356.51237056796924,96.72707787741805,51.564204959716896
1044.7123244254503,353.69846379302743,95.40727413821477,51.80927072094938
1050.3134481738177,350.24443624971695,93.82921277316038,50.948052140382586
1053.326855702129,344.99376050772577,97.40196927826045,50.64963187486068
1056.158535050111,340.6910929707418,98.87617948486917,51.462966837441314
1061.8335875013865,335.07534539042916,99.73930537914397,52.04124238673411
1065.4667113704486,331.12417926113716,99.6360499786686,52.9575063201978
1072.0991545413947,327.69809301350404,98.10586604317446,52.901794735039644
1077.9695166393499,323.6433148677065,98.51551406166558,53.111110201074894
1080.2602697015543,321.12813506473265,100.64439061178783,52.71689107140797
1087.1914278820454,316.71829133596293,100.24498812079129,52.722131140806624
1090.2739697854854,314.79147993823995,104.3050818365821,52.79462173568606
1094.4261703829568,310.9243635784154,101.52365585293268,53.74657859393319
1100.8655044856919,307.5926776136938,101.53325723766886,53.34800563153147
1105.3344398432625,305.21963021431145,100.76955885720581,53.357772978302464
1108.7997446265358,301.27597517357935,103.20472643800973,53.92682913425934
1113.4107401067167,298.8603152166798,102.80105625777946,54.02919048026978
1113.5871179448607,295.60439403726485,104.00147919628104,53.82283685300066
1119.834005601294,291.85374258767445,102.88654844081316,53.49347159754043
1121.0847036024734,288.13673865057126,103.88481508080186,53.710655564800106
1126.3480504043514,285.7885100395672,106.29962297902922,53.45122007587287
1128.5286724903806,281.71870038706027,105.57525463794617,54.08509678390789
1132.6602956656554,279.99342056852896,106.57858126849362,53.645588668072214
1137.0339242206276,275.3321114374255,106.70734177051203,53.46678777107268
1140.4666087235764,273.2638294830419,109.032074850514,53.46033404018769
1143.9021753024483,269.886271605178,109.23116199661378,52.5258582307698
1146.2516398890677,265.6389681911225,108.78744935294677,53.33280640472164
1150.1787787091928,263.73008903154806,107.77348296405769,53.926310309455985
1151.4761909591346,258.33356967582176,109.52781390522944,53.46685841199138
1157.3779313971825,256.7732348072025,107.03971529478903,53.66919881636067
1158.7590248147915,250.7265921322504,106.92844531683703,53.55507944297503
1163.3437768119263,248.32888882011588,103.91761736398831,54.83272735049807
1165.4950583484967,245.82131042562037,103.46784852050939,54.41954854596121
1167.5942461594082,240.47278105193055,105.13680790402627,53.198640453806334
1172.389257982509,238.5854470079515,102.7408578298885,54.470171387710415
1172.392892015266,234.68138253147816,102.06245516217186,54.44614600106625
1176.8027739584345,230.21476728627454,100.17339803753704,55.94471188922704
1180.757954177768,227.16468039052498,96.1375664056263,55.258692542514794
1182.0653379076273,221.47299845658227,96.4433312863746,54.936593483685655
1183.9942781506031,219.08758677854482,97.43236394778778,55.722570245496435
1186.9883694268747,215.96227063822136,94.17037424003207,55.57156547715488
1189.5508651188115,211.35941652842297,93.27335673250734,56.576721764105734
1190.0635294857868,207.98091947450806,92.97927791179994,57.41037670349829
1190.1273998075599,203.32885448997453,93.14355588180531,57.35424299465294
1192.8221244194904,201.30025243725763,92.02647382841606,56.69208827999635
1191.366423848333,198.46601455852283,93.06090969330651,57.34373279372395
1191.1612154818351,196.43707562407738,93.31721424601352,57.06955163548421
1190.1882133749234,194.4591418360673,93.93755993098291,56.31391581499558
1190.3356431199034,191.5320841199884,94.93900723630557,57.11878844436107
1188.1563459323702,189.31212665783994,96.23702723661705,56.76900462718981
1189.0566667309904,187.35783950226414,95.25500476658249,57.792999514847295
1186.9070777422799,185.68171580184594,96.01913416590675,56.058000946799375
1185.5034288869606,183.23127618364262,95.98001142243825,55.91406081159147
1181.629263988885,180.28964112623012,99.5694392800696,55.10674206508996
1177.7455552562253,178.60973051290625,102.9234825077462,54.929606339767574
1173.1907270210022,176.5336600483986,106.59377555467498,54.12466622078913
1167.7318431303854,173.35040565735596,107.32759041950244,53.59304027388021
1162.5933728421219,170.94202159747152,110.33304919385034,53.34277362043988
1156.6363890144678,168.2709979167277,110.54992616502281,53.21762457638512
1150.5877129556818,165.2970522135059,113.97764466009974,53.77679358641712
1143.8620048098553,163.19304635093775,117.50732725409506,53.11335266861662
1138.5829447190197,159.8483410707219,116.29424255887801,53.21503089039121
1136.1745585447304,157.2833925819241,116.21601460560886,52.97946457094788
1130.522481999666,154.12901611587353,115.75477843300523,53.29020641211275
1126.643291030554,150.37620653037126,117.28969873034849,54.20811273765346
1122.6332639773645,148.37602967291937,118.68845442776596,55.63794080294497
1117.0607366827649,145.08576353671344,118.69494037593894,54.80019067605528
1113.8876718399956,143.38609607804005,119.37230054092097,55.02299729980919
1107.202355951861,138.91158417171334,119.88124021062671,55.351225934011275
1104.0731235628746,136.74630651252716,119.03451721668375,54.785203113990434
1101.7477544421652,134.66957657221542,118.43508429191267,54.05729453293633
1096.005630979035,130.98498333825836,118.56664155160752,55.0061270961208
1092.6124352738195,129.10661689965093,119.82477966027385,55.08960465170673
1087.1016647052097,125.4185587297957,120.11474800953297,55.95900460562582
1084.4965516989716,124.10579607811036,120.29549774981265,55.35523023951002
1081.6328517056595,121.47078343566527,118.2852666671405,55.88537219969956
1075.9895926281888,118.43247403893882,117.77588167693185,55.41863519460171
1072.930376243444,115.8432773943076,116.21467637983713,55.58824888015166
1067.6322090213996,112.63413855953723,116.23959124641095,55.73579504296704
1063.0219595489982,110.20236988441195,117.0663186658533,55.30215389992783
1059.906672816275,108.69436837006604,116.3721338340932,54.963919904375274
1054.9396752957025,105.88533417144612,116.47545632589923,55.49189125451686
1051.3867465903497,103.37417406254838,115.62686867792681,55.66666372256405
1046.0730435609294,100.91082449323929,116.4954867970493,55.67949410690335
1042.8348173361692,97.98595006920844,116.16054684105065,56.67564495772094
1038.1921994998045,96.5931947003764,117.53132589587304,56.383470700385175
1033.764544159825,93.04600529062216,116.56451957084454,56.7115379331712
1029.6241682945188,91.45240987781571,116.14921076188587,56.3845842673755
1024.1890496086235,89.12561701490552,115.47356631302125,55.067989765733685
1019.5668117825974,86.2378149392251,117.21931875421562,56.51775386415592
1016.3306250031139,85.56071196381927,117.86169924635033,56.349630437829745
1011.1680069447013,82.82148397866428,116.67235806149523,56.74639940144136
1003.9747135134518,80.37340590354094,121.08288149760195,57.544913960561736
997.1677078887177,78.54952266872388,123.18659962417287,57.58112413861248
994.5869870845366,76.80142516379419,122.48302889480075,57.64379695508833
991.913366508476,75.48044631921225,121.26469807357805,57.51196893040342
985.2167868566524,72.68778118426326,121.54197757180255,56.58121674028677
981.126968315041,72.1286710083144,123.24034672793958,57.51136341113481
973.8599010119694,69.73877536539557,125.05586219940773,58.101751982644366
971.4223694828349,68.40521043450642,123.56754386879639,58.24290181163241
967.6067216755604,67.53176535948799,122.8913929112949,57.53142293032012
960.0452651481099,65.5553376287665,126.27848246210702,58.50235373088894
955.0921773689003,65.1899625588392,126.39906472090026,57.22757658530868
950.4169378405668,64.06601228250055,125.92750962185843,57.22470479230807
945.1317000305094,62.24330965691137,128.48053996679496,57.17375712299467
940.2710430822113,60.85913667521034,129.0582218983614,58.694661588408415
932.6013949031901,60.16106346024567,132.55909256956153,59.20377642609202
929.6585529246659,58.13179526921921,131.3145588110364,59.019244921365384
923.8850170574552,57.06608772172444,131.8729063811092,59.175878863470665
920.448107379648,56.35969160337004,131.4516562113805,59.29416690126187
916.3030477517054,54.98257566545587,132.0345045939178,59.523122898484274
911.5137763555549,53.672128299119244,132.17127168109124,60.216185809316116
906.5597236765243,52.371811419396394,133.03871081934736,60.82116473086979
901.5329756513479,51.23559440918518,132.9265267255894,61.40799138492227
897.5198094848006,51.69357090064639,133.31018962483913,60.795646612960866
894.0195165139011,49.21764758095405,131.93023006049899,61.32114891588632
890.8936415825524,49.03674271587715,131.67304084871313,61.80472895833
885.8623519936685,48.59638222085312,132.85995528912275,61.11587108418969
885.4274276415806,46.506539691692524,130.38530957890714,61.89059280828255
880.1999932553301,47.856193534265756,132.93927850953514,60.101713428322086
878.8252982862598,45.74966099118411,131.16167365092284,61.042562320341816
874.338382160975,46.34927876687294,132.81930719274715,60.85711088530175
873.7370694105035,44.55089803577852,131.05295890044454,61.390621555157495
869.4472125530425,43.73813508140145,132.43869537773958,61.96827777669159
864.3446322707855,43.38143275355711,134.20356355824757,62.26587020310949
860.760364309245,40.52329427034705,135.3941210093207,63.44670410046613
856.5691555286166,41.726471841227394,137.41694084902787,65.17416824551123
852.0054432682347,40.235912545074115,137.44677764598583,64.67410663782314
847.835782069019,38.020901687032634,137.30289865906323,65.10613851342117
842.8864229935165,39.38049977222845,139.4757725890078,65.77857678714278
839.7079690333888,37.17530784734625,139.30067524660603,66.02872909916019
836.4305125518164,37.24073804323517,137.88012810847866,66.19151175911531
832.3936417483285,35.90500284081155,137.75600267810626,65.8580373410438
829.6783060261292,35.44577110727181,136.62642418720606,66.16659709292341
824.03919429498,33.58814241808307,137.97699894685852,65.81884887782256
819.6688205086318,33.64357689512819,138.65168570939534,66.61531514339225
817.475518174087,32.550082601019334,134.72733861475632,66.74988958662136
815.0451438779065,30.582029724019698,133.53255775287977,67.14127989598005
810.5913771712773,30.60724061583752,134.05709467676033,67.34344989714911
806.8186829176667,29.785847873507237,133.5592474588347,67.37561113229027
803.4523669889229,28.599549560908237,133.0787812241913,67.66263883731895
800.4920740672994,28.57169169182167,131.81656031384472,67.631949987298
796.0903384391978,27.655829006035823,133.00498585470584,66.45389171488054
793.1822203921952,27.67188214402624,132.40896927524884,68.1059527482504
789.0786343130812,27.4846880165231,131.99504695194167,67.55430448427445
783.9648522921668,28.240191396701,134.52202282088888,66.94874508886332
780.7615813049505,26.181316085828755,133.18293492089475,67.18412344516491
773.7682220639385,26.07312218207742,137.50158073077554,67.08371794788039
771.7631232798578,25.686698154583908,136.17667720540751,67.09193803614086
765.4257415939036,26.43685514258985,138.90842819998016,68.05528807620247
766.7512643907987,24.526948534222385,134.0271043216627,68.27507219851798
757.5919116527741,24.706532683937617,137.97412398550432,69.86205956829187
758.9169190221783,23.24568474779216,133.80340498525936,73.26042120500156
753.4124985888063,24.064220765814255,136.4442661173386,72.63425211981773
745.9448002169252,22.584833631907017,139.82716030094366,71.67362702225313
744.6552081042153,22.376930935610133,137.4984216373732,72.4851412294247
740.4281243323012,19.777014891778173,137.3759743006292,72.23638427259009
739.8658435744678,22.436429623700477,135.2395460095832,72.07126637811919
739.9330797079722,22.21321274785263,134.03175145505648,71.81097105052037
734.2619273038533,19.73682247073856,135.1049939471152,70.55207188232076
731.5783951196519,22.20123508473697,135.35056207645394,70.27879681787189
730.9937160776263,20.015911942142253,131.35475230926838,70.48986689341443
727.2741225982556,21.49560649631617,131.67614513205638,69.21435100561325
723.9782130128774,19.39903839008913,130.75214678993314,69.748278562139
724.9597459459407,20.98703955661135,126.2474473461948,72.32485328186948
720.0814979497012,19.055078054482557,128.1982871460073,68.54585279243194
718.3802324399768,21.574134789165882,127.52290265732384,68.12717823425673
713.4294060705622,19.414424945489607,128.56083913780967,67.02515032254385
715.9643249484948,20.158116190155255,124.98045173945368,67.76443601241891
706.4595213839357,18.012885315729378,125.07340484581468,64.83717362491798
708.5923043178173,18.808245305456744,123.48348164283283,67.57423100160767
701.310863117088,17.99404212997098,127.07768670462605,65.72654774714808
704.3327257936378,18.611980757478157,121.73261573949148,66.81352652266814
698.4939965137032,16.095541308223346,122.38855260176467,65.23331254713555
698.2131990418939,18.46203932788228,122.07669648758184,66.13386918960127
693.462490331988,15.563450090788912,120.86601720878124,66.08910685622844
692.5603910891123,16.327282521465506,120.1140350022814,66.75224927602574
686.9970296306489,16.035892933485563,121.42775195216826,64.59133549846557
689.9521652440881,16.175194703366635,117.48761612717934,67.35746659120282
684.6494513952359,14.384727985073546,117.26997627593826,63.87869824704535
684.6013461754201,15.415463042355675,114.99971210569748,63.767881699213106
679.9664312019357,14.035714322489632,115.57204839721166,63.29337793900815
679.7849718199984,14.98491199475746,114.16326711005102,63.09564903123881
675.8285945322826,14.421076511573396,115.23831702798125,61.05024508267181
672.8623334931253,14.021317754856483,115.1694106986395,62.13580526868408
668.6760261310819,13.128387686205016,115.76924541200844,60.12141102793419
666.763602562364,13.128089685783625,113.90765607693301,60.801086204821836
665.6526880046179,13.560028740793786,112.54349457802462,61.71127173008116
660.5550412469273,12.321267727915512,114.47166018576985,60.573113673359
658.6293462834407,11.722348794003338,112.53085214572803,61.88781083709307
657.0436174303354,11.883211946640117,110.34977325647948,62.201411507369414
653.5313323998892,12.152865278244505,107.81635350531826,60.98690413104816
651.3992293445918,11.263561853656448,105.77225738061198,59.54837987783597
649.8992694316918,10.603590740210585,103.69882446971587,60.25230461667108
642.2233270095096,11.018121720363808,107.09088910768048,58.22873279923121
640.3243191483915,11.90902801547962,106.25945916777314,59.94630816325915
636.3980644554827,11.128149171449174,106.08304542690807,58.458229894912904
629.5590867179351,10.602792441353404,109.58362322710396,58.0072818515007
627.2493152812609,11.819440237550229,107.54827410361487,59.42595011687893
625.3484579255812,8.727885249504187,105.67191951441373,59.96794571201914
621.7045225167597,9.770273964639554,105.39726224473131,59.04109004797616
619.6123301593088,9.063471739553286,103.15307856066033,59.39151328281281
614.5321574070192,10.060944278910078,104.6400557991997,58.786001750155805
610.8074165077309,8.706542018025761,103.65976543224389,58.766587578313
606.4893403835201,8.703079875575256,104.64364650775273,58.23368239404569
606.9638460258851,10.797905309905573,103.81901809947432,58.24932621831357
603.804247467939,7.679216745438993,102.87642712822245,59.041588894575014
600.5284185422231,9.599628841366307,103.51219092462028,58.2917145142028
599.7147812719807,9.511207018957684,102.73833911834504,57.9313144162889
593.8672295136796,7.850703338272584,105.3869932864248,57.36978555497205
594.9304624907908,9.140558000120684,103.82753678500981,56.39496547904277
590.8845577133122,7.825958365297279,103.37056719305053,54.35734131140003
588.3684380197278,7.952445761021771,103.04500517116259,55.78250430173915
