550.5,223.5,215,272
553.4931740478709,233.29821536765786,202.21937973229387,261.5524387573331
556.6204314725386,231.38580079666588,194.27780767922835,263.99525045639587
556.9425962215771,223.0557969639145,189.09703901456868,267.7101815222134
553.3143541731198,219.24353091524827,190.1920872385533,269.479962354429
549.4624293290251,217.84059738414314,190.9142014930995,277.59010315416145
544.363854308136,224.4692996348636,195.12324372934148,282.6975165031864
555.9388906082621,237.66119528567606,211.33170570933126,280.78481101227464
553.3265630825862,242.2340666108978,212.70058293388738,285.5805878235386
546.0971537638175,244.43394464669473,217.77146684453962,291.87483058867485
541.2502405320656,220.78399522157838,224.76708842546796,285.23820530809246
539.7307377228665,216.40049158331277,220.9355241606717,280.66163625077274
536.2795477693354,211.69106633237584,220.8787975532094,280.8804061006422
532.3667757262638,208.9341060033048,224.53055942720118,283.16013317001864
547.3238084525027,215.08712464151796,229.83835163979475,280.56542968454664
541.1614070810406,219.41313417032282,227.15778893008306,278.52726710113933
546.7218891085358,217.0508626538899,228.3839185070696,282.47161988198695
551.6939397304304,217.31566735497688,227.43822912701137,277.3196609015042
548.7575408393325,212.88271746126696,221.62848685397407,275.19303654153714
547.5694280301452,207.03646605992927,215.45621866086162,271.8509543552893
548.2798167349025,194.31681555995624,210.4067390110926,273.29968577923603
542.4312147321973,182.26295683666353,211.8161840426625,275.14771376904946
541.4796640588561,179.07984845880043,208.50410144972085,271.20933612072247
535.6524527692934,174.35524192098453,206.51434352791455,258.4491349597525
540.1428033072459,229.47349740420577,196.21152718213108,262.67713726187935
532.7723552242064,265.7914599552339,197.0053640211265,256.08586427846757
537.156172981611,256.1968038110164,191.98062026234487,257.92609164976193
531.5032855166053,243.53916462344017,192.0949886340932,249.91434118956874
533.2371778542004,230.757908464152,184.11347591481575,252.79415953231506
531.0559539617072,237.15070007154185,181.56617651935636,246.235264521667
532.7804870166551,289.3987967800565,176.6925104986605,241.1227475275471
530.5749678153824,328.02619272240236,178.76176240686996,231.96135863218532
531.3441246042191,317.5027572721526,172.0109530057892,233.17134184630277
530.3824085767484,314.5601811111828,166.2638367890519,230.03695487106012
527.6198551473599,305.9055495256303,166.43034391992376,222.20380136376346
526.8965422720688,295.46807879858284,166.1355733539422,219.20414133410245
530.2486673185457,285.00807358513964,161.83416695286596,207.02797143670867
525.6157750413661,269.34178890346107,154.28567793507744,201.4989503525809
531.0522053704882,259.13573311079233,152.5496531733683,193.81458325644834
529.0573118946459,246.35082793382992,150.2089057605006,194.44696783369625
530.3949492085793,301.990717517436,149.32041250874084,180.1851341223168
526.8827423080068,316.67977372394506,146.43585668719476,177.80251509553753
529.4296308147657,309.9848574237735,143.45993597350895,174.09402849479144
530.9753210921166,295.7471163046733,135.28625188842378,176.9364794799807
531.9969881985928,286.2839117226574,137.3563974409269,165.86805770497153
533.7311908782614,272.8763017883805,135.4988804632899,157.7730931770771
528.9909946718376,256.8708847036088,132.19978498775254,156.6421533744058
530.1604916799427,265.72697987527005,132.2611984879372,147.9132837223551
532.0457669292525,319.27037347966206,128.8674102682082,144.5371466797875
532.2738254635854,373.2464993693741,122.12643796989913,141.34987393363008
535.1536698065852,386.804214789761,119.32586174375405,137.30257521062165
536.4422601858722,378.9450483744058,117.95441234229646,131.0962338573467
536.5731573714519,366.1212566370135,112.62350247615555,132.09075178140355
535.6462257042441,393.2446510270313,109.64299553255447,126.81545809861586
538.4150730021769,442.36102737275326,106.80873102755237,122.12883783755296
536.625375921652,449.0326537305002,104.02174747877659,120.5546443317273
540.1146667865098,441.1230656378128,99.48645759338383,118.33284464311726
541.0295099799469,434.53554942289054,98.62540356159228,112.76883350246823
543.3309857176408,427.94741289807547,96.42411788093445,109.58890500604514
539.7888507810037,460.1550010623044,96.54692057311547,105.4557820716105
542.6855048523096,510.5917133654504,91.91649152971848,107.06214116363832
545.3274193447605,500.8871786555426,90.34469903734258,101.43207963102188
546.6336345204717,489.67711407887094,88.96416169471534,96.06853452291799
548.5589863383204,479.56335727725883,88.32121550432254,92.5825972856702
549.9091829252953,469.1068143742812,87.0894726061453,90.08452323983454
548.3464580232185,460.3024051917296,85.41109237153726,89.50146825273433
552.4401762947218,518.5746690139449,85.55313307270536,83.85556178245737
555.9816606032762,530.7437560518723,82.67435926622801,82.32761792882586
557.1915448476733,522.0831036272417,82.52734670573365,79.37226361685572
558.004859500624,513.6228090037855,82.09706950420218,76.8309004208067
560.0127122269207,503.3144797849071,78.99745307680794,77.25529648127213
558.1489948728503,491.2861994590072,77.03673912442392,75.18260548398487
561.0638097635585,484.65131431333316,78.52060826325362,70.79431928791408
562.856661790947,476.7897140252222,77.84179727000827,69.27416494100096
565.5018262104595,469.4781466160799,77.18306398434049,67.42442006703287
560.7377004708903,461.4283187522591,74.29204995444101,67.46243661587074
555.7392324643091,454.69864269577647,74.15072047184715,65.44392771185883
550.5661336550505,447.77334322976577,73.23094302146123,64.11594389932374
543.814360055993,440.94337953572455,73.69250232042968,62.013060586785016
539.4547095219173,432.5378711328429,72.305624478796,61.17726882813168
533.7411336965066,463.16300960400923,71.71897327956603,60.111293052627175
529.3983328175893,514.7963580629937,70.54103242760567,60.080249776214075
522.3394842356175,508.1314769032838,70.59533931149039,58.253796504121276
516.3761532071074,505.92479793836725,69.68269773418807,57.00935878352459
500.35148075751476,501.0859644393396,69.13036998165151,56.22395370395
485.55108472232433,494.8233689439677,66.70264133855503,56.833048508037294
463.7286646873914,489.80368622045785,65.45701726480203,57.29992693683786
432.67837471275175,484.1451645160056,65.52406823760396,55.88334709668271
400.7121599177732,477.66523415292914,65.9295525670304,54.54188941352543
369.4952611797127,475.8733294397689,65.59100340019498,54.40162621620816
337.2366843969978,471.54570022392664,66.02462350597331,53.706916384089624
309.32263094344785,473.4319682519474,64.7740571887902,56.07283578361172
287.6312762662648,465.6668727504139,65.78567876474003,54.991214965998026
284.3476809204959,462.83257930331706,65.6840532971695,55.72756231020489
277.79554765943493,459.0843410209843,65.20928557101938,56.83272774390148
263.1603801051902,455.38479371135156,64.92690931124379,59.65964553294718
248.206944950567,448.94448417462723,65.69249281137238,60.443657202872096
234.43729438975072,444.1393428833508,66.82576889138025,60.14025741945525
222.08950611011522,439.78644382121854,66.27428487603204,61.97208243432985
204.71222007156092,434.2430300548411,67.09907736857069,62.94483999010785
190.1246993384057,430.80551665186283,69.93297067021336,60.70225383393647
176.8851204829559,467.51271330508854,66.7806587407626,64.4488149018207
157.06473049094862,500.26027866134024,67.2810058820184,65.05840490245615
136.72253344183676,499.0778186510759,68.1232160062983,65.89920293505845
132.51380819955273,493.8032353113198,69.24878743635975,63.91172262063581
129.5048345443471,487.55277977642703,69.01291283999913,63.17163678188635
118.99271551910684,486.2632286117779,70.58167893183065,60.28772139954323
113.7693556612561,483.33465021940026,69.78985496563519,57.6272661025189
111.00578599779655,479.9037120554412,69.34834018502649,55.68406790835216
107.51829006355398,473.1421272203803,67.88588293210293,53.86825473711185
106.38031169792544,468.73293238428556,65.63809604178243,53.72957573918755
101.90383902017552,467.373134984063,64.1729270636643,52.65842564416408
97.7665203939774,465.11580981400743,60.11300213711623,53.554021538563404
89.41392452770458,457.34435812379496,59.43978177594397,53.092455712345505
77.73390841636186,451.61623714512854,61.064824633531586,51.29270116224825
73.31308863426753,445.33208061818823,59.37882432743051,51.57581072967331
68.38655058046146,440.1374409536018,58.63343431426093,50.551266360153846
63.83835766963924,435.73220374171456,57.26619598973994,49.93222969505631
61.18907201992524,430.2963072928422,57.15138539420097,48.760163246044925
54.62282567796701,426.0597523390416,57.74314797757036,47.18573551939748
55.25013600993565,421.43589738872873,56.75775493802497,47.15523445035777
52.37251630094333,414.492946876831,56.72362234114408,45.32410002070762
58.121344270660614,408.43358854590537,56.529068669809995,46.24691790567052
51.571684892303026,403.5580966286568,58.13075350277941,45.651762743023326
55.68179933194878,400.5401591661426,60.1854190308922,42.860697491797055
62.82433911560014,396.57803567228217,59.49675452767474,42.940394924874305
72.47262112151783,371.8162682114704,58.58350575777624,43.15120755906425
82.02025025229699,365.33262124820385,59.56392685897232,41.36962781767093
90.92053533968948,380.5427367983762,59.01121174361366,40.986256024434425
104.83629899266681,375.05946304806304,58.911008935997216,39.80453914121471
57.80349967119191,368.4113946625322,57.87102850223714,40.367395756001
24.79885700981025,365.2165473597139,56.925746467978314,39.65663590191728
6.505311008452125,380.19695224892183,56.472942992385,39.42170609778072
1.4981791746290725,374.5715774750894,52.801041815017854,40.35329413690609
43.46013740249669,368.82879449444044,54.85851307507362,38.59634296612139
69.13861526486977,363.1904164804031,54.88541033339123,38.2908079313187
84.80406357116325,378.7551575265255,52.28914105794472,38.36607186177214
76.12324963248739,374.4189750186835,51.36845647009846,37.33840702156452
56.129006652340415,369.44422092464055,48.69210060287374,39.02243895636972
45.78627619205919,365.4679482032156,49.092158182700565,38.64894534070792
48.970610237270705,360.3029573958646,47.150325784939724,39.17561044402488
43.82182809461469,357.81930961868795,47.858177173644606,38.758284826924076
45.55197533992099,351.7079517270243,47.65182272004644,37.69207565312532
47.91680405238542,367.0218721413867,47.26561773336202,36.879646350336685
51.89303081125527,383.6014757314057,46.07521971556205,36.90233657306238
53.9733335671781,379.5144617244746,43.99464863017368,36.93451661275692
56.94839272587495,374.75602650602923,41.644466656466314,37.2539529165925
56.63315556430623,370.6781061294691,41.188614831631256,36.73115480663931
53.00718083165599,368.16019434189263,40.896315324563226,37.28929871069314
55.78473765131663,368.60046175390283,40.62955523498052,37.649590171049894
55.59496796424087,364.04005639896985,40.637341597912055,37.1900759341134
45.96627566242459,361.31253882283045,42.08426590704122,36.07972438704124
46.40131356756261,363.9247684512261,42.117026671992456,36.005321999026876
48.48686898122952,365.5084259523051,42.36022486434479,36.33559769597017
30.85638813547194,360.3363243890405,43.39649828779743,35.62919331066004
39.2323032157891,361.85200512482584,43.308207004024524,35.81040941355789
41.63005895905289,358.31349484019967,43.33017839297296,35.59360415205985
27.121637492289544,360.28668289016554,44.19926666927526,35.635896550968646
24.664980926910566,360.9186891630351,45.574548377125836,35.3121760472346
12.59319304382769,361.0343998433723,46.36931150854393,34.59141872421419
19.318783011491064,358.829551591937,47.79956565882824,32.547922201374675
43.23285323351872,359.5552941538596,48.58709784986813,31.630348669708994
26.41135584924117,358.63333001943914,49.53635018667951,31.038375971217192
38.655119176016115,356.504644675919,48.861591480807796,31.46580156899975
31.461534824790277,356.57803996703,48.05335299287327,32.08770440230796
29.10539140660633,354.70641399542393,48.55931293360078,31.897626288437884
44.06904846045876,353.49356612577003,48.57101920906331,31.467302125298286
49.57868392124135,354.0925521382462,46.99537089326885,31.868910053174204
47.38428623685832,355.749852642969,45.163585072639464,32.22671406974112
44.26759314706799,356.87593146397376,44.97029117957318,31.51256666051299
40.89729567481331,356.55224202174406,45.37047863604771,31.098895029183325
48.75097451644449,357.9839717128958,45.25008627364277,30.880629968949705
51.680276081496835,359.41869610991597,44.29368356422843,30.4854610263574
54.52972168308122,362.27828492545416,43.35848849882274,30.252902886538315
56.90843976190986,363.0195636968459,43.13611926710709,29.96246935944946
46.89330132936882,365.3573252902134,42.995196883286795,29.565176893393915
35.37669752437694,367.7753491998376,43.46014824005935,28.367558619910046
22.332083915575346,370.0975559702989,43.04703450413621,28.53471844406961
18.57254550109196,373.46622094178616,42.73550308994635,28.933577320934226
34.05632995578938,374.8723554108624,43.73860502342299,27.84166425381676
52.712297146632665,376.23717769072226,43.70501179771276,27.145677775165353
31.833672824243806,379.37509535357344,43.66581179577017,26.972695712087393
20.172038210626752,383.52223028657653,43.13093494633803,27.275625673332577
17.405550339127256,387.923077400063,43.46863720167176,26.69114247696927
28.903653403182105,393.42670472299386,44.06122728680866,25.983437202274672
43.26323521596155,398.3924847031753,43.60188892449871,25.808046813424234
40.732031902524014,403.6960432335794,43.2342684732593,26.26145665418909
36.54754026542082,411.049069723387,43.34094594279562,25.86372533145846
32.71569350678883,417.55820847390083,42.53878556362211,26.518380384431786
27.583590147858438,424.9348009535997,42.46441235298916,27.20310377715197
24.538588490400606,411.6554266896587,41.87317115487832,27.978408399175876
20.769217443823884,400.144622565419,42.05520358141678,27.506926923994165
24.985852790337695,391.45095315485923,40.97720781533954,27.786820447256392
38.45241926635291,379.10287913689604,40.67384438130257,28.638795194384834
63.818823106839275,367.99086878538435,40.600496463979006,28.369387887965697
91.83209779555418,375.98686816235744,40.77728929911166,28.167475271236604
96.7675686636972,347.8980876507863,40.238105633553,28.311092669699732
93.21079335989916,356.61136968779766,41.01375712276635,28.13771471362477
61.58035200366119,374.3705777025253,40.28261071633819,28.983565434708726
71.58525632646473,343.98129616782654,42.470376710115374,27.89333036476988
102.6508952919553,351.9294160231067,43.47027238146547,26.63912270405537
122.39526819473188,361.51168949904854,44.99501289976096,25.522630237904707
106.08560698591486,371.8332178287024,44.76774651646116,25.499542719039447
126.69662924412154,375.8212783710507,44.28418264639568,26.53024361298897
158.203880974733,358.8091165618212,43.199947055233885,27.81283513470271
190.13923883214173,361.6560648359608,42.84243441136315,27.91852653239303
197.9895569377772,364.84687799126027,42.11648244163748,28.612189570835696
187.5712943428891,367.5667065360284,41.53052507397406,29.26555547580479
190.92966439914008,371.2426383092529,40.77086408747435,30.318361680630858
220.28608641098128,368.98430542832114,40.03298564852273,30.576943726829597
246.25668202851608,370.3001023742048,41.6493497531021,29.472802403682678
272.01033132883543,369.56873912348954,42.627032693121095,29.678613283279034
296.49661693046784,371.2521251551399,43.080022987291045,29.684545476730207
321.0981991029991,369.1740314118139,43.27034102499064,29.561260150974057
344.5363829259072,370.6194223868942,42.94547022641293,29.85941437811027
353.4269510782248,373.8998415368348,43.75456009750296,30.01077580459393
381.33922234602113,370.78529266723245,45.12580272704631,29.85187003248645
408.8822001826354,365.4368580417987,44.831557437238644,29.82532364406271
417.9457779631093,365.21285850651134,45.00996209545743,29.386179385000027
400.068946853015,365.74083354894884,44.60768566463518,29.65191840828348
392.01897146761024,362.27532886036687,43.71312562216839,29.30663779569548
407.72929445245995,361.49130414445017,42.48342585089972,29.461615882932144
421.27386044961276,358.336998913,42.44516732333397,28.88178022047076
434.8648085603921,358.62067712321357,40.968343700420704,29.228548451798815
445.736468998848,356.9768703590195,40.88763365165063,28.646640380195727
458.72514211215355,355.65576620305967,39.282490803784064,29.61784429793967
469.08894280712843,355.9109042460724,38.32032469874843,30.373896913547526
478.203736955187,354.32370106548933,36.67153555779039,31.129040339352414
485.1392183173157,355.6227637794251,35.459632661215814,31.904425757790143
497.7711838285396,356.81083589958985,35.818240728033246,32.31635285078681
503.53034728009237,358.7068431915333,37.34142525964954,32.03680254116427
510.1340488384732,358.805252040591,38.36124449630118,32.1873190806827
518.7195712510432,359.944777965463,38.798205292872986,32.06678297757905
524.8344381028836,361.7299986568784,38.47979309221117,32.336910049604334
528.6944666018996,366.99694900424583,38.26972719297447,32.847478807309
521.5116748213337,369.088609086398,38.46965980252864,33.03951874453159
528.0398869874072,370.97074627416475,38.11088357224456,33.753747157574836
532.794137048224,375.992610314438,37.95771271295215,34.01066406169378
535.2720728121841,378.71477766061,37.86793134196839,34.17179530777184
535.7599495298269,382.7680637585812,37.85321742722915,34.21000379193531
531.4378241955211,385.8821615921302,37.731904185609665,35.19499198284875
527.2702102786558,387.7270368096432,37.988002856279856,35.81387214398699
532.1890732003985,390.0196613411607,37.83042516585798,36.42436071128424
537.8227506760265,395.1012797663018,37.757196919537584,37.050542138713084
533.8012869005436,397.17324823220235,37.73089489853093,37.658654065846804
527.4637197176959,399.4549912637144,38.14474172888596,38.052895452519614
532.2716683150936,402.05987253053854,38.29586624883092,38.63835011121164
508.6848114620636,394.5814806171689,39.23094813205132,37.84775645851629
512.6992281859173,396.97201070498033,39.46773703150175,37.67510925679156
530.2133652399534,379.9619792430744,38.7060345680535,39.094157405229886
538.5639920506895,367.07993535703554,37.395314472909334,39.7010689348985
543.6356116973175,379.1282758189904,36.14343913244227,40.34733604090306
561.3218800991724,389.82650342090653,36.28655237068255,40.15491688135667
574.840347353064,391.2438689654039,37.02185050806819,40.32315354003218
594.8741389634747,393.1330570006652,38.74632807390024,40.68610037721463
612.0366654005443,397.3755601112961,38.48691201073363,42.09786813901133
633.2744936167336,400.1961220750786,38.83545527487118,42.63651846950776
655.2546207665878,403.3137544967573,39.19477448080421,43.38824660276521
673.2714079021987,403.4603161257613,39.93594161849279,43.913493894038076
692.0000117520467,409.04974359804476,40.230260761788045,44.871971204410336
709.004121940898,414.1551164188743,40.78808321109595,45.50312059417944
729.9780262089043,419.6910596782668,41.3824551561218,45.866734921726405
747.696363654781,425.0261668010634,41.60003863878888,45.977735145691824
753.9092377103098,428.8122292621283,41.606123834906406,45.98057018461689
757.7354750641007,435.74540833175615,41.935546495169696,46.22074721744135
762.251469584438,442.7619131834719,42.45314425609601,46.4654481589004
768.2906276918163,449.5653154930896,43.01012357450817,46.845008706012344
772.697654268554,458.22925876290657,43.51333099032968,47.13731253741174
766.5075352475446,463.3745708580132,43.792452994692496,47.37822704708557
774.2377800227557,468.3420376761662,44.10161126445867,47.747359441499654
791.9604415561175,486.01573243192695,44.75748853811859,48.130917830099584
799.9484584617504,488.53825890856393,45.331278520733676,48.541534319447806
806.3718195893323,492.73632014659506,45.91530862181058,49.04894297383433
813.0187327343832,499.85833660675746,46.3430565202921,49.73952170599178
821.1587691652,506.4271035361228,46.77666852301,50.2767094297658
817.5223127197175,514.102770502628,47.28573278796551,51.0426530967371
823.3375812318358,517.6913911824258,47.34893141913661,51.08127132737205
817.4718227080564,518.5431481437072,47.443053981308275,51.38396947183609
811.2926226149465,504.90252318238885,47.550027042161915,51.751464618353445
819.6930819449275,507.4507370034439,47.669624136982286,51.90470944135724
815.2886880483404,524.2908584715093,47.80737491709946,52.053371031238996
824.831404638317,542.1906485362252,48.1440835914139,52.343276104091515
821.0664595585428,544.1410742119891,48.429227704220615,52.483844687187364
829.5692808745736,560.1455327024698,48.53636379049206,52.60898882596217
837.5378765769932,577.6668833293095,48.89443023702641,52.884590071711166
845.7946987040256,581.2580631626635,49.09244190824701,53.038238188396186
866.910366195799,600.237344275631,49.34509405278306,53.035101487117736
890.2227525383247,619.4241496704269,50.82729930513549,53.81155236225869
910.7374589918641,636.7393159787159,52.183602200899145,54.52134298105456
939.4088611092748,644.3137561496711,54.89042165972307,53.859722023294246
951.7970618997908,659.6432662716662,54.75818054397143,54.83305518344575
959.2778484077871,665.3569725861388,55.78863154113255,55.143156037921564
986.2121134660167,636.86870077048,56.652361264052814,56.46845917993194
1008.9285559649617,648.011647200944,55.636460866265075,57.616578099067176
1015.196885295283,662.9152159656536,56.858881149721626,57.43832057939016
1042.741450046781,644.0890109367498,56.722134841083864,60.318427057734
1065.259951223851,626.3246237236889,57.48761421670461,63.14065956895748
1071.1214084192995,632.8721100102963,58.42529929447271,65.36053053492603
1073.2445787589459,638.5501498968707,59.001216853124895,66.91125833570797
1077.4991987984363,636.33125448635,58.86103167134374,69.13565665774753
1083.220628675374,641.4563764635619,59.89165352233371,72.2823805539368
1092.6383399234373,644.1746296666596,62.040626894005094,75.20918032462889
1098.9529688991909,633.4642711002689,63.80830700050552,76.44300648353199
1115.5165785480135,624.7676988369288,65.37229671876477,77.055911922323
1130.0837246253877,613.0170999912208,66.44632495565956,79.25198232008172
1134.7317878024544,589.1680684933116,67.33506856511461,80.62930451740947
1137.7047863570965,597.0645439422318,68.16647134811652,80.67761290988304
1143.107055880441,610.7460687462539,69.44433121597793,80.85914806396636
1130.9851005268151,629.807517982262,71.34434136669144,81.25558969813335
1118.0612427024105,624.3799374022481,73.20900799958753,81.86216693657482
1103.3827617234406,603.275765790072,74.34829685872592,83.4306061130669
1113.3536363266091,611.5032048396356,75.79641993432314,83.79168196753359
1125.1378034624088,588.9955971743677,76.34392887923072,85.50549313586117
1156.1671454425668,602.7774606125028,77.62014489921611,86.68255979117288
1164.843615270194,617.4641161641952,79.81663349966993,88.47805336065984
1175.7441701902683,579.4886042533656,79.23805885114858,92.58115303122123
1191.7802822286467,547.0530595842097,78.80922441531473,95.63243965323817
1204.2091827297309,546.142574920008,79.28969995936694,99.03271260582828
1193.2144456940475,548.7746449335367,81.06852302868128,101.6046383262133
1208.786327178754,565.8668596422792,78.4145793122119,107.6894505366772
1198.646390363463,581.0251031307756,80.12992058859537,111.06870685555897
1175.5433418766472,571.6751687433726,86.07365857212247,113.24640291222356
1173.1216338843672,586.2840679019084,90.51738199606986,115.08663868197064
1175.4988733442196,572.296218874397,93.87761021716301,117.72917681724392
1177.9968720206757,587.8063958556442,95.5042994497096,118.2103012334987
1127.8452264249934,577.8908364407572,99.69383582939139,120.9684508798404
1102.6997780443892,561.9959211774146,101.75413374914564,122.60557719025249
1071.4348512565427,580.9889947800452,103.99109990211498,122.6054025936412
1077.9926487049047,571.6760020363904,105.86668017729085,123.33989466000637
1056.535521355647,552.3112903070116,106.41883403790068,126.97399426060674
1030.051601927874,523.8360378652742,107.33462989409246,127.77828180893287
1036.5020813218619,541.2233512784626,108.67378721672647,128.56771222237032
1051.0471156872864,566.9276311445234,109.90805125785512,129.55832348953746
1054.770884423427,567.3871944025584,110.92607259527591,132.4203548103847
1040.7203283192,563.9949888086373,112.85235984105805,135.33842298893418
1021.2545657230484,558.567361192554,114.26352901145005,137.40975090119412
999.1658701191496,543.1892359843623,116.53239570090565,138.89777573048866
958.2584982290214,522.5198012512514,120.1458114180918,139.24740271542132
914.4059050323455,529.8698597513971,121.9908367057797,139.6106392070251
905.755038611842,542.454769212929,123.7795010862056,139.61231832319632
868.0415560384512,550.2427411944159,124.60171188128155,140.72084092916438
839.7678556367476,535.5621586958232,127.53652005499904,141.78013633646594
845.2087088761107,513.7937903382483,127.5435037508241,144.59779492620385
809.0942968655551,530.7094143920715,130.64929853516725,144.3292352209108
810.9910094230077,496.3998701720759,131.28402080664893,147.16057850167243
813.0792851734252,507.3516822677273,132.71245645291071,148.01034259211187
758.6498963825934,535.5581870935442,134.59633368139043,149.22977151967666
765.6530209818274,512.2747256130614,135.37117050962956,153.4778500892289
782.2802192651488,482.4520051471248,136.0987859271225,158.95383554138684
803.5894170899062,477.16969350235615,137.12307768981285,161.31871075790815
794.5198379733581,469.2318411868624,137.9017650651912,162.71794858520758
804.5574838879161,458.8933063561668,135.53515555819314,166.8618323439943
805.7052597295125,466.8430150961528,136.00884117147808,170.91814359756802
785.6077346645405,467.9163157482584,134.35784615360078,175.9928406283345
796.3086968083581,457.0282422189681,135.7443028091635,182.56831941637103
773.1047983041519,472.57692733083434,137.9467504533617,185.19009197394212
792.737787966504,487.4663283140989,140.39882669654475,188.53715365630265
812.7542864700333,479.68506337396536,140.297213976264,197.14461442081534
795.7777191678306,462.12432141791913,142.32447547045496,205.0455305496454
777.5672962440744,434.72065087662435,145.00624970978836,212.0894703727746
802.4948098890073,471.5437493325988,151.77740284472566,212.33338443335666
881.3899156491168,452.17060148566975,158.71511844791723,214.72213155797823
912.2268780199178,480.1621218373701,165.89275474278125,214.57870398410947
938.5998016031084,462.6569527734207,170.65031274385893,214.78058622648996
1025.5642384584153,486.1593222028448,181.76530139527094,213.90742762308108
1039.4066821006238,500.2512842920397,193.65443922783294,211.73535407965275
1051.9454184920698,504.5629890400168,200.44939643598792,213.40635623183346
1054.6354352195747,505.0124734020619,203.5199018081754,215.69089446140362
1062.5642011179516,504.9928235400129,205.04801527060454,217.7430125836053
1076.4069214973824,465.80881803836957,204.34844615496976,222.78876707951522
1054.5675837604078,438.5108972692922,206.60222029212082,229.078793033115
1076.9762174135678,462.9793154346228,207.47247462032823,231.55588005487377
1053.7278228859038,412.29341628130186,209.89602014800084,237.69387321569604
1074.1956276331412,431.6567487004304,210.86338903710694,242.86234929846205
1045.403270047705,452.33795820795996,213.85524940521998,243.23330669885206
1065.2449705147292,450.7857139909148,214.91415435520804,245.74885410358246
958.6070585692155,311.70881032071003,229.08149793378573,252.4227511105676
908.9092059128965,326.27375979436783,231.5545184657943,252.5868907039374
933.4075367191599,339.17390136269637,235.8372565874543,252.98792147394926
874.469699219935,353.67779987831557,242.59374548895923,252.82305155912547
899.0964298111446,365.58716711475915,246.31738848429006,254.21679461484047
845.3324697701072,377.27724003253377,252.8478072011928,260.1833645470324
873.5383796444858,348.75207572077716,257.1801319223531,265.5022050629334
901.8658521824239,355.135817228777,262.6195007239477,268.377917443727
840.8315886280841,376.8701431365513,271.6769927886052,273.96998785100203
881.0741525655333,326.7077246836689,278.108722085242,278.9730105721958
923.8193390416009,341.4489062545156,284.8848795986147,281.98800687787667
954.1679040037648,346.18167158740033,291.6274517659327,287.3842037271618
977.2284337760807,340.26365219228205,293.55982989210446,295.8844895645998
1027.8819769948523,178.77027070680344,283.804115736895,316.5316585062733
1007.2618364114771,207.07851782540072,282.7841697898133,321.5211800735531
983.2809731677655,270.1834579683251,283.8109906874864,326.38206250317836
996.3939757126647,329.0552463787494,285.64546094414317,329.2656557831245
942.8898252936804,350.15375706036934,294.15938937020115,329.85315551458115
963.8913364258129,353.16960341193624,297.26804367575124,331.15352644548693
984.7717994098911,354.40357265274577,298.4261949969129,332.9703669738021
897.0809468022508,388.81827903989665,311.6021363260717,328.63626698535
907.054027939279,403.3405969863055,318.6517118657281,326.6150780832577
860.3982780474337,362.65026912030896,333.2677288570413,326.1206189158322
816.3327581027836,315.546077116854,340.63021566608967,331.4271006190593
875.9642659031772,354.68519873934383,346.9586546983919,332.34075714205636
922.2361933575776,270.2839584736214,345.3813068113027,345.9665392459353
873.6106694050875,196.47981193265727,352.5341042677777,354.192956959525
918.8175725220252,211.0403108509083,353.71478935417394,358.95526956219015
871.3420301934606,133.20984799074841,360.343285168354,370.3041021891879
929.6544187251329,135.1585519622845,358.6497466194674,379.54537483447166
879.2013867802899,154.62006950950982,366.36697712643326,388.79206793903364
778.7521119887806,196.49311288070038,384.8836845851432,388.36147446369614
702.3681609823715,189.6840236571658,397.97067912777567,393.4782551355982
614.1165676633183,187.088091579774,410.93499368844755,402.49815701085714
668.6203515076621,173.172910206817,416.71110168838845,415.56319697389984
743.646113698318,166.721293272882,425.94884243022125,431.85314615331845
675.458509559785,150.63559249195094,453.83743637654237,436.12639521975177
741.5528621643773,143.01740212987562,462.75365687192516,450.073617001651
662.3723679137333,114.76759640342868,496.81435794271795,455.3100275163083
731.9471111665753,81.88114177564785,499.6633122773784,479.96930728004486
494.79202026820144,52.3117052817193,533.8401740077913,491.4374498130626
635.3476136340308,120.50248339745895,558.1389093728646,500.89566764376855
685.5205967933655,140.87975414698536,557.7918061731663,518.6310668125437
490.05403834966614,68.36438449826903,595.7812746101674,551.395919559679
327.2846859148032,74.26282058667931,631.8674836059655,552.0040810168368
383.50892281477365,64.6564041927536,665.6478164758735,563.5549809492545
209.23789379125083,58.67739170290548,714.7258083929205,557.4971478073687
182.11005656146096,42.410283532297285,756.5568392127173,556.3915379418266
164.40467933453425,29.572503758605365,796.2850214971112,561.8293609754637
253.69651696735673,82.52250735549302,851.9593349436552,568.9696595976626
394.9502535350471,235.82862018206157,791.282096906565,540.1429640348575
246.75947829616257,127.58444981038878,839.4604186858248,539.1353778454975
272.65789946305455,68.3790643742633,879.1871214202293,555.6266482200391
389.2182423847323,230.44603159159658,838.7890377002245,538.3707533481686
485.53886574657446,90.46650850719851,817.6568105737564,570.3104445443149
607.7724319770075,251.12648056145218,757.4847230794604,537.6811341645558
394.19038280075563,140.32290489102223,784.2563869112978,543.249729469191
234.28083690640847,84.33927410150841,865.3165293038787,540.428787186039
260.8108379113267,105.9822403861748,819.7356539914925,522.9514327474733
446.00031487498705,132.74129227316553,827.342190641329,547.1124693684783
309.6130045149091,67.64530340093177,864.1145588510217,562.4696071127789
371.97901787018657,110.47039679226083,797.8158626463185,533.5945814124711
239.4704965122686,126.03265796473318,836.7456054374566,538.2156727835766
68.94788149749849,62.048079689983865,851.2845154173714,561.8637958192461
98.56145587146403,-15.684540260995107,824.8974537791037,549.3242072155754
132.39413389067448,70.58684613951624,849.8619044057485,568.5850981010302
159.618423728802,-11.654429460187771,823.9961458921605,555.8404330754674
172.95737965804852,69.0903297555949,879.2148361209701,557.4591625092318
207.7313217863927,16.84314001333695,836.9132991865205,537.7041885098417
126.14491253929299,68.29369890948328,850.6225238502865,557.4457770591854
185.121430199455,-10.574618632083968,801.6009676160498,536.1701262940177
203.0031042419792,47.63321544396973,855.0192748176629,537.5723712020832
276.2957706076942,88.37745885669085,915.2845166962231,542.7740093208731
404.6828207242356,134.08468759690652,912.4778023634424,542.0595755816757
496.0357258007102,235.05175543753728,846.2516316993742,525.6200734924341
188.63250616896215,77.18201836073388,895.0479625978929,529.9442529233886
314.8909034583221,-67.74762645586767,804.8968862299491,482.53209494686297
499.20918530643644,64.52879354880815,793.9607431432919,512.3815078523573
697.8276383547138,64.66257566794695,719.7399875323873,570.7630367420861
589.5929136869464,30.782407337038933,685.846622802917,604.1028375983379
763.6967984508462,30.714569925485876,606.8447475759062,649.6596343605196
730.1638533871275,-2.9721755244464703,578.2461785208934,673.1645003285266
806.9182885706801,13.7262904628044,548.3490362635778,687.7209903655962
802.1289193295393,10.168443227025591,532.0354252545444,701.2329749887302
768.2142424382232,-33.44666496046938,526.2698817286984,714.1127387841206
844.6750698838862,-8.936440357025333,500.9025484821103,718.5467301347338
824.3363111485623,-4.662459889881518,494.0468537626974,719.4728218720788
802.132447256176,8.187416569373227,497.6885201654303,718.6946092298979
766.8463467599925,1.1675281146356156,507.3314507099009,715.5325311177413
815.8168569354614,6.190380579574992,508.1196579289573,718.0830618232252
835.1496307230041,3.9106861548828533,502.6040990180891,719.75005624588
782.3090914147474,-9.797526414915978,509.07738944353696,720
820.5944772104149,20.934624986919346,499.398086253149,720
763.992442735749,-10.574278359164566,512.2506144470108,720
810.9812058898104,3.8660257155827367,508.41510061168054,720
833.4450761250663,9.514800530471348,502.7524896723697,720
848.3184856807649,14.644886837207707,497.32017908259985,720
835.5683545214358,-19.57979610231945,494.8964361321056,720
802.407147077637,2.430790311079136,501.90154330464816,720
833.1855722460722,6.698641709686342,492.9367704172485,720
853.3666764427462,14.824523241133363,488.23826603908526,720
797.9600745567261,-14.965145958517269,498.7958065690683,711.4289221030176
821.3038328326456,8.180847018311056,496.9292421059626,710.8006983978453
762.137644394494,-31.256246498083897,512.1124952018956,700.5607830815345
803.4593478385459,-16.984756486586605,513.6143066291675,693.0997101123339
811.3326113259421,5.464782231281333,516.9970846663225,686.3135756171225
751.3874987773045,-25.766099289147974,528.6003123008115,678.2271320031646
788.1298641947292,-9.014216178183744,530.240494774177,672.349057016086
792.4111328171223,-5.072715676879227,527.2523637032456,669.3440535578793
748.5594338821652,-30.208290662923616,535.6930526061099,665.3264676470216
767.7687340521269,-6.222573861930357,528.7750616804499,667.038038782497
720.9844067114057,3.3961877133507983,545.6794296708717,662.2823492002434
767.3021683782497,-17.562457442160962,538.6494998239077,669.3641908962296
683.1639800001665,-29.905585630453572,562.2997241478137,656.6129558933465
732.626537412541,-29.109990274080985,560.0139196880089,664.421416762573
650.0771119084449,-18.372487550144342,581.3603800763747,660.7504203989181
