461.5,304.5,22,17
451.599935888147,305.5026968102468,23.430086127415592,15.585332039192412
442.73674657398334,305.86571956731643,23.83833812249372,15.711507887194657
434.7176623584049,307.10409672251933,24.874301672213868,15.575426411680063
426.46198089892255,308.1203815385689,23.997373588950374,15.60013182069592
431.2076951300945,292.7017474836646,24.352384611296632,15.926704648904925
443.99553009627346,312.5659388187097,24.70128467967607,17.17977931389205
458.35194783931644,326.7596175806749,23.725155725354213,18.089971012413578
440.19767894367175,335.3304464442901,23.66118664694371,18.7776181625921
456.73481660731596,314.37790563699093,22.692503921743718,19.416740398148484
470.63205019670687,325.46983482814494,23.25135354912653,19.476085960127506
483.34101288344664,332.0224175047231,24.008964689044,20.016933973344045
462.1214579534402,323.51466562914123,25.389921193361186,19.88866572957924
478.1217894155485,307.0862182776376,26.613720742023567,19.952295315849568
470.4644370050966,305.7361149975731,24.98872315003847,20.879403063580277
455.2886396528909,301.35663901082444,25.015408885422193,21.42963479868692
467.83057898530797,298.3693805451124,25.110050273817677,21.923143450830402
480.93132948128505,291.96592552712156,25.278063575905993,23.014334129562688
462.8007736030766,312.36240814396035,25.270085776301524,23.543203209936852
446.6897447836918,309.7080004281024,24.490820293047577,25.24893137018995
430.9944802409782,309.1507150920343,24.308107484907943,26.674919537585147
418.5992284476254,306.55592388361026,23.99232507469307,27.99926517686808
401.1371867570515,306.8731742357479,24.319063477680047,28.215141418348345
386.93006390499806,309.77742806374084,25.186628891711234,27.794317954487934
370.1725456272574,309.68776918083057,26.301366074603102,27.88758520554406
352.0922061507032,309.0327496475264,27.437461459648773,28.31338809130658
335.704132251083,312.14473819992793,28.94481742438157,27.34761258739267
318.82702467530703,309.3025110298947,29.84156102803029,27.741046895969937
332.8425437027146,301.1330985392958,30.46371218465737,27.83781553617726
318.3197476537971,299.41306404088084,30.668005543712503,27.73203524812401
324.7950544868438,301.0989142862182,30.654972633206686,27.735323191786236
325.5734516936428,302.6023648635633,31.889337895183836,27.975771107762633
338.5923712302647,331.6326006019211,35.591533701414384,25.87847058030929
319.3857310600921,334.39605910834786,40.56177704430385,23.25120129945831
334.6981204474993,307.1457970517847,39.03491593120255,25.642811255012944
320.72378075766574,306.1906204872591,36.481527119506715,28.680455329245532
307.27916711396637,309.77849085756696,36.35900426691944,29.559626958909902
286.3487653135716,301.95446875308386,36.82188169374815,30.436674235106995
270.589295363006,306.23082098777616,34.98711133927611,32.19930683206818
248.23930060387465,302.89806275166626,34.299776139832055,32.91510838175887
231.2971012697011,304.84793037817167,35.08081129601552,32.30625042507259
213.68211363029815,303.5443273591312,36.51730752026178,31.68857407327272
197.334234742201,305.52402998636865,36.884985530078815,31.961415557712897
163.8525719380575,308.85601803362067,39.570326496600934,34.096592098716705
140.0593818412905,319.98508420245645,38.96165780450191,34.906230633709605
107.1394216500503,334.265593108952,40.27549894054133,36.07486546045155
112.14659513081793,308.3782052495337,39.84819148638218,37.79011308835429
133.58933816928163,328.5145572699805,44.24865921928228,36.737393822799454
149.8224867998601,322.43672828285025,42.33309348792757,39.23816990468316
110.84997800040804,343.12313865962193,46.82016899540709,38.11665126499557
78.04802126228128,347.4010206249778,49.0618747289837,36.73566377750745
55.42531589643118,347.8893980997441,49.723498848562386,35.84948863286749
33.47501043540127,349.9189303738326,49.86956017666821,36.1864464501127
10.116928192810768,350.35821802264445,49.471945119865026,36.85601348932545
49.270609235295915,322.96414997243033,50.26329669105577,36.765685717079435
28.628821307634325,328.0479529237794,56.57938928731582,34.92749078725602
0.9222832076415344,327.53743562284234,51.48596401925174,39.58740536289977
2.0420833096325737,333.2588148893889,51.870062434391016,41.10951909804864
7.65942106262769,324.46843366167195,53.06564795025212,42.25513484078095
6.8953287241517955,330.2586850077947,57.03869216493804,40.976614639651245
-3.1933535750234086,332.3161112869056,54.317253858425076,43.84957667024092
-4.517286363619725,310.64697727168186,53.00214206317815,47.75490102938131
17.880316822715137,334.8479331686374,55.25881071426498,47.61443597457392
2.822759233462996,366.42060127043044,55.8653810473228,48.23009693673837
7.275348555453874,331.0794460567655,59.465639308071786,51.6428444855653
1.7040068730932774,358.4661862466099,59.61187039896794,51.40461250834593
4.349578442717398,360.30900761398476,58.42395158219441,54.50744889288257
31.07782428365419,367.38139140343196,62.9314740513551,53.34683540329395
15.603226737951672,416.63765202495733,64.56727413022396,53.21671511592549
19.995672996460073,398.06884109541227,64.63839695927348,53.83731686169722
59.89373781850254,366.3866997618629,67.11874793235292,60.72342929383516
11.97085999940068,362.557093919618,72.32211733603398,58.24698159311574
9.342807500109828,388.3367295930356,72.97435175627147,59.3571635830386
12.230880871006143,416.1300659683226,73.09323077605893,62.25830086314901
60.814311983273825,452.17326874402875,84.22099565471242,56.0747247684799
21.362381495012492,460.80365820918485,94.49653531980438,50.6738019304518
-4.756283549159676,466.03837828544624,84.48844540510726,59.90919832802776
0.7175552825589904,476.2260102986305,84.3761985074083,60.49411113961273
71.75551162943924,437.2356108172514,86.45500520692624,63.11370974266239
28.002998075091014,450.00247980777584,91.34010320014855,63.21324476076131
-2.975494208174929,479.5234507494428,89.16120251606121,65.58027282013282
58.29794776730973,447.44951280313296,93.73921102145435,66.23929764238592
67.51360139692002,476.6939746160517,99.78136444571231,63.88758868659248
16.1065378744838,488.0644426633763,103.53563287139205,61.49982219172895
30.27698694647288,494.0623517514723,108.59422482330676,66.15118843732557
-0.4689733126828415,478.15109314330783,106.32315288657479,68.86107735332106
54.87937396387273,535.8121012028597,108.26770128702633,70.29890918154459
-1.260662143631592,569.9227663675922,107.58922555708594,71.64906950494381
37.15839811681987,582.8746291317879,109.40073572611084,75.45545662410582
61.64934378956555,610.1775323842012,113.9758703991316,76.87664410757736
135.0446489699717,583.4068033876645,123.93482127072122,71.93190363174082
92.90434998514897,595.9491541736064,135.89615765271168,68.64936917929091
53.354427473390615,594.4612254476676,139.70782666002168,73.60887773535018
10.800074422805054,604.3941009643733,140.13104060429967,76.03870234518533
89.36423928860859,531.3795088953187,135.3885119735629,85.75292162379722
50.6109299247572,458.363537966117,134.734131342241,90.27617194302844
64.91035867224558,419.84215868123425,135.9452581161997,95.284515519896
51.24339253226455,393.4793788086265,135.63438201909955,99.08558481137955
23.17603516245964,404.2970896147605,132.67956568089647,107.28219906467385
-11.960593506461201,420.752853463976,126.51810986767013,117.21238196166658
32.35093673785883,389.9458446270346,129.59981450855872,115.86097886236962
21.372035436043916,376.86256997173837,132.31433188988925,116.00702065702848
79.36240434500826,370.3416432802642,141.50115535200814,114.59509913581768
153.45000818692893,355.4754894111626,141.27785307198738,113.51989346458785
131.9438123818976,350.1900537985203,143.6552173868361,110.96050444138476
108.27545474156364,362.8338307698875,143.82659326171165,110.58856054220843
85.18962979019683,373.8574880976788,148.23431806832085,104.05887527223561
48.39347884915111,384.8684829053153,157.0755885711538,97.40052726406427
29.744815327058234,386.2849916962778,161.28317045623118,96.10159197919563
9.399543367649954,392.96715137378607,157.87517669541126,101.28665782548795
2.1294422294535877,397.13650500217597,150.32977873856515,107.1372473545412
0.025766177594960027,409.99690189684907,140.38485644597716,121.78774169463578
-3.4934483040751303,416.13590417214647,135.6894941434162,131.1840639260978
9.178287744610003,470.17159237008855,135.2715916586827,135.87514370482515
60.0399223453916,529.456339021303,138.64751063681211,137.14881467104186
24.741198901645845,565.2014859636147,144.2689835669956,136.0292153660101
10.260869287632048,573.9316752861719,151.19513621612694,131.3204453273261
3.671551650620316,584.6275879296048,150.97448968012026,129.14624048179525
30.143409976806637,606.6885063063194,170.39928696067818,115.61511804644226
23.3790118216112,596.3467060355895,179.94627289104113,110.82285759952853
29.965517319089827,614.5341022073876,188.8452706958771,107.75778277651983
47.665041688077466,601.4381894573452,195.96581266137204,115.6066106406758
44.10237721324269,584.1300245520297,199.67266860654215,123.59691427481641
18.99105093623659,458.360822255897,199.89295487413855,135.5400886113096
15.387527550475824,363.2545136669936,202.43712824839076,135.28920242801513
34.80378667814807,240.65639842246884,224.80929842051336,117.24900552582838
26.200570652121115,217.3500256991789,234.2266402919522,114.26047638922559
93.54528346540434,197.55948007835775,247.02923854266578,113.98297239603785
169.35206957668885,147.65858321157606,243.95806766039018,118.59018864140822
153.68568121573549,128.58789314356454,228.71978267951863,130.62806687205915
142.58110502386683,137.30204476990906,235.95887164331737,129.04595636740555
132.5680849104275,139.93863943988327,237.05691580160496,130.94256093846982
105.54388506811402,129.15613882666986,239.02024307809089,129.13711224462494
94.42779299300538,136.8111948274855,245.7970835058742,126.69540402740941
68.49245918571694,143.39754415585668,257.16697822224967,124.02766312947736
48.4425752611333,142.60386874505915,268.9238870693612,123.1004178552609
33.277532501902016,137.96150498594028,276.92844851825816,123.18816912596947
16.23992492896221,130.688598723932,272.2650007099545,129.72369829618276
5.874306808964775,122.35623012173323,261.38240709878164,138.9192005778529
2.560297828033754,115.66363537857255,253.48173894873088,142.18681434768408
10.376077725268544,129.7693748588207,266.7446241547269,134.50753051451
0.45690092625265777,126.98998883559736,254.3154080632275,139.48635156119747
12.198921091920198,137.2956522632934,263.88060802253267,137.35323791467948
6.0231836987572365,131.91658441439353,256.7513564979246,145.4390164686979
16.582877805069003,131.24848733224226,255.75908039674894,151.69929747942797
12.00453097552895,114.82256715006005,256.0980301761555,152.6380413001736
31.118242600297634,119.91214198160513,261.97715314421896,149.42149737923884
52.21800421257814,125.66779259884107,276.7075968863908,145.3102283697215
60.63046562569181,137.84268218866453,295.2175390363842,143.02053242616955
83.12334638876067,146.44540696784492,322.66123335139343,136.51615365717365
35.09857192521912,130.39812567646464,346.71358814012405,131.6639975676015
32.64196592759319,161.58172699203064,356.33158816506983,133.69370010433948
9.92831133126694,140.43954019137013,365.6331095972389,129.00734030148323
-6.388281180212573,129.3861802456994,367.20155604838953,129.15972504363634
-1.5823395495223167,148.29285234906018,373.5228177551814,129.36481174642702
7.580766050316726,157.70388704123508,373.53139926358267,135.13978660267483
-17.96511219725133,122.67206790161767,366.51278066366376,137.91003717467626
-14.30734026751881,139.96859092953625,358.67630661942826,143.19517811874692
-17.185155936172976,104.84880061993988,338.5849078948638,152.72248610018806
-9.680726311520232,131.70692577610475,334.953652293254,155.70302362891334
-1.9188478668530422,115.04980426355036,332.5382028564852,155.92448196486208
5.844260383992776,139.9037310752924,327.2404522756273,160.9923646743519
-0.18465418846770376,118.29443831903062,322.4582039029404,164.77717762636266
63.52381426068436,198.44703897614096,331.2403149296979,172.35349043721217
278.38193840104304,324.63341442693485,309.74516985396014,197.39384027128153
293.9411292544907,317.8792433289391,310.0870754337367,207.7693551083933
272.2888548592477,309.7696301894051,307.5208527337139,218.05241598192052
