376.5,280.5,18,11
385.3656475997279,284.9329296351156,19.378288118624255,11.194602261551132
385.4858535968354,285.5806327072592,19.643328217697253,11.449941573555424
385.75110605493194,285.74538574697664,19.7556790923024,11.425140551180064
386.41831008064486,286.2097725782596,19.689435471442486,11.316902650820662
386.42266182406416,286.6255143958579,19.89730982359132,11.150585597680537
386.6817199253056,287.31176198332435,19.287720799919654,11.126662925424261
386.742527477348,287.7940353268183,18.882531356474523,11.219128387613951
387.6568201094712,288.21537754684505,18.610856848395308,11.41824610705217
386.71190669468155,288.5779407736734,18.622671308389876,11.210021808454828
386.19753432953536,289.2766082374025,18.72034048412685,11.661318588327163
386.8090158724683,288.9252044581337,19.142010276994597,11.885418423905962
385.10982561733573,290.43597798431495,19.50735662884601,11.445935105017204
385.2318931643694,290.51868207792796,19.69631155671035,11.741658918764125
384.30869297667823,290.97959765226955,20.238077769735455,12.137246209496123
384.7528936773388,291.9127188456393,20.207759237929103,12.279044938852001
383.5450931087911,292.4682740205112,19.934187312772615,12.489453078745806
381.81376059486007,293.19312554964245,20.46758517420746,12.374393003249727
380.85346188886916,293.7194214688242,20.44523835441014,12.423339495313522
379.3405599766205,295.5263019614276,20.700806754359878,12.03313373775095
378.41366148195124,294.6985293349444,21.225962834004264,12.69360632349418
376.9974341109336,295.69851108172315,22.551883080513065,12.810221154385541
376.4796512172328,296.64408526533566,22.479721601270157,13.377051425534614
375.47211985874657,297.3792695931706,22.102256454808522,13.148430336430678
373.2635930356262,297.9564936043751,21.93623954903684,13.251557520317759
372.39955078391495,298.67342709733845,22.663541782548045,12.998176554335974
370.6505334245489,299.1727207896436,22.82430217665442,13.31687215658144
368.5370162075184,299.3021148235527,23.495923517887192,14.0108364297947
367.28526012521803,300.13160706797765,23.315202593286735,14.638574469490496
366.54330826803937,301.22000948767084,23.47024137103829,15.394649057596876
366.8249749839795,301.57609233409187,23.672657064313427,15.921054900665442
365.46378859927523,301.68932272145065,24.339769657980508,16.155179263906366
366.77029612674073,302.1011881184728,24.85798190557413,16.55812585162795
368.1964631108944,302.62173151675137,26.426220314982583,16.499110390225
369.4441877753228,302.40771612854184,28.211529579493096,16.705956169583402
373.19568934416134,302.1420964048213,27.75606576491521,16.396900065406765
380.0645035510101,302.6813286924035,25.811915622840232,16.787624800904243
385.46760087378647,302.25883175626564,26.594652490304984,16.342068310748136
388.2980439330715,302.39953505368936,28.953035887359803,16.365733741641204
392.14670725247544,301.98756155792216,32.37869376138251,16.378311106015566
398.13038083928296,302.11269511552734,35.510587588495284,16.611079050314085
403.9803971305813,301.84531659887733,39.405576245639494,16.69328389446063
411.79171445524156,300.5155438204161,41.47171353584805,17.607146664305734
419.1765198324864,300.76714554322007,42.731030488882595,18.334441517853996
428.77266679304415,300.5385045394345,44.09194616897355,18.495631220411223
439.86887369740026,300.8037644257795,45.34290847801597,18.77189099791112
449.83812426046967,300.3625394128543,46.57951057976304,18.850376500459163
460.8706137630691,300.8222858964333,47.75522211002723,18.86706676715021
472.06164964054886,301.00197206340823,48.28342529129114,19.40814731184033
484.365052444827,301.41698460835715,49.92939434735849,18.95854427345758
496.1220089931054,301.77416024903863,50.072200243466845,19.594870945018073
507.08433395892894,301.7544901258454,50.497613895047095,19.88575267146754
519.492562008011,302.0487648924397,50.91795099631969,19.858937926189636
529.9441360366786,302.572528544223,50.9415657964736,20.60406764863144
540.3742864538808,303.430826546495,52.15307266294951,20.396184856102888
549.4761806437941,304.08121612364414,50.27530262233522,21.24432801838786
556.7351039117426,304.59125636377433,48.6338452015758,22.125458704375152
562.5636860709808,305.7882172069674,47.375973316210384,22.210033141044264
567.4458584764845,307.0577016758995,46.35982767998362,22.59908105185968
571.1133946890922,308.9808987910867,45.14687296163258,22.826161677004627
572.525596652862,310.1691154084309,45.28934480596211,23.035056459184204
573.7633085554648,311.2969846952615,42.35662242986435,24.376130441374745
573.6200495947601,312.29550298553323,38.87794151174173,25.611786571985633
573.7115286209454,313.1011272792759,36.42082152856872,26.284202910483167
571.2576126776656,315.9252086623438,35.5641501328003,26.29524900919088
565.5163350373357,317.6174277661096,34.30166785981992,26.67771385457222
557.5384468285151,319.4974142624016,35.158906004525285,27.851862869730454
545.9356074516581,322.3439263823751,37.36983617465157,27.63361212663765
534.6038687302533,324.4851226729654,39.373039808624966,27.938592641547636
520.8119003563742,326.2216804758324,41.57540367604157,29.401977827113164
505.56496228857793,328.80620308805584,43.66117616254138,30.88321491884738
491.8646279746528,330.57679941823517,44.84486599209945,31.89744890653509
479.7312286863364,332.5011388940345,45.23503958726925,33.47263149265018
470.5841697600248,336.2530642850939,46.2447745845302,34.05430224385452
460.02979278088276,339.5973108951914,47.4828321905225,34.837720429519365
453.41451171173105,343.19284268484745,46.72248023166757,35.745063105143416
449.5101270130619,345.73688368064643,46.501082995237745,37.36034459248081
445.6094074869326,348.92701617250043,48.0158728393366,39.31424324515677
439.4350993638389,351.79857484480465,52.44335923042465,39.44223939507
430.7322710222164,354.7413100855867,55.82598198868487,40.61993861793075
421.9327356777247,359.0871924743374,61.80219434746723,41.480074987578824
416.1735069470526,361.7051681822574,67.47380851672388,42.72980598234701
411.90115786730877,365.12373632982485,75.5765026967069,43.537153149290354
408.0789416359718,367.6811058005318,83.95996218283182,44.75740510390256
408.69213925352574,370.9652056406277,92.29996186916492,45.55508021878736
413.3786390615297,372.3955943596631,98.96812579213446,47.648218165938516
419.46366592744766,374.61305330629295,107.74671076178078,47.16977857890673
426.9816631001419,377.0185863062555,116.39015147410551,46.099207092593915
434.0000328622217,376.8172944989901,122.4946506942195,46.79597716146439
441.1152550007072,377.3528449959412,128.91488636713578,47.66333943577435
451.3366252611673,375.8662531203114,131.42461605907545,49.79186456145699
461.5052856543171,375.75116137853036,136.08242244137213,50.20997156270786
474.67017605391374,375.1367746220705,140.06460766211435,51.118747071160186
488.2317609442744,374.0051528716841,142.73796615143002,51.87566594763128
503.69797884675245,374.23906874724423,147.12309261066912,52.64032810658773
518.9681790203723,372.2527501882244,148.9261382412124,54.141589518343565
532.5046225272516,371.35663022056247,149.70250591443963,55.31042286337542
547.3527876306298,369.90087739764334,151.38470398978123,56.07873259293595
556.8053058285483,366.5074716541956,154.09578997511295,57.40472723627802
565.0141147287235,364.68949944143213,154.13886993423716,57.013059388437675
570.6921032811026,362.00533511473117,157.934054744259,56.892958514635396
576.0889360870575,359.879337167293,158.50065078449055,58.0806789175716
580.5545822421582,359.4017135774585,158.65414890296032,58.32670366918789
584.9116365015078,358.07746695966597,159.00277527070125,59.36128321485414
589.0769399859905,358.6999114518714,161.59260595293506,60.627147590349
593.4516304612814,358.0135566307735,161.45378487376428,60.52436243874249
587.6556813134921,358.4833772572905,167.31528983812564,59.782016458023094
588.0749469219877,358.36174559410455,165.29989448648814,62.34227247062272
581.6100021622868,359.57086949535085,168.2568026010521,62.005581148134155
574.2942783394553,362.94660533970676,166.79398687026776,63.116669955654714
563.6223240273882,364.30995549652965,164.58231318372853,67.66172032622282
550.7998853381337,371.083085828761,171.1156259134276,67.79468148109709
540.2258233923384,378.0175539108267,172.19124334683843,68.33032641099317
530.641609790561,385.2042255354882,176.77151853207408,66.74630391616418
523.0750048619157,391.1590740228827,178.17773270481203,67.51116998157022
515.6656043785922,396.0903876989843,181.56093177364693,70.84286807093139
512.6432312922605,400.6007480812536,183.16620606899835,75.75802250811186
501.15048043374054,408.8727428897189,190.00092141156819,77.2206053485315
487.81734824315964,414.97135535952685,195.13119728887037,78.38027380398009
476.00481243439657,420.04408589185095,199.10351797606918,79.04568541303337
456.14613052655864,424.28179887471316,203.36802204160358,79.57449960031474
427.3983916733126,423.93574610934303,207.42435939620978,81.49925176309571
391.5583002851048,425.3302468782387,211.70593843385677,82.76963234349503
354.371784542187,428.403164798712,216.86269511931192,83.84116148826482
313.1549109021183,431.9451347172539,220.72434780037452,84.02797511829431
278.4740782588483,433.58702786651673,224.9701274363327,87.33917660188389
256.6350023137983,434.5184228885127,226.07269325234785,87.67189329365127
256.96610199037787,432.2767916808972,227.64557646692688,87.92087198784387
261.27678885665983,426.1964361907773,228.72861718687648,91.19219224762148
268.84778485008894,423.0565709933981,224.9419671183119,94.74617434371987
271.57200515016547,419.2312054019518,223.27075313855764,94.76251322007901
271.57714437546747,414.10429642268775,223.9195134905521,93.78985048450221
263.08233688754933,408.25109446158075,219.23336943547037,92.87803131189045
249.8841879860097,402.63128647012945,215.96085684158325,92.96136309338232
232.51322895852508,398.05181036203226,215.76431066519842,91.76137087579951
212.75560900855393,393.83785579991314,215.76760763421356,89.40041403678686
195.78539989781302,389.2820849566339,214.05603235484895,88.39456978929455
181.29874622668936,388.80777745741034,208.51841385314134,86.22579508571414
170.17295780384958,387.98275353169606,205.01829242859145,83.72648746296323
154.99369675072572,385.81120362901237,211.2784325589834,78.41211915859552
142.33489891321057,386.78623625458596,204.81396785399377,78.60294987602299
130.3476729174811,391.08320442506135,210.17568638055053,77.92791459326712
113.17074829045654,392.9360701906258,213.45348051114593,78.3872434747763
97.17313544558313,394.10413678966114,215.6473596732845,78.52241324708014
82.89613079163027,399.0286716575913,215.0144455403332,83.75536487795637
72.6598664467857,411.11882807589404,213.648427711937,88.36042148699951
60.54493563898566,421.89713756865797,218.24794291807774,90.13506968677231
56.83475315134058,436.1971270238961,223.27551527266246,92.52981938223085
60.579059637997005,444.9787692660053,225.4335591849819,95.24408389280887
69.69283949386585,459.1159067815644,225.93845114509952,95.12860844288812
89.52949641795229,469.4738379975163,225.00968808317572,93.61002959105605
105.37921133591105,476.1780717648576,223.0599395935499,93.2648474390707
127.0265072100857,481.8539748751805,229.9931528743769,88.73803385906677
138.9408017866833,480.10839500723716,222.81241416201703,91.2370304710193
156.35005293853942,478.82444525602796,215.75596974321604,91.07697204907183
169.3733857832841,477.0130160458792,213.0436790876561,88.83087120579438
169.38725167112312,474.9549729339759,209.94096732077676,86.29439761202407
167.3260303385345,472.525434781622,200.59910539922444,87.80457133935111
162.15124402341445,465.28808431382225,199.1416643420359,87.34124519613587
158.79732643100593,455.99659084679,198.48644572783627,83.31611280874219
156.008345840122,447.6069869416483,195.7573233746132,81.81394583475972
156.9257300330554,443.779258711553,198.11382049104574,79.96340451533155
158.09532061482545,441.28679012304843,193.455994528168,79.73713690178191
164.0946551606664,436.36879688034156,193.7046010170156,76.5048317102703
171.4392143928236,432.4220652825329,186.5242201106324,78.87898060653873
182.1224168477671,431.23545166046597,181.856882669181,81.81279912741446
187.93533371272628,434.9287778559876,179.77467321584996,82.20218233556494
201.40359797310805,438.95573041192154,174.6855990477404,81.90243854931522
207.99519585905932,443.1894533532628,172.54905558810086,82.81011605275808
214.54488183368233,444.92527363814963,170.45310479065708,84.06804013086692
220.76450364436312,447.3971958908381,167.4079353977244,85.31708015005617
227.39677766433363,449.6993814285807,167.11367120830062,87.2046297320165
232.90973525261654,453.31541335140264,167.6373427071893,88.49422449495655
233.89959005565495,454.6338974779181,171.81001213381973,88.03925853421092
236.4749084555383,452.5985416415864,175.86077564931944,86.8033418597188
242.30983398088756,440.632036814618,177.49779703618006,87.96795048257287
251.53902743927182,424.8739402192426,180.09492941923577,85.76050967828023
262.27342519376924,405.0264573161592,177.29760425754606,84.60675377698577
275.00786011812306,389.09643584113104,181.45976283128033,80.83408010283907
280.55174796061976,372.4836081712725,181.1445872897283,80.77913498591758
284.9121018573886,364.0599551476632,183.48838854417156,77.14600907222348
284.9631854616423,357.46166281709174,181.4696465145567,77.27087656621839
288.7570491273328,354.4807814767923,181.85611997724104,74.5189750169686
291.9342574537162,348.6513711242022,180.16817628927964,74.0514328770519
294.456978473343,341.5412860935456,177.13850975468162,74.50790746283215
296.7603879511784,334.3386885975625,174.57476695254786,74.36867400150153
298.22836951419254,328.731575880624,173.54932655865485,74.38071851822227
300.86484466558903,326.2924907375444,170.43584026019892,74.02009045065762
303.99176012620063,324.7730002094908,163.28916182634748,77.56274513624022
305.20128948192746,324.8839039557908,160.44715025391187,78.82658341642357
299.5614244753176,323.682151804599,155.92404708926588,81.70906917995816
293.8157195881907,324.9044999025129,154.77893704477603,81.22085863339251
288.648022845965,325.6630606885729,152.24811981092074,85.08563651814063
282.1200230410607,331.1833272497005,149.9810064800605,89.25197229430213
271.68228191551884,338.8359635039999,148.43825810957782,91.49184981812363
261.97012933002696,346.9123383710146,146.74112035093708,94.4217769531562
250.35270764251982,354.69320683270496,145.52704157681356,96.96159890633662
237.5748461924731,366.0488469937277,149.3003358418222,97.45722069569673
224.9114068164447,373.88031029483824,154.63452214179242,97.83681111204245
210.60462649114004,382.07648913381445,158.83926006501852,96.08703283739187
198.15918581602955,390.83481876805683,166.45506421058244,94.72557114389002
188.98156920595267,396.8122989455553,172.61892594529525,92.21097672496614
181.87808709443846,399.39040485495,176.02670724021456,92.84703291695078
178.03766540673257,400.7630200006462,183.70826872159182,89.77717085544191
175.30571867307523,403.3581882235903,190.05518274420223,85.57377258266709
176.05710224392527,402.989275980052,192.3963921982125,84.32191858699164
179.17092806938487,400.61424506583074,192.22628350708698,83.94400751971591
183.01680734006192,396.55560468910073,196.4070888829716,81.1513785789025
186.28434792728046,389.2088483139088,196.2969190620203,80.47325650051533
196.7235112384646,381.0692307236433,193.7889968537772,80.22857641424324
203.594020610519,370.1957660681336,192.0444430480766,80.50385695845866
209.71666966407872,358.4634642447419,187.28615265732174,80.52033443221757
216.54493906249488,345.51479442797086,184.25992744540332,79.0637446663533
222.69565549697998,335.40501875656514,180.76356405029418,77.36754838171916
230.1826463603752,323.62003032225914,176.45348312689768,76.49010733677943
237.08386039089464,315.89298905326297,172.6839451745673,74.39129454352987
245.4831171850049,309.5930983881419,169.07331455589343,73.40135253706069
253.02992249373762,304.5551427506167,166.20407364159678,72.74326931665536
255.78684564691963,301.0314778124919,160.05190474193452,75.8476296867749
261.39751021997466,296.26156525946897,158.65651593990458,78.2566736569253
265.907354264767,293.6112763851504,157.60965828074458,78.02660917278628
269.82273539940746,286.85031715945763,158.00773268209937,80.33734580684774
284.88116432055773,286.3351670948107,148.73221523932614,83.16069329187263
294.2767782337014,290.6077059943989,145.29256754607513,83.0129467605613
300.4878103106615,293.97415823391736,141.1543879093986,83.91369845420007
302.5233900727628,296.50855051778,138.6782621510719,85.8341886370334
304.2840526309328,298.4486988957338,130.15371350285113,90.31651209186187
300.9634339687961,303.7226447563549,124.15418225816941,94.34242931317749
295.26713711953596,308.7867529168967,119.85181921682153,96.67564545628576
288.3707796997406,313.81241815469434,110.70283346007575,101.46500184559285
276.885355045487,317.90448828473416,105.06073028098044,104.93758614860052
267.23615348648,323.6875647338982,99.07239448158779,107.60992954338299
259.0753255681722,331.2059460335201,96.61604683307749,108.96861344523607
256.391500755407,336.4355935395024,98.40701966757558,107.48815256491793
266.85618147025394,338.80495031615607,97.91200995372981,107.24545108445054
289.07985653047876,336.7478733565228,99.39431108921755,106.26987905748342
319.7807565379429,333.604310261931,100.57751476640959,106.01588148718471
356.45061391125296,332.6171433486876,111.18984241505295,101.96836694719102
380.33921553198815,328.1886323287812,111.92208335052706,100.74760646488431
389.34851954876285,325.81714320722386,112.8803200481691,99.83451373081911
384.5667738541032,322.1066600288324,118.16356107960821,97.53991981557756
381.8778250940779,317.74893697038175,122.28855531588142,95.04402431417341
384.88013111929223,314.45810415000886,126.7988570881572,90.02406368797332
392.4271003236361,308.83284158397856,129.52048225641167,87.8296071944342
405.50634206703853,300.33995405288493,130.458260968798,86.0206423066815
423.95018816247926,292.0130271170857,128.57069745185814,84.12260988146078
442.38181788116276,284.73902424981014,128.84030530775175,81.62761057066515
460.4461333528695,276.5478560758574,128.6771320971685,79.4746750772293
470.99796808990396,271.2714530896253,129.35349805857038,76.76672399065563
480.53412610016335,263.7312480285739,130.27862818351124,74.783528082407
491.6158649822191,256.0845937969953,128.97298372908298,73.52819048431684
501.6294774529198,248.74916005446767,127.87298394723956,73.16998148486813
512.9557825283406,242.17431063578425,125.6079354079114,71.46590483449312
521.2345394055662,234.43022768950416,126.32154242147854,70.24000136699415
531.9073852586397,228.67043824133364,124.50231446155978,68.12499369125584
544.7650233185342,221.27700503326713,121.6642291213394,66.33883025206755
554.0671768033584,215.55961919032612,121.3142164881842,65.69320150223467
564.0070611821759,210.316553219418,119.01548314487718,65.11274730517012
572.0041645253775,207.57329518727147,118.77329723379557,63.200780588089934
579.0122174434681,201.70153964606914,116.6381867283002,64.08509538654553
583.8312253360255,197.97612401291838,112.04032378823815,65.34698423102228
589.229396208661,194.52869123308716,107.43212179692333,64.74974493621754
591.1986904174776,191.15364465571008,106.46448789931368,61.903807512686384
589.0042693197558,185.5005257560913,101.19911763201667,63.99289390410905
589.0789623460598,179.85268301743406,95.21280617161591,67.56071391824352
585.008680844507,180.0271830267527,91.50319105334232,66.7872503095681
579.822979127037,182.26149111851237,88.5751688224114,65.58032337445869
572.4197734541781,183.5297070345773,84.48690734163165,66.02196105268257
565.0157513392782,184.91256425358944,83.16172698613852,66.1897279518564
556.4233535083441,192.84213087909217,82.68317936294712,64.70579410908161
548.8366652554396,207.31512410460135,83.8338412078415,64.50720478803945
541.3118801857631,222.1231506146758,86.07070379322172,64.32551695461716
535.8465305548341,237.60558821699422,88.43462076776848,65.45949774807768
532.3127791241652,252.0974712051074,91.7488426055099,64.38698986874749
527.7105175554653,262.06764614104515,96.5960977176488,63.97400963538476
524.4641035538419,265.7319466198983,101.7511597296058,62.636159240704444
521.9793903620331,267.6918506358535,106.22556754790392,62.707003896087386
518.9637643546895,269.12968728272006,110.49479929033996,62.71665980658619
517.0320871249754,271.2181502774513,112.4958278970878,62.07689765897422
515.1421401934809,273.0781065214468,116.47042167533235,61.655204018429856
517.9250242150885,274.5934597444304,117.17409395154587,62.3799277548807
517.7869917619616,272.7366887312407,119.17339384567245,63.064038215178094
522.3768123104787,274.27094337756733,120.45446071920745,63.095095706477196
524.0145498535917,275.2102424674254,121.22220400041022,63.21437496599053
528.4692478207833,275.3171517062224,120.97838552544098,64.15353477895191
532.4334316226875,276.8102307641475,121.9407874145222,64.49119191172714
534.9954352837279,278.6031487663883,123.23781087865032,64.19413539381912
539.370155360491,281.18934963209324,123.88880602789587,64.54673173564221
541.6864409952541,282.80975426402085,124.89870734780195,65.07880375370601
545.3345793170116,284.0707689080107,126.69753069051117,65.8518142149091
550.5179167035654,287.42344561320465,127.49850193685214,65.55376348646998
555.1659039210809,290.023927249204,129.34159157204294,65.6840704779166
559.1508091405495,292.0448278343696,130.5502406922033,66.16264281086127
561.4370223972998,293.81648115198243,132.32379516348539,66.83321625886946
561.0684382922059,294.7087372824768,133.8805537222146,68.60930592503911
561.3215790606187,299.2374300329219,132.46330713239945,68.5698861871812
556.6785303635849,300.9892466832795,135.47685079095774,67.75857396538615
551.7870807546898,305.1493788041614,137.41310246988996,66.8669795063791
550.6858148116916,305.9844482925558,136.66511447007323,68.15664972707431
542.8264202367293,307.60757490015845,136.76843707450408,68.21988153739781
534.5989732095409,309.02108472060974,136.45954261547377,68.69005945343295
524.8165226246849,311.61085618392525,137.9139172916109,68.71609867685075
513.1036325125342,313.4836808617201,138.95625973330084,68.55236524389366
500.7673864533535,314.322769837504,139.81610456215083,67.99916024897158
486.24270885136997,316.93032920035733,141.79259538119288,66.77733854422593
471.03049536771414,317.38956215394813,142.13157679452118,66.71732145423698
458.59351979841307,318.1968110459809,142.93837553877722,66.38926476672094
445.35839700813676,318.5079435769251,142.48415828294375,67.46581363453966
432.7439943771209,319.38994445392694,142.99385260446027,67.43590591111119
417.58883068374894,321.20025142417694,144.57038248809485,66.81014364709824
400.1170998966205,323.5493347378297,145.7980688622512,66.5564263364649
380.1478323270708,324.86377017016406,147.4235278142922,67.26386232315221
357.2147568842757,326.36701469981205,148.1938695859842,69.02725193248547
333.9533412708774,329.13964913565144,150.50434878562612,68.82658244987128
307.77619423310546,331.7650339646982,151.43822992260988,69.6939064650299
281.8882680654207,336.99020929585686,152.71257982870478,70.29517463251875
255.5828022138968,342.25215335781576,153.79787991610485,71.44437170771093
229.1837151014028,347.52386209158226,157.21293017939527,70.86999083492975
211.2630496893002,353.12445055722543,160.33803149370476,68.28936623555816
198.17338251702213,355.6997736685301,162.43049352404552,68.66060786109442
187.55471075087155,358.43507675550904,163.2264556252385,69.83595463732608
178.24573051816878,361.10340378439946,164.42768766576054,69.73728175860906
168.06886758860583,363.6043696795172,165.71850063168748,71.7198344002223
160.28488898682133,366.25094965674396,165.39335539361048,71.99288084385704
146.95734019300056,369.1619833464803,167.3855465431589,73.05213120781261
131.1279793923281,372.3858633456746,170.28833808211695,72.85444445660853
116.89492679168006,375.8056801363618,172.62273211689444,74.25365469998074
100.57899943579677,378.52768471045204,175.7621625798212,73.77223029444292
90.19596191653852,381.01786947690664,178.37240100686245,74.21493058900529
78.30418989834497,382.7980690995899,180.23143902538462,75.56516830596902
74.55627297154047,382.5626047146727,184.24598098350833,76.56912162290293
66.27238126000266,384.0179419233871,185.42051243990622,76.91078884707213
60.02674746008556,387.0709360230347,185.01457220116768,78.03292833567117
52.333121381283334,390.4489564406164,186.83372098451846,79.18487377521555
50.9801437019031,391.5295310921472,187.75958464087427,81.80110673186766
53.674976775814784,394.0882143330846,190.9195265795819,81.8642979970277
55.28201463706871,396.3696801081071,190.35000071454036,83.28946078387125
55.64069736724883,398.13849552032525,188.0439589835699,85.5857138674656
57.812851629588266,401.01167399317046,186.96929760604843,89.05558519996303
61.206867166105326,405.83856765211505,187.59807734499435,92.11094542911067
68.81773998598752,410.2705391345664,185.89025923562082,96.36474613835989
78.64882225613744,415.004757511078,182.38816712094183,99.58424267736817
95.2183873417747,419.5436187808282,174.98014408460358,106.02364927334742
108.31047799365689,424.93702588973025,169.18585091180665,110.64601861522348
122.00015737034587,431.4409244851623,161.07042565273008,116.4112693019575
134.86176088296827,439.16292639116193,153.3910328821386,121.44087768035112
148.3440232623625,445.8887653395851,145.38743371140527,125.50914948448403
153.9326160348482,452.20734273970726,139.31789736000994,130.85531309916848
152.28837388672156,462.6563822870987,132.3103380358202,138.33503618151911
142.7144623990963,472.9118652195666,126.89990015579995,145.10057580800617
126.61751600951324,484.6288002824258,125.69848770473104,149.7571464609618
112.40922561190483,497.9276316569329,124.85041589987733,153.2988736556791
102.15472487420939,510.62045904015406,123.97729810060393,157.04084477668965
