423.5,250.5,43,68
420.8728573561719,250.42546452358266,43.87749396337141,65.78076492707896
420.2256977470037,251.8137399206247,43.3268532461577,63.87377003977062
419.0908679878346,250.83825829733496,42.90250903112839,64.6586436486748
417.35091280398734,250.65336386551166,43.43222190830231,65.33280893718641
416.55841970583674,251.3567207266751,42.40537307766809,63.96626984133904
414.29987743082495,251.43147224764186,41.94799942701126,64.77397384366239
412.5695115705762,252.04392716662244,43.05524397303708,63.705626792359126
410.74409479468306,252.56863993183921,43.93738624038798,62.28636130617842
409.63435017622527,253.2969180528581,44.63620520755644,61.58696306998244
409.44614296002555,252.5197226603026,43.840058703668426,62.187033915795354
409.03781058149497,251.62497450665657,42.6578994765035,62.27303605271477
408.0554586844137,253.0408059051249,42.00996691883367,62.350523469416665
407.35999384056146,253.64773765913668,42.20896656228849,60.90174873440479
407.54161003472416,252.53272697674925,41.99868575613537,61.07571578012457
408.7171715888886,251.68057707913403,41.10221495363239,62.54833389515272
409.6453304933236,252.87547894901644,41.05977222713172,61.14125652586724
411.3906112385783,253.14821784142828,40.548942293935575,60.2503971893905
413.7177299656822,252.89784492482508,40.300448183472064,60.4377685798284
418.5163253776019,252.09786417492566,40.761939545019594,59.87129679447817
422.6498817103849,249.42778768741186,41.56123574218752,60.83588568283645
425.3546745474021,250.38833430372893,40.61300851007516,59.072610419568235
426.869028353292,249.6027816890561,40.11387312528915,59.4392386530626
427.65190507623834,247.8404733691914,40.00159430435184,59.315444194634914
427.54435312978404,248.35098463745913,40.304451411050884,58.890214793331324
428.61350439698015,246.95489227723158,39.717003263913945,58.963908749153255
429.47645778861204,247.54421569012038,39.33486013562947,57.914935775394746
430.3950002984352,246.06046651356425,39.35879338848753,58.033702907901166
430.7353926298012,246.02146209679313,39.17146531550789,58.56161793785489
431.7969676347997,246.46032731777473,38.95016215798963,56.481119054882015
433.35844987265256,244.3297594902928,37.9517880255182,57.566900772198856
434.54623028571945,245.44460814525758,38.0661010857517,55.81625839783237
434.5910000557036,244.68658985365835,37.715040558188136,56.46379051035923
435.921911901426,242.81376029376952,37.56098368475911,56.97720126724815
436.7227683615435,242.46275326146684,37.72564478280368,55.40243063741625
438.09529789149576,240.03950966944527,37.316537170635094,55.97199952563806
439.18870292434923,239.10899987032454,37.40654114864378,55.741876212638054
440.7979176839685,238.024838843276,37.23275604117045,55.63910306631288
443.24496807189325,236.0314040449594,37.29807098837167,56.23861263706863
446.3091886433462,234.11183596064228,36.36164306850917,54.42082281191573
448.691670698802,231.24755571885828,36.16919469368388,55.30291009941382
450.31309418061346,230.1600005138713,36.30544193621867,54.809917053530405
452.6977571817661,227.66758954683058,35.9076712819622,54.66480174005709
453.81832935184184,227.69578849591647,35.96887167603408,53.65674424256548
456.11833072454283,224.94112331189308,35.30203150907908,54.337916731860425
457.09390186570573,222.91986868035647,35.04304549794147,53.76471395302752
459.08413234914923,219.4565073170502,33.998370840025125,53.98310976183825
459.41546795959215,215.586165290019,34.459162005521144,53.12718297545399
460.580659630935,210.49727945396216,34.53843246031343,54.37545923331574
462.5994513060832,206.91930604799788,34.46119166314021,52.65342857491576
463.86676123553303,201.7595183591313,34.15935538564985,52.49726383589292
464.4167070703968,197.47035134909802,34.13115917611275,52.81402954332839
466.7401229901171,193.27178794860913,34.21623307088151,53.06119754107226
467.90868958872517,192.0725278010137,33.77035397474048,52.63704193372173
470.17417087808377,188.97244457727172,33.0202464282878,52.7657955626155
471.0403770908117,187.35472685710016,33.031834830301996,52.7250236212359
472.8901612832656,184.4279876419157,32.26650542346472,52.735466657165716
473.9404573027497,183.07732174143126,32.74764320385028,51.679297421519976
472.89231066908593,182.3007755920249,32.79604435059976,51.50054739068188
471.8518611252235,179.65362403492782,32.37395374139817,51.95831437173208
469.419951664935,176.77422151837217,32.250478221645466,51.65090756836204
467.4750677137763,175.24384172828474,32.380195508455316,51.93832941454309
466.60866222788246,172.6629732715155,31.85848148637378,52.75340731363738
466.1920454665921,170.5441546431104,31.357912591474204,51.66962540351304
465.3301706489468,169.20614034582388,31.1905160857114,51.3885858377587
464.1247426467147,169.04547096819158,30.91475720371907,50.7579677972752
462.07428869326316,170.69875882248047,31.59951966406591,50.486306208153714
461.78728167502544,172.1844064925644,31.077880675705234,49.978202202765445
460.55142396075775,172.19806772931761,30.499785803391713,50.104974094220154
459.9656201328893,174.86874985860467,30.502958610422038,50.40645932036846
460.98643704497664,177.1266978340321,30.40086348427814,49.70283330712617
460.78252068087903,179.3206408667375,30.219104911508524,49.810063492603234
461.2919202393246,182.00908972504374,30.309297971987466,49.552172968548376
462.0461539592989,185.0759947696958,29.991676630598405,49.687345066435306
461.3005338040041,189.5706360844475,30.023226068684764,49.834288305775196
461.3389078692291,194.8588780399542,29.838749761992847,49.98666056394008
460.49286294405744,199.6524137186346,29.95968362632599,49.21727756324618
459.6833233631343,204.3748821380292,29.85643939576235,49.551647325882605
459.3923912638671,209.27259196232228,29.853851645861994,48.93957929557187
459.119506313364,215.69171961747043,29.33267615563651,48.384259828396516
458.23151671627306,221.86607569837378,29.11682845680985,48.551562618694234
456.8013362738312,224.30616955728587,29.190848381054124,48.22227730095573
455.5867989540898,226.32078927081687,28.77265514009349,48.6504614211135
455.7289447568918,229.31222370853473,28.784773554835322,47.840659014470006
453.5753615134584,231.51793296865785,28.379052786933862,48.220027079920655
453.1001706317205,233.9797042292326,28.712876393063127,48.34047513646384
452.3900436404464,236.73454157974334,29.118827913459583,47.097047781737956
452.70499658217113,237.07546396052905,28.673474438078422,46.56509643962404
452.7203725405938,236.4203774208189,28.81989930350772,46.41488889821642
453.89437238816083,234.56940971570356,28.394140009138816,46.45150109716517
454.5225857005039,234.20234087134415,28.094817912123542,46.3325547449753
455.4714295915917,233.75348064008955,27.97058635400623,46.03495598111443
456.72603674925875,231.5205084296689,28.007538189797472,46.357663644493385
457.3075578352467,229.57124288409125,28.285715672502818,47.079784583347255
458.68155893141864,230.33344678975521,28.373907803795,45.499678313969724
459.3297880873899,227.3833283157375,28.67476628314092,46.478068746306846
459.61821930584335,226.83225950794747,28.124622211509937,46.41234033954884
460.12517679214096,226.86464300411336,28.131673436466297,45.94849241659871
460.2123440325292,226.56015322883633,27.904842130108506,45.72210863666096
461.17943948334084,226.8876392118456,27.831035309852606,44.81710267988496
460.9804848680254,225.7262580439545,27.625102154698816,45.47323038404178
461.30284774636584,224.52862710782279,27.722417252385675,45.33488471358468
460.16818369628805,223.19580994174794,27.694347883533972,45.7664373783428
460.24456750225505,223.66310904545765,27.75765285226866,45.218546309206054
459.6197978886014,222.56782920639165,27.44405595474973,44.913432603590635
459.6658893406487,220.88445206333262,27.46787789051895,45.91029914439041
459.49475515198685,221.0268207259381,27.87094430811271,45.380235549582444
457.90465532976185,221.00230038608828,27.426801067336896,44.89636066748683
457.85760771514225,220.37105703197906,27.120582505296515,44.82900959316771
456.97589331117314,219.12897063415,26.91217734738812,45.072548249414496
456.28418479042324,219.4187766241654,27.43169029531705,44.193666584203974
456.09989626523577,218.94320327517195,27.508382199368274,44.1329647168238
456.84039702222805,219.1230420265913,27.2173518124488,43.98665951930563
457.3283654474503,218.79271185510015,27.50898958604719,43.49081959155001
458.9638045657877,217.99980067581043,27.016992132226413,43.79033246470281
460.2107380887558,216.94035763924546,27.224864473824695,44.05478779555622
460.7023900743432,216.90074783153523,27.160942669187,43.612788333046346
461.2566341643181,214.83053801636592,27.2583529270678,43.26238484313376
461.62988452730104,214.16032542800852,27.274069552436973,43.34340545580788
461.36424367480276,212.17143058098947,26.527314141774845,43.72130445142174
461.79068647721107,211.79715446085171,26.984899086507347,43.19671519091862
461.92656246755894,211.59690553755678,26.924368742281004,42.61923171248026
461.4290606981764,211.84767863903912,27.410776122798328,42.531659947255704
461.9337622110909,209.69442644197247,27.615200824828275,43.39217989050884
461.2675525116056,210.1762387721203,28.061513143979788,42.60372270997313
461.95842191872646,209.44148152149015,27.642693898220873,43.11537210590596
461.54496680184235,207.60965012732564,26.803487341825086,43.81331508609368
462.24271165582724,207.9776711553229,27.365337303316306,42.65549767853089
461.6178946824304,207.86818450466492,27.63986067287784,42.756195046944875
462.3046415706758,206.08406511855023,27.577016231817097,42.4336733425052
461.9032316002572,206.71823923499335,27.925139621859763,41.82752387941347
462.11294396849337,204.39893639150327,27.375552668743595,42.977079189305066
462.2470085280949,204.2272947207871,27.791713498734133,43.18190380615966
462.6640004513656,203.1063041948824,27.445680132662297,42.914012289939706
461.73137827294363,202.6737211537151,27.482036577662086,43.17920476254009
461.9687310757478,202.8717465696975,27.550564588878174,42.71064403381378
461.9338257132491,201.36974532046742,27.433877849668104,42.99537930853657
461.0529602354602,201.78038768617742,27.678361905489915,42.94685966596614
460.80754914909664,202.03626761116556,28.027880964029833,42.058456008713
461.2757062614807,200.796983049814,27.820415575443157,41.94410964170987
460.443176993613,200.9972694238253,27.859110502924047,41.61466448970283
458.8176823402707,200.3888174270217,27.88074615810773,42.713118959246714
458.1253296357609,198.67963784628935,27.818982675407565,43.162258347698355
457.75717998482537,200.30559271737414,28.606520545107003,41.970866469826646
456.6384565495506,199.91389667891002,28.296396649021474,42.28816627031064
455.7947631491069,199.7490211282747,27.92829261501988,42.43151621092785
455.23027463795387,199.6597364680312,27.75807647887281,42.59450445452982
453.2118794857267,199.3004924897051,27.304468812944194,42.9555065841088
453.08544822418054,199.33968986734536,27.687573709012803,42.83475123158545
451.4108263256849,199.035798707036,27.439989096729366,43.45479905585867
449.57151285345617,199.24332520538283,27.43381650652582,43.89154059894861
447.19767139021053,199.68520796058138,27.326346982200917,45.123316499878214
447.11091412509666,200.89145061702067,27.14728085024299,44.2925168275149
444.9280586038293,201.48474612156028,27.295147900852815,43.46179757103899
443.1127390788693,201.94643760029615,26.729093450907815,43.607426279434115
440.5855628221596,200.42451751077851,27.207708162908173,45.2682220677309
438.51926262227937,199.53534792764364,27.705507569678833,44.24813712245462
436.51734135701855,199.81038115467038,27.756208024246916,44.331406071057444
434.76172777125095,202.2875755946083,27.417319224030418,43.799904192185636
432.438010400544,202.84485121186276,27.852278109175614,44.94750672875619
430.1096217869365,204.1069937451061,27.98888098521674,44.532259376441054
428.1660651796721,204.1604136706969,27.943336197589403,44.78142275655264
425.4339006621488,203.6178074806583,27.85921883284807,44.48690690983891
423.1924583596605,203.45270309177167,27.508542609353775,45.645658086623484
421.1343959392601,203.35446656429747,28.179717105100586,45.32441668417203
418.8459041421101,203.75604787673728,27.33223945515687,45.00983539307963
416.6925615563791,203.3819148362482,26.817834254349652,45.71750454361771
414.00542193139614,204.1223486614002,26.81188713182946,45.73867092650506
411.52113786554315,204.3447703839225,27.093679978660035,45.78976312711893
407.91078470143003,205.2257075114652,27.38429890797973,45.918198308727064
405.16663391802996,204.91564046887248,27.605307607775707,46.85479399109968
401.98660581603013,206.6433086019144,28.346377899365912,46.36648002526924
400.43106613199916,206.94991141757953,27.287295657973647,46.39958184170474
402.460272525847,207.34239970953053,28.290193396979603,45.3581351857403
404.2611864335331,208.34337748139788,28.47731777536051,43.48403452292293
407.2600356610276,206.14561574156608,27.77916932941072,44.43921915775512
414.2036764018065,205.5891485604169,27.325145406015835,44.63875742413441
429.2818137464218,204.47221397103462,27.845004605625398,43.174979861663076
451.13168950527245,200.59910965409196,29.080776958434196,43.777166543303814
480.7742636681944,199.38361708477976,29.416786017023412,43.453505726763005
504.11460559768574,198.311912134195,30.468465021311275,41.34472098367798
513.2842053447213,198.63436332054397,30.78573307241136,40.84911397074291
514.892305099004,197.3675198914534,30.650969520256048,41.37529555974606
516.890021537854,197.27904696198425,29.977553879063223,40.516920838936855
518.3803484575606,195.7291158378654,29.389854942475445,42.159817270445224
523.659063105503,195.68232586838235,28.7328699842184,40.86545460396209
529.8114884809929,195.76780375726793,28.464692592959253,40.06270606669116
535.5580065504598,194.7916064680179,28.557513156446102,40.782880009871874
542.5500421317139,193.85786382361604,28.25919329039098,39.92521035346211
547.6412541808826,193.9317614013973,29.220150183036893,39.39110718803891
553.0867021387045,191.9264756237244,29.712593450887454,38.94843656316719
557.8926577550961,191.74093323316288,30.27495192174115,38.5700656352611
563.1150868843476,189.72271120298757,30.447315549594823,37.82282833178628
568.3680617289826,189.00266418008928,30.375823456905128,37.279988083028755
572.6731633628473,185.91673320287572,30.607365385753766,37.86707772411815
576.0451555801959,184.94872682155528,30.27608500318374,36.99779022514289
577.6491366296551,183.16848624730264,29.859808488169065,37.116565926467615
580.7086540769412,180.27839381534062,30.45312172461898,37.54091068260401
585.4197115027026,179.3027310949798,31.248734753309186,36.535892054884876
589.491111490289,176.98825937536805,32.068886603127446,36.10278739878407
595.0404995147688,175.19193877972666,32.11258092220927,35.470114930963724
601.840207512713,173.9698922278143,32.10049648834618,34.84607216960642
609.4544774606321,172.08056711391075,32.42474423353933,35.075083316212286
616.7078223520853,169.7437003342751,32.7700248708156,34.55283899792771
625.8516989187002,167.5304362062969,32.99426809820267,34.3943639435072
633.9769643811148,166.76451277993365,33.79870333534487,33.308946117038595
642.8402325336542,164.5910253737223,33.75209922790411,32.894333990490296
650.8813917675951,162.8699424220762,33.90363821768964,32.45431099100802
658.9168111292411,160.59530909674578,34.43763278789537,32.347430010087336
668.0008617906494,159.29871779983233,34.51623969327329,31.71830676777762
677.2118546703796,158.0835987773982,35.32905724657867,30.508581400563372
687.8391692818038,157.30196322782342,35.84310174542037,30.094934036057428
702.1896440396007,156.43684628764842,36.762447256402766,29.95416097982867
715.8299439624091,156.40242352330384,37.87810861111374,29.047996119814005
732.381510524441,155.71453035565975,37.82458592673476,28.427228311361485
747.532756512452,156.39271551617728,37.76106481321056,27.83289909770996
757.1926659176584,157.08930073317265,38.34595471051751,27.192496559353323
764.1993533864945,158.49914684862188,38.24333865549802,26.53401076175183
770.6349855447193,160.06189110855067,38.217905921423224,26.06875481043012
779.3848023903757,161.58051514937563,38.6406026747439,25.526747100543815
789.0127186397677,163.14320936109266,38.64865560858101,25.317634783741173
796.1529640881994,165.51811129291173,39.020798515502136,24.35591793601911
805.587652170003,168.06036685572508,39.13454162546347,23.92509976186604
814.5142862933156,169.6946881518012,38.91624736704915,23.893096391360295
824.9568307794797,173.07147386082795,39.85791129102722,22.65032599291508
835.3718667353194,175.06305528690513,39.64901656412317,22.68080402413894
843.1781412330416,179.74558839828939,40.03536104737979,21.777002221906407
851.6782251756679,185.32533347681016,40.73131286705486,21.705982442965876
857.9715000701104,191.13185912881877,41.36076435281817,21.267286974304305
863.4196327747554,196.53397641276166,41.67084732559059,20.998876829116654
867.7231828911312,200.55251718698997,41.508248065613294,21.236786750402423
872.8763257098929,202.88583311777094,41.5806059313407,21.188526056619718
874.6504538052542,202.55268641882446,42.40289015524847,21.869635325026692
874.4219332054596,200.7824614765989,42.86792413017396,22.047110693474654
872.4866259352114,197.49050499389122,42.58906849906646,22.070457268389454
870.4144720431527,193.61141023569323,42.27367774917989,22.177227454417885
868.123574101136,190.79105580030946,42.193026431941675,22.157156141727878
865.9934711450842,187.77104726008372,42.67184626243618,21.18386690701772
866.1362125745981,184.2753903011266,43.811625292351415,20.40711102315178
867.5327912054955,181.5807911148364,43.78666465895458,20.82427110607135
869.5528004306663,179.1950746441466,43.18444622933166,21.079370553680956
870.8181821694377,176.72010998348432,44.996104634030665,19.81015772976524
874.9091351419409,173.03250594911594,43.60541106685607,20.32522022131071
878.81720557772,170.96865671951264,43.05460466976376,20.432425654709505
882.1720240851159,168.5915263881351,42.791768286804796,20.395763090224932
886.922830055098,164.77859103791857,42.161612502437755,20.79594412298717
892.2232598721287,161.7802091355705,42.16467249901041,20.609796001117385
895.7959557715817,157.98873508508456,42.31992558912016,20.385131449794656
900.4407161152135,154.53621608553297,41.960988850164256,20.334115044905033
904.1050441590268,151.1240499735883,41.331802367703204,20.130766159098474
909.056753405423,148.62430839725806,40.97935432930136,19.685399765442586
913.9197115732778,147.40599226303667,41.40515854940881,19.43356694421688
918.4087083547743,145.3376870990413,41.12627128786251,19.39168454677276
925.0214295736384,143.61474159393632,40.19596864658783,19.72590250705048
934.2286857450407,144.419252915657,39.96571696001152,19.207215564332333
943.3404892189774,141.7794291946452,38.900893226116594,19.19294338643129
953.0248139789326,142.3247019523887,38.65367292826943,18.735232475113612
964.0814175880528,140.0993374709642,38.36569155680078,18.873252987220162
976.6026651699926,140.73138545446838,38.660734832327826,18.24932276829282
991.4634242612955,141.53325310209252,38.98600520557928,18.106948696252765
999.2720844358868,138.80872900957476,38.91894007762558,17.834921954827273
1000.161586903864,136.17506774843608,38.9213051443852,17.738555670349307
999.7901814930447,130.70778358537268,37.373674480968376,17.966199626273802
1000.5763009706975,124.69253329352232,37.20991259895171,18.13296102753869
1001.4756290333028,114.55116922311217,36.46367296098779,18.92747515999021
1005.936750576082,101.40701508409161,35.32828015512709,19.815144980288228
1009.6974047738021,86.63291665596715,34.74348833490906,20.65131894771034
1015.7868484479767,64.8581026016808,33.73098382106976,21.5543411990759
1020.8840984944659,42.11608232550422,32.95989745000866,22.595387505335317
1022.6096359552687,21.121923812798336,32.408469483109556,22.76608340792124
1022.1345400644042,4.657695218328248,31.471026419726233,22.19524324394268
1019.3173749646426,-1.3728983058958306,32.119905145363276,19.502606454342256
1014.2541744809333,-3.311663499366251,34.02949030555894,16.989081405184997
1013.7013626384836,-2.448519698628931,34.564815973968734,16.61098692695548
1039.014550809374,17.130083939115238,31.38318611902003,21.196496061812315
1032.5011418562854,14.597041054060362,32.524149007435845,21.23100637728443
1026.1732731966051,10.742980977738965,34.047497175395,21.450050577721544
1003.9654501083696,6.210930647880444,34.72976442724302,21.910492318054093
980.5060615593286,4.291166233293749,37.2108942903806,21.048138510486414
953.9528991971308,3.1417293761872482,40.47741465120484,20.004122610427395
931.0763261594591,1.8241861562686168,43.21815563532362,18.679592019177974
904.245914444895,1.376382565449111,44.55011485821595,19.206607276045254
876.2835852231299,0.927411524191486,45.17849894270941,20.667369114834806
846.6740917598833,0.5413107757375535,46.05822940037454,21.689134602126675
816.2884414086441,1.5889388966814142,46.15360018453737,23.59935853187332
836.7948347651853,5.224283261602514,46.41531327715272,23.594612463622045
838.0934654565516,0.6145482821953046,46.565631936051,23.75142862085648
826.4160915728114,2.9361661846339633,45.90949620416729,24.224874736149527
841.9748815368082,16.412542586187744,45.85146137662154,27.067758263725246
865.0051369374277,22.62342228026375,48.0013716942321,26.418778753484084
870.7944641177596,19.267891612658445,49.83671326614707,25.87408171135053
888.6909281402556,16.231478833503807,52.29414561122847,25.21590128561697
915.4233070174162,13.78547382143394,52.07843734824805,26.43104151736874
920.0720525122466,15.090405814964495,50.4416380250187,28.066278616984462
897.0968293756773,9.24458851961041,50.30486601423302,28.752048828732455
879.5106053374689,5.568155709220651,51.3451934300864,29.557676577819578
872.3569753885795,8.298464474396816,48.702229750200075,31.962272661445866
860.9777155247526,4.381880726070705,48.45151226735,32.58303301613925
852.2896465329708,7.92111298882762,49.80920716724476,32.71693280405803
856.0548662437654,34.929002481193095,49.160728769891634,33.59690689721703
845.3152603768739,62.04130559052207,49.11018839594588,33.7628168343523
835.4788675927186,82.57452543930961,49.11301507337758,33.751915155444735
822.7194975395313,88.31663169863563,49.355616859261495,34.34273219088528
823.7265431154935,114.36831834159855,48.50592887422819,36.39817942041487
809.2056570813961,134.57792039970258,48.47045363262861,36.56016643361324
801.098283984363,153.6003888038001,47.76309585539654,39.00980937128331
791.0126308467868,158.57675792477593,47.91530222260621,39.427376615880505
795.3416143170991,182.33358116756847,47.95587155686548,39.48905534069497
799.388474912284,191.35581619025592,49.519445776522275,39.02873764590758
807.3105793759727,187.96770928139554,50.09624535604609,39.03668227494149
812.0361060744148,187.95285630066496,50.07892870871698,39.04545746383233
816.3966498256425,185.846077432279,50.069852487352925,39.08609578712722
815.7287820071653,186.60565131426526,50.735441008425894,39.16801480166141
814.9063527625843,187.9696325992685,51.431431928695666,39.44349702956796
831.4153427309925,209.4546698063541,52.59386982025947,41.12341231822492
816.8867434117002,214.8216654565179,54.65978827835606,40.412502919224636
812.5476761786261,209.5575952035609,55.97052881002059,41.010679544524415
803.5400743919932,214.49219969740867,58.415754140361095,39.96332572649813
808.4526283404801,206.2929045149179,59.10315620238475,40.79851659371936
803.9520651068084,203.17589547073948,60.7301434163341,41.41113005632261
803.9309951732873,202.9156324275966,61.08832038563776,41.18484844226565
794.5761372928608,196.55154754900326,62.4532658331043,41.391546946311905
786.7887957938252,192.29564339929277,64.10534659517586,41.541103037752535
789.7800596563306,190.16759287057366,63.112764825751036,42.469696325235056
780.889128597921,184.50047176118858,65.09970147260624,41.93401937099309
781.6861282170499,186.60948405193182,65.70337841600129,41.48731059383071
766.0062174529035,180.80648227747628,67.66600974097335,41.216367109887656
770.2209873896543,174.29734329754973,67.1310646279908,42.16418201030538
756.8062863142231,178.1411284744552,68.31565482420442,41.31822367937054
742.1542667076667,172.30155736026438,70.16980172329907,40.958677767562484
719.0484275359047,168.43527679704198,71.96564476893586,40.54527646647138
723.0208870920375,169.40148599878526,71.21425451787334,40.97673859112102
699.2644904739136,164.01765766245657,70.95656769004579,40.82497140674739
682.814318294667,165.53496896484222,70.95757840710144,40.51841372786124
663.1342056519813,157.43207353624007,71.4440240950891,40.62718525407687
647.360995236836,161.1210055503545,72.7384997196103,39.95058424329611
653.6665318117741,154.20615908770077,73.30001601294074,40.1498892646801
625.9845163516123,151.03754135392913,74.98841470287559,39.62910593641989
630.5961970650962,145.3105847454972,75.94136976215363,39.85056873997665
632.7989944950968,142.40512284431344,77.15111206924371,39.8020839212011
643.5945528156103,138.79489719382576,77.78818205946027,40.27955514844101
651.0188594066876,158.1521248958324,76.80389962926414,42.49640252571233
667.2307268401734,204.17368661652543,72.88467573534311,48.658894871765554
672.7020244885383,209.42571242614613,68.12301092923886,55.778354704008564
677.6007849139576,216.1807772118068,63.80342669981023,63.72427450673004
679.53726742778,212.00280716746582,60.47572097528456,70.86103555520587
678.8333414066686,213.03445136913243,58.427166788425225,76.58436310919556
671.9104672954885,199.2989065300186,55.269460777028414,82.84266225982137
673.5259992676603,193.19404634918868,52.14619306854506,91.60203624609325
672.4419883794214,181.06567961987452,52.058030123841235,95.3746360984301
671.7477164389077,180.25251296126456,51.01689516965922,101.25244305608857
669.8214848293443,174.5271730837946,50.759443303991425,105.64808345385771
665.4227035730526,167.30479780605714,51.695943615565646,107.49485979945115
665.1481557481202,167.56881428642217,52.203927752677785,110.20601672178047
665.0439076656368,164.37053669573106,53.35387630971634,111.66681550173163
663.9565490229566,161.37403258498912,54.161447701276416,112.4209411488951
663.2930311933507,157.97232623155762,55.378380176871744,111.91004206378523
661.6162467118421,156.03769535986464,56.133991952146005,112.14623972874799
659.6854837188182,153.6803964060784,57.17606510701102,111.80339163116955
659.0814360155289,152.87655318762177,58.038887786773046,111.51638571501024
651.1008960112829,146.52687996166443,58.63168546953341,109.03231829665351
649.3856340241136,147.0236083337879,58.884474048349546,108.18646635802901
646.158787520937,144.98935140172793,58.41563450637099,108.11576813694961
647.4138409904862,141.68034858265963,57.443189957718744,108.10740861290722
642.0702126400199,138.76440111616415,58.71217592124836,106.22997565869909
646.1159818356507,139.73525166151117,58.42192762705659,106.32557094782153
642.9629500579847,134.06452841956917,58.23868073088806,105.52603819663719
641.689919020641,134.30159545792682,58.27167224751162,104.4190659337198
642.2792842571957,131.50415939244874,58.02432857938436,103.59957324225084
641.2558325127665,129.77813935196252,57.525757829027626,103.53086010613927
640.1445134712717,126.8457384362095,57.32023125104675,103.12370403336502
639.7782924636025,126.14750312748495,57.06761647117847,102.18922733673053
639.1699624474155,122.32114815400709,56.78836434975467,101.87655299475841
637.3365619939769,121.05007903144205,55.591347309485506,102.08184858802159
639.227776236537,119.4183539209857,55.32006544071821,100.75512900154004
637.6788344975953,116.6112547832396,54.72915531634787,99.39877060215363
636.2106184398742,116.00390381186087,53.611559591664786,99.64810501542823
635.2591886330448,114.77137500132268,53.668831735350096,98.17963410301982
635.3622228208293,111.39212211405183,52.56438846881724,98.7758916261485
633.3212491301298,109.77710012470675,51.684799411962736,98.88866132959969
633.0935088357948,107.84689940677758,51.5220612698686,97.53853496625939
632.321472927049,105.63014531933345,50.91307866601571,96.59022104350062
631.7885966579279,104.9800726638708,50.76210888273003,95.68652813392936
631.4362997100284,104.4064868489024,51.07270652114606,94.20547870140484
629.8227065409077,102.54449364836391,50.51614692709383,93.69146183013177
625.8827449854468,101.52248713659623,50.73684235356143,92.25655206877032
626.2334878091308,101.27069551821077,49.81719151457411,92.5758648033984
619.6105781167427,96.69454661172779,50.468099594105084,90.28998215581322
618.155674367403,97.01175751599955,49.56543183536998,90.20889999370567
614.9052419712996,95.80901841525237,49.27410307654503,88.87733837569593
610.1400139857195,95.38574723234208,49.251456877848014,87.07065409796832
612.0322302006188,93.52116792463117,47.61069498225898,89.18000292560006
612.568737270473,91.77016485225747,47.76221215694514,88.20413990269306
609.2140620638131,92.45966476283145,47.49067900934956,87.05899130780355
609.1018710282061,89.43385500070792,46.72408335353205,86.9183522053997
607.5445175897713,87.29767629487915,45.18815694160293,87.80732327045628
609.5945298258806,88.95014398254472,44.876904691520124,87.36244870432989
610.157766662337,84.52894262855666,45.46162967113881,86.00169673808892
610.1162866137688,85.5793376112697,45.71280471436968,85.11144574412458
609.8676772621255,83.30963126368631,45.6584533222924,85.10976645661998
607.9310460498261,81.49246554348306,45.36468400770504,84.07522159758567
606.820903141911,82.17531229748266,44.75574786297115,83.86609277515916
606.2174293305843,80.72144781536475,44.57610266229506,83.86389560666791
605.0493702792713,80.00378323377882,45.072762438948104,82.40723620778488
601.2482043496673,77.19585045071037,44.939752047899006,80.55539122207824
602.531500562932,77.9850440940725,43.92097298608209,81.26997951140802
600.9763038882033,77.78947374834013,44.419756500136344,79.80129231480942
599.0888725737686,75.79725831858784,43.45009780015444,79.54600982073043
599.444311555997,74.58771249426206,42.882287614063074,79.66297065499907
597.8638012516612,73.30876368570448,42.291642010526274,79.14271894929055
597.2675948307214,73.19295225963555,42.08542595605496,78.92131551217628
595.1673815575562,71.84994227005403,41.53134335905041,78.61366053014393
598.7972120699787,72.56346274243126,41.29769360451789,78.64445666598122
611.1195809718736,70.9971980371728,40.98986545835521,78.40021041711901
626.9578391236813,71.0385934842503,40.44898387419626,78.25711629879603
648.8446421051171,71.63938535728036,40.196005812044476,77.21836395577556
679.1047765722996,71.68872209439553,39.465972939964,75.50594061350708
708.0849380791473,72.73274903475523,38.73336993696222,75.37971742265609
723.0771071382991,73.7680837114453,38.82459258828233,75.11505505510391
724.0180298364625,72.88185634766099,39.786367673998726,74.72713194463145
722.7085279383358,69.73068990175288,39.89857573942328,73.47355331724043
721.5062218499065,71.74311259815228,40.02539499950721,73.53675988990037
718.5518380707263,72.73424175477669,40.826431251216505,71.7916209053287
719.1572660914173,72.95507846321959,41.35512297351703,71.35238671585853
717.3676121772352,71.74926460507871,40.93319278273315,70.9836383692154
715.6552129666802,72.52046807489987,41.02157307388609,70.73059014477354
714.6295501162521,70.4256850176397,40.287914301203756,71.61027825904276
714.6418092833193,69.72377817874491,40.60360765183752,71.46046734012972
712.0278991028323,72.00127273850629,41.899335786592495,69.42863299513373
710.8687389021487,68.6813505606368,40.80480086271827,69.2454147027876
709.9840669796787,68.66778823595575,40.35454880196018,70.04839669552582
707.9541989225371,70.3901250005595,41.10438747098714,69.10075889916304
707.0971954541596,69.27150962812439,40.41049623840185,68.95693342013863
706.3983205865663,67.59557584984809,39.702095674907106,69.52579651434527
705.6421342408704,66.87996586428432,39.66294663283496,69.75205266832462
704.2515705730641,66.69974356224338,39.94168415051499,70.47512255083589
701.7105147514309,67.29049417192763,39.99322982455665,69.84093675515102
700.4932093369179,66.20458403731236,39.709783126450965,69.29203240857169
698.8243770420243,66.40026618836853,39.479993313205114,68.95937444223978
697.3508665847568,65.30508496601007,39.428601859777686,69.1147565972807
695.7607053769045,66.12265909680409,39.53549220901885,68.60441808901967
694.4086402191757,65.76905923702716,39.67552199583338,68.74114390471145
692.9468939607398,66.00732658175923,39.9410194594426,68.1832406037579
