533.5,384.5,17,11
532.2319160601655,383.7025318227675,18.516293213293466,10.121768100995752
531.4500615294849,384.7300194581639,19.433689425317205,10.746666505603164
529.9944711034186,385.2478678418877,19.791588267045775,10.506681019285699
526.890551674254,385.20329389001904,20.990577751996533,10
521.0780724846672,386.42155430003413,22.335861477707347,10
513.0562916172838,386.28760711967396,23.25564590335845,10
511.2149966198222,386.9816861957249,23.105191822112687,10.367072204423271
509.6696387502809,386.9704759614615,22.100991919870413,11.285087858221717
507.7325124338573,388.03307883648597,21.553255351198224,11.832097214561568
505.7748501705566,388.4517893525962,21.749693048525685,11.675785891222635
508.0911988326546,389.70912362638205,22.93388037084907,11.283052026297577
501.4737856095195,389.4952899884842,23.058654388297104,11.393989957062546
498.2440444577512,389.7325790838821,22.760219610928253,11.758019656606576
512.493018059557,388.9836177058034,23.328045649302382,11.714077317454183
513.7049472087259,391.37612973931124,24.061071368739427,11.36814769100221
511.42518085004247,391.6071317749917,25.029263254077193,11.404989060063947
505.74078621698715,392.75326783046023,26.67123452317545,11.052324589623675
509.68302035747485,392.59277360323944,26.893096030871988,11.531410837675189
504.01096983083454,393.6663877190662,28.08659951430363,11.203294359542575
499.61202105269325,393.45289608556027,29.01810763502398,11.356034156228791
502.68856021156773,392.9049882189038,29.549754538134977,11.910389387920976
494.2558605270872,393.6151162331871,31.174544780974486,11.60344533650919
499.7963243025914,393.0589384411893,31.11988516043772,12.275377230307885
495.05293642435197,393.0698952722182,31.860848830151923,12.744683696332244
487.33252466070326,393.46980988344177,32.66182139883356,12.545180280679292
489.5640244481813,394.2774623928424,32.95938793963731,12.842983915619815
491.3675713680307,394.81179033906113,33.53725489052183,13.112829191272226
483.3973434549736,395.19848240836836,35.1668845436641,13.182685434790063
473.7837883129824,392.9686587818422,37.81655926149281,12.865879008412287
472.9835280833893,390.4165159230779,39.004810755394196,13.152248521273435
474.7699612564906,387.23638010068635,39.92476463681714,13.746495614501269
478.7201937583561,380.28467698290325,40.5356339216423,14.420401485529947
483.1739086140976,374.6433050111785,41.21270427776389,14.827601262719721
485.6248292561761,364.5268454539714,40.795186736104775,15.189838170532944
486.55438149129617,353.5014020921972,41.28746842651309,15.519529499149135
492.17498726666264,341.97089398301136,41.10573477957075,15.578927065856533
494.51601227425795,330.3121353899852,41.367911448538294,15.866594184806615
499.3988739660764,318.8398825050242,41.58246129404138,15.901325089545495
505.36817721099897,306.7366133826674,41.85014866527304,16.022974704477747
504.6683773946514,294.5856076417947,42.13866743231043,16.358825711998378
513.70283249446,283.32503366603095,42.93553305127713,16.513326831218208
515.9538643836097,271.60586817543754,44.507530171888455,16.29802256981732
517.977647660116,261.0727826523543,46.03263800661176,16.587877538456574
518.4801705041964,251.02573079886142,47.01577706510989,16.556243824517807
536.646733533508,244.297242935917,49.11680914274518,16.37520159847563
546.0187622634222,238.51076958557874,50.23851581833479,16.665491160512758
552.9516534237077,230.16159296323207,51.684276797109185,17.03599059570004
560.2307029142137,223.43178982266465,52.93236473270145,17.43813994526696
576.8036587528621,215.6175737114434,54.031749739819254,17.932540520685766
583.372246548049,207.61632558596565,55.18859965858428,18.5368721759756
591.0763180432828,200.46978473633183,55.47267415837716,19.034212001397314
614.9871581872837,192.99622298232822,56.83210434491705,19.173950774240225
630.1529141159502,185.33448154669753,57.56272967169489,19.678577367494764
613.5270694543506,176.65428604009918,59.37083046763812,19.41642600081315
580.3465658322082,156.96622877450088,57.152950079978396,22.351907311180945
595.438611140793,145.7772753302591,54.34927237813319,24.650307076011977
613.1034052290316,138.4337343370825,53.21016352219034,26.097221749956795
627.3199697148137,128.1300697256251,53.337576581541654,26.585058065997544
644.4989722631875,121.04525654121719,51.81106413022367,27.83517467549638
658.8948316521586,115.49962901305052,51.17060058379914,28.71885083831009
675.3150179854665,107.63417778364011,51.15615289957763,28.980211349515713
691.2439399818119,100.9012151301273,50.628652905414654,29.12960214369617
708.3833156714975,95.89086017008505,50.57923401384278,29.558434219641185
725.200261353709,88.33114131092245,50.428703343143724,29.77407327115795
742.3546745904827,82.39484142779156,50.56891014719788,30.249135396419003
760.2081394655431,76.32151165210004,50.400942602366214,31.119610144124962
782.7747474502133,70.42647675219649,51.97111233353418,30.85635901090467
795.1867062559359,67.34896599607752,54.552274896639304,30.407807663035367
814.7464756182111,59.51876388875954,54.385453767947936,31.88069415598398
831.9900970674757,55.314765257834935,56.30374094573156,31.880324703329734
850.4245953775912,50.00700494711488,56.892593028530406,33.02555283989591
878.6413493460497,45.104706243599935,57.04170472833529,34.44663719365546
895.5451069837013,39.043585771171045,57.47631792645677,37.0870994749348
913.2629927073327,42.23199328468279,58.08895922673942,39.483236139057944
920.69403756538,42.13408571770897,56.48313086195808,42.97545380025325
938.6878786862787,69.56394193077631,54.767981248762695,46.16379669217062
963.8178836217887,92.89382289103543,54.945973372983744,44.25781267707508
985.222468642151,97.14737788153545,55.419152622059215,41.74813603093311
1004.2712241981476,104.55175434769959,56.997308236221656,37.906317865812525
1026.8880648572144,105.68088577442472,57.45322448167376,34.469153481990105
1051.8352583159653,110.69150066978447,56.87675456372894,32.71727031399005
1075.663465579462,113.93904302521399,57.72119305981277,30.27453049413695
1098.0037950315118,117.64474957794063,58.556663570473134,29.34232247803302
1129.979865343243,125.89111570073818,59.87405970028873,26.98304698788658
1167.6746292219218,131.98087540403003,60.64653833304726,26.59007188858766
1207.1469595801464,136.79836920751444,59.96285145826933,27.196403178433368
1226.078609753387,147.15341997234,59.21793537411917,28.370577641764932
1225.488170798625,154.8386869191673,57.639025905162335,31.626803473666442
1194.8071807760962,160.95899547112833,59.259903960721466,32.689194299768786
1219.5569518368222,163.63656426118018,58.471619724155275,34.23172573435659
1221.266848894789,168.50856154589482,58.72847547230544,35.37131220792456
1207.2581827117378,185.968058461663,60.24687358904077,36.88386767818451
1220.0570269358716,176.32799458537534,57.35510434762323,40.65713156321807
1234.2130997389024,194.27946723520998,52.1715583028995,46.83799328123469
1218.2171137566972,218.3497571013584,54.38068053473511,47.49267700614058
1225.4600548944882,227.9697717716479,54.67898996011738,48.136524431064316
1232.7011129084256,255.79204222862114,54.00222394494111,49.22581947975041
1207.253510919925,263.305453491125,58.119935565660334,49.07767911956837
1211.5865068593725,276.9637287266768,61.69597157446397,47.76745163715603
1216.584571969896,281.23965766964267,61.714385059605455,49.290870858195866
1224.6270338260344,301.2492430367055,58.04229839098581,57.59607347195279
1227.4282845106818,317.3770586945427,54.41562865963096,64.47168488029311
1229.2318961384635,321.0672272208225,52.740641219915275,68.52780711755392
1219.5066987704743,329.4085045634511,55.99057217702296,66.66483586392076
1223.7525955537003,335.5020307890465,56.53948778100174,65.9974171919038
1221.4051760190262,344.83725968403627,59.04697826760929,63.95546558447954
1221.6135332778442,351.69589871136424,60.256438492753425,63.06044945203101
1218.6743302921038,359.4588454203144,61.27031788167477,62.350606227621824
1198.6395774609962,345.1089092525229,63.26266510387606,63.40843392421326
1209.5662690244533,378.2320268106198,64.37668959228358,64.71038605170136
1189.430969958111,373.4760246322377,67.32288857201681,65.78322646990816
1200.4756204772095,402.2179807600522,68.43063361550722,66.2629056493609
