623.5,476.5,69,89
623.4782467707647,475.8730988420622,66.80000697989773,89.42524795043504
623.0246024775767,475.13811354111556,65.90416008355454,89.88519497359607
621.4132594750342,475.0473387969386,65.44949202761322,88.84414324348411
620.0235487209106,474.95569050619025,64.88655857117182,88.0612392573192
619.7189993314701,474.34723854372305,64.62887320573401,87.8671793386566
617.8935398795745,473.90042528409526,64.35029997731021,87.08448574106092
616.8308321421173,473.17002192949275,64.85915657267567,87.5743474507736
615.0070960182504,472.54921657365986,65.27276846375604,87.67644246242219
613.5370972862917,472.12154754738617,64.98328739640228,86.98832024133372
611.8781981259029,470.85441102072343,66.42494235108762,86.1465172725327
610.7754967715284,470.9736943571496,65.54853967479414,85.34164599986825
610.0358449912875,469.6847709686857,65.43976221172953,85.32233184068626
609.5700677613404,468.79054282035156,64.73790082467593,85.29536602020158
609.4886130083788,467.28649156181456,63.31811367817463,85.9166718953962
607.4752912020963,465.60682682692953,62.24320931656378,85.40613402002217
606.1057679254716,465.0408581597437,62.57057754371453,84.57075346205708
605.4846567158266,464.1124061765012,61.88184976600777,83.38752724099979
604.8706132204227,462.9220740254665,62.01237275569733,82.91058922263086
602.9816814141141,462.0250389920049,61.287716979005374,82.44119936319683
602.1725583834426,459.4014201415185,61.73024452687469,83.19843447321855
600.1939223672537,458.7089392576098,61.91350349657349,81.58170713389728
598.2905051217225,457.7243652441877,62.31765333363011,80.29877690589998
597.4803469104999,457.0031106331986,62.954583781209436,79.56123491526964
597.5485332480687,455.47753094346,61.16253480401548,79.34477642346457
597.2020538441824,453.1680871002347,59.72126013129659,80.06992605249447
596.5417760935688,451.5404578725461,59.02165850962914,80.71462931571774
596.651843666979,449.63326867177443,58.696008836368016,80.2175331030642
596.6299210243025,448.1152089917218,58.73807779899792,78.99492081473382
597.5333007798666,446.77568936820256,57.986822334563904,77.88151432090794
598.1879233876053,444.7954439542381,57.08540752016498,77.14253930672609
598.6618096432705,442.0877747865797,56.748362232249974,77.82649662385965
598.1379085728454,441.1439668162726,57.05135500680012,76.07983374835916
597.1942159792009,439.1085646836625,58.014058929399,76.15102628454395
595.2460498267867,437.305313408519,58.546469724095616,75.23781730317025
595.6667372075118,436.5926721478173,57.47178139686057,73.74904954393165
595.0506880878767,434.18673793224093,57.45264297936417,73.11383358312827
595.4846505770463,431.4434294602732,55.90790424835632,73.689868495375
595.9984855276675,429.22385137348533,54.95567240363778,73.73161316773407
596.3658842436695,426.6736081682337,53.83443801655571,72.87782241267216
595.0821444579683,425.6846920234882,53.93467888770049,69.69752065617189
595.0757414202791,423.587765109204,53.56190128847773,69.27124128614619
594.8770298492527,421.9450283504178,53.01884939615084,68.62102123053721
594.7273889026337,418.2450889355702,52.224144308402046,70.14719883209914
594.8618817008872,415.0788051873896,52.37887717651101,70.26115981288324
594.0707979453114,413.6742694913913,53.14067356540534,67.97526343626481
593.1823672377836,412.71493337308834,53.42215606336442,65.80135886721153
591.4770551198934,409.8678429178395,54.621771998067686,65.2280667162722
591.8747572886948,408.2915915909508,53.834286937837604,65.39837522576151
591.7003499964263,405.3429110346549,52.25761842211483,65.74683122088712
591.9374196121056,403.0494353341753,51.277672793097295,64.85986079025515
591.6652689283826,401.1918674970134,49.82283749925958,64.00369255402295
589.8607918207548,399.96394538026874,50.29985034633033,61.660101721907125
589.3760206964962,397.116709888351,50.4965380768617,61.253928437379216
588.5421488655671,395.67113471481525,50.17915123442064,60.27167892387111
587.2904385734271,392.7010805298352,50.20171005107916,60.694831671465636
586.5971394713374,390.0486557495874,50.370017440222,60.731401572337646
585.6417416000917,389.85713618693353,49.658324989845156,58.80459683850544
584.8285000112675,387.5685464851634,49.572463817049695,58.13802631667239
584.4716083939835,384.4933586647611,48.22744426603505,57.535162874600175
583.0975483829229,383.60080503180427,48.26264429893547,56.898654155975734
583.0603639511265,381.62632384530707,47.525106082762825,56.833638922263894
583.0020677915728,379.3551761348401,45.73816721330769,55.752603245492445
581.728659817269,378.53570712727344,45.50048820880782,54.67857086954867
581.070219030363,377.38977851582155,45.12054396854323,53.79354525189944
578.6020225855576,376.6087155548717,46.183012073811014,52.768735884249324
577.2414328986882,375.2907043102267,46.21541914454331,52.67007002956723
577.4097487841758,374.35296654101205,46.01946527476884,52.37815948715062
576.0068109477909,373.6864285375045,45.65909596627081,51.63022540314105
574.7715539545546,373.05367137325305,45.7120599348562,50.93379634332958
574.2627137249826,371.7368917973908,45.01898291493537,51.17842033543516
573.3489604439856,371.5901879500916,44.93068627972558,50.65710042320822
574.6091247674275,370.4923509036598,44.45209982853065,50.55063656364271
576.0197296659055,369.6964580007363,44.58954541426611,49.84222582433775
578.7070875168754,369.23049666585246,43.69379870986561,49.27400524373651
579.8479791779041,369.3618739790665,43.46098197318254,48.82539199754472
580.5861435254342,368.21328739574744,43.32397445857157,49.039286263121625
580.2542993709976,366.8936285925234,42.71099395197017,49.01447990836982
578.9646843972683,367.8317788905682,43.35408486744562,47.67673396201032
581.0812729036281,366.43724149558255,43.67290041132704,48.172218167910245
586.9853214843259,364.91767420880115,42.36401708534319,48.16909904374423
592.6783592892207,364.1284788618364,41.96332496599558,48.197228817900616
599.0286782630283,363.8753983749511,41.57897967329742,47.20565966403752
604.3984262675439,364.45685852089696,41.05390816123499,46.380128316341526
607.6985289560042,362.3241337062946,41.30365142971389,46.93726243725321
610.0259581741667,362.35464869747034,41.08023524506926,46.09163920458099
610.0810744214441,362.45662255388373,40.69506994097034,45.8857442216896
609.8397493305123,361.8585073125919,39.959580279160846,45.70693936998305
608.8217492487297,361.7986300328171,40.44119547374181,45.4273295912281
607.7026049400895,362.70510990451595,40.527432186975375,44.6862797923054
606.8442767181677,362.99581361082164,40.714113761245386,44.12465702829467
606.3493201908601,362.28791875578213,40.138481004249996,44.28306840302855
607.1795696105603,363.1783477255668,39.9136846924992,44.837994345550996
605.6015224406923,362.5189859404185,40.64358194307555,44.95086260517194
605.3507658651087,363.86657994279,40.160320918396565,44.45044571236397
605.8841922716015,364.9777634592131,39.54608995529032,43.500273997512906
605.0394101331319,366.0661901089939,39.409887304369576,42.82181363852057
604.268149035286,366.6644598661925,39.343171727281025,42.92380062318938
603.708108447162,366.53278252251187,39.1767746543713,43.43563485285909
603.1029194908751,368.26072645212827,38.67806399962774,42.76646918475624
602.3172359466695,368.9484931616452,39.40198830169143,42.69014399542768
601.357747680432,369.9940628179715,40.027628482586145,42.37546206243607
600.9836034675556,368.94007504001235,39.50854340740778,43.42248968653995
601.4411148585305,369.7922350494233,39.08151574601034,43.51008581790969
601.2520136453107,369.838489500111,39.038429639289106,43.67085023449443
600.9652999611302,370.8519362083311,38.20392295364455,43.482422852015134
600.9613591129638,371.12160038321036,37.951364682940536,43.05623768131488
601.3549541405063,372.3247873798892,37.33843830970221,42.570798902985764
600.3799303929413,373.4609888973246,37.16815103365739,42.672013752217474
600.3458542359332,373.9792180228962,37.617714637142356,43.1452000697221
598.5719431579623,374.86737377545995,38.19460146571332,43.0776726635163
598.8978934825291,375.800960565567,38.08825707824263,42.6367067458344
598.8163735941293,376.8048373405913,38.22503285947456,42.30925751168945
598.3111976387772,378.2286466915091,38.2430558030968,42.05252996913919
598.8017523712716,379.1541545667843,37.26288910117195,42.140329366148016
599.0657088327484,380.2885803591114,36.35197629038216,42.56429760529471
597.1618861246155,381.0386182954268,37.46198370085799,41.98057653319026
597.6586426325955,382.3885757893702,36.7036873351485,41.528125117370486
597.4864660240017,383.2141670257413,36.50937916332305,41.465252893880965
597.4056535447276,384.33638644731997,36.32449701009189,41.52042243073855
596.3097411742507,384.34076744431246,36.64204188683034,41.65057188901319
595.4108842082067,385.46180411896347,36.63112137657789,41.70791012270051
595.0497435331778,386.48803809962925,36.59130188708849,41.50012574594963
595.1433022242425,387.04977289867037,36.51340174709026,41.407806644134695
594.1727973278871,388.40939905351587,37.01023810490426,40.95777222300218
594.2726497962404,389.270223794927,36.34300549743344,40.82495781232096
594.8802972374086,389.5856801595782,35.47884842271609,41.1894151394417
601.1243175230048,390.0835473099459,35.82028178054315,41.28605988727919
615.5921394010941,390.1639935006747,35.57604030597158,41.475107592456155
635.3325899856814,391.482125112669,35.246529138282234,40.56304804513261
649.7721460629864,390.73131371691903,35.53343851670973,41.6011467348586
657.563585359434,392.64836350435803,35.40028089565018,39.93441613460931
659.7166652771376,392.2900788710609,35.349238643720255,40.73269527542361
659.1742508497261,393.70792301982056,35.63972921402702,39.84624956423556
658.7061518852971,393.7831003151099,36.44133384048973,39.209852775105816
658.6630683188431,394.66269723185013,35.67075195694232,39.57461940355468
659.3668758353912,395.4736618789494,34.8950887771035,39.066974044577776
659.2658469286196,395.72790115644705,34.36424553760559,39.77099632164835
659.9013695376906,395.02897424338306,34.19647081908364,39.904301934428595
660.2438477363811,396.1801926314124,33.1409817242107,39.70273515476014
660.3448550666341,396.7165364131384,32.67191655738944,39.64236345770372
659.893985957372,396.834830157077,32.88955509408399,39.189260675262176
660.1010160104809,398.33546689809714,33.02127089805626,38.62288774527502
659.9169283664977,398.745148328791,33.09013643771381,38.44102448941222
659.5238253657875,399.4183453207017,33.04079772263916,38.325485396451064
658.3916482895719,399.1185636390829,33.70687902672332,37.85736494924279
657.4569639407729,399.94115803180426,34.03504201596762,37.34813944234169
658.5205344831994,399.9970812395657,33.772783720510034,37.51459119042363
659.2227287167408,400.4666303813037,32.64158558551668,37.76290804548046
658.0746517635173,401.0450551030101,32.386192546505164,38.48310150368209
658.7227368118889,401.26973072049145,31.90266714844897,37.85435848892041
658.3654752901577,402.45816018935244,31.910331039789444,37.40306055383678
659.2511422647357,402.80960722513913,31.26512158491567,37.01588159624638
659.2591910024462,402.13159975095107,31.06920933092127,37.40672673783647
658.8056956301867,402.71366028940315,30.979221389376356,37.30075308899536
658.1320540296474,403.24787104071464,31.10581830066446,37.25602262385857
657.8858131765426,403.7621734880169,31.492659841672168,37.485462679966105
657.740569771623,404.2451356140768,31.407745593235674,36.83672969247955
656.6129185317626,404.88042423639286,31.851766210368424,36.502917351697505
656.8269183903703,404.2353605652896,31.647313306160484,36.586295733342105
657.1187567505111,405.0430664472937,30.36662753857754,37.09441792303787
656.7727330227204,405.45439734496307,29.703184539459937,36.88027404334957
656.11572186917,405.9929400245947,30.301809153426447,36.27155309359307
656.0956295834343,405.63350598036493,30.246496957988814,36.18942455766045
656.3167330956848,406.4778815533813,30.08275328110178,35.955716818173364
656.7831069372262,407.363158601277,29.631225750446653,35.95181773379525
655.8813986151562,407.19336105040423,29.672883890653107,35.92202796490107
654.7255493725314,407.23377764592465,30.685854164779073,35.905976644319196
654.1207119378244,408.04727141001365,30.81329628472795,35.29856421831754
653.5693761666666,408.3251522130782,30.905888935255078,34.91217334317378
654.314030034505,408.6899346258409,30.249933307390535,34.8996378523235
654.6732297354116,409.2463805401162,29.362577443345756,35.4001380622979
654.9029592969058,409.7695822293151,28.67901729440441,35.31293790810485
655.1470369668084,409.38117704662324,28.211068009224057,35.21751241071619
654.8620496770416,409.7389305483159,28.655338914627922,34.87210456920543
654.861983381973,410.34108055864215,28.449854844308973,34.63024337165589
654.7575288607288,410.86329117622495,27.926767492547512,34.57999252549135
654.3875857532051,410.82358221646376,28.272724404838737,34.57334340185426
654.3327306234395,410.78210992918065,28.19446504739842,34.334904632651764
654.0763855479356,411.5900946909737,28.38453490263314,33.97866232144691
653.9584316552725,412.26622185127155,28.256338578396587,33.56043494216205
653.2854248900422,412.3839269864665,28.28845272231586,33.543018836027336
653.6029767185936,412.78816889374946,27.75042050175226,34.48405125471653
653.7642716342564,413.02707679722874,27.417973163794493,34.77986025863619
653.6405961432885,413.6733284978825,27.392637017813062,34.491392145413045
653.6329023793852,414.57997843744374,26.900630996848374,34.062158732186106
653.4446532231478,414.44546647349915,26.58239476079646,33.22303374256016
653.1952718354029,414.34873334424054,26.375071165916303,33.64056959251381
653.3879884545042,414.568175379226,26.366882283127403,33.636607317563524
651.9949565788131,415.15873481326554,27.1364797906374,33.801510740738905
652.4436291023476,414.937226842163,27.175493313563923,33.600857841387885
651.8711086331817,416.1245088112338,27.350339208428938,33.24965902705182
651.0113138996918,416.91592797401063,27.66837696589333,33.064170819356505
651.1064232532754,417.88536763072733,26.926871992226147,33.17640182895571
652.0025018366878,417.76276207337975,26.43590359643932,33.61711541707939
652.0558084887616,417.47194201953204,26.232899597546012,33.99924355009376
651.3967086503982,418.7971432556705,26.142857986790226,33.491750855698534
652.3934880382972,418.6135676441583,25.489183714094267,33.4310933154437
652.0938559468309,420.0035908532117,25.17864964231022,33.362684259115994
652.3800404272946,420.28070921611584,25.17617687026044,33.302817255919564
652.8502286839125,420.9166392767748,24.903919504523717,33.90269796239431
652.5039554682637,421.15877859708246,25.203166261955644,33.42369762552423
652.0013866453903,422.1156824547969,24.961174762521246,33.89663122187761
652.00419215438,423.0237581247004,25.653809456917976,33.03803854422667
651.9724684086665,423.8865346354881,25.759712105217794,33.18354569030291
651.4625237125094,425.1045735372881,25.56649788216479,33.269893357806936
652.217190334924,425.3562267892238,25.737340185070842,32.76894991299012
651.5023531900484,426.30316864054515,25.67840518006985,33.36262916629506
652.4782827555368,426.46608342408894,25.566227063456935,32.93260580873292
651.8691231058951,427.71822841163385,25.41301124624686,32.678081199741534
652.080442977257,428.17788137025155,24.995630732592872,32.36555796569303
652.8016575813951,429.38132145493574,24.52840984029413,32.58711506809361
653.8680560882258,429.5866207408558,24.194405273290258,33.021866324437134
653.987833701993,430.6538582371025,24.28295809678285,32.849614075969015
654.4507731407359,431.42117873406363,24.74707291028647,32.927873871100225
654.9068732185707,432.5365688888434,24.855831464505155,32.90641803161018
655.0682764418876,433.56371973543946,24.758032378429412,33.06460419719326
655.146713017629,433.9282902610652,25.06710792191613,32.75554662948424
656.1819664860645,434.12237897841214,24.449051229866274,33.75094232106634
656.8769030177581,435.22903487594806,23.957493026554324,33.87320664368915
657.1651417985607,435.76468602292755,23.885118289014518,33.49581436428357
657.1151902119519,436.18342866556,24.480730275413585,32.616836096069804
657.5572798114825,437.74719445800673,24.268969912418807,32.96748032805409
656.6376553607735,438.0906821599212,24.861790739954653,32.3450203406356
657.3734110860008,438.86311230727256,25.01422085868961,32.303773258543856
657.2620922915764,438.1152345938565,24.60239379557793,32.97136465973502
657.9237916464676,438.55790553079083,25.00646636939213,32.69366220305335
657.6273453950541,439.9178287174192,25.321868602561587,32.01846768642553
658.8723621562581,439.7318905188509,24.785724631755095,31.601088137816028
658.6921603854088,439.5820214813231,25.082827255241032,31.400596298336687
658.8750984295881,440.00639674091417,24.960920375121628,32.258842556343765
659.0498786446195,439.7458066633971,25.618168164368832,32.80940598940909
659.7291016641501,439.9752387404226,25.147709608727784,32.17529857226724
659.8332883452732,440.25522275259465,25.38475244275107,31.770507337719906
659.1260498031019,440.1655124629229,25.492730588831154,31.52493964773263
660.027432579553,440.333816967255,25.203345482286252,30.994389289530048
659.9428563072224,440.34699593979724,24.893077260602052,30.897557791520377
660.560457363636,440.2637571780786,24.869996195630087,31.5002721188547
661.6196222731222,439.83231700094484,24.83313492204659,31.9708020068579
661.1563751923076,440.33907622505126,25.19888284028439,31.387118230184015
662.8317397110084,439.53039738175517,24.60593084690585,31.041914647020548
661.8594627198461,438.97983484948713,24.705455553348727,30.459628693236887
662.3172925014022,438.969659630959,24.965248910485556,30.06804373969254
663.2452841588442,436.8939512293053,24.490991081966815,31.111516112561766
663.3149667632468,436.4487072231339,24.86432213045213,31.449989345438603
663.1112299971225,435.18808390624554,24.163085343662758,31.521581386681042
663.523679469421,434.69527569346195,23.68365125665379,31.059298243850506
663.8636313398506,432.8610021218047,23.6087302925175,31.385003918004564
663.5625761708445,431.1388971215261,23.906934919978788,31.160979506118604
663.5597395215325,428.4911564324958,24.02352724415556,30.692880285805284
662.7761160047648,425.1290863453209,24.27350302130755,30.666520478449424
664.4814751957833,422.3461445780311,23.31188297638763,30.62228874804934
663.2474155598818,419.41959306473507,23.69020268921492,30.82934567872603
664.3384318058639,417.41856914054785,22.90898823325116,31.067020749745772
664.9208482105822,418.0051436902933,22.959447129626902,30.290519244560958
664.3323249458269,417.7012009844413,23.338730601948225,30.218864325840865
664.3983512775459,418.26847463134396,23.52857565893061,30.461523817827825
664.3596386354545,418.8542415800353,23.36730184940053,30.275444389681084
664.6601961614577,419.00215692907375,23.6552153114693,30.675750971861568
664.9173709745188,420.0642272284892,23.799177287630098,30.81951588503337
664.3733719761091,420.72890910187857,23.85415539968993,31.084627318141663
664.6236459816081,420.86761156312474,24.143564473019698,30.912051081429375
666.0361465019471,422.11521151505474,23.862001101795904,29.98123886950146
665.4368579320152,422.8541598695772,23.903823967490798,29.844817724038766
666.7386706793524,423.1602576612475,23.989586820919634,30.073069701308352
666.2318030740726,423.60073478537987,23.70303219696075,29.743089074440533
666.5222767225455,425.28806783780226,23.19933002452477,29.448309851669784
667.9458551619028,425.2416718798183,22.57359846824325,29.296998219434794
668.6411516855081,425.21682920443436,21.665892386238866,29.853492086434002
668.8562410345287,425.6535858612911,21.698632208056786,30.365925268964098
669.3248099006016,426.63954234746524,22.103316863418208,30.52939008294622
670.8818196537637,426.93128397956747,22.07923379100935,30.99480219316008
671.280746775138,427.5343289452221,22.710579781766352,30.86378000758861
671.7355262457639,428.44750379473794,22.61286056932721,30.463522659076588
672.8445512276006,428.8675019648981,22.892962987242072,31.145727106075284
673.9430549222882,429.8850691902347,22.91932361321497,30.770742311758195
675.6654157040693,430.58152893019377,23.49763352950576,30.45817856142994
675.7297969932337,431.89671368161385,23.672110537168646,30.041459006706
676.6387807281808,432.330865518203,23.540587920813124,29.514014905733077
678.4933808308255,432.34437670938746,24.292494463378468,29.09775873807795
679.2761260151739,433.4596743893976,25.110614368798267,28.286299695954263
680.6580461024672,432.74669488455476,25.25385766192265,29.413715812281215
681.8083427408101,434.44993362417523,26.056122899894998,28.850266628265516
682.637293680148,433.9122335550076,26.429655865316132,29.566564273704095
683.5695128306969,433.70027905822025,27.315886289207747,30.01679902778683
683.3880657406272,433.4138139874045,27.758484741027196,30.876128089649626
684.5158332392274,434.7554427691436,28.06167066760909,30.773174456089354
684.7622404018176,435.98583900520515,28.185544725578705,30.253145123507494
686.59974895483,436.5449884279849,28.76184749266647,29.854838696872683
688.7863252370229,438.72022541634453,29.21402182703587,29.02167733876991
690.6860915320678,439.27011507733494,28.91467474391161,28.85113924280466
693.0398850506335,440.1164346846711,28.439607444830543,28.854718225175887
695.92595642722,440.89106225167205,27.959001858195634,28.751599641969094
698.2641957653011,442.3439024684716,27.72066917222601,28.09325713944533
700.8935787777647,442.7439933395069,27.32807501937672,27.92404108417007
703.799490173072,443.8811850954518,27.367843692611615,27.815969244388228
707.391475306705,445.0115788268167,27.704765339349677,27.628986991814912
710.4769171797471,445.81926243789167,27.660477879008525,27.508325845228278
713.9115352187996,446.6086050484868,27.70042185239653,27.44522871102131
717.8474688938189,447.59374467244817,28.044629999367295,27.432960635236604
722.0717161759453,448.5888772454561,28.251631308410023,27.617886086259094
725.9917166365891,447.9030926441903,28.861811739573497,27.71041027539969
730.6572023298413,449.3009112073463,28.737448772998775,27.42839259727165
735.7145768609561,449.8253666341252,29.202330018281764,27.09495603204655
739.8189602273353,450.8621698721097,29.62854285740258,27.026912385348822
744.0415033483571,450.90401739967234,30.207216125927694,26.997192257161217
749.3719850786786,452.22095992592295,31.43175523909345,27.160958212026994
752.902304269851,453.0879525593187,31.901307755089825,27.198809467352824
758.6689316704699,452.54991327944845,32.55162176205771,27.66235518377917
764.1334240399194,453.8852425333523,33.13919619460399,28.07454261777724
769.4651581913512,454.8394132351366,33.62555517139273,28.483902264240175
775.536786886875,455.020638647137,35.06074754504784,28.240377226322586
782.5177701076514,456.66030616387934,35.94964025273867,28.932131750497977
787.1163946259136,456.6184440455468,37.51257436419028,28.867327457434158
793.796193638631,457.4684640451433,38.58610110832498,29.532516122815206
799.1970248447691,458.0589760312648,38.42522559183339,30.415361370354013
805.4754914896907,459.367522633764,38.28320937464519,30.461047937593953
812.1504540021127,457.8492699458721,37.80453604054077,30.668540030893105
819.7221092158583,459.1258615050632,38.016713406743044,30.816129945608562
826.7816910314357,458.99989271048645,38.07971917646485,31.30507869945604
833.917740073238,459.63007506944507,36.880464561922324,32.007365961014294
841.9249438614981,461.19849819350117,35.883116357862704,32.65101830170069
850.2802244114755,463.5061189148864,35.473687129098145,32.8427311298487
856.9918173357805,465.16138805835084,36.73624715029017,32.07874034170867
865.6028382746881,466.3449605337725,36.58757079376994,32.13429789506377
874.3096384984813,467.5091182653266,36.68264544788815,32.34245117288403
883.30782659005,465.444295940826,37.89728374142892,31.995206313938837
889.7638850114239,466.25931106420853,38.80977914881655,31.904169857149064
895.1888719206977,465.46633756177204,40.723254534541425,31.808856434977454
905.3871415920601,467.79833781519096,40.59302558236716,32.20862186035638
916.6824418777686,469.16176742919293,39.693489922041074,32.754265149671774
922.8612812676987,466.48896475779236,39.7255007441706,33.19995263775576
933.5456189675989,467.784605107749,37.26149449024233,34.43966500838208
941.6219352388845,466.57393876865666,35.65251303970354,35.19336563639856
948.5771486811022,468.8552943714418,35.440199186298,34.79504760930203
958.1559632859032,470.4249655201036,35.13380020562054,34.40326166408569
966.1803792130361,469.8008613003769,34.20053088835466,34.62470194511133
972.9529144045464,468.44070228471713,33.451330840929614,34.52748806349267
977.6566453654389,466.321010446122,33.57974065984655,33.673035670484
975.9229309323823,461.1518388012562,33.75130170794129,33.17498083637067
968.4200259983414,456.6203842824172,33.97631333792446,31.262202356964764
960.6745840283536,451.74384606305233,33.43848670466388,30.238250718070866
949.2990941748801,445.99854107929565,33.25614020917068,29.54163742320988
939.9757262555682,438.9223430052309,32.58616546209531,29.10536894852866
929.045514060993,428.2981547757882,31.988854347480896,28.89406463449759
918.4355404478904,416.592496192153,30.689185619353555,28.89764574564323
913.4369708902645,406.54703552404777,28.438593695013086,28.749585842947177
908.1429595621173,395.76946062452765,26.313647933240425,28.824926860686297
906.178372483339,388.87930131891795,24.938019082420592,29.23210120582568
906.2161821935337,384.9130595041651,23.89391550612749,29.887135342216386
911.1282303575479,384.81502308697526,23.288291858835855,29.90658472875511
916.2946142162705,385.3336371394787,23.431538015654677,30.141212122124745
922.4935888328396,385.91807473948813,22.626031655322656,30.05964773332952
928.2357249852416,386.07955748631133,22.676543826755157,29.846409066863483
935.1480757847683,386.1997115814642,22.195185482028048,30.052067607415147
940.8989337425577,386.73566512698955,21.48048497973182,30.74003371587811
946.6862240560977,387.02081364366927,21.391530166661248,30.701789370901075
952.7544104727873,388.4345189842044,21.309805191240525,30.63753940764878
958.4402919685331,387.91849700030906,21.408201797979363,30.89216381875311
962.904448074703,388.6678159147649,21.813285492090372,30.74778238597274
969.4226340975629,388.7060241809898,22.077750102385863,30.90613614905524
974.711633750295,389.55810224510964,22.31227362675626,30.98368923865249
979.9017343255871,389.3509650566103,22.356851483898204,30.974810974811344
983.9842224544883,390.2662225007169,22.502939426933096,30.895466965276505
989.7157860303472,390.38229188637837,22.593423671867605,30.89218514898545
994.9518549599957,390.5267330452799,23.14511821555275,30.491229954682012
998.9128481130796,391.54411354722095,23.552166513230556,30.102059672192315
1004.9186532896308,391.5327749495886,23.630355449202305,30.11098810925467
1009.450490505534,392.0563181014237,23.645682858062337,29.857913839249143
1014.6825221175799,393.635175741591,24.590841893733185,29.47865428024356
1020.4858599694405,393.66348928418785,24.274560106631796,29.305932960155296
1023.7579551272261,394.7040332655297,24.683884821563446,29.3450986026468
1029.0304156869206,394.0496478213619,25.270127764908295,28.978892313685343
1033.4927723899518,393.2625159304038,25.587489682432942,28.628778817029318
1038.422607312621,390.9634062986539,25.57216590059015,28.521094225429746
1042.922334676099,386.4829904091915,26.469099007288666,28.034709242685565
1047.674034779558,381.26391331156964,26.080155172217857,28.07284571376
1052.3450135206128,373.719786420305,26.14485942609916,28.13409550839643
1056.4661875859601,365.0513017962935,26.342290294006407,27.78999514820948
1060.4342360103913,355.92127394557957,26.40345109560755,27.408155366881225
1066.2031915390369,347.26604370136107,25.431908613211657,26.756086671317988
1069.695763083027,339.4258513308059,25.6525169508892,26.56834290190079
1074.9996201596903,332.45417301055335,25.39476518869744,26.713975384729714
1078.171210702047,329.73394432495377,25.745512060217305,26.263532943478236
1082.9478836146563,327.94082644131464,25.422588528345816,25.429352269693346
1088.4671529802536,325.6739076699394,24.15010862743174,25.08236067325216
1092.2778218050428,327.2747971254021,24.15055731558608,24.821268953272572
1096.6315900709053,327.1912578742469,23.9748799747247,24.588743884255834
1099.8963638721295,328.6084637521078,24.276213283123518,23.86742528210413
1104.352886130691,329.21734591419573,23.456786763099792,23.337767194987567
1107.9689067448114,330.40971358128763,23.239267436060647,23.045558764005158
1111.5006892815384,331.6382245817274,23.28993474809952,22.548994604192757
1114.6732780598431,331.6414002152031,23.11042089203041,22.464338860133253
1119.8964123300414,332.6651979641018,22.501263161152423,21.969352572735076
1121.8914854810073,332.4567865955892,22.35397630387645,22.488484932581304
1125.9575760234288,332.28233620976636,22.317616216861005,22.77579324890561
1128.8656067246159,333.3797575876581,22.512297356882275,22.560568364390903
1132.2375121366563,334.5503257949829,22.72266681558172,22.530010653107958
1135.8381159169746,335.87001982383845,22.38668116807437,22.436142189644112
1137.6369967659105,335.80812898662293,22.570174406159843,21.716587819974897
1140.1730242921935,336.6596026156388,22.694926907443673,22.06757010921474
1141.9623570703443,336.4393990689,22.60861511537062,22.06443016694305
1145.5061979980421,338.6674082400761,22.253834957605367,22.226888936085786
1147.2012922306344,338.31265864752015,21.7144497078215,22.298466978094204
1147.3494916005754,338.9187969361451,21.00325926452344,22.59981181293593
1144.028771317192,337.7841684136976,20.77328680752789,22.997325866660113
1140.2873772558235,337.00755586745703,20.99659100119967,23.239724900328806
1132.1645379954255,335.537688430698,21.46097313164111,23.65412925606813
1126.942024040431,334.0457550454213,21.208569834596183,23.013085453500974
1115.9127206335095,332.7491105697104,21.072863543516764,22.970408500634072
1103.732271438181,329.4674151239304,21.85616335908992,22.77136809677068
1091.8405232570162,327.66701244078706,23.820213187334716,22.667395604855656
1087.0365720949987,326.9433157211181,23.629235258543158,22.519287069021892
1079.023325583344,326.5865232202876,25.420571868679126,21.269705409768775
1080.1678976034082,327.6075825718203,24.92246022013707,21.328805742934087
1080.0922587447433,326.5681815633531,24.808133655132004,21.622121737355048
1081.724741429283,327.58531913974565,24.61883763664025,21.555507373282953
1082.5314460045454,327.79377111690553,24.458813472786325,21.601045230683354
1083.7718049407126,328.2603676856927,24.517427248642647,21.633148667702667
1081.6496165171402,327.0674670344425,25.175200043677577,21.356262076255533
1082.394255078551,327.24615962464634,25.42429022419398,21.24037289134071
1082.3958395663317,327.1542292695805,25.671489943649817,21.01730570763118
1075.9801648098135,325.5083717079298,27.512248576236175,20.074547098247507
1075.3962555518303,324.6237995434613,27.883801223510734,20.008137190946744
1064.888048397385,322.80812884436125,30.76467293787509,19.674880110784397
1058.7745300212312,319.41902230040836,33.377809961653554,19.695215371415387
1061.5778064221918,317.7840612431076,33.7143131563001,21.005919586819722
1055.7506706119518,312.0930949511881,35.08458358375334,21.582607935820455
1056.5029773537544,304.2900208657234,35.568138012519604,22.81564013262203
1052.1681955518181,292.80800260246946,36.52248876414866,23.371960581450892
1047.8649486183874,281.309649805697,38.08296525276111,23.69062165880218
1042.6238392895316,270.57908499906375,40.52453054035663,23.801862590634705
1042.4241606394846,258.1974449708853,40.811856922079826,24.520042694199745
1035.7362669561223,246.73687336379334,43.157990796516124,24.880837168690192
1032.3171621621022,234.13956824566102,44.07395301358817,25.26683634942255
1029.4311698322495,224.65797255248236,45.614595100683765,25.220117862628364
1024.866874288138,218.53003900796026,46.577096393752655,25.240914992872213
1020.6670269489947,214.75444212289904,46.68842722375242,25.587539254007346
1017.5265955208002,212.82107663889434,45.91443152872017,26.470694933712963
1013.38159879229,210.39811414152382,46.02838592094881,26.583657441403552
1010.0098381273385,210.27165812758724,44.919421669053,27.11152648761886
1005.3885200845623,210.36535112605623,44.50814549802354,26.961290014212594
1000.5797352304165,209.67050974678733,44.771704919777875,27.0262873246802
995.8372850281515,207.8311139776126,45.301248616287296,26.767310961532658
990.3724807732469,206.96348384868813,47.10557788687533,25.71852293806853
985.2554238235755,206.577317164121,48.29211468875839,25.516805393444706
978.1013818967076,205.43891177498887,49.18371608076404,25.62898099887658
963.2081083841107,202.7218381668153,49.65454920451402,25.32333190637587
949.5719652978911,198.82149966876005,49.211108919246016,24.677510578579565
933.6897735541928,188.70088503982143,47.576270005594715,25.586089837382993
912.4879610974411,175.98708285991108,46.14137237403523,26.048459354002325
891.4297504750035,163.29312067780901,45.094575259672204,26.15085186821251
867.3589899596748,148.74627806911835,44.415583828966824,26.54829677967264
840.4709486218268,135.25753667871754,44.846395791663596,26.355132415588752
811.9807282970314,121.6113701467903,45.33895691347809,26.210329170244055
783.4255120869101,110.15840189310626,46.5678549088446,25.914462828297374
760.6812331252254,105.29586136832035,47.12813551495931,25.58834662338709
737.6223251926574,106.2715630307249,48.04726758737125,24.7693536768838
719.3501532796839,101.02860698447799,46.71473096739591,25.93335261157884
699.9774597153671,105.11825071635643,47.92395678811296,24.351755315785518
683.9648191157924,102.13424628539822,46.98018892142284,24.60390656117866
671.5543363756104,104.31859129315194,47.823638660252726,23.280273661182548
663.3480264363609,104.59123241930213,48.53835140995169,22.59040000791408
660.276040826645,104.71903727021721,48.460683287452994,22.22020814816026
656.0891760092605,103.86258832507504,49.119821373763166,21.40351430546472
652.2082998191624,104.19902057737936,49.0605723982643,21.05310316033643
648.4053600662552,103.7254836305988,49.661131074993534,20.84431783367849
645.1109005668959,103.14489745958136,49.33544804202309,21.430927310380426
640.6158513927395,103.23109700319873,49.42217263447077,21.19803509648383
637.5881575379889,103.13649459749539,47.96585775732948,21.94619116040239
635.8036441286015,103.03251134802,46.30582008472673,22.37351393551144
633.5323249202727,102.31448357002918,45.781646175183276,22.3406092908211
629.7214824539378,102.07479203295439,46.64381902476452,21.501439887928605
626.2049981244862,101.7074067217902,47.45739774320978,20.854282784877483
621.6490943989646,100.91388919272487,48.07842643671867,20.686009619543242
618.1505386821494,100.10583819198717,48.86538447700636,20.267535740024577
613.0551413332295,100.4187435192714,49.366842704905785,20.069249650589718
609.1419117356573,100.31530389351923,49.35712786438283,19.806430706535984
605.6467917190571,99.93972477195811,48.67550545497295,19.72990758870197
601.8856009590585,97.86436006558796,47.70231259425939,19.992125969757666
597.5611457903715,99.12826714509487,47.082309811660664,19.803491030342727
593.7503468835754,98.39529935703969,46.95852901650291,19.538474832698995
590.2000507048301,98.97066535504936,46.27985746158938,19.57812792035906
586.8060445741996,99.01702276744183,46.70749861970511,18.8970382153193
582.6653464086271,99.06361545218297,46.265597173429086,18.994993293754433
578.7216936274021,98.60885401662703,46.45325620452191,18.93301010422616
575.0034631997513,98.75370096802664,46.5376286808238,18.76316988564686
570.8019411354759,97.81659431509964,47.08410242761508,18.79006903750608
567.3489149979509,98.25848167136989,47.40623659850028,18.87248913895294
564.1372339990502,97.62528254413678,47.56916724243125,19.01275584413753
560.1012940391912,97.78635788029557,47.77232293666268,19.060318194303534
556.8996723060014,97.04247833733436,47.626965035640886,19.416503069013245
552.6011468342261,97.80500027830287,47.62043574510436,19.55526965454044
549.2761755756142,97.30677529086496,47.21787779650985,19.8387009341135
545.7398380143414,97.15724300295628,47.32641707515642,19.772822630725024
542.1374428751286,96.68273398737811,47.97550723501781,19.81851500112867
536.6717539246437,97.98304853176187,49.508712667643394,18.913624888062603
532.7913744553726,98.21430542439673,49.9183054328999,18.933209660196493
529.2840463475258,97.55950105338789,49.94644084491857,18.926593281710122
524.9960259359555,96.60266698868334,49.30467636590848,19.23413150160627
521.7333438397769,97.47607842007865,48.0802739547929,19.51316380115963
519.3110193901731,97.11521525500368,46.04300108073099,20.529123226748148
516.8099745954589,96.40215670113929,43.99294036211046,21.39020101132899
516.2990814642687,96.30808419118378,41.4833377225182,22.194481820448388
515.6395443514165,96.34648045860688,38.89862145508181,22.607463208404027
514.1530871744368,96.37657515652593,36.36564418466675,23.005635740544196
513.2848103867359,94.68929993190031,33.744795031203154,23.524621914077578
512.1143024155259,95.66527410195444,31.36449786034464,24.02893188054128
509.8831560818596,92.92906152424729,30.26703023377261,24.385208917330488
509.92099520096383,92.98559317409612,29.070070000025208,25.230231134450108
505.3778197974787,89.42915509852982,28.793564759308246,25.696958421127153
508.51958624005135,105.75923583642138,29.09573161775989,24.49749524095932
502.76189876636226,122.10546828465367,29.140246265586946,24.834685658905272
485.69538679450903,131.13101199336813,29.459401546319263,25.27307883280674
482.41852613065396,130.58382069520366,28.573295258618554,26.529789397202443
483.9522715496341,130.9525464402846,28.341391380222838,27.36828088551591
485.33577613081235,131.36864432424218,28.618293453624474,27.70218198586162
481.6872514802522,130.87875746801907,28.69312000562457,27.98321306771544
482.7920531323103,131.28933958969446,28.738958893310958,28.024036895332742
484.7233390260458,131.00886579980562,28.780968827996894,28.163042082756036
486.10589981677157,127.04565588811691,29.01898353503888,28.327965251075312
482.94751941082365,127.94618536953979,29.020008134122055,28.89751862516779
484.8412206625859,128.48493308634323,29.015335788927803,29.16485188037801
486.6008931690636,128.4475646665053,28.962360841085445,29.651749816761136
486.8948952201236,129.06781318549417,29.4879642603498,29.86869430284153
488.65435538436026,123.13410274338841,29.792471428093663,30.582045354650678
485.3737991834895,125.44796810779742,29.709463691087336,31.276206906259834
486.995290820575,126.97710943499148,30.08574125746571,31.651830610481706
483.24260085185404,127.84773133451175,30.299573711570275,31.941016065804007
486.4735398763845,128.3997736480647,30.312520913817796,32.78826369501073
487.7288957298089,128.81142398332628,31.09963462142632,33.07301450533437
484.2695350195381,121.49054418325926,30.367002487763543,34.597838715281966
487.7811358579541,123.14225467189819,30.5162513657265,35.379504865212226
490.8830568910933,124.14687332153872,31.37167410113847,35.64124470223697
486.472935686831,125.7569353904629,31.978859034981028,35.870904790482754
490.2437654475005,127.39295441775813,32.49995036991387,36.50436681866008
493.37324995748475,131.2861095273272,33.05166407869923,37.28053674649175
489.30241616785366,118.48134554794832,32.687957304223936,38.81170266523699
492.4324079027363,120.90442025960778,33.76485147924263,39.20930758984714
494.8845694849289,124.00148761756658,34.60321345375016,39.81806329206169
496.13350723793405,128.36825209413678,35.3511165541081,40.88456118393549
498.40537875417067,134.57033082851603,35.59154860066156,42.579049041113976
492.99874559641955,145.76396135863789,35.10110071569421,44.35759035082593
495.2740435285435,159.4210599106413,34.53089851434845,45.659208443296166
497.57564572162045,190.68036081855297,34.72176545039054,46.59081093969599
501.49307539148157,212.29187970678888,33.6544845377392,49.5261823029695
501.92391864689455,222.30689427290204,33.61546596565856,49.73694954704407
499.5073653665947,212.24646693756,32.23781446677292,51.87525844581755
501.58721144197375,219.3093849775272,32.40107235932209,51.278259983820405
501.5299520257511,220.2829054529737,32.63303305983435,50.93703959357745
501.5083069837247,220.37902520589137,32.711187109842626,50.50253132896851
502.6706002496661,213.66832067930625,31.86691969949679,52.12067788885982
502.60586908175486,219.91306541995712,32.08141902189738,51.83691602884323
502.1536176215228,220.35871836087884,32.32081241542278,51.4338509177938
501.88819062035896,217.17594174947635,31.982714618806767,51.71349994592143
503.3065011375384,219.5542943407317,32.18020472812269,51.420863847807404
500.064464451145,219.87206468370755,31.956239567269225,51.146244045917236
501.77128971967664,221.701189262992,32.12338963993979,50.59123028599119
502.11298561664535,222.2770165024291,32.41873863600807,50.07135502766749
500.3149421060679,210.44699552953927,31.072327699126323,52.69884626778408
501.9249190426142,220.09591698279309,31.13805071144844,52.116554832070705
501.1826832516688,221.57316458716335,31.646179905263345,51.399975767456155
501.59933897745793,213.92306368780055,30.862160760176465,52.94045633646871
501.3224518467639,219.9437290256384,31.26251250214343,52.53184934815421
502.3364175182041,213.79790289195947,30.91210151756248,53.065285456675284
501.4838213256636,215.1026380635863,31.359925612250898,52.54376023661612
501.3263349101524,205.2755054629325,30.949063406247948,53.52028349369821
500.64268074630087,206.8867889781098,31.634420716340244,52.634909636106244
501.5046044301595,200.59040062121352,31.42649423158261,52.688533614257366
501.86190075783884,193.98308301565476,30.893262570511713,53.63722868436122
501.2841228795471,196.36683230260104,31.47868927491919,52.95227227655442
500.95742342618126,191.30084237168046,31.658544837497253,53.15977695073282
500.47088755273944,193.47468236812384,32.250010967459,52.562437396500535
500.2839105709126,193.7931364079239,32.67665278696639,52.16873516458184
499.9364049529193,194.4996986796703,32.96512212871803,51.83734091856456
500.24448365236464,195.0583457491072,33.263873199525186,51.26055979368755
500.03160215247664,194.92484048586033,33.21927659034249,51.14054471213131
500.1044233941094,194.73136094466412,33.0720694480351,51.03900262811816
499.5537283515332,195.950354905713,33.21786767502505,50.91462454681402
500.0137325844654,195.75933370008988,33.1173818541724,50.69036334530004
499.73635473651007,195.25165358235512,32.9647576536529,50.43517805071861
500.5148111283689,195.9470377466925,32.75980091167676,50.4514435166937
500.02538193662076,196.2076653552971,32.69395624135288,50.30571983129742
500.44993882685355,196.69510130455146,32.57194734638074,50.11537364513831
500.67236556074056,196.9233809781712,32.60049868715102,49.78226288497734
499.5402857415583,197.68414232289837,32.74496818016346,49.5119125669943
499.88797476806127,197.38793675218048,32.47628600365314,49.71115089927489
500.0461365727738,197.43575775982387,32.50027482466708,49.65396487358821
500.3612925495002,197.56037658230701,32.310201243777854,49.828196181565545
499.52975790702266,198.12669458762477,32.317712436301576,49.76015625899489
501.8536463337128,192.02018934092726,31.05447191934821,51.286536770481405
502.4096222681372,196.69408769565234,31.38692337650545,51.035838457455945
499.52649387704383,197.70354848418432,31.542961166579154,50.45484034528738
500.63535164128126,198.44141985984706,31.50697263843142,50.12663018577613
501.3486796330432,197.55400298289084,31.300175543805704,50.03379899965577
500.9501222546691,197.8650896785144,31.33425962177028,49.91963161343533
501.00343747566535,198.6168607914047,31.372230395139056,49.96711617665243
501.8939500034585,193.2944097943367,30.45821917573545,51.361789686262455
502.38380792163554,197.10638015556492,30.72618992367157,51.12624452134709
502.35396182903463,198.36002740201144,31.019143431837083,50.51246963210082
502.4266324951995,198.38663450454305,31.447639721294674,50.150929337072064
503.2904178186797,199.72650092097686,31.715963984237426,49.956170009400736
503.95792595948063,192.38035909255768,30.76326954173472,51.81467003677769
504.3865721308064,200.74082891968857,31.17566107536245,51.333825041566705
503.0638003351277,202.33489787122264,31.577707265235922,50.84953646941202
503.0507364350228,203.2405172688112,31.88056593290093,50.20768678791419
504.2560035072119,205.13641395691033,32.07255947176699,49.86348582530925
502.20284459870413,206.18551582816062,32.15697788131662,49.873834433354645
503.95733315347405,207.8825912648488,32.377415192463246,49.714749523159284
504.0894100320976,210.3744649594738,32.56125193443266,49.79482998165777
504.84945981734586,211.98477000131618,32.60516147922025,49.764115850409866
505.3838310234149,214.00824630144314,32.73034469537151,49.575632332942675
503.1911254143761,202.61641719293945,31.432686005495484,52.18087756264538
505.37940126668894,211.68348903551652,31.612072809004395,52.17771224646194
505.2085925307259,218.2555225800417,32.10851446294149,51.58490951471334
506.4743908185287,210.68380995974533,31.369599264267176,53.07619661382614
505.51517744714533,219.63401356090904,31.997436260095178,52.70429594754161
505.6018484763466,223.97202656661653,32.32548696842943,52.188384629422956
507.3239635448108,215.78834969013113,31.430744932578342,53.961540670043924
506.2488375535147,225.47631605587867,32.08148635989636,53.18461773913743
506.80030074795445,228.03260666055345,32.372459363400395,52.75943260087575
507.9623908356287,219.83461270599366,31.766048110510983,54.33267797980013
509.24056083386125,212.02460996821483,30.968655272955704,57.64259923850078
508.4496063965908,221.9645627575115,31.43980251820594,58.520102095246756
507.5027914112551,229.43354187075556,32.37036567188529,58.01963789988511
505.57102345867446,209.90480469093325,33.93453959978449,61.28869573151775
505.3914258889385,216.53487860613637,34.609701883686675,63.479012069390464
507.27132797081634,223.45002786329724,35.064615555283645,64.11561669225264
507.6826368718823,219.19165073021964,35.038895004657675,66.49798255276481
507.2345442718593,226.5640506137515,36.007875334847625,66.71766202157922
507.60602579538283,217.64764453598895,36.16975150432427,68.97372782333744
508.21139411165495,226.3318292706088,37.50730552004914,69.01867518432809
507.6413564726138,219.78795251376835,37.42446171589428,71.9262189468428
505.87941159519085,211.19349423937342,37.545738145473756,75.3605828531316
507.74637195855837,219.12650675734417,38.36739578927773,76.34394682723433
507.3102658461787,211.37132979822343,38.599921735348104,79.52217305680684
506.98367343992527,206.4090334968161,38.64170594880826,82.7061794111906
509.51233221916794,217.85978932520885,40.71645136915898,81.56524467637652
508.6423621176629,204.8134756287658,41.293527704451584,83.85994491385684
506.58314575027276,196.03987323718798,41.65733583941998,86.81106541177118
507.5726358320919,202.96961770355162,42.79316229837144,87.22528278648309
508.7150386911229,188.33773694219653,43.24480385427407,91.17000768766486
507.60314211631265,176.77289533747043,43.22371662645796,95.79691479321785
505.22280871884107,188.29778396902182,44.92401646810703,97.0938075410581
506.9789763015084,172.21394651559206,45.12385905831365,101.39206732054927
504.7962199165032,182.74576006899025,46.58757827971163,102.98505022334025
506.32651246758303,162.48090425038433,46.43604915580859,108.96697721226583
503.3629843651321,172.0385537440162,47.75636539265815,111.88757235894192
505.7023185620696,148.6666701477693,46.433449270272234,120.50550857539406
502.7796355951077,156.47451139494015,47.91621204939946,124.4716098723552
504.8200199238828,134.576255610712,48.14406685710041,132.77155152897453
498.6791612761165,113.42517434278395,46.78451005353487,145.1657808945875
501.5344770560851,110.8540734157601,50.18956101974218,153.3269040889623
493.00683089378185,100.18712306539845,52.89197389777922,161.02756091535093
497.21042611609874,94.84540239191223,57.378197858170665,167.69976226595824
493.400850859104,86.2092333875089,61.70348635402884,172.63478830018875
488.01095429732754,81.79680858029647,66.92287357950002,175.69671096805303
492.8655421344517,84.57341062935714,71.11664262565192,177.70870727218238
487.9187856485811,83.78703562889385,74.59303536151452,178.63363947036356
483.769254175573,86.42780432371796,79.20833953218155,178.7052483177564
491.23277173779013,90.24853844903342,82.4532834728395,178.67410856469752
487.02735986533327,89.98076140409742,82.13287033091191,181.96510316770986
484.33505820707717,85.65999056231334,86.89265376340424,182.79946058508006
479.7631716890124,84.64633018087008,90.36901870309308,181.62397772667464
477.89091464264106,79.73183590409376,95.02960745822048,182.50920452526364
475.7364917886234,71.53682888617462,99.05980793624684,185.31033247985152
470.4103253523636,60.67640782676398,102.05450724186527,186.32760933788086
469.31775178061673,46.19788349941081,104.33875464944941,186.76681585314265
472.49555263293684,35.91849264892818,104.82206828254505,188.33802134578423
470.9095169644943,23.18179396225389,106.34876445431749,188.9159671519975
471.21034420147424,13.958616007937593,109.6177715102564,188.80871840118132
474.32983839157936,10.136029565008869,110.13275758949916,188.2587533033367
478.4207843245621,8.958892082338025,109.79563567288507,187.40314120797336
479.92617554893957,10.844063840204129,109.15434598733032,186.03584284752313
479.6557463965919,13.769451359652905,108.26612842036565,185.98210895239527
479.86029314589257,15.438465643768666,106.90892778226333,185.2658568243114
479.24111311631384,16.481745062530948,105.83959629705603,185.39882362952977
478.589495870725,16.925519316163218,104.42569505880792,184.97434821881242
480.4924639004222,19.190965948970657,104.10396807616081,182.80645230900294
479.4048057036327,22.689322486482823,103.1145269960092,182.12403790343677
477.6641339689001,25.70933647186162,103.2207603237658,180.93525201397074
478.4976817237268,28.526519020566568,100.46309935605836,182.98853867481017
478.0763776377704,31.70187800082529,102.76227116540618,180.055674412683
488.24409595537924,33.57928765323307,101.59718465055963,177.70030466973378
482.71127151984615,36.22039637498402,98.64062653827797,178.93847414402225
483.8044976308036,36.86816847221648,97.60116274682204,178.7632916198014
485.17146063552667,38.74893374461462,98.26504322478138,176.1729701260266
481.9405050400288,41.45884372889023,97.11093749101389,176.37319954153935
482.7074353283799,44.425941297498994,96.8041464519442,176.45685879946078
484.9024098514853,44.325416451659834,96.12826992715313,176.8227829525568
486.20676500340505,45.9353235538578,96.70281845584307,176.0440347856954
483.7821587848729,47.61073723317895,95.73850469021062,175.74256227909615
485.9673127385462,49.53553326223769,96.2324023482631,174.41842874940482
486.1817648344325,49.19824192167049,94.94828613536664,174.94267984126262
484.96300035483335,49.539696239641444,93.42940348378814,176.0921813118103
486.7508274211751,51.74584193391766,94.48285806374392,174.56907118910271
486.4409148022097,52.29967650345273,92.87176527108907,175.4712491289385
487.87878244847394,52.86488045095467,93.70627524994453,174.6767385447863
487.94819602374565,53.280661067700436,93.32816184636991,174.7815546690012
485.41467643759677,54.66801788397454,92.79375926016927,174.18825925940806
486.9224157749345,56.110245899986836,93.86101210222907,173.36319580385145
487.5805892932299,55.943373437294326,93.45076011295458,173.8644178812022
488.75465706986574,56.67260301257072,93.57506895416876,173.19671037985134
487.5754598242126,57.435318088530465,93.59505619644742,173.05012327666458
487.498257670606,58.87626277506297,93.48403354061537,173.08386960731724
487.75070616850326,59.42631888316129,92.7462833052375,173.56802634806945
488.6401157361995,60.22832141980169,93.67192181012734,172.21855213914256
488.48442634149,59.77165943004587,92.7061098331733,172.76700791533267
486.7309160302579,62.164266193837705,91.13203095312664,175.24267574299745
494.4504745652536,63.312142177784665,92.83401634591964,172.53082309901788
489.47363059676843,63.016585924922424,90.34947845556871,174.5364322390114
488.70210454605973,63.685479219018646,91.57657387482355,172.87128507868687
488.8782758993699,65.77253777536342,92.90166218734609,170.83702421769863
488.4986647081054,66.43396640111862,92.53925783818826,170.8572843524483
488.4683284395035,67.88001299521807,93.72930332679121,169.10268122090878
489.01871427846066,68.03058843403126,93.25996511451982,170.2705498930715
488.2917573318261,69.10272500582488,93.04322039475358,171.32311736510104
488.43736415011176,69.85425953389185,93.60569511847731,170.38040964708864
487.43136406550275,71.57601463714349,93.6876347933889,171.10327214645753
486.26325168467207,73.61149342377689,95.68295920230246,169.1152474368468
485.0128364223794,75.33711082515941,95.328000033643,169.90665846970273
485.8071120176621,77.39640058598854,96.9061189258912,168.47077219182097
485.5774072659399,79.40951745808538,96.86422541569735,168.90368244283397
485.0288093823234,80.91661748446715,97.35063637930597,168.75019626665213
486.1749318121044,84.09733582638911,99.14072158167036,166.7073456081637
486.8543963164142,86.0501022995261,98.97089875098962,166.77166473922742
488.6178467043473,87.7856294119116,96.97962921930511,167.8510330703458
489.0040896193017,90.01977998147322,96.18106187678038,167.24840862505351
489.592914698226,93.50696438748108,95.50694203139497,166.90285105383873
489.4929217358402,94.61972766664785,94.13035628617044,167.39035642233367
489.1495609931175,97.99262927727757,94.45741792325126,166.74099432744444
488.18966529826645,100.55411556558022,95.69836679015283,165.62576882663302
486.7144726154306,102.72853116250911,96.04411267770868,165.3881821848184
485.1847650915119,104.92090190734504,97.24423246328836,164.09319732312434
483.061845884103,107.26872215847928,97.70014923943283,165.13457562902306
481.3937056411173,108.38673227469127,97.47337348455582,166.32551085794603
487.8388762266742,110.26126607344395,97.4378120199942,166.1045082148804
485.35289542280003,113.2370500989766,98.35464527298163,164.60503270848204
484.0328261735673,116.539124247384,99.54721609248398,164.3986175786572
481.3488858041707,118.33240335655307,101.82828228271809,163.01208577537403
480.99499454933965,119.7423891643679,100.62718190579211,163.8767353179986
487.401626864055,120.73346805118635,99.96466543631695,164.02928238563544
487.12106847420876,124.17647939533342,99.51046339901181,163.80402504742335
482.35068788200033,126.56172210128655,100.85049557540559,162.86616580488047
488.3298038256061,127.68640432309356,99.81169708766457,163.10463113811696
495.31957316403856,129.65772381599527,99.5033141975758,161.40491106496304
491.27747816359386,132.4859946638203,96.76764263776586,163.55135923764874
491.5021227515313,133.2771780392254,97.56391916136033,162.58031887959407
497.9801513160202,134.54541094599105,98.14332299629802,161.0624802269353
492.3925649259089,138.08425778674393,95.18226117898342,163.03187096601587
499.0328400857623,139.45513947694488,96.32130379493753,161.06830071194116
494.7927392993678,142.68551342741927,93.92274417093498,162.04811383179944
498.8870807655951,143.72304303665496,94.72516598598149,159.7273637006345
495.86428857287035,146.34907195190502,92.39236825187797,161.25765714177652
500.12661906552876,147.67357765539123,94.05256157643089,159.56112757975453
496.3398966405308,151.3989658102007,92.52355541743988,160.37330069241702
502.4388865548762,151.6029612480599,94.31201094011465,158.029571867982
496.85476379506895,155.4229736306479,91.64566242784731,159.09009178777217
501.74155223133795,155.0512958266287,92.82107825419743,157.6370352157422
496.87883189733896,159.29624072416115,91.77835967589867,158.3191766522446
501.2006364032024,159.59402901896368,92.98638106168127,156.66477364111125
497.0343169232083,162.38069505705084,91.62931498833274,157.9750579294486
492.72144667706385,158.65658222393859,95.29159318673064,159.58113005735288
496.67369420972744,162.7083216695727,95.63106301277678,158.2729922435152
495.75090977914414,164.4349795499646,94.55321598258699,159.20586366080403
500.77603586919685,166.58180303716793,95.51634320599909,157.68594156420386
495.95707069066026,168.14978074272764,94.48202214436093,159.80233014194658
503.9506069426212,167.8639919980198,95.73070200242688,158.605009337802
497.312195213776,168.81011287327323,95.83822590738188,159.19614749045562
501.9951075807993,169.8651510622708,95.87495406947463,158.85289453044618
495.0423078839929,171.81360227839212,95.02372783666458,159.89933269982234
501.35973532988857,173.352081796987,96.2491450611345,157.76690303684381
496.6578359865216,174.18118299639858,95.23628256309189,159.5497803711654
502.2895451875984,175.51440831410673,95.74189722181174,158.27179546885617
497.86449258912336,176.6465891786625,94.8364955400799,159.5711728905609
506.4902857500309,176.3833480789054,96.13851275997894,158.20110220139765
500.0366147268336,177.6864706980159,95.77933085087463,158.6168103086036
495.6333254565228,180.4399254405064,98.26197756580606,157.67974685082146
502.30831587685634,180.20685832711968,98.88761251803251,157.50368387538265
495.95491492684687,182.15629188755378,97.90610167611541,159.48026492255167
501.4593700188507,182.34149402680737,98.32657385937571,158.40203171979212
496.3815877294991,182.21258076601305,98.53951533170854,158.99639851745405
502.80991661786175,184.05943377351178,99.16699492761012,158.16311864013585
496.65891203541435,184.250441169174,99.03642913200085,158.58628353473162
500.16518242993703,184.98006642133004,99.40164256632747,158.5008611338112
489.5580334318805,186.61176775216137,101.32658954769911,157.77852952332546
493.2002971135118,187.28034816647823,101.45715744549952,158.10027370190036
499.94721362381733,188.34850877072233,100.30048155698842,158.16969270624597
492.1116944337903,189.23323090838804,101.95932257120909,157.83164910623765
499.02916163311016,189.49547804291444,100.82421881094649,158.25201263526773
488.294918971293,189.9127092306231,104.38687393734813,157.36845529457713
495.2045015145142,190.3866751055844,104.4772266817753,157.54950023459153
485.40673490131564,189.81229196959578,108.1727551267004,157.1136722717603
481.0648588935039,190.73202764586563,108.85929720725841,158.25448492471878
489.14374056466585,189.99485494074258,108.38928754114076,159.84283227669872
485.2897856193916,192.4710513820554,107.96249792122524,160.53890305099287
491.7562894169905,192.31400833801436,106.80851356023865,162.21929345442123
486.40504766568824,194.99956137760452,107.88084513405346,161.2275130410897
490.96665718223045,194.31322355492574,106.98058726211109,162.0818880583669
486.70964295758756,197.1950316096963,108.14865895844464,161.56375250214884
490.42035687308925,198.07545606002202,107.46318091987986,161.98179049123803
495.2086748068053,198.46914889126745,105.72760430284767,162.56589854874454
488.3285819016863,199.95175893200212,107.70422380578032,160.87732373805633
485.7357934793235,200.46388102094468,106.98954720578683,161.2847017136683
490.98635000329887,200.4825657893291,107.21520602023628,162.062943915972
484.9521228568159,201.96238697970716,109.20580517919872,161.5069576606339
490.2459512541871,202.07960089939937,108.28071539365706,162.5962649275794
485.45877799240077,204.07528058983075,107.7343743999138,163.06209846392903
489.00846171116194,203.08330527337017,107.91099643904508,163.4913760787745
484.99513560444086,204.26054108753385,108.02246702341881,163.5281145494362
487.8183667108333,204.29171395025858,108.01109070685949,163.42102904838958
484.46214840152794,205.88900068119068,107.57323343046883,163.4631951821243
489.27281143722416,205.76984881988147,107.83887933157308,163.1377025544949
484.40140893918766,209.15945351103335,107.55401329737228,162.76090608473692
489.20849940177885,208.51229112798885,108.57797798810557,162.0530714800189
485.4505102717689,210.10787164982892,107.96951227432567,162.50080789668885
488.8226538037722,209.5880948812206,108.30221130527174,162.64466584498183
483.6754368306201,210.7678836003911,108.64137953451575,163.43343923110208
486.86808411635275,209.81637789881216,109.4251819706356,164.0592851950097
481.29834955555646,211.34682303461722,110.01969056451432,164.12421233522807
484.71199930809416,209.94279018579618,110.8504742530111,164.8001953524581
476.90670009591133,212.1417423329235,112.62653323058908,164.3289688754469
482.60934053765425,212.66611054770965,114.01490556402177,164.75372180303157
475.5090721439727,212.93664825751762,115.94798060249636,164.38613978243907
480.1244302964059,212.42791601844465,116.6890429633302,165.50848240071505
471.5029631737956,212.98183894377493,118.93755010508423,164.90322497654319
475.1803701602203,212.5936029896665,121.06834089262668,166.09054498980748
465.57200790253944,212.18616269178602,124.50941209182974,165.64550583347182
473.4698855844737,211.68393749938625,123.7381895954534,167.42306515681304
460.5279424895725,212.28736450839094,127.0391948023184,166.5327297646026
474.34745998298393,213.48740830460443,125.03763674759753,168.30870464775052
460.4512058979921,213.57021875584078,127.36056071951327,167.5880815293006
469.9580602058015,214.90558483634084,126.53750065964566,169.21941373686718
469.08010575422804,214.35978469391793,127.43963054243525,170.29410820827928
469.450188872842,215.17834049573406,127.95441367421637,170.85320259958576
470.0097761804152,215.72369096948123,127.42295510458212,171.91237269384072
471.3980211663202,215.26735828778652,127.24018286365339,172.73261374690284
457.3981497397813,218.0290429719579,130.75601527401,170.2075334910056
466.6531406718906,218.63318101925694,130.51356970121654,170.71786214762236
469.8682906270892,218.50779419526987,130.569086356755,171.70130525714262
455.4254161430963,220.6502146907331,134.6911958548821,168.74983895679145
462.5559421791977,221.26458468140345,134.1371084912778,170.02091183416985
467.05504025680193,221.7864657815142,132.8746565151209,170.4884200698336
466.5722640731601,221.05526787830982,132.32169507202576,171.82572895023844
449.5036662294685,223.09034993363622,138.55839851461826,168.87308800389485
456.50568675546026,225.2548340783977,139.7430078520731,169.52733416809866
458.7248602169022,224.29564200304046,139.66637090990648,170.98790365463555
459.04520418793555,225.5339005901297,139.50356497593646,172.24207010301723
454.384913901686,225.47314030226084,141.80113746852862,171.8700084586618
457.02824785957625,224.16421734989245,141.94109981772525,172.6696482623599
456.7309706409844,226.20635609631012,143.57381502410243,172.7854715456127
451.29659408440614,226.15796177710433,145.39459609520964,172.81704776175948
451.83246172508314,226.6178395415265,147.010953291745,173.0928573105772
451.13557523852484,226.3650059977017,148.61113204475248,172.4742973945309
450.6312449424927,226.02508486349024,150.02623698821031,172.69229736667262
447.65039811507927,226.52911664467874,151.13211308413366,173.72723346513436
445.40832464819607,226.03948319778303,153.48236047475214,173.48474415693357
444.2718373295839,225.9769951659535,155.52181994799767,173.77418604610546
442.1881599391567,225.378442208463,157.4497102591637,174.33223877550654
440.43802279336353,226.9195279110799,158.96099056957217,175.16423553256303
437.36196697308077,226.48590814591282,161.53404179356258,174.9338870370854
436.71965802315395,229.30051037619063,162.97499618837023,175.69382531511712
437.9849021655767,230.48768048941287,164.0506759204302,176.1681829860246
434.60136402796616,229.35224428548918,165.64449483268407,176.0513211249788
436.14716230371795,232.39119050530007,167.69186913042392,175.81743134880685
431.46215953922655,231.03576162245167,168.3331817191009,176.20523366028092
435.0353943981272,233.78197016139666,169.20245382743227,176.25196022664548
429.4251830160581,232.89231460793525,169.73765066628783,176.86454632529558
435.00107257455585,234.97035479196978,170.94119052359392,177.44765655416202
430.84485607322733,234.98140690809026,171.11188807530704,178.05783478568733
433.4369534088075,236.9589722290106,172.23144940141117,177.68216749097908
428.2106570088936,236.077402758845,171.80779892451005,178.14168413551266
434.96166433987497,239.00914566772207,172.55084502989817,178.76485014686742
433.0269442647911,238.72393797282217,171.64664235247173,179.07773215429742
433.7648681831322,241.80697588329642,171.78116529619476,178.78499265457202
433.100079104827,241.80669429787577,171.71562616056087,178.9655879428408
433.5740231618954,243.04236789248682,172.1275387475709,179.0640756462061
