674.5,656.5,15,9
685.6604621527771,667.096104481616,15.841404934014818,10
684.5523320710511,678.2065256788101,16.49044952398403,10.058303284729229
680.2593700533266,664.1297284378609,16.098356162754555,11.348320801345837
668.885780912859,656.8293254776808,17.32636406316656,11.936181221000218
663.6389483237549,641.5754707494115,18.158969227808967,12.338694185718822
665.9080178020241,625.6740275217996,18.688645363270744,13.337953910527968
666.3014378983343,609.8417097377227,18.34917789705458,14.709547732885088
669.6669926978997,593.3450912485592,18.54808698432161,15.925439745966624
671.8526248886797,576.079007989295,19.22050927976006,16.733740417136776
675.1587981223968,558.3679330780502,20.757933657624925,16.625912116606358
678.0543919902391,543.9877437193226,21.3573385587734,16.543580633579793
680.4089526089522,528.3856059054046,22.61664914432278,15.613370568192858
682.5159051352755,515.466138047493,23.466088745755357,14.909497908417483
684.7104927585865,505.28098973802656,23.725779235190153,14.872725891842627
686.1786731640282,488.6239125002957,24.306750500487883,14.597592891931773
688.9149908406855,474.51567071747604,24.447580594822192,14.73599893018698
690.768780613152,459.34881207599517,25.193279376208174,14.483904244565004
692.6241017271994,445.2267075092755,25.236421013185442,14.756571023600923
693.4915790725364,431.3527346992889,25.044149490746122,14.81143175843826
695.8630835007378,414.7864126616628,25.17953787689933,14.951723376706628
697.3276502294085,400.0482539489767,25.788074664114227,14.75533007372061
698.7164263267415,382.76280130576464,25.667145592317652,14.95016062806603
700.081360985849,364.94512355619497,25.628866758156445,15.081036873604338
701.2949853539033,346.4278701076992,25.870317156635593,15.27200434956129
703.0178009276085,326.8652846416041,25.89775423485309,15.994612285598997
705.4455664904077,309.55922728856376,26.545584806871297,15.617637574072798
705.860809368046,293.7018533008298,27.169268479127446,15.500827449963793
706.1476364884153,278.9854153828012,26.448175530573046,16.063808702708283
706.8828760643223,264.84934394507775,26.68105475611911,15.76491467660672
707.1167997496991,251.07393859360332,26.821702982747723,15.446652053867052
706.9775542465374,237.2856154834521,26.063738558536677,16.0365865576687
707.3388205533896,222.62019285493827,26.2077287360585,15.731812209360157
708.0258449232916,209.01571940934556,26.316950390847246,15.33920179488649
708.1638074154296,196.99677620972543,26.8089817021959,15.13805660388681
707.9226702581977,192.6042381267709,25.727225283885907,15.810952338898934
708.6366263564198,189.7582751117033,25.713884626267763,15.851428938698017
709.2254272173067,187.6113690215888,25.855130637565274,15.688601979752775
708.2582607921061,188.1916183826771,25.474702304523454,15.769602107671691
706.8653068997756,186.540465930041,25.438516656546092,15.812740691495868
704.8972262771372,188.9118911722403,25.34780621979774,15.640318437446997
702.7644806887473,189.73254327844222,24.7731100439347,15.957832256789406
699.7656196139021,189.7257283157361,24.750653237553852,16.022076440526575
698.2135436052716,190.95390935913156,24.653493536921864,15.994556234880436
696.129306023851,191.75877843811006,24.662038868593005,15.919281990300611
697.1237610230297,191.47683612771064,24.629356978999922,16.048740299098498
696.7001898608245,191.8936955371385,24.35808608297186,16.293030006138878
696.7557269231114,193.17343625383523,24.355777622835543,16.064764011916235
696.636714561365,194.3245031927699,24.059839127877474,16.054444146125334
696.7466467089891,195.3145432037283,23.72990752969445,15.967257497389294
697.1688148780594,197.80032168882477,24.277407113388875,15.64009964115112
696.8798969364226,200.67084140822374,23.96171592827379,15.783814174711747
696.6338939158959,204.65554919790975,24.456982848165357,15.612925711749465
696.982360650011,207.8742797500799,24.578675869223623,15.637850493939666
696.4894967427289,210.62891846495484,24.08802287663879,15.771805707059782
696.9099805920149,213.68474983633277,24.494111430467683,15.494707362496985
696.3136737027754,215.83651807451224,23.83553547238922,15.670118151978771
697.0743465151539,218.1327892115272,23.997128019222863,15.56134455430238
697.1122766946436,220.67959654458508,24.35400450855414,15.413566444827394
696.6866267955813,224.4193320728545,23.599498449389603,16.106349415545576
697.0121762500914,228.5034192346228,23.76643407783591,15.754737228239176
696.4263288847384,230.393835815293,23.409767711918743,15.638579859930086
695.90903638477,232.02351369276164,23.373338775812257,15.60865162386364
697.0762671663176,232.97778780624367,23.233044532389396,15.533868345296789
695.9580352273838,233.7770292758699,23.127716087932644,15.411281305570265
695.7006467939484,234.9589670928562,23.004189271786352,15.219703795708384
696.3505873395995,234.84070703264473,23.141178496813062,15.167669085112651
697.5221971928506,236.19613341355625,23.30887956953594,14.910633266956843
696.4809894742434,236.88618613867263,23.50076713398975,14.950714092184466
696.116582730793,238.15154041878924,23.338322892636654,15.075489572976146
696.5958718262929,239.6397376123795,23.59784485608786,14.942451932029615
696.2214932000161,240.6630073877984,23.22536110333779,15.005161705152501
696.8490146853609,241.416123720625,23.109919035825165,14.940256162586861
696.4389802820809,242.24811772216825,23.027265342789782,14.821464637310992
696.4005718355579,243.34182002113448,22.933086412651186,14.657198688924112
696.9129090655482,243.57870627214456,23.21280824611343,14.790101910977473
695.3061899428302,245.90921585070743,23.059919088394665,14.7564353337915
695.4028892727154,246.9584963696926,23.086362664693034,14.609485447236118
695.2890269885155,247.89165435941814,23.186696703273377,14.477438963489888
695.563787383241,247.40820787858456,23.46215578337942,14.57541813327667
696.0980429846715,249.15775042341645,23.44623058493743,14.54444724715285
695.1764069713049,250.4255275742364,23.058445652570427,14.707030407139207
695.3676854840744,249.87273513018326,23.26146311712916,14.627124587887392
696.1190074389252,249.99249844796586,23.48647275683456,14.717341550666603
695.7551259747999,251.85296046531516,23.21996654433067,14.831431854311202
695.6763626917952,252.27128739202843,23.447024466901986,15.05103596331669
695.0430211879091,254.21730563730864,23.137150499949698,15.082261891154971
694.8664893226851,254.83320766985693,23.03557030570704,15.129269298026383
695.3110191239165,254.35303458507005,23.024085719286507,15.197757854720226
695.4401467455162,256.7105876261976,22.815047671217318,15.244266936622076
696.1364234175823,255.77371459223,22.868194088561893,15.270918172146065
695.3354859835903,257.8785902046134,22.41849110122903,15.31691144472576
695.0335391812274,261.60761289223706,22.985340650146966,15.016347959375011
695.3043654478748,267.8629908275796,23.32203526205894,15.20409034519961
695.1272804613832,277.76478214368336,22.906208904134072,15.820700740461481
694.9515506342032,286.8485095444822,22.726576935481187,16.121020159031904
694.9990633652335,296.8093739959799,22.98865865181172,16.145036069199925
695.1183094878089,308.14707933546663,23.250907048503922,16.37368424445152
694.6703597839174,317.14646908465875,22.96294050432128,16.885218438715903
694.4754193224201,326.2895077440562,22.935496986163475,16.853613126895425
695.1201564735956,336.9277983937249,23.136471045500194,16.875594017943538
695.1849036418954,345.33255142088007,23.612444245736064,16.634681133070657
694.9034813728427,355.0239843579107,24.007643039147293,16.7349364965573
694.8624253931681,364.56331494311263,24.316889753174483,16.73912343543005
693.745280155148,374.3135746963038,23.864227173828674,16.996335629930403
694.4640546422586,384.66898238895965,23.63482232553512,17.106579279697563
694.6361086329289,393.18010847481224,23.355147414174354,17.056898208113886
694.9887361108528,404.56640511766346,23.39289259857513,17.201536721367344
694.2955294672183,414.6964127789251,23.12116901463922,17.358504704848478
694.5624368755459,425.80644961281166,23.24754853422283,17.265241033237317
695.167566492158,437.10609518302994,23.323797275212137,17.335163092498004
694.932428277526,448.1049789413022,22.98268825368909,17.488619333663696
695.9810151308383,459.9877681126771,23.161957604996864,17.419345708716676
694.8010184669582,472.58426641993645,23.028611948560325,17.191831007625797
695.8020297921443,486.87048876546703,23.182647446767703,16.852940083233555
695.5644202773843,500.21844443449373,23.063352977950338,16.951791555268958
695.5540494634637,513.092747950347,22.987215162644365,16.883710333171596
696.0611678052916,526.1845841855037,22.81103327965732,17.104887373431463
696.0127047906403,538.8556006359289,22.802720027937752,16.899233006351178
696.6844544855375,553.0117018809927,23.174225682826723,16.356634616435453
696.6322938442784,566.7233254152769,22.65472571569036,16.777053409205525
696.9622363892468,580.8198804353291,23.04058336061831,16.640692135495332
697.2538330977693,595.6476376022598,23.316319505833427,16.720061961151067
697.3787588214562,609.7225380608751,23.12057725288966,16.89868287279485
697.6479913950624,625.1263909125946,23.451036471872605,16.861061499555145
697.2621518181907,640.8987578680893,23.91641712260264,16.941897832804965
697.1313803356311,657.2932811964555,23.91670651271272,16.985828949334262
698.1192461755929,674.9834058805817,24.31747106079552,17.145934627268225
698.2836348599436,693.9369669571362,24.716556553767575,17.432196293153286
719.2243337826058,705.7903649208095,27.47607082049511,16.15526619309012
737.3394626631659,699.0966929962786,29.50810405767895,15.368124217007438
731.205208601598,686.0737133662899,26.69779407539186,16.13253465702976
733.2997413953178,673.7770512729045,26.576933101125352,16.01255107142665
731.2576815052605,694.1225407610392,26.47924582424036,17.273775150614856
739.9844291548322,705.2257812779842,27.521269952002733,17.018292861140655
729.2918425704759,703.9764694250063,27.975421234907703,16.85378849622005
731.5438420719846,705.0469952854872,28.238884149572336,17.047350423572276
734.1477233855965,704.8681220065997,28.376773138619104,17.120901473899114
744.2275598256949,686.3386893596615,28.740391945141976,18.40952992384649
