556.5,253.5,22,16
555.5267868225503,254.61166624577194,23.084162239122975,13.841807945476322
555.5935953267852,255.01275916718922,23.71558489172298,13.21762244701523
556.199383838326,255.09337296485847,23.21879504291933,13.11087880207472
556.1992914861786,255.26766761986946,22.77450645761547,13.477965705507739
555.3355857686742,255.7975869851312,23.008038788221437,13.742337681392643
555.7715572654946,256.6535018275797,23.223991690015133,13.702156327729679
555.9105196558799,256.2694715043422,23.562268643525996,13.947973031165732
554.6855115911495,256.51525970469993,23.381362701387374,14.23559147456766
554.1588519486282,257.29920646773144,23.282156365533062,14.48032337015492
554.0394176377508,257.18923119812547,23.41072752373645,14.474261442305801
553.479213486593,258.1134556559749,23.43835541212329,14.509341280408677
553.7867887029593,257.9927287643121,23.59218971206188,14.944855712382122
552.2440106564543,258.6402528552511,22.887797777150986,14.954759885467768
552.243524267239,258.8117221538262,22.825257052020365,14.983242912542138
551.331629677297,259.0524697010363,23.52746151678369,15.10945858567495
551.1219148523683,258.88606258647525,23.830123060359746,15.025621512764172
549.6895223209063,260.84356459529477,24.749557138888772,14.681643582750855
548.0035845224094,261.01343975711524,24.765599786804295,14.213518772627902
550.6702499159005,261.85475042401947,24.59697741596304,14.785369723945015
553.1043059319959,261.26336130610014,24.592423032085154,15.73557316769116
554.689914961161,261.93467272905167,24.686368205170307,16.281083422509
556.3719723569017,262.8432865738863,25.303206040337802,16.338518860871044
558.5101184392579,264.12000798838403,24.992653259027144,16.655216727125275
560.6345429485841,265.3934345717814,24.695911915849273,17.655431617379634
567.224106718511,267.4254075888094,25.163460332155502,16.924470045138946
572.1305943273458,267.6906534409837,24.87566585346768,16.78105038428949
576.3040715581864,267.41435201031476,24.99924422145651,17.693411966430542
579.2606856776955,268.31008010133445,26.008822562821102,17.814730756743803
580.8598469214556,269.4421480800428,27.530692015213507,18.149535505696747
581.7687121613219,269.51769010441205,29.844217734816233,18.04465005007411
582.6524658980329,269.52399930879517,31.879695562195764,19.286339337342216
584.1106201953353,270.67956407334356,34.14844588862908,19.627691491567717
586.4725862783348,271.0445734118497,35.637105269502946,19.66207347816632
589.7272896732214,272.10766004198484,37.29550318453882,19.800187193913736
591.0876077462235,271.9510050409136,39.324286374644515,20.437847379780855
592.7931944547641,272.78726516883575,42.05692871730523,21.068938536603156
596.8571962614942,273.72217443094826,44.40860446440097,21.76296299163864
599.7975288806114,273.9373590055558,46.82032383644559,22.315025823838603
604.9930135485295,274.6041188732465,49.7197078000646,23.249085804456197
612.4108728425055,275.759127097379,51.875586896408144,24.254641101864514
617.6827949514917,276.5338261451241,54.54283780665985,24.786708896217156
625.0145885145473,277.893092448467,56.80748632262698,25.993165898052467
631.099402962106,279.0155907401974,59.490159171281704,26.09427264244813
637.8769143756331,279.36635886803634,62.07249784307759,26.420993890134827
646.252184606955,279.7066636827727,63.763885527063714,27.655838945351334
652.7222411169661,279.4845055802987,64.24310426608947,28.354665612462153
659.2285761656378,280.7741715844946,66.11292047030629,28.71189185382425
664.768015317014,281.83338736964464,65.47485926099016,30.02255417047604
669.9428651645372,283.19282024426724,64.34899068119293,32.26349885579672
675.2833804429745,285.47592230004255,65.13922197146097,32.88528120269359
678.8495163991903,287.3555321052834,63.22718235332117,32.33628669327394
682.5813632532904,288.4773650070583,61.154879269428925,31.81664952864252
684.3152350614912,290.61376082730527,59.209559798660145,32.88085236724005
682.0601676796773,290.87498838026,57.68435254092904,34.029503685246326
682.7175571056993,293.36657178862146,53.41516797098101,35.82287052795743
681.0191735701446,295.6385672937687,49.99571194548051,36.8384452368324
676.2433340778689,296.79678473470983,49.966104807874615,38.7433552528846
670.2557411030596,299.02716754370374,51.038325586422935,40.140420975104114
664.1411243475134,302.29185238586496,55.04493983451347,41.090492599290535
653.7172466820373,306.869643926914,62.673686583854725,41.19491268439653
645.0943355516897,309.1592365003831,68.73969994381675,43.52168379879731
633.1243424101287,312.16936641170787,75.73052375724694,45.176776438850716
619.4811875445946,313.5580319450839,82.68226779705687,47.33534299716386
603.0218687921896,317.1143787183962,91.13400199929592,48.99116175297053
588.8113172702199,319.5743638879153,97.7308195840553,51.32398690565917
578.9785980416515,323.5421046818991,103.18676764290308,53.704120609805244
566.5955660496738,323.2706606783518,108.5347296194156,56.73030841828678
555.3795899014574,322.12660435165026,112.64848457989088,59.411770733969256
542.7831285193083,322.1057428400692,116.22931377321433,63.01131564027753
528.0800990238436,322.4479169166764,120.74431935162508,64.55175546811174
517.0661067843507,323.5003036808484,121.84644551623234,68.4964607042231
509.6213870560967,322.42540851606987,122.67724120209539,74.3036545398463
501.83582564111043,321.31060034331176,121.93409304843335,75.48812417481219
496.4400367756618,322.28202723442223,119.98852275586376,77.01645231731545
498.7727888637023,320.8653118978005,120.79166489822678,78.45048730006418
500.3050417912803,316.5167955331467,116.72964606671772,82.74394428402894
500.85957380915437,308.63731218575737,108.67711351259399,87.05412000369147
510.3614858792673,303.45725483297167,102.58763103876271,92.008948068067
517.2898128862691,300.306241623617,104.70991480097635,94.72059014690437
522.1515266048061,296.9974089261612,110.67140899313841,97.46102798885069
527.2055204104619,296.54468533514773,118.90411501712764,100.19481776380167
533.5814725354326,295.76463595320183,131.85500271741213,101.83274892400054
543.2618174408003,294.9227977564733,142.28811862084095,106.77298920547378
569.1375395963347,297.3341475115315,155.22653780926626,110.58736047329364
581.4015587982906,293.03828411588836,169.41753521960982,114.65599591374664
617.3562433958887,304.8396921974562,175.84806705501398,123.37558503154716
627.1504375150315,310.62082830054464,186.29782126718266,129.5497938302081
633.0595013401789,333.5059497846709,195.81981188659046,131.88336121752454
645.3268550073105,361.91049777382665,197.37023326579813,133.68736123289906
597.4722655692382,395.4942854512199,207.09421282055885,131.15897958900723
562.2157850609779,433.12612696388527,218.22374177371006,131.95953143872836
573.0677745973262,462.37447343165456,208.6757945459073,144.9134737425363
579.0714881909926,479.86200185495295,198.3781350612311,156.33964139843937
597.5541675155439,515.2059767617777,193.2651978470118,158.40499931511795
625.8640731613452,518.833342045484,182.7140081179599,165.25232214634525
659.1389957899894,523.8691211067178,175.64645761203803,164.0455392316078
697.6381427457146,493.5315911944185,169.29089090595295,165.15008794229044
720.6628728934131,457.2764009265197,162.95461968530583,168.38074460095413
754.3929179115698,415.2957259614433,154.5850905457609,172.93502978446327
744.4308278651298,372.65653097078376,158.29207098834354,170.74220996331744
731.1175423086189,338.1415266455317,171.44364333564062,163.89293079029147
717.8713522375998,321.42316551063686,184.68232970131857,162.39563232440258
697.2167970717196,308.55938482557895,197.41188358428485,160.07857943225568
650.014775964013,302.21710314221633,211.24356529658533,154.16370747273288
592.1203888163927,310.03164447007487,228.61069062623852,148.32597192789558
556.1799381634162,311.2734443889418,236.83511953521258,148.6220332257154
502.43496583755154,316.9900477230706,241.7888876638724,149.74476358048332
468.5933936207738,320.39413914937484,242.24744407269856,158.26171821928386
398.9796703013824,325.91254728197845,246.60199945620462,171.97527221451674
372.4515434768829,293.9251430380854,244.70172293491288,193.2330311283563
358.39222258138614,261.4272630370448,236.77439817140868,203.08271612315392
351.9845537008797,233.1045521416816,215.59232321878633,196.52425157376237
359.62247534959744,213.33638992908652,198.7697124324634,185.77291718642482
380.96498153736167,185.46163743420618,183.79105504865743,174.27898703781275
409.37883527893155,164.710659694481,171.03912185202,161.53580044856238
433.929517899079,154.84249678358066,161.589458924316,146.53281236372678
452.56411579307974,145.61870129527205,151.81533692935616,134.27751958784043
466.1749276620709,151.56764960126964,144.71850414706208,121.98264133462813
483.27682236132256,158.28611067130458,135.37309635176317,111.54896485667857
497.15088397219813,172.246197243607,127.2053225062823,102.41855718043337
506.62675632189405,185.07630553368736,120.03881735357345,94.26042936570069
510.0058111741236,188.17607632480937,117.96085989763682,83.20701604517122
511.0572559142433,193.79997305465866,117.82398268453504,74.36429563507997
516.1577483935524,195.05894188824908,114.26272380238085,72.16147374210456
519.983460732174,192.7067244681889,110.14561895406023,69.6533471283573
516.1419702899753,191.20947658373427,110.39142092103114,68.82446627117156
512.0606466005929,187.34514742374424,111.85094360925761,65.30547904174433
509.72703317419143,186.9437815786732,111.1701389738696,63.52664162706669
507.30873208916216,187.40333957351965,111.7517559990108,60.57185673038187
505.2393564676485,187.42290700746497,110.20289288214614,58.396476623624295
508.45246210857556,190.3152890822671,105.5101787247288,56.51165065219272
514.3165179664712,194.84217741100235,97.87202852735638,55.74591246468498
524.6796208471494,201.99436708221648,89.5593484886982,54.37245076980533
538.549285932645,212.92786440079507,79.78350753441816,53.22423844075156
553.8565318799137,224.50895198157667,71.5799463980635,51.65947743490037
568.3035045626957,232.33403796976353,64.78538391110794,50.60345419218946
588.0699357729607,239.2414395350234,60.74967236574927,47.93499189587135
598.5068956303853,242.5614311763015,56.37498576717922,45.43162137708243
606.3614804515322,242.19300783773235,52.35396662172626,42.75035246227381
609.9114562548237,238.84117408877339,49.70355671003885,40.25123718108292
613.1271884899102,237.81364118615153,49.70770821439627,38.134639141690876
616.7220179116658,236.28738568362292,46.719940124443326,36.91608024586639
617.8496305615569,233.63347507042351,44.782299604243015,36.235255571211525
618.2491666302485,232.3340512543874,44.22786433419008,35.166869757536304
616.2275272942342,230.83889971932922,45.02068870947801,33.879583544355455
612.175890348946,230.77195705773184,46.23222365323935,33.10001332209212
607.2366304769113,230.190996036119,47.227389721638026,32.433027558692075
599.4869478429091,229.90886463900324,49.55045964818066,31.384036752310074
589.476399019465,229.23068549016068,53.74867737673255,31.08940057266711
582.8487109831021,227.6546924255609,55.7741638293085,30.858371973158853
581.3466609829635,226.6206160293762,58.037933222144844,31.004282038001342
582.1992618448155,224.76973666931494,59.15689844332686,32.32457296189168
582.0605489721937,224.83163224504622,59.42152185462503,32.37747576381536
582.122906107733,223.22619119279057,58.75321011795546,32.026513734551514
584.5670981208763,222.97649233336455,56.346807433908914,30.92379271275108
583.2643173670044,221.1204869785863,53.62143824436578,29.90249089044348
581.936146560193,219.10252879732423,49.75255240521684,29.76197361012774
581.2095080013896,218.45015197173458,46.589371063810674,28.82765581805571
580.5562602151158,214.54910478985946,41.793624513340276,28.993613547179667
585.1514053566768,210.27707314020537,39.622642643061795,28.249073797938923
586.4592487682178,205.7805369309045,36.65454456786745,28.064268249914452
590.0989997311056,202.21776173004903,33.26080954606175,27.660904877045432
593.8480293295491,200.28636120365638,32.19838007673402,26.565186466467782
598.7632979455626,199.30031450515278,34.01839557015865,24.533801896617174
605.8141457614844,195.1850658667118,36.37372278074628,24.624567840036324
612.4750559473863,192.78587247930872,39.352260073833605,24.31940723706786
620.2197160763965,187.7443226143852,39.82801513510974,24.723885718733673
627.5239987146516,183.64518384614198,39.25071691652817,25.14267196940682
635.1981550954802,179.00149126663067,36.510411992322084,25.664428253398402
639.4536894496576,175.0048297346586,35.04865743481701,25.184945960834245
643.1432926304686,170.60728736854733,33.71195370710731,24.18023271720508
647.533209539865,166.83128096154437,32.49117504203421,23.630895162531406
650.2849526865601,161.9717074395396,31.108436641480857,23.32018550426703
651.4904880401909,156.62367023865465,30.778269640792267,22.384033396639868
652.5829073700073,152.8627757219201,30.85090503995839,22.36820221483715
648.7542406519774,150.3344402564395,33.466676043423234,22.380136546904183
644.5779112835093,151.72107345589524,35.628714237445266,22.266220732583893
639.9590891507389,153.209918632802,37.57684696848934,22.317583838190554
635.194130055761,153.02037076015364,38.79596985603036,22.9145841883982
628.4167508645647,153.42081457281134,40.22864471711482,23.31112807808904
622.5554100359157,154.06827631227566,40.21954592929956,23.15045329188695
616.3613513027827,154.6445574153541,39.55706890962339,23.282736044188592
612.2035744482025,154.84118942263333,37.14672318458136,23.746488012596167
609.407423959091,154.63616072413043,33.03796255846282,23.910434113272327
607.5168928971386,155.03091961657336,30.36797373583748,23.33159482665984
605.1619744304252,155.78561232873884,30.328230560441995,22.406405991693553
604.0445308718105,156.6822208810873,30.571666544376697,21.83510497323961
602.5629088478387,156.78754686564432,29.628792462661185,21.98838765413068
602.3565275474963,157.6757520173733,31.63172540754363,21.22511613255293
605.5019110719587,158.1823578484845,33.31939127097451,21.339452249039798
609.2799589745844,158.2540034874649,34.71623040131737,21.595936952737357
614.225396769945,159.92993748558416,36.12531149888754,21.770541452289386
619.565275205021,160.2746434665845,36.946759081876515,22.64959987385917
627.0942207724958,161.1339936537441,35.21665450537874,22.669135679048946
634.4628860347026,162.07946669869185,32.89404169476033,22.94473312238903
640.1977500768489,163.9722454324616,30.307076199707566,23.040409257901302
643.9108750898029,166.3072491137754,28.843282169896803,22.670627118799683
647.0762207963278,167.3589511236117,28.317403576750028,22.60280261470455
649.7227842737265,168.55817714908352,28.763037501978012,21.89653047038916
647.4694344499967,170.3875283878113,31.35689819953516,21.020580011916877
646.1882111527805,171.33072691272034,33.399605285016534,20.97377883076098
642.9553696237153,172.49732447758086,36.28944207314854,21.073922514772484
639.432458126908,171.70876865597094,37.12944340628533,21.935104715388512
635.0582114690174,173.55147191139616,39.29213673935747,22.1821307513928
628.1977383994204,173.98639622491578,41.56313163599375,22.551529037513752
621.2817172809871,174.59870147841877,43.18445772575192,22.414312143030173
612.8793451739664,174.68407491317367,45.299437076462596,22.621282339829484
605.7272908526625,173.891235410374,45.67125081677426,22.92638294295644
597.4363528015539,172.69445124621942,43.33282836486739,25.196808798215915
592.0697776447068,173.92979613509675,39.76574311061971,24.710604973158702
587.8275805778587,175.1432144528161,36.26069316963864,24.20339486264687
586.0646905141431,175.2046082844696,33.00714036638483,24.392205181444304
583.5062343322252,176.46135588922704,30.905831538618614,23.433160719154074
582.247073252196,175.30406986979526,29.4880304857189,22.739939708076413
580.1746858450131,170.1405251664943,29.33569543330568,22.69246720181528
579.2259198110528,167.17882950309152,29.368113512130734,22.908236077541723
580.3750849523345,167.0230831619533,29.220882764794208,23.017223048388736
581.7846165304052,168.0188621300656,31.787464897057863,22.259021984139896
584.2522429911747,167.18083968810947,32.77508022827857,22.867743048717927
586.3570755367342,167.95001361576342,35.081225410889644,22.513722189077132
590.5803532962088,169.37151211364352,37.16960615179442,22.469788278822122
594.9410048496153,170.10271070115442,38.797694782573835,23.12199434222939
600.2336290099078,170.3573524327641,40.27465482009029,23.6344499955462
606.3282577370263,171.56129331725862,41.75828120578049,23.896555370971576
611.3737495298437,172.3577696649538,43.32893833180799,23.783807314644932
613.5671116927788,174.2545979865042,43.988589785427315,24.249474913374467
617.9183824835868,177.1776681142784,44.457560907096365,24.46641385105609
621.764349327324,177.0924353676061,43.74641934692592,25.93759586183647
627.3864824092911,178.57590589305357,43.70215335889756,26.471314884765313
631.7685981136569,181.15746113240465,42.46216207707534,25.88095221381052
639.0060160448529,183.4090874390196,39.84131190356305,25.37131709636102
646.8458109605367,184.4202871925114,36.19304822278409,25.360053657576934
651.2835805050574,186.24127476159765,32.929227442954286,26.153396032736666
654.4283771476073,189.42824611674237,32.57622356951515,25.344286567850986
657.5883106774164,191.90772122261646,32.57479208583367,24.692180437435802
660.2163416377301,193.12962724741496,33.1757259130443,24.698122162314966
659.3532900797244,194.33674112524585,35.636607227178786,24.577557228442448
656.3115834937263,195.10987112579147,38.17090731292942,24.986264521624527
652.6500541006415,196.83825937236838,40.22855992963282,25.48147409785865
647.5971592370508,198.60655151671065,42.23370305963579,25.859417040406093
641.9817498687048,198.62937211751836,43.76715456524277,26.94231150060139
633.9155662737164,201.7359598338313,45.60121050867462,27.000820264672413
625.1864969571989,204.36990192295755,47.05745837210365,27.29359074979994
614.6232899187953,206.89031691971587,48.252179372612844,27.572617060162315
603.8829734090266,206.2731029834601,49.10805113633943,28.255778700873606
594.2192279550761,199.85867406572513,48.46058490752683,28.384029138998073
581.3409694069173,185.2588279920713,47.41639732358378,29.443495919221398
570.380242790529,175.92209827685502,47.65641310627886,28.805600022448743
559.0289817845155,164.54413107162875,47.477889721971565,28.91694745809261
547.3838040587202,157.80839522969816,46.49430976673346,28.664038832584172
540.265066556444,159.023661922698,45.14661852027109,29.468315528810123
533.43035727709,161.81707303042037,43.37315568641331,29.426606891722685
523.0014759085417,163.4374626763467,42.1194798489354,30.5440387876806
513.8720259249293,165.29156919955886,40.55967023364878,30.785836205999296
506.8659320621708,167.84966089880618,38.412531218703386,30.48372818780804
499.2404673314758,169.81255496726192,37.4505809531932,29.888182465453408
492.8889274255988,172.17616362189122,36.05453868825052,29.622682254635297
486.7479404646176,174.84697752409835,37.091655855658004,28.86310673777296
480.74014127791907,177.39401072794104,38.52657269538436,28.219657005377822
472.9503135390602,178.379452724061,38.023813085680615,29.375620665396454
469.6020358480482,179.7715473143518,38.77722460815107,29.801615598072924
466.24310823334713,181.61009541468044,39.40522688786493,30.474388814720612
463.56876009618344,184.08329179432718,40.85760505395256,31.06564507136255
460.462389747064,186.59785572700034,43.08789478469922,30.88416952016164
457.5286655520788,189.7834396521249,44.40569226539967,30.99328989787554
455.80385250726187,191.70880226000287,45.457110419751274,31.313481432390567
453.66015776493975,195.344493017159,45.20247066794912,31.925222204968986
451.62096955413233,198.13371763627438,46.12218547462319,32.3809563840562
449.57145180917684,202.28165746223215,46.80044573348413,33.02526093629457
448.40186288900543,209.2054036142447,47.46112933670378,32.93963361239711
445.725611819051,213.39114185180108,47.37263344916696,33.965989039629186
444.18384202853287,220.33015733735579,48.600732275249854,33.66913414208886
442.22780919272077,223.30603886688576,48.97973813188757,34.78419208168026
438.80984665783257,226.79145650805887,49.570512233674215,35.800275834184205
435.8628370535703,232.37168933207587,50.910805606087415,36.126503754157866
433.6234894770041,236.2309076983164,51.94815647187713,36.739333696598095
431.3523416297916,241.5790307442618,52.26072554348899,37.74475859607049
428.6141501403337,246.26699719079244,52.99459843307462,39.70116038837305
426.424047163101,252.48913799005408,53.25848332338033,41.234486774653405
422.0669063965422,259.5196662009881,54.53183797793728,41.66245136004566
420.27702352279994,267.31742515799175,55.90336014821964,41.63809559996704
423.221907935328,273.71997693925,54.78638119854605,42.285711032971214
427.97969708960204,280.4372332883217,54.683245728311405,43.2233835279963
436.38564779155024,286.3292783152169,54.7847308308331,44.6215861358036
445.246307697681,292.8208233052865,54.9422194853494,45.84750197556009
453.91128823164394,296.38657824907506,54.03616057470644,47.735468272803615
463.2994834548945,298.81640986491544,53.86576541042687,48.80065803155005
470.90214992216295,302.0326603558749,53.38585490384399,49.733496394574274
480.0171558307813,305.2006044724152,53.427242686795694,50.385138718745125
488.30089638048344,308.77331593017766,53.277800080068836,51.32377056516246
496.3370567816739,311.01564786823565,52.63114865611867,52.2538055211613
493.4742405798715,315.04922169498514,53.877720945387736,52.177210782713374
489.76639565948244,317.0218220714622,52.98664316882647,54.36627562056878
485.3048091560625,318.5154145089069,53.413867707163604,55.76888779330557
481.27610462572846,317.03384986145807,53.61492308116935,56.87591946978574
477.2967291355391,311.64539077357034,53.03775313501926,59.56622164950739
475.9309548959939,305.89238443372585,54.16336482302526,59.99855352496948
477.2136686449557,298.68620246839333,53.50103100138048,61.740049636621265
480.6526634301504,290.03749433040525,54.060598998023316,62.42962733744996
482.84579415592464,281.1363177391937,54.61574838995037,63.15694488065532
486.1453658947525,272.30954204487597,53.82843759260223,64.74914860696994
489.3486349944055,263.8065994168557,54.347501783250344,65.7184884539149
493.61065743635055,255.55176175833597,54.12109874717784,66.74950821611225
498.4580587565582,247.34070733161386,55.311279495515926,66.88412001254635
503.5743353125549,238.85221366019124,55.7665093014768,67.6475606186283
509.5210518768901,230.99150585640368,56.32131547748749,68.55046007556227
515.06592921066,223.0255554824732,56.90431628082839,69.21088362303186
520.6524565677354,216.12995566968874,58.468535087372004,68.15990105839307
527.9503730989794,207.84664460962483,58.75897692846921,68.72866931835678
534.3927234026872,204.8758971045297,59.46268799859017,69.16223320284978
541.5930625143642,202.58191365899563,60.090700392793444,70.22116251054516
550.5993588854793,200.55949848368573,60.89764688316822,69.99562379442091
559.4831689631923,197.7737661827826,61.6404413731991,69.12841901641835
572.0037851968799,195.95056019066405,62.33705595670416,68.29930933359704
585.3520868584577,192.95852964642594,64.49081916281104,65.95013251968334
597.9884313403483,188.40842305352325,64.7420483225936,65.89937438777004
609.0507715738287,185.92250732372042,65.4479005954008,64.9818436819441
615.0116207969152,182.70093352033874,65.42049566779087,64.38597086267582
620.8643642819634,178.12687619316307,65.5699455252774,63.06168237173774
625.8055301331246,174.1101040953309,65.35477764071432,61.78588291442885
632.702352477449,174.24322044507903,64.47174432469292,60.7785658754528
637.4066588728534,178.19513012990126,63.6613997999042,59.842826413660795
644.1411757635423,183.00939115633417,63.17629652834724,58.68858260769089
650.7121694620714,188.2435727856791,62.0577540709587,57.5590449096336
657.7907483538316,191.7988847368514,60.814073609101904,57.01936045375989
662.5507309965328,198.65879201859488,59.70870162153713,54.92615316058126
670.1926926553297,206.17982078291757,58.971952297249004,53.607050690447174
675.2987008512885,214.1238026452455,58.35902485576535,52.064670735129305
682.0100546850183,222.0161566816435,57.25634490839466,50.99491393318598
687.1862721224853,229.05091684941158,55.020025966018714,49.931095551825905
690.9239486945272,236.97574714673817,53.70647632096626,48.7474049114668
693.8963571953464,246.49267396586856,53.70561669076825,48.021986234880174
697.6279948041162,252.2633006502067,51.994768837747685,48.00843754746134
700.8371065135891,259.73230266551127,50.55273382274219,47.507837665504525
703.9884504057361,267.45482862237833,49.91224771052562,46.05424700019365
707.2793111845447,271.97168319058966,49.156331437416036,45.68763191929635
711.1013550704846,273.7747956476871,48.93591661665459,45.387655462138916
715.1222261505399,272.79963875816924,48.0258231387414,45.95837330092323
719.7927426348801,271.7817486825107,47.2899964957692,45.731422723883966
724.3586747037322,271.2050190123953,46.88765645170664,45.342197189140734
727.2770332490943,271.3821599209255,46.98432668748007,44.94752294560531
731.5664987323648,270.69447208892166,46.01774053133103,44.83739143922858
735.8709602056908,270.1562560534442,45.675529019590854,45.092852338723
740.7075318588518,270.65951614352747,45.72840852927568,43.77389279163349
745.2447281610781,271.75925581276846,45.71786828032919,43.02030975434068
749.5991979354579,274.03427547695424,45.370085645541465,42.30930048926108
754.7747945933768,274.7146393443763,44.655199393170506,42.46047215419492
760.3383922141925,274.87680511275016,43.99109853875822,42.754931382161026
766.611838001239,275.4462076068211,43.73123153408938,42.7689323058684
773.7716293115576,276.5000632248635,43.86395200205516,42.45707985209344
778.4301019776428,277.7907234719279,44.117928853104395,41.985456948705014
785.539669684828,279.24054121205853,43.86806714441086,41.98576477711996
790.467496196046,280.39283226851506,43.79596063469509,41.99696230806762
796.529949679178,282.93700639616833,44.57818134858923,41.19769871264127
803.8679109222853,284.5407726403213,45.75441773196835,41.4769780749388
809.6900614794877,287.6138134931442,47.435801591836515,40.94368679759061
818.3109531269766,289.2894884525529,48.67605649776807,41.78840105758939
826.119419442025,291.7914533422879,50.05376329278185,42.37417320284601
834.2044309801652,295.9570986969229,51.939593140887894,43.117795368520575
842.7040505528024,300.4925368932349,53.48869861741087,43.88939595182196
851.2595243062136,304.6352486965636,53.71376090393378,44.45757019056177
859.9939285926316,310.7466199486871,55.071405330427666,43.94856470169992
869.9925983672297,313.0604359755569,53.53657451951038,44.70449274524178
880.2490364800082,315.4318529064611,51.68353720042709,45.30373845268161
887.3852968800749,317.7959957286936,50.21375357972926,45.31295040913167
895.970731858048,318.6030227260093,47.91661090288203,45.895351821407395
905.1077587635651,320.44384620356334,45.27960953806081,45.82092766030559
913.6889946862274,321.5600692904814,43.34729192044436,46.09004679007696
921.7256135125549,323.67294857138984,41.94524237599842,46.32330447865898
927.0682346120042,324.85365249440775,42.98866812644951,46.14289440202908
930.7479612726812,328.1283398505787,45.94871546536446,45.175049208615704
934.4104133896186,330.9195857280357,49.84425163334914,44.28817035995786
936.2028645977767,331.8767575203467,54.101540672403615,44.67340548857968
937.8789437165664,332.7749369417254,58.095375860389986,46.16095677061499
937.3783579929909,333.5793410956509,64.19494438184407,46.28534710220765
936.9890852730516,332.5358922594166,69.22533294432316,48.09914811621108
935.5382958672616,333.55780331190084,75.39051988324665,49.055575655274154
931.6147102474595,330.43941687978884,79.72522037610862,52.020150391659335
928.1385643923326,330.4447665171886,86.2191285716138,52.77972667712173
923.6035255443821,330.78475717649144,91.49458275740051,53.06210806361278
920.1339045385788,331.4864555277183,98.03699790316335,52.40515556331314
913.5280589651983,333.67244857124103,103.18766672818069,51.619329483430576
908.8687594540892,336.12369022493453,108.5860672093579,50.66386229220257
902.5187722020411,338.21583124809047,111.38869753875997,49.4935205949925
901.1279144712117,340.56053076673135,112.26384366514117,49.39935740384104
897.8492315949023,343.7866651528276,114.11508433516295,47.516547768684205
890.9618385647353,348.84848403583584,116.7979423751745,46.05692645161254
892.1191854468107,352.4102797170574,115.07738008431095,47.511424571992826
887.3796367450402,357.7741830299633,116.0947561698518,46.21378728942747
887.6539085000745,359.94049774563564,117.44186298786673,46.73237559805483
887.0503204768843,362.8440957576787,117.52737088884862,47.82410514681141
887.5240772025237,366.7949418989946,115.90359276797433,49.09444118696699
887.4669388234593,371.52708862390995,113.48798947406819,50.34486132418089
888.60482242526,377.1554521011219,111.34906102435544,51.361717826125876
887.5277655940388,383.295420496869,110.29028575080804,52.4623150113905
882.8656595727039,388.47879098633507,110.00568640561119,53.82136360235743
869.9687522877624,388.6298803257373,105.81433144245915,58.34213075097773
845.4221652271541,388.6305252572634,102.26816402192551,61.26759498327307
807.3943220704878,389.42107059965394,95.0542065542485,64.97538143088889
758.491778168714,389.9569779443139,89.06157754478656,69.40039209118424
705.4310185358288,390.20721572717366,84.01504650808296,72.45826043540913
642.7663199806591,394.72269564437585,79.16556725463829,73.83239355979961
584.2367754797544,399.49468958521965,72.52052537904876,77.4301677801072
532.0229351446811,407.0099720789658,66.43150471022847,80.37486591984012
494.6667143758238,415.60142272793615,62.39892097976024,82.21233538810347
464.6911680478943,421.5054465814125,58.2093435688779,83.63901842412726
432.4880842902112,430.65489384420124,55.461591659120145,84.24324969344694
410.6080681293744,436.3366790786849,53.73563173123784,85.52126710595466
395.09661924432316,437.0526061974874,54.390936407818636,85.41500137186523
379.492342012646,427.516929287547,54.96481195492058,85.91621228194282
367.73118733891465,418.61398170458784,57.07857139485353,85.55170626948882
355.104062846309,404.98181522660525,59.12685054174855,85.67103516463551
346.5284385564014,390.20896402242437,61.217065386037376,86.39246660023848
337.35259966333786,368.8772665984867,66.15149672733963,85.65521650318493
330.334844126437,356.14048241615365,70.83629905391791,85.26560491137029
319.9065217088126,350.7874065970165,75.69852206530425,85.89022688825318
304.94387457221205,355.54578271622245,80.86425093852479,86.93419838672958
288.95869486693357,360.0518988805452,87.10583072146578,87.25980387157401
270.5373614594175,365.9296727457087,93.39936824191699,87.95835876631354
251.23214835941334,367.2490194022747,101.21656312359532,88.91982722027976
232.66321917548296,361.0390926965277,109.48250819530467,89.12176063575541
211.81526490375694,355.3777187547382,117.62800428106446,89.97901766182551
193.15043172873897,350.8964152909436,125.20102300114569,91.41216520508173
172.13255222438596,346.0348450846402,133.10453769490812,92.8406493501962
161.81382024066298,345.0244168155202,141.6322084329242,93.36812848893189
168.80410782827744,343.59949548717634,147.35875361069048,94.02828876593604
187.04583771830173,339.5635492090596,149.1787544439997,94.78701225824182
201.9572308588523,337.2176973955055,151.1877686763847,94.43813918124027
214.85259034242807,335.55645381136804,154.43409619195825,94.68747726103513
223.93855454256527,334.0555889595676,158.77307468029292,93.137302697229
229.22448646742197,326.0648713421015,163.69463853777108,93.39989330538891
235.5301242284308,319.0042234762045,167.05494543126756,93.49554634973124
239.94173716916129,311.6545617483829,170.6498229004027,93.73300148651451
244.44299643071247,304.48475197745137,173.2658862640313,94.22596589166065
248.37538881881176,298.89764911772875,175.24444843172975,94.55578330262071
248.88767110123882,297.99309718962513,178.43598324506786,93.20855384602373
251.9988578294264,292.2089734826768,181.7960636041516,92.52711487721753
253.25831860150768,291.6357407663552,183.39323503659415,91.66164740917003
255.6440893537974,292.2754526716145,185.08034888408844,90.02047770508857
260.9321286658937,292.9005565819905,185.98964283285724,88.72889967592123
268.5516554823514,292.8831110799726,185.31424368857304,87.19278677626014
281.2803622658108,290.60678855573684,184.78043413129782,86.00726521094096
294.12831951107387,286.2810310613928,185.86258209200867,85.73522519454133
309.75667243110996,280.7050665830591,184.08924895501661,85.7603012735672
325.5699367793004,274.875408083241,181.92994470401482,86.1310720701083
337.1321216864007,271.49512751004363,181.7502828282926,85.47214426171847
351.0262671699602,265.9600958443482,182.40312865185763,84.07169434577905
358.96550158679594,262.67615802232126,182.69703610807335,84.45263537740533
369.89689736284095,256.5347437497709,182.7986640379848,85.09913749983487
377.1017389862438,251.19544526356427,183.6632868292737,85.52741981315825
379.00443340955724,248.3097916841471,184.09781195322262,85.60820857960954
383.0427364553547,241.82447129810282,183.84655314141628,86.28403100247114
383.7259412114847,241.96527809478533,182.41966730554492,85.61671126019291
382.68817346670335,238.9551169542617,182.15074337506564,85.8957258684435
380.3960775056101,237.2288030485278,181.3843592681034,85.58313028439437
376.15335868456543,236.19250337051318,179.49708788709088,84.1228722174127
372.5016948500189,235.73635771433558,179.11370441136094,83.51478295027033
367.9270675286922,235.85378578737527,176.4761967909235,83.53411752107479
362.21626576499136,235.78112297937,175.05672876361103,83.41720528446099
356.2206753378688,236.16107992779553,174.15899774993642,83.00378714916931
349.4084383439214,236.80046101061436,174.00044298092382,82.85848441444594
341.8329717417463,236.97413202731272,173.25412660096993,82.75695402424577
333.02198566201304,237.486435971696,172.40192752650228,83.08859600953127
319.13374748901083,237.62509186791624,171.64379695984377,82.16528898581211
307.25861331793476,239.02092935379875,171.50568695203177,81.03068041302257
295.35275153842366,239.39666270534025,171.96498539621624,80.85526234550761
281.60562211018834,239.22354453786804,170.56358270758236,81.26286196678922
271.5826365528424,238.3064080670399,170.49108406645098,79.8437253304451
258.857462334867,237.14140226073962,171.76466601719687,78.36516063746166
245.6017397677909,235.8659595508612,170.34696662212397,80.09472089741277
234.83228047367385,233.3048947594004,170.3669820449777,78.7988202226955
218.71222438100568,230.820114053969,170.43149208565183,78.82368432856376
199.04259683624298,227.1469701561038,171.70326543741453,78.50779349750462
170.3954970160916,219.58373456729618,176.6219082987408,79.57263689353772
151.7842878124241,216.13041149114048,174.57143448438785,80.5905827718058
136.80929558156146,214.309433120947,173.259526592536,79.69777990053436
111.01018985326411,207.00298625520117,177.78397138297123,79.55347045244964
86.33282961379064,201.2505142316465,181.58050552525526,78.98444811427524
68.41149064313672,196.96738465829253,179.69347269268962,79.52166237749881
57.452917429524476,195.61535091819437,178.26478089472377,78.49135768420594
49.003710403769745,195.6893784762009,178.130883256651,78.62572695301813
43.84404156927761,194.87358030232525,175.82260852070476,78.18222114686151
43.67638800584193,192.56161462750276,179.9133756012902,77.88231590973197
48.382749824771565,185.15891018311123,183.02910908513002,75.99327488174512
70.1093051560037,176.19818156698426,180.83009140674386,74.99554411771571
91.99441809180747,165.2466077665062,174.10197180768054,77.56831745694674
123.67014242127308,149.71230369179565,167.89388185931324,80.97421088785912
153.42555606886793,139.86003324198498,161.7784214852692,83.55763791914674
171.2475896853735,134.49924050620282,155.63063164799627,87.6952135441183
173.726305204702,134.59031401694787,159.48474967327738,88.83600677254378
178.3565620179321,136.13010441721087,163.4627282280976,87.58013363211964
184.54364275544182,137.5584321118475,164.2998798745511,87.89560517084381
189.12573567832072,141.50378876452498,165.5821491887658,87.19527132289494
193.71655807248106,148.07552153347532,165.2223434802172,85.15836611112991
203.5614796172882,154.13045015232439,164.25459261323846,81.91253003478684
213.78507476506755,157.7746348583447,162.8968181110418,81.25601483864156
224.648632328024,162.1781580208957,163.10080607204463,81.62389229660319
234.83566541891162,166.4813819615287,163.62704785286098,82.20555874021375
242.50568891387368,173.0501964843146,165.2182082355169,82.97581433037385
249.09749981099807,180.50939407298412,167.6564430427158,83.02518594966882
255.16860943023102,188.340127165637,170.81920379979525,82.90509475070854
262.432664377479,198.40404107095512,172.54338798494177,84.22613717373719
270.8115596570608,208.2353989347477,175.10162943654032,84.0112578668772
280.1876221745092,217.8940699504244,177.05487529235575,84.59860623410202
291.99415420312596,228.40734859923066,177.08204091404406,86.54972046053513
302.2553440360463,238.48817402156362,178.56190526561258,86.20602064228413
320.4706121165349,251.55616242490854,178.04817774302217,86.0613008263562
332.60540652993285,264.1259734730564,179.51605559685513,86.53755028642924
351.4845864228454,275.67102930482133,177.79523071458826,87.11466143152022
370.2277850760265,287.5872302238972,180.83430164668766,86.69771429321258
389.5048423720568,295.1254574458838,179.6589775659342,86.74628993196143
414.59704796164203,304.4956360199632,179.5246170293227,88.99442172444238
437.7608838740788,311.7181742021188,179.93298413626707,86.9523582036403
464.50504710649545,316.6044463483785,180.295578073735,87.01109812545691
491.1367536086916,320.14937674482894,181.74380175055143,88.03505199133798
519.621906182469,320.91055586275064,179.94955159526347,88.64564814774846
545.2155786834533,321.24273030225044,179.59960958096772,88.5606054508942
564.7490901312027,315.433226383783,177.57730258592764,89.3084436675112
590.4294117399368,303.3900216533855,168.31019290849434,94.12762067546106
614.7870528647165,288.95472732791177,161.960153960475,95.61863947478108
633.3824536577076,271.94388555181513,155.98637663729278,95.28005741847532
653.2404370803109,251.16623945288825,147.440410509422,96.7141578710856
665.39481424435,230.41409935794076,145.46127296338045,95.64055913397489
674.1470991875462,204.73880751085989,141.3069554079617,95.8244701084745
676.2226676541102,178.53899325116842,135.81712082687272,95.28572418517075
675.3160711767775,152.22523333003875,127.83257598757585,96.36890787169855
671.1684684488421,125.44641820136941,120.12867578801388,94.93761452390154
667.6035226057522,101.23159227218585,113.2003600993485,92.88608042340383
681.1377748051474,75.96557352271503,109.19004128820436,89.82290813569251
701.825285373671,52.999585807951824,103.47545332044886,88.19832907693232
720.3820030681524,30.738548789506837,98.8227012115681,87.2336713530118
735.9063550883767,17.258633402828494,95.62336676797538,84.0447404599917
748.6482521879093,14.984695098485268,93.18497265255205,80.57260689547188
754.4063549990956,28.985401582888713,89.47678198780673,78.25971475811247
750.2504333390469,57.5595464738074,83.18384020495455,76.40270042631036
735.7411594737491,87.71404189025117,79.87106241272225,71.61693435491925
710.1627576818014,114.81059017030395,74.97852358161332,67.54633252332964
682.4957905383353,139.4161193103266,73.05491302364715,61.337568931155076
655.9065785209075,161.3355091644611,70.45303493418639,57.72023474274759
626.8524202802715,185.39085632133106,68.48665827843656,54.356327486801604
595.3924435995553,203.87218941250418,63.46166053998641,53.37188478641928
562.8611418188038,214.21320038513565,59.410355529444296,51.03317167485074
544.3104279351261,215.18662466280927,55.68689422269584,49.26759749006631
530.0651790902489,214.3747405013695,52.98216606401971,46.94242150341893
519.2685439633759,215.65875062791775,51.48421930247217,44.74482496665336
514.5508037622068,214.86212528022045,49.95054459805835,43.5899481858039
508.04827324104014,214.79235820306596,49.05388736962222,42.84086645450483
503.8588978370899,215.91617025852935,47.80019235516494,41.7539446347111
503.6932646128769,217.28005321588796,47.612583530659805,40.94756171751693
506.81552941393716,217.43163148114837,47.17443353978913,40.310288575330134
507.62312277739653,218.3336220056952,47.26596623458964,39.48910380538266
509.27171407409173,219.67982424263687,46.83803019947752,39.43588697451554
511.07930720433455,224.11866712732183,46.33251151608598,39.06758143892249
513.1473434340676,228.1091160051229,45.74391952812674,39.20254935054205
514.2460372546392,235.62138784920583,45.2061818105895,39.493729513565334
515.4666866264471,242.53332514996097,44.40416105449783,38.732215704354246
517.0876367631638,249.06522673506632,43.39345305139224,38.62880174963567
518.0731758586339,251.4326680885544,42.68040108250502,39.744004480033574
518.1569204332668,253.50659469434913,43.180831009190456,39.6267016843353
517.3107588708313,255.7891714148345,43.529051854431685,39.90784672316802
517.7875701102931,257.826326770013,43.51226926198132,40.54385635466889
516.6779254235923,260.81889559869865,43.14801288992264,40.64865728251272
515.5590014555493,264.5011469355399,43.43468341105673,40.55986744117
513.8267414070192,269.1472725244602,43.820790762740316,40.89947624242621
512.3025612755848,273.02385086537186,43.66190989092162,41.348896366950285
510.118298298814,278.55983121119425,44.7606442314256,41.68905857526495
508.686177321962,283.5293555133483,44.94138804512532,42.756079562750486
505.97429349988505,288.3438975467889,45.271136766366155,43.610943300136654
504.1847814963114,293.4052262797927,45.04350382445275,44.74955765472874
502.29662012066024,298.9472148748663,45.93402745727463,45.09953052434387
500.3553396904151,304.5880620513266,45.86451642095287,46.06716591043089
498.1907504599882,310.62420585878806,45.87992650457093,46.999545341587485
495.6595711093884,315.6282959945606,46.71474775136281,47.36354674760427
493.3454040167479,322.2816004121768,47.31559106023243,47.90227053140559
490.57546124831447,329.0914819881773,48.01851864250557,48.76882490509223
488.5456527239908,335.3794731030359,48.41534980015071,49.21924279380542
486.1594710607405,341.47321451108485,48.705446505004815,49.96232709455511
483.55945479583875,347.0547393287755,49.63184951243571,50.60140302631569
482.24229200617384,353.70770330877116,50.23817297910922,51.01467204241105
480.32535348361245,359.2135328387867,50.24023008686356,52.068550765920236
478.06945783595455,365.27257385080685,50.56788091433635,52.367017703546786
475.84149290982,370.44292762585775,50.897051115602466,53.27271036005691
475.2528638274744,373.68747867851226,51.54720381147952,54.058766293159316
473.528082289839,376.81726939208266,51.52079758155329,55.494204823166505
472.08116589846065,380.745181639117,52.01245111403019,55.82998688829855
471.8509617160799,383.37965987421995,52.57334831176565,56.297178631381854
471.63653771724665,385.414300656534,53.357890006396616,56.54675082191067
471.15791502337527,386.91475115066345,54.6258417423646,56.30048743878606
472.18710804938416,385.82855100651244,55.36500630034867,56.719239316298214
472.017980109647,383.92287424044457,56.360525746946195,57.61954446577127
472.48445200534087,381.71926370897825,57.44050843064693,58.14957406741203
474.49491267891267,380.3803858811357,58.41815254865395,58.26511248223768
476.4416848036185,379.5137457634045,58.953391499797945,59.034527116680096
477.86948913386726,376.7648816473017,60.024947373542496,58.960628143743264
480.0992496769058,372.9583319568702,61.279447216950715,58.20324913181912
483.6176556565601,368.33198458613145,62.404129876931755,58.34693970645983
486.5664724518241,364.2611707771139,63.230593117861694,58.319515134737856
490.4967139777998,363.41875148122284,64.48694393183177,59.234515189305384
494.39805747021836,361.125590623284,65.83347542313219,58.23367820076053
499.63117716324103,359.7195578790531,65.98086796112065,58.35261385341522
503.42120694045593,357.6397911289028,65.87182608080069,57.93637127260971
508.1258285667049,354.27799305353966,65.36250154029872,57.93818318083826
511.79431492885846,349.9663714862937,64.38786584538582,58.15125625762485
515.687891965201,345.8378201861064,64.3404369763441,57.802560691254435
520.7645497417071,345.0128356025269,66.06186722088658,55.719606551911106
525.6729222328754,341.7353309911478,65.52705053540933,54.529705035053986
535.2948019441742,337.65585524492633,62.37754972894953,55.75369067066181
541.6416709495129,332.8745618273012,61.42391907309197,55.18972411128267
548.3107727453543,329.59231543069245,61.09011164269985,54.377384672703684
554.644043217205,324.34863122861793,60.16361632833804,53.45118576928046
561.2388036693477,319.95245050129614,58.55192368312293,52.93515144789194
572.1951910069894,313.284424214048,55.960287925394645,53.39438941884169
580.9668269821852,309.95500838750445,55.484890528747115,52.57071462843321
586.8935155917129,305.099521649437,54.99016099293144,51.18102458977751
593.4109776950357,301.3938060026737,53.958084219630365,50.497472149067775
598.2532652106223,297.20570262082634,53.73711919314668,48.125991290457655
603.7929363580381,291.4323192976107,51.210704283065695,47.00871090582278
610.1222924315889,287.3679802838849,49.69553490630943,46.07022217429288
617.0068971537286,280.4908592211062,47.52093720313459,45.154195520969424
621.4965276564018,274.5077878521025,46.371375752598986,44.05169811046084
626.645741347746,268.2054895307021,44.63176575897914,43.50578681569896
630.6221957860189,261.87531827886113,43.41285526577037,42.33596953106917
634.335678740677,256.1451774309231,42.318818828669876,40.955414730353965
638.3025060150512,249.58872968398458,40.66685378948289,40.46230131537468
641.3852017285378,242.0014742092271,39.74388614923585,40.20499718170895
644.0035277183684,234.89743395432237,37.982607860458394,40.921864429819216
646.2722467064665,227.94665406392244,37.310270691163275,39.69180399190643
647.8483155365274,224.0895943581178,36.523716789014756,37.53745057968249
650.6733292059749,216.2197784163199,34.87385859108465,36.96592266603827
652.1333799941368,209.95205521455532,33.513316237949915,36.3870267716181
653.8990201954628,203.3957351446574,32.87797348376712,35.76360327227647
654.5862789509151,197.7946231465718,31.549893628229555,35.44530624671427
654.6763110167453,191.8024641248813,30.92224026454572,34.39141273964869
654.3098784787227,187.50129401112713,29.85832479138658,33.72740387700783
654.6829187803945,181.1783029579973,29.629624442798914,32.6519716148744
655.4115742933527,175.6112785395373,29.809720879667907,31.599644982564968
654.9723802461691,172.01991611549772,29.321121816537527,30.639348251281017
654.9611324796552,170.74815817384848,28.25958596475912,30.090900849997112
656.1222466465936,169.1782079736107,28.49754654405404,29.279152745564026
657.4457169802408,167.30857166666485,28.568654260669195,28.29958082670946
656.9923154659315,166.66933548871475,27.27205363562539,28.379718995803813
659.1286962795774,166.0709352766745,26.909861950053656,27.885652747243714
660.012401875505,164.98041983694725,26.707999142588164,27.078712901078134
660.431243003568,165.7611235798954,26.962847171261153,26.43664701716395
661.4147013869883,164.93347436367222,26.373222806156605,25.896458986071462
662.392612939095,165.20697511010613,26.068917166093502,25.743163536487053
664.1101798425476,163.90184672738468,25.318757142884483,25.77807336499543
664.6465641904957,163.19662951874463,24.905170016271633,25.590791789822084
665.7031449628852,164.1669789780061,24.89860101119487,24.587467634806
667.1397172645821,162.72321814253405,24.685352928204374,24.177401247848305
668.8133979154345,162.62696337160438,24.3365545570962,23.995798023807755
669.4822996235157,161.83465718638746,23.837547145594954,23.540627285459884
671.9457936205704,161.9902075926683,23.643248993174105,23.187338240760845
672.4310100797505,163.0043257335673,23.730567551778282,22.60927451603361
673.272652338695,164.19680569401626,23.49944747924728,22.414898243334726
673.6111787012737,164.94512811777926,23.286455700049686,22.039772168440866
674.7934291810601,166.93059398958277,22.817069910402502,21.2309210600753
675.3033171948445,167.10000459024772,22.26002174986219,21.238655972162192
677.3404031215454,169.1218371525378,22.15949575495879,20.47270400968868
678.2335841155508,168.25944269159893,22.306531176481336,20.355455892749383
679.1202231826982,165.70056116855974,21.90163700975864,19.951727560260377
680.870271384908,163.09680344066078,21.044010439666803,19.190043134557545
682.3235255954049,160.27187755597467,20.383371776771252,19.46547793639496
683.2467627879571,158.34913257889386,20.743795863846074,18.409669534797317
