728.5,272.5,113,99
738.0235987556708,267.4418205207309,107.59142375802172,95.85641420218224
750.806054730037,266.01696115343077,105.45780447824507,99.3099989194555
761.6733087148161,261.11341169494233,102.72837777170618,106.27865392603654
772.4334558432001,260.9961931947513,100.59958708826434,95.94597033617453
786.9838201235225,258.78094931911494,96.84673518301807,92.66359090946725
800.9733581438365,252.62457786687338,90.08663205475109,93.95715910790884
812.3880116400067,247.38958881750182,89.09024382609442,93.0949612457937
824.5380269821524,242.00571086902232,89.720289549217,92.42810721347676
835.514785958451,239.1967867426693,89.528398761154,87.46094721821065
849.7457422893197,236.7302772727308,89.34380501247743,85.49367493180999
861.0151293213839,236.97181691588244,93.51037803054726,82.07942977292083
871.7838346212176,235.57433166459438,97.98123942295658,78.93004443268747
887.7229780079773,234.84565273311176,97.38310430239682,79.63343486489033
901.5078016650499,228.7574720846171,100.44962201126512,81.95925962143741
918.9628029316009,222.82911575334728,96.46085855851771,83.19530851426892
933.6992507962589,221.91216246991354,93.02941374218284,82.05419204227267
955.1532786478307,215.01741814220168,87.6012516738966,82.69284571334666
969.8620861635897,208.31768984205183,84.85175982487824,79.89111649942737
987.0898396474003,206.03661754675392,81.07957137474504,76.25854776237955
1018.4821139724161,178.71731801542268,83.08716988128212,77.14374711400241
1043.9791818254816,171.65903716559723,85.62873923040004,74.92091554490328
1036.7679194850518,163.0305488202677,85.12570691286217,76.57812511613449
1058.5954611608718,160.3677755953678,81.11975419267863,83.29409277919197
1066.144721669636,158.21072154158108,83.99429074556699,83.74080563119084
1091.5269496503286,163.30764125815531,79.1175592555256,88.22130311186389
1035.3825705578097,161.94412495721105,78.54844717804923,87.8106188395169
959.8431877942742,165.8280730565716,78.48641494407798,85.48645584686668
897.006472630029,172.36933815618966,77.52992622346895,83.91370235745583
837.1625678546509,178.8631269428569,76.30766115765485,82.74371636884503
778.6137877003896,183.24587715556592,76.13670594178647,81.62005685622762
723.238152509595,187.35021118442003,73.03379095539978,84.7681188750854
685.4451960231157,196.31245159281727,70.25924768375219,86.55949152457883
674.4374262262738,206.06281101517027,66.52512416923739,88.39730534120685
661.2523243374848,224.98786267389272,66.17265253889919,85.64491378155981
644.2834449078252,245.098502453408,63.80748065179109,85.72909980891532
631.5646205329531,258.59100630268665,65.54769970556204,82.35245051464466
670.2457938142853,241.87632100683913,67.87290140282634,82.34013854451472
660.6400733569849,248.3188063121661,69.27505857399387,83.04165309972029
637.2927039484721,236.17974947296443,72.24660169690013,83.01865341425949
614.5489647232755,245.53644129511622,74.70995025073702,82.81127281540886
597.9866639917394,209.8288266800625,79.43688619583183,81.72211486506166
557.3226953665308,189.2602786889414,84.15172957875359,82.80385835865779
513.264142388716,174.2810520840374,86.37878958163832,85.34871667839182
491.59889019136284,147.1624710242553,86.64459203163315,86.12991144238808
449.39233976092294,97.27446102740231,87.42413359459161,88.86466283979051
405.8178813991291,41.365439674255626,89.21946059613305,93.07749737295748
355.11371657662204,24.444344081700706,92.30038996607604,96.02562024381308
307.0743540610622,12.419798167670237,93.85699321876946,98.08833902163937
245.0137093628621,4.099815917369206,97.07651956655984,98.45888318384513
225.51572498242902,52.388883785064564,97.75919732013328,99.14208594243735
159.11219193761758,61.91781452129642,97.57869287205128,102.02309201297331
103.73738937587635,36.12268482192484,100.6723585944361,100.05641857793516
30.29386860948952,11.211001555742648,105.27261424275324,99.02405866945683
11.143142654615872,-0.7986751287227207,107.56279564752134,97.13026675937547
4.17881232369357,5.902658680873287,106.06560189930258,97.74065600338054
9.712490926169878,-8.121768514721431,106.78624148783277,96.96070887695743
40.56218510892035,35.78142154552508,106.88523311327025,100.60908834252373
7.386088920650771,10.756118897334908,106.43278483759923,101.12329057808252
6.073851578411926,24.00948215547279,105.75633672408496,105.14977578308326
-7.507104981275461,44.96861512664718,100.78085211642583,113.30105589193113
20.750672110953992,86.69135898751432,101.07178473536935,118.29628897514368
3.4995279272666977,139.00552815283407,96.4051748359758,125.94769898217604
37.67243490968302,186.33718371222767,98.2684959480354,127.12890919803931
36.21586981795734,200.56823396939876,97.77863856390829,128.3891134558113
31.36281628041256,214.8056531710127,98.08616668303276,129.58875702935043
10.338408694683906,222.6370447914572,96.41449786560568,135.5315433733703
7.734757244274263,233.10263316282217,95.18043274836276,139.7160121176367
4.762830772803149,244.69415984021882,94.39989003225642,142.21005668954234
4.066147903606932,253.92453714344234,93.93361625163945,146.47620732188687
0.3366679090010365,246.53351366917272,95.44650610807741,149.61737065963945
10.827856081453767,200.6295293543766,97.54229475683239,152.5881334154171
24.44231476189507,207.88762353173473,101.95164605440762,151.765327592914
38.71432894402791,211.5500529039195,104.55427270518791,151.4430502433676
40.96980879339253,219.11019200499499,105.56323691803857,151.6008413521375
11.685659878370636,285.94236073509614,110.71059886800442,148.15680868153743
6.448270753910549,258.39974638928163,118.34513186677111,139.8482870230244
4.083022429680135,239.72370706617377,117.1743762092199,143.91437895202915
-7.214922390014777,157.65391652032122,109.46007452848346,157.81129707361205
-5.66258069879752,115.39267626587461,102.88320771243619,169.94128584478997
-14.572544024790375,73.21811052250689,94.22329643677122,184.8260222359421
-6.5687150881325,44.87841651556769,92.66498587434614,195.04355713350196
-2.6151038826705175,49.91883148811364,95.18637278684213,201.77177970496413
23.76868117669875,4.047216312210679,105.29802967984793,198.92581000967155
30.041989024004067,-5.4909341524374895,120.04727847972077,183.1837077958378
24.535873126934305,10.877582148393799,131.56478382458886,172.0308818521999
19.266543097917264,26.973392912564904,139.45248302084605,163.55120772435396
16.37993638054992,38.71412577922435,146.006953997837,157.54146271571366
10.708560173957764,49.086956725597574,149.9615438472461,154.0935024055923
7.725092216411241,56.7987753450964,152.04228423115927,152.54737492166407
5.950255325806594,64.98814306307318,152.5605258635013,152.20689922905325
7.122518410150647,71.8702165767272,152.99597552814748,152.14932015374157
4.055091305440428,76.80370009836776,153.38285759549686,152.71390122147108
5.341437539250705,78.32032854785137,151.77927255312215,154.42428192315526
5.666958628445045,79.60112552353591,150.5010357453925,156.17815638707546
5.700783501189264,80.08300499161984,149.6694448344658,157.4815253872714
6.664125138615802,83.86999968781487,148.81656825744747,158.07902046253474
4.901994699752223,82.02539193990165,146.770755688306,159.9376509042275
7.611310163482642,81.73371036367709,146.2391099867079,160.94443795234628
6.6295050635645225,81.45221563017526,145.06986913680487,161.2892191638723
8.186302102946854,79.46989340120717,144.36075167636477,161.7636984929129
6.215357234688312,77.78371361869826,143.42403409513963,162.22712744869315
9.053027865452847,75.54051941510646,143.24499160704113,162.519545344592
6.734961339324286,73.35953293859691,142.83929438661787,162.42324042012967
8.678233866729883,71.82445063988271,143.11252897198975,162.22338331232618
5.441907321675018,73.4788019402441,143.84891619128598,161.12340341121512
8.63408902386972,71.4061706590577,142.9704757236807,161.78936623171438
