575.5,258.5,203,244
585.4895031668384,265.156718748974,186.00763008285364,246.86133581030015
587.0534964320875,275.7539923306696,182.26306658164017,253.93646468106502
587.7852330225081,289.0727548129303,178.7002996612385,258.23606502998314
586.116334399969,298.49063003619904,183.7851473843655,262.7292695474616
584.5034791959356,305.0869422152262,184.4990960532324,256.9879262487202
586.9509341705949,307.450551355524,185.62540987226862,260.88579597569384
586.5378038973771,301.9852612726994,188.75082329109705,273.55828456730137
587.9592585563267,302.2346190622968,186.1795480030477,278.2734102368899
584.6880677197029,308.4195634906952,188.57801715536735,269.6755758173516
581.6688429423995,320.18564156794594,197.0113870739478,266.75555404293044
580.3881476473101,328.7192091921796,194.72296998961036,260.858395150435
583.735294949811,333.1156107518359,192.18715807749373,264.4238430449348
581.2602835179479,340.74362217033274,193.67844518257127,259.3303986817172
582.6678814343404,337.0271678228075,197.23018764914048,270.14754281121066
586.1214701788529,332.29720704590216,192.78350688030147,273.14466116316197
582.6663284152131,332.29930964141397,196.64039098590487,265.6561921970385
582.5181351866677,323.20744905275126,197.42989211576437,279.60215419895445
578.0660431014151,332.539488253066,198.84597173486225,273.85516410691463
578.4451636488634,338.1055787611799,201.3641131205317,273.1251170842599
578.1898694730743,343.2637582276068,199.51921560180807,276.8127189562954
571.0453617229065,323.23991160139036,207.0665312153035,286.027545144957
565.0698328786175,315.57713110740065,216.20354597480807,288.1809409783182
562.792960700367,312.92670962748616,219.44803854848735,269.6284794806069
559.8174749867496,309.6491430758874,214.6253311855777,265.2092046138318
554.6253222542655,301.1558651139487,218.09286343614906,265.85721391462044
548.4397997440192,298.9342948985203,220.63180731258342,264.8890058871736
542.6304890614185,305.5291871477064,220.4510953016266,266.3445115811659
535.5211096367999,301.9672159511015,221.80472110113755,266.5056487111867
531.1484304781977,297.6664253780183,220.01993618668723,264.2774092720988
526.2027486178338,297.76361816881035,217.6847200325881,257.4732203319179
523.6967475829736,289.538188816854,214.38524228573027,256.40661656681095
520.2454313179412,280.2055485429422,210.25533939731994,255.80668622653224
517.2368280704959,269.16955708701005,207.3680324528185,259.98892202035967
515.4488143668863,264.55804122466316,204.24150569060154,263.3557745750301
507.38843406076865,264.90413736793914,202.6596318930197,252.1913036541443
505.2745318665067,263.0134635320587,198.2853857790311,247.3403767851272
500.15186183308634,299.18483816269946,194.36493268365948,243.30799250670137
497.4957778803884,328.08194545669824,187.16171931662288,237.17438108787314
495.8265429344608,312.09229910771825,182.41366285937872,234.2463914151059
487.59311953471774,295.61467292923516,182.48073482234597,228.24051898711267
483.9326487619704,277.37495243906466,176.5155399119722,222.48794755661072
481.04024430648445,264.1359112148583,175.22517596082966,217.07618614736495
481.92767674098445,309.4014717322167,166.47135420091422,214.71819678783112
474.45785446141434,361.740272851058,161.17440053723922,207.1028577495098
471.52165980924906,356.45778822932766,156.83550150848825,205.00295056205044
469.04293070934824,346.9023644620556,155.38658784935217,196.69296017010254
465.1153081609696,336.3829903390885,150.54240050894225,185.8598245340237
462.83549819202915,320.3967333708221,145.7241551518132,187.89134348928113
463.30040774895866,300.53590497096036,139.60834512633087,186.98216925526572
455.78121933751277,287.56009775692456,140.99868043440733,172.70319842150192
456.19838025685635,316.3764344700108,141.18230543063243,168.16782517104625
453.09999684417744,366.3304666466628,139.86294760465313,156.53413290965796
450.0119136551915,396.5132664113738,132.84572424052135,156.31903360501968
451.30587584372796,388.29118908204487,126.35635853853785,157.03775539514965
447.13192114616857,382.9212801006452,128.42847792826288,150.91219652985694
442.7677941550623,374.25759709910363,124.75452635986092,145.95203839982605
442.10252980510114,406.31843255630895,123.65471258076322,139.55373135369462
437.6924018437109,440.31657576303144,123.5250865213051,131.68221876518305
436.68133336789646,435.39421892446904,117.01227342578615,129.7196778425033
434.46744726135387,433.43934035258565,112.52209662926994,131.35304557125573
431.58601226327625,435.60137276833007,110.77834477950053,126.2618716675675
427.46201869886096,440.1096594459395,111.1757814939532,126.67308494759824
422.1418248203145,438.25518120340524,110.64663760121718,125.77218195624887
417.5674970885847,437.3042067999123,111.6998131947997,125.85428700045699
416.97714302062616,432.8598917713771,109.89801030756377,127.63254966928153
409.97418927948956,429.6595939060067,112.14791446754609,124.65874248053505
406.10721614770296,427.21111104645223,113.16640702258309,123.287083926912
403.6813856145578,428.2995783953616,112.13348893222486,120.45121627620733
399.7629336628099,431.3179290896685,110.44999705781358,122.6829703644043
396.9473641216062,433.4541581588061,109.38817018471272,124.25111617206045
392.49585587382825,436.2717417143915,111.02904028380388,123.05804362122483
386.23113602978725,436.4942668897851,111.83746802450152,121.81811750953443
382.56917016131365,434.7012208809751,110.72020790949409,125.10491883183094
377.42669293221877,431.65203445657284,110.52485907255013,127.49324855367539
374.11635052066356,428.91430169292374,111.15449057390862,124.1577140671424
369.032345948886,428.26970153738426,112.13763036742016,123.18947179716359
367.49868979281695,427.4671847291626,110.30705500124421,120.79225575079775
367.80322320983163,424.73013736295803,108.82371272587932,121.37019704361833
359.6294312662626,425.5064155120752,111.41171762585796,116.87366501613356
357.15141857397265,422.9746778245167,111.23374284712604,117.29853709482921
358.7173595260307,417.89674456656167,109.92483573400945,118.18455840347781
352.9248076201207,408.7010052636277,106.6836747474463,116.77221156014105
355.24432612444576,399.75771876255396,107.50459169891754,114.22790922521293
354.8436233430224,389.65388800787605,103.78100765138203,114.00598396928403
354.28840266423305,384.6393398267436,104.67168347918775,110.15306523090531
350.58715056820245,376.61866285473513,104.28993703054344,106.71879129442159
349.21246751724175,378.1418651445506,103.4682929104082,103.58725838733051
353.85835555488603,371.72173482272615,102.09933920575592,99.5714019785875
354.74068742475856,364.2681967104883,99.54885905128964,98.6054857605908
350.8632749194917,377.1311351101208,98.11093865161939,95.32444954810612
352.39014999697525,367.25552486976204,99.87666098678267,92.93631704839858
349.5261784952961,416.12291321520587,99.03637494636854,91.2996946658918
353.89814132475027,430.01723882859005,96.12790495996168,89.42618851066925
355.84973519224536,440.8746866607268,93.75119649698384,88.14913656406812
356.52616940967874,433.45876992000933,95.12799375934321,83.76794354808342
356.5691694987288,428.138013529633,94.0640272207557,81.79422735711543
358.6479188147074,422.96435261634576,92.77629744190573,80.75783429148592
361.44764095869147,416.90730057940004,93.01303762439638,79.76964338438424
362.5806566776631,464.06532335680055,90.44437893441781,79.75828146828914
364.6384611599971,457.9970603662151,92.96448938905989,78.01206129095512
367.1321221098492,448.51041961306345,91.02912826873103,78.28331079508905
366.5824839299762,440.6068403331566,89.93693097521594,79.17794395347363
367.21870196200535,432.0585417909694,87.87720458179172,79.60879393069399
371.744170856065,429.4421797123256,86.28945543415271,79.52306973243338
376.7964673369117,423.0306393457236,85.66307776043854,78.49775659366689
378.1039850572938,415.83561289418196,84.94562061700213,77.36377866066822
379.7431916237904,411.6711515768177,86.84164209802704,76.4718602754033
386.2499168460354,406.769725055814,87.19309194381346,76.77149232030402
387.7082664660816,386.2601309543659,84.53562215161973,76.07066374524354
392.6518343439155,386.498266027542,84.15078837925878,76.26439633623875
392.1874473940799,379.9698340086885,84.25657004686468,75.63280428528356
399.14103697298657,373.82406456273725,84.57901868062137,74.4400422752575
401.3219686456568,369.477291913051,85.90484343847868,73.7438002032527
402.064498111361,363.8127548939634,85.43189765490787,73.56985903577308
406.54949580345675,357.37546827396955,84.6799497632903,70.94726713420982
411.43115086814345,350.4436621857251,82.4611793011949,71.30631927880262
420.80093004280474,362.4406006822039,77.7636566271062,70.66563348024155
426.0334549385289,357.0093357212599,76.25899693395615,71.76201540583642
429.18990749674197,403.3550263347894,74.25081647415291,73.9243130587587
433.056270986351,395.71189644649553,71.8856050929644,75.55936440861525
433.58037918199284,391.8148737992389,71.90108680101906,75.1921320530422
435.3235382939963,408.2579741100659,71.73506472464621,72.04469494966409
438.1440431573641,405.1423967113059,72.1071089940595,69.69760401935108
439.5583877278457,402.0020668286089,73.2589367015333,65.73874940003184
442.69726811289854,398.96099723783857,73.05125300798203,61.905713176435206
445.4514643497517,390.68813140242435,71.51965650566055,58.0262836608012
452.4786407303957,381.9057319301513,67.35051598012703,58.39044710894605
454.36803263921263,376.9545945485594,65.22112399818553,57.11754252643367
461.5949935017795,376.09985854765387,63.18317741748207,56.440552824351315
462.4201914930552,367.75688251406075,60.04749118576321,57.512458177436
465.0435201870112,362.4711529220658,61.22572760156126,56.34125288079491
467.39273239424995,356.22154952400473,58.28748877043546,57.34652040668056
468.1603792545708,349.6959096131337,59.061161366502226,53.6315729924637
473.17841453987063,342.9140835417769,58.25118113328122,51.57278260558393
473.0977070332021,336.9570920422569,56.669145794563406,51.42909372661382
473.0401939795064,330.4886594920527,55.18656305718583,51.38106776585006
468.59403652545075,324.73875379663946,54.66382494585609,49.34588011752136
456.69745732805654,319.4837731428718,53.444170150990175,46.83633168699225
429.6700620274587,314.38844833219997,54.71315842303894,47.43117167246237
403.3701118159221,309.85450335019107,55.25967245383263,46.978674622338715
378.3655301516986,308.7074785089818,56.77181618613451,45.59259009111804
363.9776955068,302.56125423210756,55.66298489259572,45.529840288491926
351.13844163892355,295.27374311838895,53.65060845422767,46.69306325110808
336.3257883975329,290.7208504343255,53.55171918279011,45.23736681579026
336.6865894024756,285.56569429871155,53.60423538013156,44.381772830469316
347.51335459895495,278.69509171048435,53.165613608298486,43.892299112744425
341.75125282977075,271.62681549265267,53.308634376554565,43.26333228546761
341.98913247433455,265.8057658669458,52.652908181271954,42.81144165905745
357.2255310723164,262.41753647755905,51.23710470638527,43.24388292430762
373.13845962099714,257.36407267389205,51.40496623848333,41.62439391529469
382.801395278576,251.81880269965956,52.01586376390385,40.8351693098916
391.73244978731645,246.80587731266434,50.053355487618326,41.61293277682545
399.8130581536828,240.9087129944799,47.485275424997646,42.09802379977725
399.0822891488231,237.8984266186583,45.456678443872434,43.84864019272248
398.52641787843976,232.46799960116334,46.20252108627452,43.672286478308216
408.45289854437857,230.75366648895417,42.508263261424986,44.73582525445415
404.3660266902838,228.87264780185933,42.95978523875685,45.49194687388292
398.0578830937706,224.27215954591196,45.3823724409081,43.04916081587166
401.5773554529108,222.03931542363213,43.59496995955717,43.240914039158284
401.34526974657217,219.98042912757086,43.635955306025906,43.60291322799904
404.8284200620012,217.562494372091,44.29262846855832,42.64280697421682
413.87533068161804,219.17021326359742,44.19451578773995,42.70766883087991
421.47583074332584,220.60834806281196,44.066358526679224,42.46237356633928
428.5606884363016,220.4574411665721,44.37543390469479,42.26807625765453
436.51139215126227,220.54539525912566,44.54154651501059,41.31278179445018
443.4310155146845,223.0174957826545,46.213437986379105,41.042749081476316
451.34785439793563,224.50340867363607,46.753163932578076,41.21579325324388
451.11344033569674,226.02285590083625,47.67286585263069,40.424366808888195
453.8860113089108,228.65543163873338,45.8044198376745,40.71387727712649
450.7518601727609,228.73534099195874,44.98463199830398,41.4084768809812
444.6846629808391,229.57613659578192,44.497635030416795,41.02503345981245
430.9189575350956,229.27849434762464,43.75010336004556,41.09023212232536
411.85306145351444,230.4062010447244,44.07723203738085,40.00857863853882
391.1509302750626,227.55009576347493,41.04232485839396,41.44729947465113
363.03998074279343,226.35303521479545,42.3077458987315,39.839954834930296
339.9489422471347,260.4227150687185,42.84844977953715,39.88700664459967
317.86686305660083,278.17868725402934,40.70691381291467,40.550870169576015
291.91771967963234,271.6707229342633,38.42866299400433,40.79349762487019
267.2858044395794,303.7847399676035,38.611800107506575,40.701833189494174
237.80045325233948,299.380060411868,39.0320242672906,39.06793072857227
214.26716759560986,294.94247334361097,38.507285973764645,39.626742308647735
189.03631612557203,291.2471234031765,40.19406834969622,38.064700295287416
190.05105563460432,287.57467121646084,41.95205076820069,37.477812137339164
180.31760408373947,285.44247965389985,41.750054280714494,37.34008931414914
169.60354166715464,282.16652385761563,42.41866422991169,37.199729910299
153.39956984100922,280.239620919839,45.25696038649541,36.15388598167102
143.00421492187482,279.45567303153507,46.513007698615226,35.71337221338741
132.37629174323945,278.4141453936728,48.41556452461761,34.8635243795118
120.75768388891365,277.91087983845523,48.7653718624954,35.327062927864105
107.80503880656346,278.57489628406665,50.58792520029063,34.70077819920343
95.5797478465924,280.67291425520585,52.241722361912785,34.72171019963643
83.83110572861287,282.8732634198218,54.555335654447894,34.35548979204164
69.90857714982627,286.58478251817974,56.633287366460806,34.89754377287696
59.791519723569785,292.84583031496,58.75973755886896,34.675886032905055
56.46919404564001,297.7191261891406,59.79598405801329,36.20150197989872
84.021626066501,303.3255316556618,60.33557396073468,37.115130160439556
77.83080047548901,310.5887361704177,60.69908339790008,37.004718777155624
69.50885180120915,319.056762184115,62.14309514502688,35.80255216288302
62.88389584697018,325.92995925508853,61.13755688778099,36.066105685987765
54.371627998355144,328.865091119184,60.15678724304148,37.2609035278761
50.39877329019825,327.917978096712,58.30281443320757,38.73251592125528
29.427421902961807,324.61697495830333,56.600962628195425,39.03923557393328
16.55874829799592,318.2967334658696,55.429884230437764,40.53571726008817
25.222485115420124,315.904183541328,54.274217524104735,43.02088339841703
41.25694637750928,304.8655412818027,52.9836553647558,44.93360554713552
38.18539780696027,297.8434882417206,51.94926470064336,45.84987364073074
51.451102217767996,272.2393181197578,47.497964448639316,47.298969207132814
60.369998730008305,244.8741446466138,44.63577654718418,49.14761862042212
64.08790896052247,231.39562924069523,43.70376010626367,50.24724507147465
89.66562072361438,221.11856014943254,44.32305737365259,50.35264846573122
69.6692308406784,207.1754680538466,45.04570131059012,51.50360270107562
75.7049295040057,207.27000420694478,45.43895822368407,51.67976128978025
95.67106189645315,186.6713493065801,46.39011028891139,52.659684355434074
97.95157275155091,189.09983349274043,48.63454543793996,52.23106809002854
120.96823146921676,182.4104851876647,50.18161721328506,52.06385214032993
131.41272038026534,188.31981544280166,52.23711259531798,52.28249511468417
138.05098724941263,190.6315731122007,53.49836980207661,52.94624092365744
141.9645981384715,191.26192140784593,54.63497977715949,53.24430033162166
165.92202143791513,192.16597818484544,56.10959397419012,53.560878165555415
175.00859544056448,197.58599181968717,57.41316895225816,54.077214504405504
184.34366737537704,202.5186182464096,58.170058607841845,54.6975479800582
189.97091023803026,204.55835377618482,58.13318231865146,55.51756734765742
195.38936818697584,206.97277032924538,58.36077505065719,56.02713077175345
198.54570281960673,206.64245460931073,58.67171947122966,56.43323948382829
204.71745545209828,197.30698670696486,59.36352627406669,56.660076273019754
208.62948615401498,188.40701224472977,59.5476624546332,56.867081501234374
255.67577023974866,156.21182451677248,57.58357723233499,57.98663752419853
258.00790931600125,149.47512556486612,55.06764323517548,59.20280228321418
257.00123859738875,166.26512075367472,52.911894413910645,60.442461172546864
255.17325950231773,220.95652137456509,52.75553577017792,61.82799910747478
254.7152319553389,221.83795551629336,51.34312119492398,62.55886556491571
252.28275822131368,219.38198499154953,50.42866237493166,63.83638842971527
247.11476844633398,223.1921448354923,51.5932309504682,62.7909630369724
242.84451072076877,228.1045069527545,53.63970064876013,60.36790137016296
236.60333248296806,231.87519984417003,55.143847309471816,57.6756941806585
228.6948805578691,236.58225343775774,56.47026918358412,55.64787450151014
222.2693798126757,258.15932480526413,57.88476947277465,53.95906956528766
228.25929853913328,288.6015390487199,57.87982227779797,55.46427593578761
216.04116433891178,320.6005159317542,58.87877824473172,54.36587973862238
211.10910172035992,318.4368113158397,60.453287041511075,52.57747562112781
209.69975221925318,315.8101422048681,61.9105413500085,51.09753155462824
242.07018439508914,316.5005372327322,62.40201574527018,50.18319097244884
272.7714052612189,319.07803154678084,62.1512692569384,50.34832676134778
305.8000417147654,315.08408957964565,61.19489247048341,51.49041404979596
334.6359719295008,313.6215129546194,61.55396357070218,51.12803853413603
328.31897829512286,315.85837837964345,62.104297067090585,51.63718048791374
333.53413872096695,310.12712835902624,63.495475747529056,51.90557909314724
333.83310447081226,310.6136101955968,62.88492898656209,52.54925907543279
345.63535254545667,305.14598129361565,63.67551253596252,52.7313998413973
354.63992482573434,304.1695624407891,64.79649587372244,52.88868493706994
345.42059421259535,300.8733489433731,66.43092989354413,53.15789166955758
338.3119197848428,299.22035884488963,68.06379095981387,53.34120776500374
342.9517098117793,295.4203469299017,69.14500421571903,54.04493522087681
335.9751126386924,293.18986572605576,70.50747045490222,54.837421724735655
348.08787173161346,289.44077490954777,71.6883617799401,56.34040281229464
356.54941643997057,286.171736496451,72.9351798048414,57.76749465002041
345.6458146239699,279.4981001916648,73.93597535819003,59.978303322752545
353.14980869248205,315.28661532674164,74.95281272689944,61.90247303432216
343.2792505388648,367.1088586264653,76.4719532958993,62.93083866277839
351.8388618530479,399.47678561448083,78.03515311587134,64.78622740525219
356.84448489334846,399.05647020710336,78.80742727265876,66.94480431628968
367.17833087713905,387.8415457246889,80.11265294581052,68.5525303311278
355.41141174504804,385.09036260135474,80.77763332385675,71.36654828458173
370.4996227937674,373.54342066541216,82.81114546021283,73.81648462098293
375.2305606400364,372.78242882013416,85.08593239876436,75.48091255492328
388.7752669439243,356.5276722782269,86.99780170319492,78.65769538087059
381.22696613945845,339.5611383665445,87.60434554853208,82.59213733780595
397.44582889852416,329.1537965006782,88.59857482512832,84.14279576137419
389.77439624882663,335.38418684015767,88.86459714946514,84.9879754055721
395.90621825481435,370.65605889139135,88.91669926465208,85.85405647312815
373.3428005201812,395.51264023412926,88.62658809803813,86.53095581737627
366.4062511285495,382.7024573318532,88.4558097330703,86.89470773633704
359.1595357970152,386.6195738316658,88.56284857994723,87.53205658531421
358.5090668644784,377.78592095027915,88.842584611973,88.48263299433277
339.2790494281999,365.9999885036415,89.5735577943345,89.40380048614922
335.5514245103443,370.76839253692845,90.44790460746657,91.0143692871915
