553.5,555.5,54,102
524.540820673168,543.1580589564322,53.12650276155982,116.90826425511
498.5964854255873,532.6003872751434,52.83713730978985,127.39334553308336
472.9682345790941,523.2772084019813,51.19367672713818,124.49757741858929
448.6835068351623,517.2260410406806,50.90752671993928,111.46520501345917
424.3593939765216,512.5921142810312,50.094362314443906,105.07676458623644
401.66684891981146,507.814187608917,49.99529161593959,111.24537153475556
378.27370754978233,503.05371934340417,50.65173675273732,117.17193885065896
355.3651412849843,495.9090464479422,53.71092765120338,118.80590479159385
337.45525083696566,487.5360021062538,55.5264904347338,117.25660428269322
321.639837859843,479.11592461249427,59.58447737815361,106.44018540403681
314.8612664360884,473.4323521422993,61.01860188836726,102.66774260326868
311.8256197961649,461.32744430868,59.5754844185339,111.33712779555121
311.11201506659944,449.4523359508061,56.76524527497339,118.56729936301804
308.79802223299896,434.1754114993969,54.96301519159702,117.9397606924873
307.30392186712436,422.52852224104583,53.68701430624178,107.31526500638181
307.9526018655152,414.1678215233312,50.344179101591635,102.78385395267384
307.3702085167822,404.9935691973763,49.070121241387454,105.487181801518
306.649841842176,397.9208098406194,48.49093967730553,109.3478682229183
305.48327924847155,391.62287197305403,47.810364072927726,108.85909374387656
299.8086872680496,384.3149958222625,47.73846269195776,103.93508657725278
293.56202119524056,378.8500057052956,48.20819433432747,98.00643089471569
296.91497680671887,372.2649180753269,48.00480538281935,91.82837653089098
308.8466572360701,364.4742413025298,48.58214521794794,89.19787699187688
327.70655179509714,356.42563836702914,47.514086606028165,90.86791809587648
347.8191196821505,347.52505122641935,47.812625042326175,88.93544482366731
366.7890545830427,338.97021108022585,47.981752307729735,89.65197951250722
385.07676700247185,329.5311141088897,49.27317787515483,90.41612620911403
404.4603308075879,322.906947326146,49.28262507114976,90.45006587455343
423.27636783827944,316.7657901208378,48.6021054064673,90.69945715963524
440.8269659204249,311.13751567053595,45.129858384293236,93.16131152241523
456.2739085604791,306.8366831036391,42.52363789571409,95.71568873459661
471.85332692835675,303.5727635326563,39.967489234198936,95.59738500438856
486.41841287722673,302.00167858845015,38.43164688468076,95.88859479822028
497.7063406860718,300.09576849677273,38.269973086823754,95.16446326311748
510.8606903800889,299.36916176593843,38.287628352862754,96.05409540517273
523.1866084847393,299.61455088952937,39.680501307338695,95.50433832776666
536.0600751799009,302.97526933160924,40.94181430646686,93.2078863327888
550.2943670867671,305.1848316902359,41.400543155026924,92.13386449513192
566.4679848552066,309.13434076942724,41.9530984342987,92.32235884253451
583.3146020799181,313.33907104508853,39.739597909519645,95.11301529561187
599.7941788672049,319.03839587625004,38.28786323333618,95.43745160358932
615.0964283081952,327.3574946262468,38.14169145017067,93.44603673436721
630.8215320907738,335.2054486701871,38.78610148880745,91.92062290826117
643.0649978213328,344.4300088980039,39.72383180871567,90.42747234967996
651.8877780298335,353.4220212929612,41.22029326646156,92.07684542504177
658.3191881842853,363.85947307670233,42.42857187143838,90.1220268323073
663.3458707239649,375.49928505912396,42.77996602646985,89.03985546718445
666.251438952097,387.0603239819714,43.97935829558803,88.0178674245991
667.92559958299,397.8878879896906,44.8490529412114,89.23798706083804
668.7020688594685,410.1611588638443,44.64505407222652,90.94467117446487
666.8707214960504,424.0415405413992,44.30932473968368,92.39860182071239
666.8877318364015,436.82478418290447,44.299885171070926,93.86134935927883
666.8717756774959,451.9316647542667,44.23611244892273,92.3571624398833
665.1815784123472,467.67874371063215,45.1667350616962,88.48244098176468
663.705826041677,483.8429416423768,44.98819351844876,87.92311483677233
660.1000348648985,499.5521270843389,46.14124116540227,86.846330555294
659.7946647215866,513.0561731304604,46.46673980712201,89.71087326695681
659.0602394021687,528.1456489221108,45.581715400156455,90.71943410074883
659.4335565426923,542.5523507587544,44.758637956919046,96.31392421825576
658.0402809278639,556.3665256193308,44.58336176716676,98.92210973701226
656.904480826415,571.2839764881643,46.11716289739761,97.45274380814818
653.904597679436,587.2188232957752,48.54402488654967,94.07067448107814
648.0916869127633,603.2761199629673,50.67753078817875,90.9318357098859
643.1792237964548,619.4587302101247,51.585161222941,84.82037144535488
635.8440811703696,636.6261493245378,53.420624470016676,78.33226122175799
628.4182144649669,653.8375788514393,58.19011582802244,68.18642167989799
622.3610190040803,667.5943503887635,61.69050805550427,57.35220331646249
606.5725776461543,679.4239430057648,62.249310973310784,53.06804122660874
600.9834452395306,650.5150623760285,60.250666011218854,57.32575075123774
609.3914374629132,627.7514190278706,60.30803116282426,59.64463797631051
636.0682601112376,637.2891045413417,61.16945161380151,60.23111324302022
640.4385446491431,619.3536352365284,61.01552219160632,61.32464705473426
645.0802054642501,624.7095561100657,61.23576131092347,61.808717508054684
658.1019177760637,594.5559513241244,60.366438423650536,64.12252094051216
688.5949454790914,597.6841268162614,60.97805121284378,64.732668338566
719.412464914106,618.0816061550908,61.8343130052442,65.64169229283002
747.3950357352417,623.0364769922586,62.75823529222373,66.36235264803598
773.5475436055515,628.6537155478998,63.49238129774616,67.22133533072162
798.1480702122999,636.4859445641601,64.36547514262062,67.80870876934996
804.4413378564178,606.3489182159944,64.35683404213957,69.4069511567501
794.5062346201926,615.1068894743056,65.30943671822892,69.74510140156079
797.3836199911347,620.5587411354775,66.32031192855318,70.75055641536215
800.358490846149,623.8160687241211,67.82147445963132,71.6685275170226
808.6146448153147,624.6872458599345,68.292302578339,72.73424320410864
818.5658887182944,611.7541802784509,67.77682089707245,74.74542491145785
830.208668153323,624.8539797774235,68.42226490799877,75.11805901835857
835.6770189851493,631.3476603106508,69.40891955895627,75.68763224542761
841.3399252419811,593.403545230328,68.63246706362287,78.49569635169294
854.2090973682413,596.492308156442,69.74719608115966,79.66292575147223
887.8452729649489,601.8503518909718,71.33818784951569,81.07527408987625
922.8521081332921,611.5672016368865,72.50818155441611,82.46033622536908
954.3937494992434,620.5375137024079,73.74020293860146,83.92731632108192
974.6546739874962,631.2587020189548,76.73829004926247,83.58033098661056
1009.1685228584904,600.4775673475265,77.45741248192199,86.76846632207871
1041.459023889214,575.959142104681,77.67123572770804,88.42783103431145
1074.411421897809,587.8580618718208,78.36410914166073,88.24413713013534
1107.685480417333,604.3854885269856,79.32197237638152,88.20562610244241
1138.999500438196,614.1276667227636,80.24973216060171,88.23269377050865
1188.7738453310694,595.8464826839864,80.41181885977491,88.57634616612043
1204.4159133792714,555.6162737706193,79.29726826481676,91.27502408442975
1191.2279332116923,581.6183995064296,79.54159524134897,93.84083505494283
1205.7536662854475,585.8108433327219,78.50161027329248,96.64342987006974
1197.0983371501031,547.777541544491,77.4160601355805,102.40081964795853
1205.6233934860588,552.829016398906,77.24527070292618,103.90326002812613
1199.8479549451672,562.3705392919695,77.03309305832555,107.07909498257536
1186.416388200616,574.571039286788,79.88379900844525,108.09845098702009
1194.8459487522134,581.9526473925679,80.8318759271933,110.21957732305938
1183.829068813982,556.005343776324,82.37419106835553,114.27151694503908
1196.0162273739709,566.4587685365449,82.97111548825508,116.76671483821133
1182.4789573363232,570.4447977114219,85.62448114390062,119.36324759022281
1191.9996791050005,573.3547071339152,86.06218079284656,121.54462446066691
1175.5683314282805,578.2773228490146,90.25522866858923,123.50596880550124
1188.1894602803138,574.9911139750911,90.27312014461694,126.5737297807747
1169.902393626307,576.7904107086894,94.41911462859994,128.15163824094472
1183.3479201961602,571.018741391922,94.2509035360474,131.06446950868622
1168.5427805458935,573.5964612018936,98.2127888614217,133.5636551018155
1176.821001197403,571.1404977656782,98.84464643907722,136.3269925522198
1158.1459845424613,571.7017329379798,103.69496612451154,137.63306644883545
1172.1223641525487,563.8491842052293,104.04990980864216,140.92257743459933
1159.7206415165751,524.747906929202,105.72652283067345,148.4274823739169
1171.0065189901716,539.3648240200774,107.00488716795219,150.90356243469336
1151.5729626153945,544.3689546148337,112.13856661409042,153.81196823433885
1167.6138898486195,539.2925596097281,112.28295707596797,156.53775307867878
1145.3073048071935,538.4809578656693,116.85567974738537,158.649499850032
1119.4886481238655,502.91578958937544,122.28271725165044,160.36948490227877
1133.2131237730105,528.0120168158048,125.39495436650036,161.48444949088446
1153.077081213241,481.031990992519,123.97059273479,168.27838387556542
1131.036099122486,484.7256623929044,126.56935797891875,171.5297073080776
1156.7687926209287,390.8825938049705,124.0178477637844,177.61781553354797
1130.7065984024073,341.9711650254853,126.2569102447222,181.18731920221683
1148.9322069883988,371.96173512588723,128.33304915652417,182.70671729924547
1134.1743767690407,425.88731885449624,133.5966286171124,188.57990177326445
1152.3102324602826,430.7956343752672,134.09445056757846,193.14781376299072
1128.0942032357389,439.50355486399917,138.92873567460563,197.36453472828094
1093.1525217485057,416.36716282124655,146.83725995614745,197.7973362281616
1120.626861205176,455.7333868535205,149.8975432480842,202.06537276753508
1136.2264174418024,464.5682739545041,150.63542500474117,207.24558757945806
1107.385428035528,434.7116726916264,152.97409059947086,216.03838507600443
1131.1598300230435,471.9625952844325,153.05932680626307,220.1275483319659
1092.8188749713304,489.76969536854455,162.55411669996676,218.64077927703704
1140.8560936419208,478.12076190952376,156.06266369158612,224.82090896287073
1109.398454940377,482.1430047332856,159.75894503118496,225.15770433842272
1086.4283488724693,482.0773749031352,165.35085133690006,226.6027672055128
1127.6125158362597,468.03919526693016,164.47621954237164,228.72013450505983
1108.3120538669546,453.8061610476835,165.59374578273585,232.1629627309711
1072.3598989488023,384.93241001225647,168.08744053558297,235.4368882561492
1036.6150991344284,324.5370954354901,172.932559692605,235.7653327318444
999.7452692693995,349.4778335332048,181.19301650535107,232.67846258819932
952.3629725168888,375.64010178716325,187.9973919618531,231.21550369919044
983.7199845778505,400.15904272579417,192.46542657724416,231.5635138613795
1024.9640247153347,325.3873624272083,195.45145928682084,237.58586704865195
1064.0780570252737,397.60779274616635,198.82862303510086,242.31209977326841
1046.729453825847,398.5484667892017,204.6480274553169,246.86350765888454
1076.900783282082,406.71601205589593,204.59665242450444,251.48951267219928
1045.9682653639709,336.7719756971797,206.35638901262573,259.41022863612034
996.7570610128471,355.3351818513123,214.60855691177494,259.4438791803892
939.0890038871408,377.39367605347644,227.68632047921014,256.40298290390183
865.846191880587,395.25554961647833,234.7808416691356,256.1042802984218
873.9098359226457,407.7593947061346,238.23041025013526,256.94871533763467
878.2091784073376,425.78692007375935,242.41087871831536,257.4949914448677
895.7439226051167,370.84476124852813,245.0548733234479,259.3397468162713
902.305077384588,396.07617491547285,250.27491272635552,259.21670677992864
930.0334203267323,335.0148904066699,254.52607835098573,262.0150847411315
867.6598942845393,364.20487860217565,257.5992296537451,262.37872203076614
762.9800699954403,390.53420590910355,263.5484797634424,261.0108335963418
588.7923205293814,418.36055942477554,258.86676441343536,266.0774646125773
469.76557848083155,437.57314508237414,264.799922445293,256.81059244432237
482.24010865890045,413.2719772362186,265.04979399090354,258.47706546109094
503.4851151289056,413.0150675723215,266.2513969598187,259.15336976001225
536.5282063921693,335.90944607032947,263.3451223587307,270.54527293605327
563.2836673724934,377.8629262573106,265.29568871550026,274.1898850091454
589.6369789653577,366.88979078739646,264.12623040784115,278.9315581311844
631.9307539750268,366.9782792551759,264.99656611179705,283.15177386055143
669.3317033558005,392.17307741496234,269.367030455267,285.1644796701767
688.7334230058921,378.7073876182168,269.6149360544188,287.5478006837538
703.8525806369445,393.1657111539173,270.46296693697286,290.0852647134388
709.7174787018475,389.9613239952679,271.26922431938203,292.0498055404148
718.2170832459202,392.01511283766206,270.95071428343135,295.9337633405537
724.7082471270669,405.38177488291484,271.1139325698682,298.5428847447944
733.9024975775258,406.2020798452469,273.0632359633088,299.2733459909029
737.3021843752095,402.34747669861395,273.6674368592224,302.4514008025721
736.4800326945667,385.6013935318153,270.79794434964595,308.8271963338649
756.4954357839986,244.462044353279,267.2324568252237,325.78505546151337
766.6025938672051,275.5470635998983,271.67050097693374,328.1585019302157
769.7954460932693,315.4618695850072,279.8780095928662,330.61317283286473
789.0840053844931,320.1734274553022,284.27164483080594,334.38522189440056
824.9607109469969,223.97580752107785,290.5084519879861,341.6209303230436
949.3440053442753,124.89235774474776,289.902327733802,347.02780001868234
986.8471951559612,108.185988981907,289.97864790094474,353.7146276682343
958.6563903680935,83.74486390097658,295.0497182992794,362.287273667331
924.7655536228878,115.09347213612182,302.3312309845262,374.0698254580217
985.7852964014718,173.61361337639093,299.4489562998813,392.93460531491775
946.882658269807,110.39573469280276,302.4896685579447,416.6750635154267
998.9145608281354,153.97995774107963,299.4766178196598,435.79008670206
941.9339735035683,80.29467434645073,309.45309056677803,455.1155211591697
849.1865483888257,105.74856834352278,331.8491462309449,456.97367371110226
893.7824439945168,110.28487468477667,340.2074145361886,462.11151924319034
742.1336182297755,22.977300887130383,369.8927600515186,449.857848401099
606.4764315719256,61.43008281716877,400.09607394858045,435.4460250641807
509.62571942934363,90.34773945585749,417.0492531580686,432.5863243616137
543.1470516693954,106.34950796474499,424.176042632052,432.5284124250353
580.4776322731234,102.22129511466915,437.4053904234536,434.21584188147744
591.8315074229298,114.67502015027623,458.4212514876892,435.2382797718635
630.9889937295029,141.64258689040025,478.96271538131526,439.45745215169006
681.6338593916779,145.27843241406148,496.7526189487915,447.4642503459019
736.8685151166355,142.55731595014436,502.4651646594259,464.5664878467368
632.4128724320116,156.67268521099268,533.8247322727091,467.3229644636626
690.8853525325255,144.06932853788317,535.3025695318042,478.1626688157968
759.4087631733996,107.24588248747733,527.578357512045,497.36915318104695
629.0991783551312,137.22021943507096,547.1473747527983,502.5252126751462
496.7132958407563,167.8462456177701,582.9017252178786,494.4974733477167
99.19821632135432,205.40256093278947,600.2665292741203,501.1764834892497
-0.30394302533932205,147.1275955423755,574.4767002077201,538.9406665617776
21.041462797985957,130.3545410192827,558.4251872056338,567.9374730679316
38.518059388090364,118.72052559058812,552.0511344531888,589.5131477048462
58.14206124932582,132.99042375118643,561.6952084607346,599.3309572961996
-11.332273667155619,93.0915752415928,543.2235264704955,622.2431990220491
37.593728438517076,92.93260699921285,532.4482889593453,641.3201780601571
69.2952770583783,111.51768268258508,549.9922748253002,641.4885730446747
66.38578348972726,108.61882461338757,565.1926988178593,640.0609853113574
60.79134943255235,125.71537737701055,580.5486719621842,637.6015197021219
42.18773056333822,122.74263288471161,591.54265518607,636.3314775993492
38.17038034826902,108.6894629732218,600.0280111497897,641.3002824787427
45.326442208755736,129.65278184344902,613.2747570174254,637.682079515065
50.404279905974875,139.32729286926087,629.5697775245334,632.7690510205313
49.07522442104158,156.52461870717332,655.9462267309524,617.3486225154286
52.19092744449222,160.81683208127436,675.2100775050037,613.7093631471852
45.1287337628637,170.04679451133705,699.4382057062054,602.8144521654821
-22.838212997473306,113.37523914459166,671.830112368895,628.8839583442698
22.10608674502845,107.64497635710529,657.895299591402,640.3253424580689
32.828023745161715,122.45778193229489,664.4193367248491,640.7132541926483
40.31939578050503,145.75753989516681,680.0256306509625,632.5461565301512
50.6176566583149,150.11968553932616,701.3881431659117,623.949347102388
-25.831806910297303,101.37716727370639,680.9851260289997,642.1146976646122
19.055104093401212,105.70280333308938,686.010419849574,647.233393254493
21.84800381658681,102.11662325419883,687.5238961524302,647.1165566004129
29.02378322831987,122.67086555687189,697.7334775547079,635.5840392301592
-22.393596326915315,87.00097196665837,676.6531477474285,648.7144357282095
21.907127733919992,90.85566473677892,678.0178881903803,650.3033646769732
26.028772066182853,112.14205551483167,683.2130498109686,640.593648775408
-32.307520310584266,70.75417509466797,658.7415524201652,654.8512475450016
20.103194522141564,107.5858713763563,663.9466517274116,648.953029110371
-31.580532660416225,78.79597531015713,651.4919311696193,650.5649874046873
15.06528582503688,89.71925325112994,647.2447707799746,649.5781073777694
18.85901224022166,82.26986936182294,643.8274702288555,651.9677037555975
-29.010848721619425,71.71188658778203,627.6335646741616,657.8109930962626
1.881013860958035,83.0316102047039,623.559747449995,658.1167588157623
3.83386714797291,93.31608490496654,621.6797982157134,652.4762455943858
1.9337757974221859,94.71963872595592,626.4036418102945,643.9162337928525
8.525663741384449,90.10781028319468,623.1446909802546,646.7815528061496
10.05142754188438,117.04413879439221,629.8077545991955,636.3384448401232
-13.242494478515312,127.16330298518773,643.0904803962388,617.6653620143268
6.703799300580954,124.81340436052125,655.0457592096411,611.6289237141787
15.9647639783243,157.10161161799732,673.4186090519199,599.3661940024426
-2.26214539457834,172.12429955072054,674.8034951253167,593.3100472561549
-9.855261737603541,115.67390797343148,684.8926019834369,588.5960396061049
6.493955499653225,132.04956889033446,698.7018089984875,584.8501657176521
0.9043860571615028,153.19909593586397,716.5150375811561,571.1537049938133
17.997552999984805,162.12798357671028,732.3843438789246,561.8961053163671
22.597833079110387,177.74131756159784,742.5399974773939,555.2850144893719
32.90158408271873,184.13357943243335,762.0950415901591,546.6023772661642
23.982190183691387,136.5412931765499,777.6982190191779,543.4355484222534
38.861044001731784,164.34757874924748,784.568155867782,544.4090669734371
63.19604662124726,183.27103907355757,810.1720556888832,536.3942815493189
61.70285121827976,125.34107444900064,816.3161859775754,544.142373737073
33.78611983534017,163.3343598511716,831.663576457689,540.8761796097067
48.22298825370888,107.21883280113394,846.3238200359756,548.5106118585725
67.91681669462577,113.00227228367038,835.4486149868305,541.9677289612977
69.71353986409275,127.34107115870825,864.5271217841323,532.8393135999667
69.20270069444706,147.6347146677279,877.8511447424378,536.7687267770243
81.38165997518121,153.41127097093175,875.7093842894179,535.5528233164705
91.72244752840913,153.8523869616406,876.0613711298008,535.7504507907922
101.47117974843195,158.98057900331708,874.9011782524667,535.094717044238
110.08838885597629,161.45304324502695,875.1090057009983,535.2114655473924
126.19530044621945,167.66999031561858,865.2139801952167,529.5765210007819
184.3576161460578,150.20344749394042,887.199136435707,536.877577963382
188.52331298205223,149.76586072804645,888.1989833200897,537.4445136233842
190.91245010472136,150.89308645442912,887.0820491424573,536.8110632865529
204.7352530687562,158.21602735864428,872.823882491616,528.8009457728446
212.99747245056454,158.56437926233923,875.278026395553,530.1815402274425
212.8704134724254,157.16314878439636,891.0388277014406,539.0678181922403
215.0420517194101,156.6560869577567,901.614428876678,544.957638102863
259.00274417155333,134.43396207156138,895.8583735526233,541.7624286707677
330.6390687980059,143.16763811292827,884.3668231536029,535.6204083885998
353.57104579136853,159.75556167331686,819.0720599656597,501.4016888764748
242.50184190169534,157.80199654001194,843.5731455763575,510.6188225769338
171.9966520829903,154.51478589287962,867.7707840681378,520.1744504315141
105.41348464496866,142.58226003610014,885.7058569466237,531.7108638224278
112.56091500682442,149.2253729238197,897.6748278946795,538.3505447314436
121.23716251690928,159.5939561050568,898.2021323644096,538.6419306871519
125.87655164889111,162.13357440189407,906.5042688756637,543.2842092383662
228.76651144861682,148.6038736669327,885.9634591865915,532.6603790841963
226.8092287736779,147.26784895533058,869.905023642088,524.7035877380308
74.06052673411784,157.72251142110974,885.747221940291,528.4588396538634
120.99136567803714,165.95004208428327,866.5105591310196,517.720611126752
8.298214841809909,108.353075204449,861.4734831483115,539.2091204669898
6.4613653810101255,113.02592513014503,880.3214721637611,550.1275766868176
21.037437135107666,149.38578919229923,878.7908298272488,549.2339845733476
28.573396922455572,156.0089892335899,887.0920705472134,554.1511843010286
33.006817347788,157.81941442046184,901.9202782915866,562.8788049005022
39.486826023238166,161.51943924302037,916.4575945574085,571.3937626589016
49.176151801702986,123.9934609419571,959.1248267799294,595.6683729879212
111.66832858883771,86.37719090219571,972.4830245496829,602.7114390367014
127.48040683669183,89.28510416930499,938.7998736706509,585.0157615291885
132.14541594899754,89.44733488786693,911.491954197558,570.5935574556919
134.92541970546523,85.24936793326464,888.8845226685863,558.5293538099168
135.84113487322628,81.32013291550663,869.2956332482455,547.9422046077282
144.0628201906951,86.90451326090135,841.433783174466,532.989439645439
197.02734373263365,147.1476677125728,881.6160150675676,521.9524864012143
117.45495904200175,156.06194266180904,892.7293549807555,529.7978260554617
96.98183337062375,75.40677867453593,899.0094894738676,532.7819164340817
92.54266235591729,61.701218839473086,884.0552748463153,525.2294453771298
97.76964349122181,63.07891726528095,863.1743186724937,514.7787223286483
127.17963136570614,141.14124169535324,897.4637838187783,514.557006570223
63.99459199563472,53.30151600624117,906.6250703605598,518.7735122956882
61.5437528668665,44.833086129763785,894.7444879936537,513.199422966381
45.65371313159403,139.80560390922375,903.0975631669492,527.6134682460182
39.15787452337713,86.70767864203333,919.8014353517792,535.7704881659337
30.081746410075368,11.28134274662483,934.5176552807272,542.8921308367335
21.772356457176954,3.551042390765474,923.6222409082576,537.642353096842
21.31230300335062,-0.8191392473345331,912.3657214452625,532.2002772447971
23.54809647578412,-8.21137600033822,898.2842651516743,525.296935002004
26.80181465349699,-14.711059809690653,880.0499958432235,516.2072447584196
-37.74741303152041,107.03629782542919,857.6106209036083,543.8852198018697
-31.632526715213146,122.34824868547031,857.1084907208008,543.5858400251276
-22.952340519258826,134.4222246729908,855.7559449462757,542.7744683415943
-12.820900019949477,145.68353166813796,846.4151645854984,537.2118157093179
6.592829053213279,76.68420090594122,842.1224585349881,553.7828266258125
22.49788972791049,120.55518502548324,824.2910606665392,543.0193859063751
-24.90558659978609,136.94263150781273,826.2427474114616,552.8089506681209
-18.14508265217239,128.51908941013693,808.3886039655741,576.4752639660422
4.133055269972601,148.18217197761527,784.0572444142106,559.8600167469705
-18.037681020177047,96.01736932564796,772.5045678475248,581.0146706965155
-8.752748967541379,97.69606445712066,775.4942362936828,589.8424790042399
4.867468065421576,90.60306747561691,783.4405752603478,594.5707250608616
19.107860513094124,103.66277921736014,772.6508059539583,586.7896139216634
60.817280841539116,46.79404699646801,801.773795649242,583.1292407891035
69.33911817469624,53.36663503154091,798.2531995409408,580.6921806646086
70.64997851688872,56.70629923015474,802.4689419951662,583.6209592259654
76.8130107808555,60.1184418820979,803.963503913814,584.6402166668734
