752.5,233.5,68,153
754.0750945255852,226.0335294864707,66.99421015208924,160.8480653389882
756.8359734147576,222.10251995679508,68.22758815723607,166.309423018774
758.9401537913266,215.78838439983033,67.56791988541258,167.76434183021337
760.5780697194206,210.32591240867396,66.18884527434786,165.86989545304218
761.9166352100464,204.31018755970246,65.0294255980622,162.6917730762809
765.9896581726855,200.94030181266427,63.48292065719106,151.376789433773
767.3623123824549,195.64553531706184,63.61061176124192,150.59471938698815
768.9944498018813,194.57098206131766,62.67558426055429,152.99666009690674
771.499237667413,187.37440495036424,62.43869842994932,157.00518502287142
773.5119969979088,184.49686827892742,62.977183555659224,161.89305452101564
774.9538160609904,175.79784683198815,64.48855467277349,166.92627892289744
776.2189953024421,168.7367771608758,67.2215047779367,166.75272936280317
779.0389654033689,166.19364117246516,68.68291192926289,163.07551393629484
784.8981125245476,164.39269172108055,66.75302773637306,149.3631379890112
787.3521195033319,164.46872939047233,65.64941963564573,145.6580758047876
790.044442053498,159.95184473278243,63.62729032438113,150.3514753824397
790.1906617399081,151.5159633030329,63.588143611455834,155.56171819692102
788.0913387539917,149.26634736230187,63.26643695600224,158.58952923947
784.9091011004152,146.1339007026392,62.26129924525428,159.47036062485728
779.1222132392235,141.02797114014206,62.774531416662185,156.62946423494213
774.2322503968276,137.39355572101016,61.86958036170979,148.24689175310382
771.5780542890691,133.39661995226896,60.17629264482284,146.86257011319614
768.8629775937516,130.68095825953742,58.695484578098345,149.2130652984841
767.021825910974,129.36249778185055,57.78613251816401,152.4272490581419
764.5934159864729,127.07006683522894,57.95355905261171,157.22565092368478
763.2930636872088,126.93640878462912,58.10351773908984,159.96754835059255
764.6242199386437,123.67827873418076,58.39509575036537,164.81534935770406
765.2183532818141,119.39849383738266,60.01326909617652,163.7058238751015
766.5604201093286,120.95747342935509,61.9952250559784,161.9914954014956
768.9930246253641,119.90346723178128,63.84503606333257,152.47913119807308
772.7958156355912,124.55931526514775,63.32239276825725,144.5275659365584
776.5646216768783,125.35573310336864,61.242893944088834,145.21030901602603
779.8793202862427,125.53612936406498,59.30956982719899,149.00810239605238
781.2050329167199,125.80471655626235,58.934354791302425,151.11760564553583
782.7990118033248,127.55100557549441,58.17905546734665,152.01311632759828
782.8559577951752,125.0161983295321,56.89187400182534,153.94349664137803
781.8888812973418,124.48535855994206,56.05692122712796,151.5966079659417
778.8489269588579,123.90349345449916,56.274341159028786,145.80824482805983
772.9630639444991,125.74976970915802,56.316407542023754,141.30789572944985
764.9573855990328,126.56334010640211,56.03606053161843,145.48188408930753
758.8800141348911,125.37683377206156,56.420792060872955,149.24887731023603
750.8052716635339,126.19460375230577,57.55952934104458,153.241524968647
744.7680410722957,125.36515299593003,58.30185268173619,154.36694068486696
739.4419541779796,123.37147652036299,58.4634051187969,157.3062752316909
736.0788535365082,121.79230277275488,57.294580577293615,155.52279620386616
736.5352343418152,127.32239338476846,57.003995312217526,147.2466008233292
737.258616777769,130.54528133756583,56.33147718483778,140.72805360999982
738.6362316904742,131.81569215459447,56.78304238215316,141.3198179832246
739.3007586277309,134.19099695289006,56.2223731979798,144.677851250635
740.0627990806919,134.73596711482224,55.70421775589442,148.64096608459835
740.9554719817596,134.07919915995592,55.61296339858104,149.95872183189246
740.698952450461,134.33080404574812,55.70572437171969,149.2922568905375
740.0599067568721,137.30022172637638,56.00920291189078,145.09441823781134
740.9288213575977,142.21076869441583,56.26581940849393,138.03056804848103
742.3157447756452,143.5986096053315,54.71299606113563,140.3550103547069
744.0766353094722,143.89211500688825,54.608905034219866,146.19976042055725
743.6789899457541,146.45198503949482,55.36447841031985,151.33608229469155
744.3465199365802,145.3605666231786,55.57815422544703,154.66494762426603
743.3401230454232,145.07933247411148,56.28947538082438,156.6988406387502
741.9343798322714,143.8428380701619,57.858983690750804,157.28634647211845
739.7677307645131,144.88786326140567,58.17365721025749,150.63861489404724
736.1810689192828,146.84782449032377,57.88667941938806,142.76379815272364
729.2144569024401,150.7781477731573,57.973618578748685,137.1452035947921
720.8976957044852,151.10545833067545,57.40689252326916,140.9951925384486
711.199973969609,152.24485647475066,56.459605101157955,143.97673711274774
701.8621528755629,151.41057679430634,55.33435296518677,144.72656763414042
691.5732547427024,149.95807987630275,55.69926405268302,144.87700776056235
684.9891814409755,149.9656299917252,55.92617404360364,140.40383553663855
679.2683120002679,150.0663571155685,54.19275646291194,136.75370243546797
676.9972350329119,147.52360222465242,52.58311909311412,140.784452187564
675.9879919768384,147.21916348292112,52.07691627374315,146.26702595620168
675.1435059417929,146.37636157654686,52.716585659910265,150.36762554521084
674.8013022198766,141.7714949669343,53.920778368917865,152.2530079573717
676.531004988427,141.0762192190329,54.37637891275075,153.9922493519251
676.8188048868809,134.97757417028131,55.274694756089936,155.77433971520225
678.2962817559102,132.48931883402182,56.35931086760431,152.753696907255
680.5235989533832,135.55152430349204,56.58370308017949,142.71251286917885
682.0719515719535,132.38875843271938,54.44292615131154,140.48155955338572
678.4067257967,130.57206556939084,54.07764421870803,141.97367385306717
672.192985504096,128.09115970367833,55.89143851052503,143.09947202768598
666.9192551648297,126.15931197201334,56.07483529522328,145.22564551790822
661.1301308565481,124.2779164024622,56.18664126942083,145.01557927685909
656.1031638335509,120.03171574760253,55.83842475533542,142.56401606170175
651.9803281654133,117.76605245430711,55.189914846916636,138.40768717697145
651.1302450445309,115.80034627500426,52.86351716217729,137.52072965006622
651.7159620583648,112.59505924491079,50.77567620329928,141.73477054892848
653.1770003636941,111.64943140923532,49.7951038274151,145.88775447932966
654.1378209170107,108.63565656162054,51.497353367779134,143.37731351774036
657.1729250350882,107.83468953980682,50.61669109668679,145.16713783901042
660.0467392176142,101.7502116957177,52.39476014766331,146.51497361579317
664.2485426259761,96.97099200151209,54.536252566057634,147.84829521842704
668.6910602764041,96.94715815726957,55.06804836848368,140.77076254472826
675.1627082218249,99.03793573811961,53.12684735443644,135.14761781846704
679.9613402030296,97.01147750190081,52.87004065888462,137.69980741884697
684.3022012944573,95.33998735239607,52.69824802125511,142.13949156614177
687.3958819883967,94.2817413420986,52.71153757894493,144.82165127026605
690.0470835927313,91.6559466432527,53.112484241016425,144.343984470856
692.0266314878503,91.1601272708766,52.634549492166116,145.28289181599044
694.2541393960952,88.74838137637543,52.15157670291687,139.8944313042704
695.5639316845177,89.27281634799307,50.23893352347213,138.1562371986715
696.546973641791,88.78403001969137,49.03083045109638,136.89774188419725
697.0205747359048,87.50913238207183,48.006738967877084,140.23924347629318
696.0471714583286,87.33639225915866,48.71552969906403,142.50350544197966
696.6363185191767,86.72507693204165,49.48922486197161,145.3050915570928
696.5285064706112,86.18174621723225,49.55045865957839,147.23994401695228
696.1465990704563,83.25901681283455,50.04420581111708,146.70848522418942
697.2677882221283,83.95430004953138,50.82580602273229,146.34693236584747
698.2696392927493,85.8220331667547,50.72070765175836,139.99673726222397
698.6930195252243,87.09850539569008,50.34633757936285,135.7511450344978
698.0105458376764,90.55280526163112,50.93586613306248,135.71555375505685
697.7043962356353,91.84033311606787,51.225782668562545,140.19636785867053
697.1228192613808,91.25483456683905,51.058779285323105,144.0636382828428
695.5389704045614,90.38928406800356,51.30996931409747,147.1414464190182
693.2135240263417,91.56221905584178,51.34035505378796,144.3523432257366
692.3883084694319,95.27844073661976,51.42902770761745,140.2947429003667
692.1508278652065,97.70624053554232,50.37948408466944,138.62288146843423
692.0590781106807,99.62446066651131,48.658012596942356,136.82042661624456
692.190755714892,104.16755896409775,47.74078083344999,137.5085072287766
689.8858918050734,103.83717355223564,48.828527225029696,141.70936819557727
688.3231697064423,106.08315644286563,49.392843902989945,141.09233320490722
685.1847647633876,106.7286816910051,49.566983873094856,142.74039975454312
681.9405821686809,106.09675545917331,49.8678628676845,143.66283961870826
677.5923812718257,107.36630264096499,49.57964961119323,144.11219553369028
668.572084234839,108.75269655571712,50.077522010864726,140.33474221514055
660.2686408764392,112.94322109488414,49.642731934342635,136.6093586744277
648.5648497218823,113.41523496313991,50.320438684533514,139.8883519344406
636.2695396049985,115.87482618143237,51.06634476335404,142.49334360178105
625.1973282148381,119.33756834136553,52.27467477454395,142.11078144073653
614.6862641806644,120.34033162925198,53.635637837518196,141.07341028859378
604.3091797341671,121.47265710641359,54.34864190250889,139.1581393525033
598.65292939918,124.67452527988713,52.599397994140205,132.47298112425787
592.6644256153372,128.730255688585,49.46374361814363,132.99046143057268
590.4446391843506,128.5793363276928,46.97013741511831,138.173954436394
589.3080063971273,128.6165433840182,46.855859361186276,139.15874171020425
587.7295761762903,131.329613620335,47.99191888850708,139.37970463000332
589.8294345083852,133.79587890934317,47.16551354113534,140.13494663506813
592.178801151551,135.0399477561233,47.4718869432068,141.70541097237214
595.4569129549327,133.66418869866683,47.87148077719983,144.95903488975353
596.9972858770168,133.486819400782,48.45767129227748,143.87804561529308
599.3044908906264,136.9968022786493,49.049527432629354,138.40176257267865
600.9674929851654,139.4941891642377,49.6411304515972,138.76177524895587
602.372127598829,142.0251021313074,50.702828728168576,139.31946550952972
603.5335719657361,144.30062345218207,50.922939223220055,141.2036704405602
605.393184616628,147.5924626700222,52.223300629380375,139.98019590912708
605.9233818067815,147.85614462328212,53.31960286359315,139.5746675828657
607.3946028589645,149.4501029848044,53.065304769686946,136.87577230585697
610.8329611961507,150.73532805478467,50.816634633030986,138.44965923102427
615.1706268912643,152.99210419510442,50.40914051980211,140.66974586570433
618.3820496374494,153.45897181247756,50.798176053937965,142.834230328771
621.7180849533213,154.67647966869964,52.95314822116958,141.35644282635454
626.6697578462063,155.88573693138704,52.62687451565203,142.3905037110674
632.9882988968785,155.50970339074763,51.79509492693797,143.6171027661403
638.8991914157599,154.3670112361471,51.251366187691744,146.215559520725
644.6714457898919,153.52415011682137,50.4130507474555,141.4267404450391
650.1082644104815,155.7730546130916,49.521281604073025,136.66670715640737
654.3021088036811,156.8666186285657,49.85561570172597,138.30826591209728
657.7615413858991,158.2239692878975,50.69756036079454,138.93926260690492
659.3739412825204,159.65508831693592,51.120706799845344,139.10550403238705
659.7650192609166,160.12767042276144,52.12745240755276,138.0694402493075
657.1016101280152,159.90513317000602,53.68063886332043,134.7054568008341
656.5814083635302,159.4774065100343,51.6585762735609,132.36632669274925
651.5414779796429,162.4527389701296,48.09822926407995,131.76952616525404
646.5125779885332,162.78144114485048,47.34782523248548,133.10229020725552
637.448806455758,162.8411335343146,49.89967998195793,134.117427084113
630.4895406733392,162.69376594213912,50.60881058848577,131.10355264222082
624.4297946344387,161.8669118512468,50.52434368639958,133.1389073632631
619.5571274929209,159.50934535252526,48.251042358450256,133.24289025741118
617.8586975122937,157.47919004970203,45.30494784309403,135.85169336390683
617.7265601868625,154.8635146401528,45.629523164712964,133.87207448269035
619.4665080296596,155.69421771155987,46.03011037534232,134.60410359280087
623.1725322923023,157.07285680448186,48.20545121683132,131.32363397466736
629.467158356226,156.6043241369178,49.12847706868061,131.52770188561433
634.5713641133901,157.69545089334454,50.432756002813974,131.28840858758076
641.2916323609406,158.01584676877263,52.22379979770923,130.4078377601818
648.317452940339,157.72060587510717,52.03210091270602,129.38829669980038
654.5176827803266,158.11701022630552,50.31953531953463,126.85610311744841
657.4301509444884,156.1458052669368,48.08892165654291,128.63633144038937
660.7457535822363,156.1993226445332,45.797424816405695,130.5131465635769
659.544079597274,155.7341530378731,46.377261805973276,132.83396186491322
656.3423606046624,154.03872497777942,48.84207780531398,131.93297546905353
655.4347100704884,153.85700009609914,49.22415377445459,131.65082710304574
653.2758867120017,152.776015519424,50.08884129538906,131.43816715896983
653.0221743693618,151.13173750967243,48.830756293260634,133.37571071436537
653.3540675819345,150.34973639993012,47.15247720554366,133.0182005332836
651.4865664833148,148.5790729308352,45.3720724540036,132.26732376220403
649.9339270870477,147.86655547813055,45.412861368527174,130.17777371120349
646.4221705510064,148.24074429874656,47.14336286826418,127.3980465918909
644.099173601841,148.91389008788397,48.21193326295439,127.41191720226851
639.8119226238733,149.45602161064448,48.795263948354,125.96887539186801
636.1698815893448,149.05735251577318,49.44175630303593,124.10871147082523
633.8176415846225,148.61040521129902,48.49055732647412,122.72488566905143
632.249770180306,147.10068745880335,46.39860939905789,123.69979466300188
632.4108295063205,144.72008503498196,42.67178644601614,127.29867009611013
632.5483981417282,143.295944398139,42.50812179351345,128.3067927952261
630.9235042122555,142.6488691965963,44.940279335550066,127.99886752381335
629.1515927542382,140.58214253131644,47.40674183722085,124.26448814411798
629.4347260197284,142.3819273889289,47.84835063068558,124.01164727828254
630.185526363012,139.53557034641983,47.77484257493058,123.99603803963807
630.0053549165962,135.80029160211996,45.598063958084325,123.91082639323466
629.2458282832523,133.34345739244458,42.95667705179371,124.27973182568579
627.804412570142,132.5471258858848,41.72208923530318,123.30889426730323
624.8065426825633,130.3988852939978,41.80437745090668,122.94871471217317
622.4958732057078,129.48625953638438,43.02323054872325,122.16085417393161
618.5575140213186,129.17103025604843,46.18942297724082,119.4439527561523
615.9532218877797,127.9525056583926,47.11527579084156,116.21165197354856
611.2780485928286,126.52022889805392,46.93560526988548,116.4461979181208
609.8091009305676,124.89321862560125,45.49759976873343,116.9360875691385
608.1924937269421,122.29855295978851,42.23052839958322,119.4942787179371
605.6780680445753,120.94442318940992,39.93681505745986,119.64804140773471
600.5758773344523,119.51230131181755,40.44701102120855,120.11827530812852
594.9469737806722,119.42010430420677,44.26830017759759,118.40101719767704
589.9394027722398,119.20833037004039,46.91579710065054,115.77857645928833
588.5556925955069,118.8737938883753,47.32337968462778,116.10907710680472
587.1220965459257,116.38929076467616,46.52509844932944,117.67225632763139
585.8052431690468,113.73402183888768,44.48404647945315,118.48296632827972
584.340867332634,112.09024429720836,41.228180233716266,120.47939881991499
581.8510686622018,110.59434967799159,39.744321278495434,120.87460725128736
577.5189659472326,110.1374341585012,40.681166704151074,119.97021877415008
573.932891467807,110.13443024815997,43.53450743686744,117.53099860640216
570.9273614303372,110.41018629898849,44.62804785836349,116.52885915813152
567.9404696373997,112.38133663851234,45.973729131973705,114.78974172608687
563.7291005545893,112.70023849746492,46.42200665574373,115.13862079627049
557.4443386698937,113.08510422543097,44.217908515341406,116.78598702089403
552.9174934554604,112.9331583825662,42.382156215809815,118.21272505953237
546.1057136533453,115.22550943336128,40.28741135472161,118.96177297438447
541.027523452682,115.94989509166703,41.358364885265864,118.06459200886826
534.6994010728797,118.12014130107953,44.527015744784194,117.16675997800107
529.5201765820253,119.66775530400831,47.568205442907725,115.98455850487446
525.6130138170817,121.35423175071304,49.12660365833266,115.37443893883797
520.2912460915716,122.12365317498345,48.717268395815765,116.47715027175491
516.7714315985014,123.51039339463593,46.94284071247857,117.49427729538255
514.1785195847622,125.9572437615355,45.20639547174382,117.43518214453997
510.7908361227726,128.13103649689668,41.50503785915197,120.76679658644602
507.42020230312266,131.1095413394707,41.16044076738736,122.47536956310077
502.7964782069409,133.57443923020526,44.39927297154884,120.21138813140772
499.647664318218,136.19743399544075,47.07325259000337,118.36513750437061
496.8493891748541,139.33303200051287,50.035501688882015,116.42398027344234
493.1324395778463,140.64857617014815,49.84565512626109,117.74407040658977
492.7627076627568,140.94413050883554,48.178330426345084,119.07449970886614
491.87973502788265,142.79551587102077,46.06293815725408,121.24003627567521
490.838461701159,144.13109414248154,44.24481400827824,121.80245315893694
488.89892020034296,145.4737280381361,44.62142930334708,119.7684627166272
485.9460871067736,149.39828010629424,46.614886283857935,117.8928246247574
482.97163090299506,151.4205002089082,49.40408570145123,117.11782819146319
479.99430057490224,153.12283346331705,52.35078023367463,117.39063492841564
475.83265899207254,154.70098932460684,52.89825535344875,117.94269350663777
472.9344471175235,154.31009369175678,51.10299652072687,121.18145563215495
474.61641058457013,157.13396251647814,50.01712575218601,121.61787075455442
475.4193795970132,158.71170085444777,47.799517268638276,122.45550831136629
480.6871219148386,160.2046070047834,45.00753591518398,126.51457144393616
484.9060982954814,163.52306523350777,46.460751621235396,127.77631100487547
490.19249304362955,166.95216092813695,49.16284395630162,126.95421117900344
498.2916612026719,168.82626383225744,51.679617663777194,125.4352589585873
508.7577766301223,168.98800164349888,51.525453453733675,125.71347331091673
522.4133668643625,171.4386761894186,50.256215419796405,125.20626663532988
536.7682451723213,173.04953790348972,46.95497755362042,123.40290169929739
553.7948595762675,173.96424098193637,45.89070214244991,121.0965901356521
569.8320344108238,175.77345355056238,46.94646169267977,119.76916679915475
584.5757435604701,178.3597777551286,49.7286555453418,118.99130318030143
600.5231040940461,179.03200597719083,51.449924233791116,118.45907542527169
612.4183746739935,179.2266131193769,52.88766790931048,119.64133211941899
624.5770441179428,179.00534875064739,51.94874199514455,122.08015059321062
633.9518179057809,177.19502881184883,50.907759988261134,124.50820872432094
640.6855997416498,175.38156255510577,49.38883868444029,122.91535065484834
646.1937526969975,176.17948275912704,46.38978019420178,125.59396381236648
646.265569514029,173.93486997637126,45.84453521524614,130.1923769909844
639.9966368496657,174.03895599570725,47.4805031144397,129.1240750984785
631.4749858178142,174.83802787013826,48.43266160516352,129.17628864003936
624.0102219788502,174.12777759867956,48.668317022944095,129.7786405897878
617.9661214634066,172.07541866376565,47.618465214204114,130.4503599909869
610.6244662182486,172.0182929566737,47.440477386996605,128.26492916712107
605.0482831834781,170.71177518189648,46.76685896043993,123.99341129361554
602.189748028582,169.87827039249942,46.96220646932343,118.90478923651796
601.7818773266504,167.3767756875506,47.219225356337425,119.04894177354842
604.0773695349902,168.16215897939665,46.96022200531384,121.40772560296614
607.4033985134064,165.98557431900335,47.886655792967886,121.89604580872492
610.8310571502724,165.79638219021984,47.8203219290843,126.81500208028521
613.9860749948815,161.94758893981538,49.492478709601386,126.05284563578792
615.5514066418999,159.78533408106568,49.376024333486434,124.96692591401194
617.618894903172,158.4256284477624,47.99294022731189,122.0763668313162
617.0036454697491,157.3224937223353,46.1310931370012,123.22186221710348
613.1049652664458,155.968519404541,45.90620423363035,127.55714218238131
604.4043956355113,152.94461951032054,44.88128010424999,130.6505391116468
594.4647248688661,152.57983332999058,45.4222359773322,132.57268345487796
584.1490403336536,150.7985327515565,45.52879385529707,131.77655536346634
577.2901074928521,150.4650073350946,44.93183438002504,129.22119322497554
571.2138710265458,150.10323983414614,45.11340706819728,125.5936226032943
566.7695055765996,149.63090039088874,45.000231948484874,124.2482908814262
563.4750634570424,149.42247693717843,44.86797771456928,123.19776474051551
560.3326927584573,148.3264192024437,45.459861253716696,124.54120619160189
558.2438809482337,147.17963889958492,46.599526697352815,127.53532975297148
556.2685715749575,146.93601667730167,47.896293484494905,129.49864982292482
554.4325866695516,146.28909638814594,48.82164618104714,129.2121611702016
552.9352868475577,145.50355318052257,49.21922608315743,130.27804883548714
549.6316595727882,145.83682936392265,50.34548450917129,127.08424262286582
547.6710692498767,144.80541532656224,48.681772402493074,126.84984479303478
546.8950431119853,144.90651935878643,47.206226291691294,127.16781294015966
544.8227133400284,144.77150948447476,46.06870282153637,132.2957071079968
542.0533687025139,144.53837885426165,46.837212039384376,134.21732366553
542.3110856414969,143.8881440452568,46.76949986710279,136.298944533059
540.621912985312,144.77618110903228,47.0054715923586,136.6598308053227
540.1919020497149,145.70287396700778,47.52925681114137,135.66670032389288
537.8549396676933,145.8255920626512,47.36396233050057,133.23022834338363
536.5764918644904,145.4928775571738,47.312398618729084,130.75172592451435
535.7834045185604,146.37382860332949,47.144384494835045,129.5655795158388
533.7050740483293,147.89448830740918,49.347156909295094,132.8901485516836
533.5816405683595,148.88758580833775,49.82765671826765,136.02337361268863
533.3602214656271,147.88468872032786,51.00625899144155,137.3793751789234
532.5644004660732,147.93348776388837,52.24321798597211,138.61864054405174
531.8358018963789,147.94196685961734,52.830315476668424,137.5654298232417
533.2575191370229,147.56993414829267,51.88972429253909,137.28282908988598
533.2211483085189,147.2517471769034,50.67761420526754,134.04516818771202
536.678692576434,146.94513885894924,48.44297517578711,137.79546466808569
539.691569586004,146.0926397238629,47.86026741235843,141.75549576226211
541.8950023614939,145.36593438142734,48.52841828187915,143.46165986225955
544.6884418860632,145.33237654334664,48.70985395790611,145.3033862893013
548.3581224890845,145.72612073266217,49.20108209449186,144.73518332145443
550.8156674261492,144.75103722946162,50.361349073045794,140.1486863116802
554.0886471124145,144.729945983849,49.13973587881546,139.98814101207407
556.3563565640629,142.02257592179217,49.82371277170624,134.19991102667188
559.5521670980886,141.72854308062284,48.44710347962087,136.02477834810645
560.52694316832,139.67771833779213,48.978697216440295,141.38603367754973
561.8087984879994,139.24547041244983,50.50206567445729,142.82304720963623
561.9183175098162,136.68341735300442,53.42056984104056,142.4019963600966
563.6451869803873,134.9209800827154,52.922557954953255,144.5950996410045
564.7264863255566,132.48224394363604,53.79321206653736,141.69381301565772
567.6711474802552,130.65537046606295,53.06541088181892,139.22574220768394
568.0123188469308,128.95101076433923,52.378531150638885,134.2715756297587
569.5472855235902,128.00930082786817,50.0809716065114,136.92482036783082
569.6265535203069,127.47604213469279,48.98693578170173,140.54337145974932
567.3624838837222,127.83118749607169,50.3185089761386,140.2949727943689
566.5545668574134,126.80568965647645,51.12235572891703,142.34138398246884
564.6132072375375,125.39204774800129,52.25368652436292,141.60626682496547
563.0253276333195,124.81365367781231,52.930701458805146,138.96274301677965
561.4629933390262,123.84123683431908,52.86557981006145,136.6135417266345
564.3138783905725,120.15733945146609,51.794837813758264,132.44494103418882
568.2567736540859,120.13546943130038,49.65894508728965,135.01774405534286
574.2954033018777,119.14864803842569,51.27469782994291,139.11022488444164
581.73967832269,115.50661680744062,52.19648017049023,140.61383119101214
593.6531864962072,115.67590720499821,52.1888705756575,143.07700497734513
607.2198555012227,114.71162654317584,52.498605866308736,142.3293961759336
625.4909643772199,114.30945044680328,52.53550947396876,139.9462565996909
640.5653711700295,113.40459940502176,50.61846935686287,137.05911551224003
648.3167111563806,112.20476137668143,49.25463635435615,135.24550484187887
651.1483523287102,111.63736106534596,48.048071898290566,135.20131016420518
647.6168079711846,112.04231049571747,47.12756080712237,138.09612174321538
639.7475685116715,112.88984284129019,47.73737274125469,141.32302719998958
632.6227786485445,112.34990740508869,48.293251545164686,142.2391769250038
624.7158498688775,113.57739521261546,49.7626334657356,141.55919571058595
617.5211871451173,114.10697436761596,50.837643785081504,140.49300797201536
609.6909490258682,114.26056937604032,50.78758535049319,138.77277918002264
601.720572800146,114.33098252029797,50.330290954008824,136.56660203513206
592.1593928633691,113.64129163420418,50.00220961335707,133.0091677703693
582.7531387628237,114.82728538069459,49.956883237850576,135.13893231814424
575.8266717307267,114.84022452687586,52.332680770373095,138.5926760454741
577.5138865774296,113.79718299013022,52.9412593731058,141.2117412266359
581.4347475504103,113.27994914508093,53.20059075895229,143.52765087949342
586.4194373474791,113.02546218339909,53.391159952912886,144.04223807077315
591.7103477841546,112.44270027336015,53.412886334274845,140.6161471576927
601.0625498896616,111.22125612211359,52.15059585922688,137.4649183152052
610.1088378461175,112.09339532722339,50.760774599714274,136.15235641618102
620.459760235616,111.79293695969382,50.0343726532643,137.63492927786157
631.1787626586175,111.78384389807664,48.04929180609062,146.28025572294962
640.261517989942,110.13864770433486,48.616691377544605,149.6458058911242
649.2599546605027,110.54662299257708,50.07413615076967,151.45387418149778
658.8444124557533,111.31311504304796,51.40051079941314,150.94146065546437
666.5701343809242,113.73730079504023,52.40627114697147,147.3098785095798
674.2571929279795,115.60610216969539,53.276381569534166,143.57874382752811
681.5769606484398,118.08549423177188,53.51294990773771,139.05166492395503
687.4979931875644,119.70750259854917,53.523359164638165,134.1432240638462
690.5957687170381,120.6584374310149,52.963757018127104,136.17540164981523
692.2969057819523,121.28478541272948,53.69500465814336,139.10191581460535
692.2452478881946,122.0660663346748,54.56797147798994,141.63245471645118
690.112560880353,122.83295701372728,55.92432177107548,140.05966694033367
688.2343645098096,122.35782927738563,55.50416169340324,139.48549667902404
686.45422331381,122.1791292021484,54.34748121889308,137.51743504499234
680.6898115834684,124.6006306973125,54.33252750224753,133.99363985978883
677.7417229737526,125.49894100914315,52.071243188510145,135.71409028028995
673.2167036220715,126.65311589052503,50.284815014722085,143.11425830446566
666.499426813852,126.19113340651877,51.66712914172036,146.43199166721163
664.7986611233879,126.83155344892705,52.256510541255444,147.89436123440578
663.7311621729001,128.41031406653713,53.03389834301167,145.3652354097147
664.8347703265797,131.09186506625593,53.73564177260629,142.77447611937433
666.1426376679414,133.7817598898453,53.76007859798711,140.4689956520278
668.943625163379,134.13812017994016,53.0553837683195,137.97101017072526
671.7314250416714,136.26247279523557,52.790929772857716,134.06258606291684
672.5259940958747,137.18601887956322,52.99952989974438,133.94691867758672
672.7961833534297,138.78005537200386,52.64581787468547,134.67288839175754
673.0272190029849,141.40231944460982,53.39963175447458,135.21203058347166
672.0593847770072,140.43947509061516,53.700064265679686,136.15980863383328
669.7442971399595,141.53763121554897,54.81504479917072,134.65728871998255
667.0623799405696,142.80935035006877,54.66103626190817,132.8395874451546
664.6011432981226,144.13026696097415,53.510200009549095,131.25337989807275
661.0264179453663,145.59725714855992,51.63707103566023,131.25427462504638
658.9116941413556,145.99328027808855,49.237018814105156,138.42055543237583
654.740540888041,146.094067443501,49.28204506934529,144.7500089581961
652.6586208015856,147.14014156086262,50.36829214249011,146.20784203064235
650.5337823147875,149.85479562807896,52.07119194740174,143.5165115279333
652.3655465352306,152.0137847658475,50.712614698641296,142.74580539548754
654.9763433620618,153.45635726551123,50.83745179760459,139.9526483850462
660.5696469378183,156.42370943531824,50.540857967910135,135.74374745553675
668.3728753415184,155.58521366639724,50.11935894356254,130.78867079265
676.7227640951924,159.30939666860246,49.62106075480571,127.55329847749383
683.8168038552269,161.45215561734068,51.64432964724108,126.83192009013304
691.8863417733374,163.29001432006476,53.870025790951516,125.39991875079137
698.1398387113655,164.83142033136127,55.7597401041906,124.09182983751704
703.5978343023892,165.62988304509895,56.90402480362201,124.41626864126584
708.7048970912972,166.0650848288985,56.27573457937888,125.12521066587901
713.4642972234428,166.2227548222777,54.10128788471006,125.42210387860659
714.0803307789181,166.19400170219689,51.814230566323765,126.2326430440533
711.2858162030811,165.7720701754869,48.70471942390973,128.7109652716439
703.7477993605578,167.4277974427476,47.435272753141064,130.6848483467739
695.1977824566353,167.57652052286693,49.53913214147347,131.50295097596234
688.1440022648405,169.04317208953125,52.085779867836095,131.07337143115464
682.6679249521072,170.4554340545735,53.51814740892173,131.22439573819833
680.8340948128891,169.94711563470582,53.86138104589371,130.67665714374363
679.1100712961886,169.71934953322705,52.09876020210354,128.93802018731552
678.0232872317744,170.19011821846317,50.808258737076166,129.801552690766
678.93737547358,170.46844682618564,48.086887325738076,129.57960337313534
678.4805655910636,170.42671908278854,46.801289370815795,126.4924637652885
679.4209214808284,172.00092755015515,46.9534005691936,124.23871041579025
679.7468491319511,171.75129573387596,48.245851298672015,122.11161576198688
679.8417268416163,172.88266504332765,50.45801842159964,120.16042562991169
678.3863793829532,172.34008621996995,52.11156586395839,119.96795216467815
675.7392688883305,169.95680652924932,52.48291997072588,120.57047743601325
671.953157691104,167.68447772276187,52.08030828475549,121.15084814611393
669.0684894095632,165.76754044522298,50.25757023647121,123.56221335266929
663.9893324486764,164.46683211793732,48.01948588040979,125.28825539072037
661.8509993954116,161.67549615451045,45.49248577159744,127.54519647168883
655.0353445077652,162.66929294960715,47.74615139945958,128.21253084259715
649.4216767364986,161.63962051134666,51.04891589273254,125.16976032410395
644.5247227410736,161.45562529393604,53.945334667951236,124.14928619948245
642.4919469796656,160.0709101836704,55.21864316074256,122.8511207015858
640.8449211064952,159.76548879014763,54.39029175396172,122.92586398636385
641.0551589676378,158.80129291344676,51.8881891076545,123.76850441991336
641.5695428099554,157.4439985909799,49.47452943593022,126.16892144069882
644.58401028031,156.7484847120191,45.8256123625324,125.23216572445824
646.9286410645342,154.61272465120493,45.35131076671351,121.49416114494292
650.6587907717294,156.06455068258998,46.30938972850471,118.85609053892817
656.4414944614513,156.20669460580308,48.52850272789479,115.3811313722282
660.6357128204359,155.3592074626086,50.21061015906992,114.67725696958898
667.5765921997133,150.3519653012085,49.890868958706534,116.4834299189935
674.6441448904143,150.02989497697808,49.461810109433145,118.20682896870774
684.2614975230564,147.49759442112963,47.47910677528445,119.205508792612
691.7521533412413,145.73476081304347,45.261099548402136,118.55694929033592
698.652205796479,144.30361553385012,44.44253681130159,118.96784931007201
703.1112559259801,143.5601343881031,46.17760314712474,117.77808129458336
703.4218994665218,143.01084254195806,48.12427179325228,114.92529252083699
704.5377320460983,144.1336918421606,47.99788097710945,115.08794735041297
702.3909672948157,142.3409741021064,48.63866423545476,114.55657761561952
697.5280403034983,140.74061933893717,49.2561837517738,113.3578247767509
695.0759183709005,139.8423007800555,48.36822045465619,114.7567190245142
695.823838373358,139.96045028626676,45.47984029441042,116.0952370045992
697.4437992937286,139.01108214845675,43.221071734055826,116.0628860078838
696.9627647435061,139.13490765645986,43.17361624260751,114.88659998722932
697.6897860418146,138.66249319090508,44.41959364651834,114.1485784411378
701.4091731359765,138.88960208157567,45.66210071204458,111.38766744588247
706.0296487169994,138.2150375498358,47.45772054340588,112.49474075933708
713.0966411075832,136.91706243352792,47.321812194420346,113.78220227202493
721.9936281289464,136.6081049583274,45.57462868304532,114.78316138888003
731.1274904772586,136.09696704912983,43.59511732991082,117.19067385811897
739.5002397667896,134.63951295416643,42.300230393788304,117.1363382117591
745.959165960046,133.80752774750817,42.994438074736195,114.349108235646
751.9808916984831,135.73906614748674,44.89627263240442,115.42476610481782
758.6144404299664,136.2742592563664,46.477809384990785,114.38738538077605
764.7289471462169,136.75636561446674,48.08915546520397,114.20813265039776
769.9916882001484,135.1681302759049,48.86833951909675,114.5346537585734
775.3821546475964,134.788884666973,47.6001400043195,114.38487899841806
781.5159604764794,134.79873352374358,44.804411995419535,114.31805653815869
787.5615804530269,133.24526901685454,42.11118221999001,116.38825748402698
791.6427037717466,132.22540350277393,41.96822591678584,118.02713067799667
791.5038836813037,131.59575368806497,44.05901557081825,116.86510410897293
793.5525333872091,130.8769281877225,45.23224507373588,114.46696282108243
794.4076555380814,130.49147828947332,45.305662727782874,113.92147219821862
795.8977342452326,128.91122113377713,45.13287563940983,114.42446484008059
796.4597817566555,126.38184904460873,44.315586583376714,116.27481980697124
795.9339702430996,124.22965114291915,42.632699854905624,116.43364239209888
793.0816181946484,121.75732759406907,41.64355209863025,116.33314972219246
787.2788137837783,120.06098080437543,43.54666680731606,113.14578623517954
779.553127862159,117.5271525393893,46.019082872231145,113.15947995199564
770.9908574445384,115.85658898144963,48.17555521858998,111.19870768872036
763.2166165395862,116.39303414758692,48.9192334110487,108.41755454152724
754.8990699159415,112.69539629761549,48.18874173258267,108.55210788646113
748.3207900700013,111.99490562409933,46.350840505982575,109.93210557940156
740.3162331207355,109.52300989274494,44.78955794258856,111.63586104672663
734.28469593769,106.47496699571631,42.12307083333047,114.99573149485488
729.9362466235638,104.38517699513052,41.679211333982195,116.60908985127375
723.0481848216483,103.24007445427351,44.122421894524365,116.74206848696653
721.3831778686451,102.99015982960967,45.63145547957849,115.78700953479223
721.3721605778284,103.10798400635917,45.854026968727425,115.96238304294768
725.3693886335069,102.15275504754433,45.04244350445017,115.7818827884903
730.4138671902178,102.01955555647493,45.42726281561366,118.12442588464506
737.8195421630932,101.43456615380835,45.48606913577026,116.80607746497057
745.8200980666921,103.72558879958032,43.35538049208735,113.94254719086729
753.7140668239942,106.1572158634219,43.61077489200977,111.20096784964619
758.336420144516,108.1098455944543,45.679801987674935,110.68848142457033
761.7778244875171,111.79105347173146,47.13254106638715,108.1412110711672
766.7199061791964,114.99254021360876,47.57567346722601,107.65832125556457
767.5954143327057,116.5164824143829,46.555488577655595,108.67677594387837
764.9567989739558,118.1272395176452,47.04407882987286,109.12928280837957
758.2305966010879,120.4063333894296,45.957279069932255,109.68003727191174
750.3854805050526,122.6661802781895,45.25737726096733,111.54558447647567
737.8674349630953,126.12405420245099,46.91218221589496,112.19926623304372
724.8868629584309,129.60023361058597,47.58789799861118,115.00848102829558
713.2018691775011,131.98662713982978,48.44357808263537,115.72362409788828
706.6818008732544,134.64874337015416,47.00656472148329,117.36856498220664
703.2228673703181,137.944049631586,44.624049041872276,117.67477022288917
706.0956105061045,142.387354646183,44.160964755073024,115.68466026004369
715.1383847718129,146.90682501029403,41.358378299272445,113.01252713052762
729.1721499444333,151.96658065453366,39.57106423184613,111.28612276105987
745.4495260320848,157.51797912559275,41.09896360253619,107.76193872083984
763.3623237116748,164.83062663460822,43.1523520918039,110.29370418138606
781.48883923616,172.20357011375648,45.55875303616268,108.65694887235733
794.7718801347179,178.3203833629707,46.25391103172529,107.74019253091629
802.4142532863226,183.73814074832254,45.68753711087721,107.54859672164322
804.4032816402143,188.19210423487,44.6914671074541,108.23238452227648
798.4831698684205,190.95035891281822,44.289771301629976,107.79767261558798
788.612770827223,195.06110494077708,42.018693680845395,110.51269127155929
775.7819513482455,197.49600725484112,42.217304659626514,113.48759651975047
762.2587080226419,201.60648861678527,43.780946852075225,116.34965226462884
750.3760682511861,204.91572619689123,46.058563777016616,118.74158141050873
740.1007682118225,207.333357773861,46.34977399102432,122.0173493973318
730.5534717221398,210.13370883424363,45.28121604438978,125.58137854176718
721.0921110532827,213.06169276149188,44.72221800150438,123.88038488607381
718.6454369568048,215.42816942456153,43.11075869807027,120.69210727562384
719.8900324850241,223.22114077066007,42.5425547097904,112.83819202695446
720.6472877335975,228.90570021097994,44.18882307585945,109.05741918539765
724.2834550251955,233.73801354054046,45.22256516691914,109.19939810964624
729.2890827426701,238.81274593139665,44.92880239117305,109.78583115031792
735.212588865229,243.77700213249585,44.851076028342256,108.886222351042
741.5500627834713,246.09359925932583,43.9667004628773,110.30008503446648
746.2890245851407,251.02986147418125,44.02014829926233,107.02667944704334
748.4723383669567,253.15279847973994,41.62659499227739,109.34583380454305
745.6981694975387,255.01919430433864,40.111039195305686,112.2723888843929
736.6657045993312,255.92666765005464,42.71562278455397,115.58286825197614
725.4812844826174,257.0115701526811,44.27292773281886,116.98415636825301
717.9552368589373,258.7447118654061,44.71389597859377,117.73957062183884
713.311374609231,259.0669373331947,43.433417195559954,119.02806477255265
710.842459025442,256.59355120835585,42.395503663478294,120.97278763595895
708.4023309831492,256.62172460402445,41.7024166858242,118.24997651160565
709.7090497728967,260.46573758448255,41.796117117870416,111.19943953666046
707.588207418217,263.4901555688831,43.089255751954184,108.65157603115364
711.1106073359938,266.36522864942316,44.84393214564434,106.64546989916087
718.0638680945876,268.44218991529897,44.3103745669516,106.81444914150283
728.309950101925,269.8004201694426,44.33007352144417,108.12371656312642
740.8491866239707,270.33424763051926,43.998375892608394,106.5390159428278
750.1243980062495,269.78932264765626,43.70007102931356,108.31618282341202
760.2096384659517,271.1732678353237,43.65732066384239,108.52991372289767
767.6405465286505,272.0847772721039,44.100474290643234,109.6754252570285
775.7111068613654,273.25725927084375,43.91289070474352,112.2660580599907
779.253107177421,273.4674319055853,45.24764415311486,114.28026408831983
782.6902315659228,272.49508516177684,45.229318025250734,118.54377998811836
784.9933809018529,267.8907633682087,44.99017477773289,122.60954201583576
786.0393918798114,266.80599606747063,43.949665449933626,126.17543210415253
786.0447151074696,265.4693132961474,44.078082515148246,120.68017322829523
785.9601247174742,267.6348720975522,43.89722535627304,111.1224535843168
788.9377278284966,269.5014047050758,42.87175583602003,107.48086300055726
790.6320446969995,269.80551343327716,45.4627632648385,110.19698205334313
795.8520088807239,269.80031219070935,46.019452069383924,112.27616888608019
803.8310290173473,270.6431293337817,46.8613905708614,114.86488766026454
813.4179633385875,270.78916486343564,46.46101702319918,113.93310950312166
821.5995823673424,272.4181391283394,46.26500478484968,112.41134544142719
828.1071848957217,272.61958188660344,45.69473446739127,106.00225492390292
834.2526019989365,275.7655880411356,44.4014628848204,104.96217479063702
836.2875620537088,275.96844257066886,42.407680170370966,107.4651545541623
832.8661611405853,275.9310293547542,43.14041533190765,107.90275769032516
825.5656670985394,275.16394532638174,43.551287407905924,112.13167611607241
816.0543010030609,271.82349944999925,42.8645762328603,116.08407065019625
806.9205261547838,270.3134592980952,42.22331643120542,116.52561621707459
797.8346530000603,268.3727952614275,41.94698168705711,112.72678185921043
786.4521300299241,269.5834851417868,41.32807993907147,103.81686709659502
773.3288226527269,270.37532541597227,41.51599718586452,100.0219051661138
760.7344152614312,271.1618490513553,43.257413732401815,101.3229776363709
747.9048397567335,271.07734055043824,44.29575487855556,102.1309225255159
734.8569615980468,267.501178666173,43.882239411330104,101.04898104140133
727.057459898067,267.74317404449073,43.32582963448249,101.16879790479872
724.1166353131264,266.8327263422084,42.555105901828,100.74972264325551
726.8353025435835,268.96938707370856,42.07571546071879,98.67567399013319
730.7361071397629,270.1390749927619,41.206094499649,100.18945709406252
739.2440435761396,272.12656642083186,41.028116299345164,102.69118474579908
742.9160422326765,274.27083448130224,44.19044342761972,103.99926531707908
748.279992628168,274.95078716688545,44.49395389895547,106.43007475621866
752.9097641054432,276.0312018201057,44.218286443822365,108.5133266546714
756.8358876654429,275.06589773979147,43.57995798097238,111.36923454430874
759.1817781233561,275.28297016388683,42.83306026311091,111.93247347705665
759.2649849979398,275.1824700666023,42.184277151768434,110.76103810785011
758.1100593796605,276.26116648218255,41.9923871686735,102.43270583771172
756.0374077944011,279.0188787968342,40.23806150845554,97.59954927578426
750.7657698054982,279.2674434560571,41.194027141211,97.59761407459987
747.1012592937514,280.2715949285924,42.01861149520731,98.27547076525445
743.4160318768655,280.57944741637533,41.932743946664935,100.99118044078304
739.6425425695076,279.6880116049084,41.9142297758076,100.6573391257291
737.2129490972936,280.20280364771423,41.049384929579155,99.58796986891939
737.1047494973799,281.60712484317185,39.448735769835,96.41993311320749
739.1893029231143,283.09688489574194,37.757589932088834,96.55248205168738
741.645539441589,283.5809283725,37.07140781254879,96.69447350848966
744.1971860144229,284.6813277198298,36.96414339594783,98.2487093011071
744.7688529429155,286.2566499528613,37.447417474689516,97.38330808198975
744.5560627912317,285.79935226959975,36.48406347630733,99.69569447540455
741.7478634462409,284.62153388073665,36.384438208374846,100.4276876099443
739.9314254175251,283.54864998748144,35.8920793756637,101.97561805211075
737.7996553350881,282.3141636788184,36.74873639671384,103.168582865256
734.6761723043625,282.2232012830869,36.85468822697925,100.58738679098101
729.3993679871724,282.9176496982415,37.23132017619817,95.57658517852369
721.4711451243932,282.600348387488,39.47039869606957,97.10822144924677
713.2869264061349,281.5119996152403,40.52873302262938,98.61060613505025
705.475619310249,280.9344454914698,40.36623076556016,99.36670592897039
695.2037389868472,277.75011720781544,39.49651280610229,97.13479247195994
685.871998843033,277.18160908517103,39.34862530250602,96.49652041232275
674.4756498239057,274.76472867742183,38.71099085855716,93.56016038238734
665.3844493258297,275.2594178688806,36.59148369597915,93.81781157280689
657.1813516451319,273.154854301059,36.33446082882238,95.42592946866728
651.079792047512,272.0912005506199,36.797847724458066,96.35964214685909
647.8926500925143,270.6036773456019,37.26556040811147,96.94432302215512
647.5389011770603,265.727468685217,37.534819111766865,98.86184179099251
652.2265409153957,262.2576506294116,37.7264512106436,99.74443426567886
663.2231373664266,261.1422496930175,36.9757509870704,98.95010535453933
675.3897652893501,258.7079500568971,36.968022208668906,98.24764777903928
688.6475603711789,258.4090086732084,36.17869012061872,93.23795185991247
698.370623877214,257.03575614103625,36.737180643255854,93.69858260237521
705.2511019754164,255.7333791648445,39.5409281600618,96.39990698360079
710.1567119883081,254.2711024004654,40.52272722352231,99.911753396972
714.8993801993882,252.22437015347236,40.709093917382766,99.50487782482341
717.982185703674,251.27651495029335,39.250419644804026,98.44866908722452
718.6622691611411,248.0894638705968,38.27895021406333,96.53758946578176
714.4372883012655,247.36238630621497,37.6010956979369,95.261681412825
709.1730644963783,246.37219456482768,36.72522531772718,93.93571795369837
701.8814248605638,244.19603511887215,36.85722771607106,95.06241173639202
694.4676799888504,242.78160717389352,37.48296778816276,96.23042097088057
686.9890252432161,241.58432615973214,38.05104307238288,96.532776724786
681.5916422387976,239.5823449750082,37.381410720150605,96.8441350311173
678.0380955378612,236.4122545834943,36.252057258590796,97.19999281092524
676.0752602035942,235.18846480340062,36.384971465462364,99.4465656751006
679.6789801817127,232.95428284054694,37.136640743582205,98.91852725077585
686.5437328672498,234.1668319154003,36.28411537140826,92.91768331554402
698.3779933989018,234.23542777177119,36.601012335707125,94.81023382536317
713.8237377917154,234.3715204063782,37.863463637396286,97.42497315465054
731.9489878483581,233.54258743702346,37.95149383610765,100.62593706977833
750.062111117797,234.60475870024038,37.422279673224516,101.6541539970319
768.6341610152674,234.67008819645548,36.66856769727771,100.446248400037
784.1304545844478,235.31127861676833,37.288729180643145,99.1390649807329
797.6197641131458,236.50226143814402,37.434637905438905,97.1030096179424
806.0124706657612,237.8073649733294,38.67622832851465,98.71172306285646
813.528490573323,238.22925028773017,38.051166791231616,102.81338592642908
817.742222828518,238.19011157665275,38.444805442356035,104.10663972883181
821.570309028363,238.48632590755875,38.23646231522439,104.48036274687237
825.5066815303366,236.31469649495887,39.64091606067905,106.22250542688869
830.1957056866753,234.36413439194737,40.330295435093255,107.34247879333377
834.5832506172467,232.21241860933063,41.375675494542804,106.79452514565598
839.8203833043608,231.80423297275084,41.19836104939894,103.71218870975652
844.7877071325232,233.07191723422412,40.10032639329116,100.31429860494511
849.6389016085061,233.0680588418692,41.57397295957401,102.22663589228311
853.3134163977047,232.4074801473476,42.658323711345865,105.76304270066666
857.4420216990552,231.46261141264114,43.05897875126972,108.29796365292057
860.8005601680237,230.9581290733062,41.722512947155685,110.14928261629069
861.2497382409509,228.56414627571064,40.57112343297857,107.85556394527816
860.7513390487981,227.91457476780897,38.87739273577714,104.59693204320288
858.5543121622826,225.86628981414157,38.148634570331936,102.28429980461986
854.3193091527611,225.2045626853882,38.343402820548484,100.58174804161293
847.6513094740227,223.99659104035675,38.96991641368006,100.14345756595546
840.2392923431662,222.15074481758148,38.360858636856435,101.47061377506756
830.4828269467296,219.28724302141387,38.77377147873507,103.23705720704353
820.86259479159,215.22171452868807,37.93067299253558,104.91897068757085
811.856996856543,211.87111846506963,38.615931546131854,105.99034109892975
799.8371672304291,209.41032382254886,39.49860516836732,104.80558537291707
790.8608537329696,207.89103385852474,38.99706919777213,101.19054270096704
779.9317679540352,205.80919113932055,38.87888791943125,97.53381660414195
769.212914610756,202.76158876790134,38.348585202143624,101.27732958350657
759.6807215873048,201.7873937192674,37.240866063870214,105.5496865626761
749.0085016339339,197.9758901017899,37.58106003469841,107.02741939389469
741.8775674935446,197.26226623184925,36.49674681732915,108.90588586477116
735.7598985049383,194.64031547290034,35.79959670033301,108.1323111419712
731.2148643437602,192.01307837818564,36.076478273008284,107.25232756727678
727.7593559243458,190.3742113145626,36.8448177576035,106.03188472399599
724.7801804806447,189.2677386295743,37.06666488003064,104.74411169611417
721.9331744102965,186.6822424435758,36.90160430741829,106.67575114994388
717.9495494679369,184.82360760898993,37.68604545589973,107.48813876001839
712.6448936785314,182.22627519074138,37.34623166991662,108.33355317600369
707.5509283814062,179.50292717145476,37.623703290828814,109.47506503913208
701.0143545973115,174.85443247028957,37.40858365851746,113.27704053485768
696.3685789506488,172.89234224533246,36.6734255910155,109.86337028952998
689.302080177016,170.6572219731625,36.02896127032943,108.2775630019248
682.9541955274173,169.10414685703958,35.673510507128555,104.9376430633281
677.0202015914197,167.25958815061944,35.12798022838036,104.941710069414
671.4588740070838,165.21909321827255,35.1090793545053,105.9282500059424
669.9007471849075,163.94476251663383,36.173162116928964,107.8445834280605
673.6567366213242,159.78524030157985,37.054874155190745,107.6215803080264
680.5511154594243,158.1744698046185,37.47013575802179,107.26059252837808
691.731042305712,157.90339629796244,36.29348227218655,104.56997786804496
702.1637592638447,157.5408635036037,36.03289239512298,101.9973162193975
713.3967838043966,156.66508796169072,36.6027787679604,100.98570001757969
724.7949850240758,156.60375494031038,37.096329083798935,104.23773219365974
733.3394358012305,155.99886545324262,37.636671216525784,108.53339041882012
739.6651443286203,154.33804241872505,39.009121055453015,108.5005387070632
744.8163741335072,151.81498215768738,39.39340915776813,108.03036951930835
748.6137419981429,151.75542532259607,39.08169153672906,108.9877890688152
751.3654220491042,150.12832197524654,40.38649420904572,104.50095133340491
753.3690970693398,149.49132520556586,39.252304130238244,103.21567165482492
758.1119066505886,147.69222336719378,38.826534752678555,99.47211172401765
761.8841877881276,150.42161922700583,37.17427350485417,98.2338091863013
