708.5,58.5,31,108
705.5123085414775,56.69256271393081,33.69039473932844,108.21123258793233
706.1375320401683,55.64680212902112,36.32826116561633,109.68025017361792
706.9852795375263,51.789355869830366,37.87572065618865,111.76828143975062
708.0920693796451,46.51793559668684,38.689614957420545,114.01351309446537
710.7371544537558,41.746344791330046,38.53618024538356,112.58760905523923
712.2140686854192,38.25743054019269,38.94159510818601,111.85047318175386
713.275449600346,36.53908438020098,38.23285952107951,113.07071971223199
715.2386942246482,33.25368702191527,37.881277932789054,113.80596738973514
714.5755194144409,30.501281496319294,36.72528296541829,114.94131884674243
714.3003135846534,29.020027963493675,36.661303807066986,111.79321108232088
714.2984786001321,25.9281184637304,37.81811017753449,111.47270938083304
716.4775046136435,17.56416998551311,37.35431533222098,115.99249570716579
717.3803753352188,13.807327471583164,37.77569666955969,120.78656767587597
717.7148780807825,15.286603568186216,39.09816580949598,118.1817383490742
719.1657636014174,15.805407403147235,40.46160670690024,112.18413338531313
722.5751421924889,11.141214049404773,39.42094901174013,115.41542616121286
726.0808985494156,10.059977468668201,37.88480201072858,118.02782173068347
727.1133930358847,14.92133239233435,36.47347404753839,115.43351037729124
727.2343528564941,17.581543200374753,37.67935728231872,111.64854747643005
726.6446208227803,15.517846166490699,36.89919987945984,114.15336819525112
716.3981479673953,14.791564317781365,36.695884785077524,116.74853000548666
702.5594107236791,21.726094205835444,36.811194820290055,111.94775433788168
686.5943274095515,27.886428988363214,37.431012903452846,105.587299768161
669.7253246417002,26.889674278438783,36.76078142904052,109.83648323211288
653.0424449200445,26.27673483711716,36.08202896220078,115.81025315835788
632.5984965670375,32.46091627915505,35.445109979814376,114.28003839335388
612.9167199667016,42.65889615843675,36.283195301542186,106.35797275131034
600.0880364601275,42.43454674063126,35.72072737837874,113.43728688377212
592.0272626994335,42.34554778247863,36.97639341841213,118.37723086855448
589.8545614045878,49.66099752087106,36.556216324524556,114.78668731720866
590.552820645327,57.6423800391715,37.58389308828685,107.77210474706345
592.8193418397547,57.01244033331969,36.90190388496101,113.8584763696577
593.200264023079,56.28619233674783,37.130473650591014,117.6189029730038
592.1380448682895,61.74615388691332,38.40960000150577,114.22655517062054
591.4376769007677,68.08688970257512,38.82018332152175,109.93218287165955
592.4182270714705,65.32947261945232,38.79128021890121,114.89911825940885
592.3795952771162,63.97974386807778,38.578201649798565,119.72357711157913
593.6550662242843,69.52611707566106,37.78404544823943,118.0694273752376
593.943978307175,73.45274408536852,39.15582499022396,113.35295807971072
595.3589069346243,70.14892877430113,38.29366510337761,115.09242439851462
596.4666675135444,68.39327584147615,38.06486447994805,121.11499094544192
595.5636920129011,71.71065850946992,39.865225835048946,115.48628807121153
594.6770078325087,74.01783924039864,40.32541947545775,115.23113515078961
594.4942496481693,66.06949735031544,39.88021832472367,120.7063513087709
594.1047287108958,64.46240887627508,39.31382471295594,123.68944762184769
592.035909982938,67.60511423146065,41.880343805187586,113.4498645142564
591.63715294768,65.56711206783532,40.39836389747343,116.06734555592143
591.1914433907481,58.00816822906097,37.966675199430966,122.96586656739706
588.7019153377491,58.449799830852356,39.087892013380554,117.64263539229944
585.9045522564135,60.10581323374073,39.72588619492191,113.01523565106345
583.1924645025451,54.46560704386862,39.37198962324411,119.46494961317778
578.9997069331167,49.522153838503094,41.153460696150944,122.192477348997
576.7554015801624,52.02176748676144,42.24476214867329,113.29115184290738
574.9064871150028,50.21105879270095,40.83049593088248,116.97157952285897
571.676065890551,42.88109345436327,39.28805618012034,122.88512201517491
567.1011116369921,42.909405592424434,40.34842948012604,111.84569225150742
560.6606786007412,46.03597641158589,41.97481355027152,105.27798252100669
555.1880237616111,36.83335929502636,40.909916718458,116.13417093371224
548.1813052678826,30.70160388644058,43.3794514947485,119.53996851645698
543.5106130135808,33.022164825684975,45.2881795220938,109.1701198418008
536.1812557105146,34.62304150365612,43.34067882028988,110.46207107327218
529.880309616501,28.233984894156634,40.8777729573531,112.2545863877493
521.0921029667592,28.10614605148959,42.516606117784356,108.69920356633801
511.35538795409985,33.713563264687615,44.58928019943923,104.60902780620792
501.12552985059665,31.244683992925232,45.505848791764954,111.46962262170399
489.3370764159537,26.727873822167453,46.38423177008322,117.04778597095455
479.9668149938227,32.992898062546345,45.41016614948127,110.83983555428895
471.6253234086802,39.18497738742414,42.21430396922571,107.04000626036384
461.4538793856175,36.09475405144042,40.33334732075723,108.31033291029095
463.6559916326825,35.751057808304424,39.43976713200649,107.14884545037162
482.9163674866487,38.19088214686421,39.79983752968103,106.11973188814716
513.3405813215668,35.70068118009566,41.67533769726549,110.47279445140231
555.3535908300859,27.28129705361252,42.060982039660935,119.1223752536203
607.1450981811496,26.25941446951935,43.62059996358229,123.4524246379544
667.4304903843822,33.057851738257334,43.79452881325016,114.78014024870645
727.3710106419379,35.0443976956081,39.93191572094938,119.52277691228039
777.237216246612,34.74210680206698,38.26611113350813,125.84045884314843
812.0084932284448,42.03116815316839,38.70777804553032,121.17699424620805
830.5110174260808,51.45395492597602,39.83888427807028,113.75358444003714
837.3570698203096,48.66597465897726,42.29571016408161,126.22452227887871
831.956376807733,46.71863422364841,44.76881498416063,128.27524854760244
824.3596363128904,54.94047211109478,45.43288367179879,117.2387903266872
817.1894312625254,60.14382487814402,41.945896740607076,121.78701618001085
811.8331589823462,57.241224096638355,40.15233370316193,127.51845071920586
800.6122414320969,59.67203328493835,41.238000022736344,122.74844970366536
783.6754768990226,67.42795543001408,42.923351084276774,114.31673937030851
769.5740160644016,63.26130640837884,43.50357834298703,124.77301080400997
754.9203001164628,59.02510777639518,45.43872652139333,126.3945180472919
742.7013884888377,68.65299662557644,46.064750133078405,112.25041230788734
731.3611497579117,66.39121601982343,42.553516374878626,118.4013228919172
719.3452412331858,64.69724962947326,41.29884241675873,121.17677076368673
705.0554253231597,72.39222756421958,43.47668728469215,109.85877417711839
690.0224217905993,74.93934584464355,45.11740718720505,111.420675407057
673.734638510291,74.9845651568045,47.90781143366145,113.3933888537415
657.7219938829878,81.86762393220098,49.180436396686844,104.98676390796555
644.0404250059428,93.4732445417289,50.87460772508945,94.53383169954284
625.6964291260173,103.39322942676513,52.67550204332788,86.99843165906574
609.2000067269288,109.3573081055853,52.930177230712644,81.50696838404856
597.5911639182331,118.47258329546938,53.653835505731955,75.40913582397599
587.7794357916298,132.64715532071125,55.79717031750265,72.17960960711926
582.3459150446183,140.0989787248032,54.43083318375784,68.53823419232589
580.3835754598272,158.12937961102847,55.553193255255884,62.70367692368879
582.9416886215821,174.78654322807176,58.502858000626745,58.33336516117572
592.068794005012,190.48761784065505,50.773559211895616,60.06918217630088
607.8149707151664,210.4033444746957,51.73486614906412,58.66136568104142
626.6701142609377,228.23652062011251,50.82599068661419,59.97915441671536
644.7542776303643,252.54313460192986,45.79863586806002,66.57849219354435
671.0610950898183,280.53595906475294,46.478776135331195,65.1018664227524
687.907599476612,308.76396324023915,47.81262293455113,65.40356075702147
704.6110206715581,336.51383250724564,46.54561294775287,67.16569753938596
720.524602554872,369.83816332993183,44.531536755489384,76.33241093906109
735.4448965989856,389.6495654683274,47.72833022044607,80.28194319543911
739.2585401573369,401.41755010201916,46.91253427957549,88.75840657851172
755.5520190062508,417.14469904678674,47.45102856481385,96.54319066591101
788.3416140854924,433.2992957801887,46.514996402873706,111.69141075672603
818.3872854129619,435.46234958532074,49.727630516345975,125.60335217379154
861.6144506420867,441.730144979499,55.606624284536124,123.352337691609
921.8729113173639,459.9572022117111,59.9229506616101,129.68355420369406
990.7081765048898,475.4866209050831,60.921883915551284,135.97758687193962
1057.4155115189515,485.30294618580604,59.615896267661526,159.63066353415883
1108.1640723982864,488.18303579112717,65.03008911891946,167.68620190892244
1137.581163900582,494.2997447395969,73.32831918413494,159.49968897744273
1158.4027641529347,499.8448626182877,75.80741325549143,150.8487127548446
1161.6489353238726,489.4632100072595,80.03356559774645,158.27163280391818
1149.6037229150459,471.0258414317907,74.15740929155642,156.57041508937817
1125.694009949216,456.6239485659012,71.39889382896747,147.93138175956616
1087.794762012009,425.57368221187016,67.90717061388789,142.0344607474097
1018.8679115673232,376.8755742022636,63.75899545910647,153.35676429570526
940.5189622039339,341.4437179948761,57.545353664167024,150.2498156764118
861.1186366045611,317.9635039106863,56.38956332896968,136.40342551604436
797.1054336592864,299.18148931220287,50.847854987064956,128.60591645458115
750.5821002959324,280.49158833125995,44.08570598270648,136.8967644914535
709.986069747385,274.5679233864176,44.48354982830527,127.24199724162601
679.4389455009521,275.1665204518288,44.75675575510508,113.48313521449286
655.8197106984517,267.74934813207994,43.25352419920214,120.99602324855633
639.8677881726967,260.3806583912704,42.24422221329729,125.10259328073288
626.965823469306,261.2051375590807,41.28200524404626,122.69223994176821
612.5141320161284,265.39472043482306,41.050503756743666,113.54319635826818
600.5145711229687,262.57481731186556,38.47547615093964,120.53574953127703
586.7240336351236,260.6206524482074,38.29970766329726,124.33697725396303
571.2398036214804,267.3740334525693,41.55247396509812,119.98838917175041
554.3480654242268,275.5877756993592,43.958821281143685,114.69048545591437
541.5597520950967,276.2884109933842,42.882425827302846,122.70784821637498
526.7634903041479,278.8816332340419,43.95418406306797,125.15581547418773
512.5666806042805,291.52167457025723,44.72059053158725,113.35845155113685
500.2609368011397,294.35204349636155,42.356903669089924,118.37993885316453
487.8572159199359,292.0251049505871,41.97829555924377,125.17757624521886
471.48032694851236,298.8761706374907,44.75040746599317,119.22193179666229
459.66437250650097,307.9350710845359,47.385305613361425,114.18470121816326
466.66088850739044,301.5844255438379,47.39993601740307,121.75731176820365
483.4442824275198,296.62994852405933,47.11813012501991,117.83078610278694
501.71326942991607,293.39259239620577,46.12930447169062,119.47926889682229
517.7513412706437,283.3745626595405,44.34981616266959,130.27691330312237
532.8262504249752,280.620029802732,47.15376646993647,116.38334044353797
546.7961622135257,275.1509981966149,45.02872285734789,119.9844619576999
551.0470989721412,264.6784589128621,43.341916516702824,119.05769452423118
543.1726204777439,257.6381884759404,44.30711135480322,110.41646075384638
529.7662404308911,244.7793485786045,42.01889438731578,120.3953533587956
514.5860252673872,231.9792490218788,41.780995251699274,117.8420518416938
499.37638454801584,227.39526694278155,43.938308168359924,115.40247704014321
485.57749520931816,213.91046099219085,41.775008630369314,120.05330571866068
467.3602908517715,205.57605047769135,43.85277381509511,108.52324664413538
454.4283309401231,199.73048749992017,42.78299617606965,109.42034703519926
455.8069938426399,183.5041873557465,39.56917884709462,114.43177255131643
467.39015389029606,173.04294519283934,39.72987811778204,109.54733989968338
491.54786803675114,161.443547803248,36.45461506645356,113.22774005915682
519.6307483398722,147.5515072904698,36.72744490399496,110.41871512214145
556.5053872010237,138.80943302789706,35.80007835723636,104.31270022228628
594.6701753931021,125.24407481692108,33.50897993553731,111.44191111485628
633.9871797448577,113.65791365380719,34.80236502652073,112.30649871936156
669.7127566037818,110.20033412507621,35.11774667251295,106.49592603287226
697.8902341662049,105.99135030436716,35.186332324157775,106.83194724241099
715.9352019873081,97.03769509531578,34.175290434539214,102.48968119673523
723.952652780858,92.70895481668992,34.568056467047555,94.397901277298
723.0004930156618,80.27692401463291,31.647024302017037,105.5547310138185
713.0986972371727,69.04686320915539,33.65945641491596,108.21001488842974
705.5469747984715,68.10309063125237,33.830423850793494,99.00089334168213
697.4480214405415,62.551948910399986,31.849180820997564,100.73843387508197
688.7992607331762,55.02260968608418,32.551200003267105,99.67766184647505
681.4090207186484,54.588305671019185,35.27786183341428,92.50564852308969
673.5350888507292,55.84042441511098,35.33661420638057,93.95691107860965
666.6828364356512,46.31150246201488,31.84152434237927,103.85632947929783
659.9705591391114,45.009702001805096,33.61410455536051,98.98285065391329
652.3262389886,47.485773294084254,34.212930088907385,90.92887991619415
645.7441638492774,46.27018063979749,33.33510861381416,93.75840760867345
639.8640015299483,44.69621526132181,32.630216086696564,92.98487316473305
633.3766249196565,50.445111999315536,34.188707220523575,86.95254508806228
628.0116263541797,51.60469781130477,32.29378299396472,92.38210697632412
630.343905829149,48.74406563196818,31.242899144529616,99.73661200590968
651.8677050786113,52.646083169741935,32.69262855179127,99.0883735437689
684.7237896339072,62.36732001247671,33.38207916262075,94.3968759489467
724.631406677532,65.94844522503567,31.71365570456943,96.98546414207509
761.1642929408739,72.9722255731514,35.365877328594294,94.02658453455508
792.1568492980692,84.6927278730887,36.256007570457896,90.37903891667987
816.2650594571259,90.81102315112221,34.009105360750326,94.09833011820926
833.413793187706,92.06563243533448,33.27900417626267,101.84365832259962
840.3715589702379,96.60185315389897,33.946214228666534,104.2618481379154
837.2032044520599,104.02251131054736,34.367473976405805,98.85457850422367
829.7130725415041,107.42366202570754,33.06260264255281,99.55954446175818
820.5038284104419,107.09386440451306,34.714015694735664,100.74276300963328
812.3788686255364,113.7495096348004,35.32932636861382,99.9251165785213
802.9565169699284,120.34635203859496,35.219773684056676,95.06355709036839
795.1804317740102,119.02518997310864,33.39263516092911,103.65606436198249
785.7689571517425,118.92543618164908,34.11070626952173,106.04318210049843
775.5331463575226,125.54530631938835,35.70168761990513,103.24495728026795
764.7548346341522,129.66699174050535,35.666112865717395,99.88329891291531
751.8273460707599,127.5109327351098,34.44270676421687,104.93978534880763
738.2531041611522,127.26061075087568,34.14013228421867,108.96760973065118
724.676708339465,134.25333337108145,35.3612256300634,106.43562894809378
710.2714237156284,140.8631430853249,36.55492768489961,100.10954872127809
696.6178585312687,141.56755348661744,35.012443241784496,105.27509233173468
681.9340053414929,143.246041126811,35.60854726024951,105.42021251879046
663.1226091340092,151.39439371004406,42.330699192204214,95.5903856358555
647.3915348765215,159.77317407652114,49.00066661884702,86.77996522757361
643.8192003084819,167.51400622112203,48.34935362338844,88.80132749395146
651.543789309865,180.55110756630035,53.49330988300966,78.13023988473142
665.9615182067723,195.6118765564031,60.51825863958831,68.90595676419494
677.7495837283933,206.52253385384185,63.190506743075375,63.57505499364589
690.8052800785437,217.87131550020905,58.62648577722021,66.54563668761836
707.2128023945502,231.9882216447018,57.07624846492607,67.73291754246728
720.3356361012228,245.77927413188849,56.408530601732345,66.45304301820634
742.0786207352003,263.4551278380014,50.18618962828627,67.93304014776221
763.735305331513,288.2739062012418,50.20278082290801,63.69883491066528
795.4915355284166,318.5122888208422,47.80064135359995,63.61296437465355
826.1300338932515,350.78425252122764,46.928375277410055,61.183264809260535
858.2119763619186,382.8448766335078,46.82794699511979,57.23141436288674
887.7565746975629,424.83177638279045,45.929755379934655,55.769359695681786
910.0157953076015,472.07898894657774,51.24946679441411,52.62706941895517
947.6647872802786,521.3311455222782,52.4563202840214,53.83131659265099
987.3006324176198,574.2965942709013,53.190391375084445,57.07621394824913
1017.4848873386252,632.8996441073521,49.63041530503912,66.46378386559525
1023.9338477476326,681.2387104073414,58.45872428775107,56.920794679494236
1035.3633547174047,647.2122964957144,58.7578817835322,58.04551645439397
1039.6125615651588,653.0945380107344,59.3976231311541,58.06198983719876
1018.5456629850293,661.7540557075849,60.88200384031705,57.61505597088325
1022.955926172667,647.078059178544,60.84470419969547,58.93283647572332
1044.570125230115,650.2367532065398,61.5855253848375,58.98898381414308
1048.4299250252989,647.7435030357477,61.65201338614053,59.15788068768163
1053.0893562849942,647.9963670567325,61.45408860452566,59.0669709740762
1057.7011671326852,659.3147564846315,62.111400136576144,59.14639174746915
1036.6010691114348,658.9941337062664,62.13334795357245,59.25111304210531
1044.0863737109296,640.6118936766326,62.567140965845745,59.886310272722014
1046.234257487662,662.7465302462244,62.99211357837001,59.83001134583001
1033.8111162169753,641.5370281552435,63.13242927313076,61.27454973322419
990.5784607904475,639.6096876730287,62.29225201245205,64.03888961866694
975.2765148203944,612.2737180875171,61.864837887136865,64.844333501088
956.9457315101725,637.7469530163728,61.69034762430003,64.59041961204305
917.9617824876038,665.861581834581,65.22007142586503,62.67472420999611
899.328853691477,651.8911772560434,66.17489310028046,63.60780329180885
884.4655061760443,653.0533066882513,66.5873283257414,63.91660316029962
883.7101300171407,639.0133946342452,65.43701255222193,66.78913072087963
870.3269233049381,639.4879462409131,65.39485194146027,68.13992286644329
874.1730687431442,640.7961352147147,64.85323112559355,69.6266672433655
879.9231386840968,645.7576054642379,66.39611614883377,69.60883656671663
885.8413995142959,647.970928018861,67.49146598758564,69.37725500217249
866.3582091328763,656.3829045123903,72.8349708973806,67.20714587274172
897.0486643793561,620.8423590892064,70.93188037553338,70.98373709944617
901.9192963587723,609.5188238244629,71.11826782613264,71.556453491423
903.8036204856872,630.8120663792569,72.30498466445735,72.57449074735452
900.7485475597074,650.6899414344301,76.40826425661095,70.9469584267402
904.0385262219409,649.2886313869888,76.67851805599486,71.63166065653716
913.565838319068,619.3752661540171,76.6250622203278,71.72630741834423
923.3119743904294,618.9050951621628,76.71522378521868,72.02162033106876
931.466110529141,610.6630117425668,76.72659652228612,72.1166973900805
934.3506651934504,619.7304009742296,76.70343542674705,72.07321376005243
912.5808359631707,617.8605784818077,77.31675078677956,72.55555895873289
924.5036408705038,610.3675692697844,77.102077995845,72.28168900210176
930.1500102551317,618.6558124453807,77.33072387154425,72.51042338368234
940.7457986284508,618.0748060116156,77.29540178809721,72.4421821500006
976.7230178235529,576.9223395452252,74.99827584193993,76.65482096327013
1004.8411303671901,601.5486787058054,76.14337056441227,77.5626320575025
1007.1071846470079,629.4804164463009,77.97652148432655,78.13495713471147
1018.5853091544756,587.3792613520786,77.052959693375,80.89245007648901
1026.4066820967264,606.3532562454914,77.34126039311549,82.04034206566439
1029.7931528745964,607.2490557084534,77.99190554663183,82.42852821527215
1031.8401077578321,613.2487826455872,80.0485326694832,83.36757603478519
1034.5914638805505,618.1212404759295,82.13832198126873,84.51378731841643
1041.3161516957668,620.5836841078044,83.107206730966,84.89626765425324
1053.2328792516796,623.6162545933861,83.56178530126385,84.956376789235
1059.6909632528075,631.2732019926208,84.46653122799495,84.72699211033151
1062.2893832715188,638.3256128927658,84.86339491342898,84.5542114296764
1064.769785102193,639.3612477012555,83.98485089530946,84.78502489881537
1075.63018388747,600.8486733350982,84.2367298847838,84.19448063252935
1113.6637195304459,590.8106995327948,84.4308934370004,84.48929181615316
1145.2790798098504,615.440151785675,85.10106680064068,84.66339679889501
1195.0602928800085,585.2870771259011,84.66259081087054,86.43985032121797
1212.79268430286,602.6297953418369,81.19398336940202,91.45196365591855
1198.9841194655537,596.8088209171696,78.99085587100075,96.35561266099671
1216.7241244222712,591.7107309962504,76.1361084849188,99.86382219458088
1207.3385846534266,588.7268495455351,74.12021232838742,103.57263997450957
1194.0542274768097,587.0643521137185,75.63865723180095,105.51282327793109
1211.5140401847207,590.7550126709092,75.05167440981448,107.05553470006261
1196.7846622492293,589.65549242877,74.78789510664222,108.76097990048964
1215.493276036201,583.6150836678815,73.52822470755493,110.75336026682733
1206.0773101390225,581.9901807055144,72.26729302565553,113.22811691127028
1184.352237933351,580.4510465783383,74.1261592776438,113.68321837205029
1203.0925073643646,570.5965355191518,74.9798298287718,115.09275927460665
1186.382400653795,571.5789113053743,76.3752736348774,116.39778889373198
1213.6676549894119,565.622605385981,74.28602171528253,120.30875711726172
1206.328783617556,560.2096072949183,72.96416005132033,124.11227270112727
1187.3829587986113,565.4063684562478,74.50943790571225,126.41410732525163
1209.3019849145965,564.0650807422796,72.83555884846061,130.61761638032783
1179.1542995615978,562.0956216950859,77.81107555909594,130.90371823908814
1210.7720579211025,555.5665172007658,77.15018052831547,132.95789165467573
1202.4835641714371,556.352029058088,76.20932364036022,135.82635697885007
1223.660798059925,545.6351725247504,72.03203484216026,141.36194263520932
1202.591347073547,511.78497827925065,74.13168555099314,143.6143283226144
1226.468178314494,538.851460280177,71.19002720237499,148.27907038136584
1205.984914416202,534.3246016096083,71.70263162881885,148.80762223110108
1180.116827731219,568.0423861060392,76.00023622882568,147.28329924066895
1207.754122325894,528.2170727311195,74.77824754685217,151.39479149947113
1166.1292052264687,543.6802242037655,83.72277480921295,149.848385336996
1187.428434692152,551.1289216904175,86.47043266148361,150.7846487228908
1158.5198089457858,559.5472485552326,94.32399745400028,150.2278712225754
1179.135116003085,557.5024030841959,97.46478677344325,151.5204306523272
1149.8966137587743,559.6082468485116,101.09973476802062,151.0954085067887
1184.7757906558356,514.7107411413374,100.72594099846248,153.49028619556955
1211.433081209956,499.35114762441606,99.15763552964721,155.6417081959753
1224.945098390987,426.81354829623103,99.2621708677649,155.46286309182986
1227.1541386059528,473.03959249600376,98.6210195474105,156.34615206600452
1189.2127469636707,504.58070238379764,98.12507033481559,157.9548379223447
1148.8914633981956,544.9691925121916,101.35256454843463,157.88648197213658
1188.914900953835,499.5705860327036,99.57594400860572,163.20786310035706
1186.1964490871085,504.65867555030206,98.19301946629892,167.5735210504536
1172.5971706605117,502.4559514254602,99.0046165292317,169.92081192127952
1199.8087056986308,499.4982213559049,98.58176545299645,171.16329355997712
1173.0060431555755,503.50740630213016,99.06087369957567,172.5602212858195
1204.6677235327634,481.0190979505396,98.36768277223933,173.86953639567088
1190.8368450922019,467.21291661148894,98.33229861076353,175.72044261382388
1187.530643817549,498.43503046608384,97.53616868838574,180.07267488370894
1217.3905009095183,493.42062781962466,93.79898932942278,185.37749615103144
1195.1650276075213,477.4465540309345,93.1152504801874,186.57096727806191
1170.8738455996722,473.18005955511416,93.46151807892939,187.99889192149598
1201.186580410288,463.07075180625185,93.00462689476954,189.02559838239503
1168.4201116622235,501.92576528580094,95.20299070271062,190.09924171725876
1198.9816558117375,485.36314558047764,94.46123694121533,191.91187796375513
1177.7865078773011,470.5261624402746,95.14296215672353,193.71550104711073
1163.8050967687127,463.2804807371895,96.28002017170068,196.1184897496838
1203.5367819841483,444.2160121634353,93.99392813234627,199.4809924137261
1193.240796332667,460.52025515484814,92.88137152645123,202.63283705376685
1187.0862812629675,447.1379480357309,92.5482712249856,205.4160742812849
1211.6498561774488,444.02897130653673,90.02697181435559,208.69051805950875
1190.682851164267,449.97109800942894,90.53569348927357,209.86766910276444
1180.895565919105,448.6728691518406,90.74695247465924,211.90129497283735
1208.3710358337012,452.75305755674293,89.51787809035443,214.0662203070673
1191.192942856235,459.31185845840014,90.79839212652325,216.51432307085767
1165.5248459767158,467.8698559126516,93.66871923884352,216.31781728607785
1202.9544158279984,461.2597380841203,93.06410021450347,218.07985578865672
1179.0091057002796,465.96506366953815,95.09984933232428,219.22697236605035
1158.6129663389927,479.46172638215796,98.67955449154684,218.9145336470799
1199.0063374538943,468.48425186073086,96.99424350741982,220.3716342174298
1176.6998091235785,471.5385922064164,99.54094463126918,220.35377165475276
1203.7009172592143,467.70188802467544,95.91847970832843,223.7875586215053
1168.6564067373517,470.62541619061915,100.42918175158928,221.93122804349534
1197.248984874487,456.7790875630497,99.33209594826714,224.1057393893103
1166.3498475339595,446.8188375710573,103.9516446971246,223.57388227134237
1190.6648155318835,439.561983310093,103.23107371816613,225.3901392140109
1158.6760265502476,436.1877444774972,108.36351268371992,223.11532520163496
1137.6586642480095,425.03548058805615,111.36731195253714,222.52654294224484
1177.6411675836994,404.7631616672184,111.00917164338104,223.7374915488889
1158.9373399771034,437.2677129655594,111.29889084562022,225.0588713879764
1143.9758424296676,434.4944303645407,111.22030177917836,225.02304901365753
1182.1635339983989,440.9224128669455,110.28000431715404,226.38282962079845
1150.340706400923,446.98062385286164,111.93875517190793,226.58933699991806
1178.817858144713,443.38837471306334,112.29041287040597,227.452384195438
1149.5151361183055,446.7168687707158,115.38252165655715,228.63911900605882
1130.1233819641534,464.5513700361608,121.67580008483797,228.29848645163528
1168.9622883379377,404.6524151504592,121.26115022610003,232.8286422462998
1133.122326058659,458.8510712868415,125.46018604049127,234.2088012749428
1169.8910475785801,444.3374738848712,125.03924577120155,235.97421140027177
1130.7998734000957,447.57812354160245,128.36257007026228,236.73520252161953
1157.413815095727,445.60892443379333,128.75315997517754,239.07110254002268
1110.3141294259642,451.12672991036885,136.2144021919917,237.24264925297544
1142.9612706171415,448.97829125998646,136.96718067795484,239.7672853481956
1089.6434840656423,460.4859861517222,144.7864902456526,237.29792848845284
1123.9245145896357,450.2565757963516,146.26038776251582,239.2638405125763
1067.16949583817,455.9434278896725,154.89551752687186,236.78169699374158
1102.610038731431,445.3978274534113,157.9832076535072,237.60513204467637
1116.4673688812452,451.83799934678285,159.9237853546459,239.13662902039562
1061.2872817812138,448.45670839308053,167.05187567591122,236.97893075875172
1097.407050807888,440.56948145183696,169.2073191699548,238.55277016720714
1127.3976883647808,437.56231809762915,167.27719312852275,243.70447851279704
1086.5304782459884,446.550686774208,172.51090436403183,245.19926827179847
1149.5308579632879,434.215968448371,164.24084709006843,255.0066639094885
1111.5979531557725,428.6988859877815,165.9086998488361,257.72640382913215
1057.4486602360585,432.3808211534043,171.3339390159904,256.6880067899797
1104.1395894199418,371.5374749560084,171.17008719834556,261.4648764152817
1137.7152841283116,380.54648127233065,169.3091104588392,267.5947686007086
1115.2922111935247,393.7248590236776,167.6078242420931,271.946916326181
1071.8620590851397,410.3420123429505,172.45069177291663,273.23788814964854
1137.9187875581742,306.43542270915566,165.78435744893403,285.1907165419951
1057.9338953615772,393.6954443866225,175.74173034957414,283.8047659558691
856.3198039368668,365.08745334848476,189.3426717742471,280.1600688527086
753.1988622752436,385.6998463457277,184.47182233026157,279.0341993593047
708.0412069825886,351.52899039300934,188.52319778175973,274.7259678352592
647.5216456344572,400.34324648655604,192.58045088561073,264.2527447669754
549.1288269221345,447.3504324747707,195.04669609390214,250.84706332538906
474.67021658506786,460.62193255655336,198.67962224351018,243.85992559761513
390.5961112817668,468.719357415596,203.41972298167946,241.2050481478362
345.78195443092153,499.8581114874703,205.32948381780497,240.57841427593732
440.97357461004856,385.7857558842572,211.77847529220048,241.625847974658
456.18953465335693,405.52384684365603,216.95796727323736,240.7625272293839
466.44728398418033,413.4556971253436,219.01596442215322,240.5925408361727
478.4723532157037,366.27769610055896,223.03104840023838,244.62232635725195
484.45001836962604,374.92026800690144,226.99279136900145,245.19357335741788
475.881992689031,384.0636193357162,233.36715103819876,244.89389814365927
480.89871636498754,382.39650049399364,236.31766870407094,245.55338393130504
494.17075882499944,377.88514303043223,237.20162541494273,246.77580627514828
514.4647461935691,382.5610695501808,238.5704153933666,248.56249769019598
563.3541488868592,270.38108144323,233.98339648135894,257.532433479357
613.2350994586885,325.4162514336379,235.28828908377793,262.43326214816625
736.7883495524518,304.6304471847001,237.39134537753645,263.32717828525733
860.727034458296,319.4098791923915,242.0275105186044,262.02842848001717
1009.8862194981525,381.37824571984527,247.08887301834605,267.56425131845003
1068.2801096156325,383.4251602393764,239.26140083371854,277.96481039461605
1014.2228140225958,274.1981630510611,236.08830546111463,290.1644083124433
1042.6280512562603,362.6249029474599,236.13488986753126,293.9939195875899
920.7230616306824,464.553054651837,257.0859750080594,281.7685696672586
661.9548952156679,326.0749341126123,278.3473723467047,272.5376380640704
623.886531975736,270.0527697985754,265.6033254673671,272.0611446002514
670.5247321844299,279.6072843319035,257.17299814182985,264.0657692860867
721.0851950491755,263.731670054751,248.8737516327165,258.6496211430424
749.4959976128965,263.68633385377257,238.55624123975775,249.3095702764304
782.0799294502401,222.32780847115012,227.99699847107576,249.0636098422496
793.0859271469442,214.00577227625124,212.9065237001971,250.9206025627828
744.0084441356402,244.6094978764765,222.86788750014586,225.16411672519973
725.1052675016632,208.70423656414766,212.14152298188597,218.2001760188857
702.1801950052197,198.97653401149603,200.40571198450337,214.16030695517577
667.9067760396491,192.13212704627202,182.39236599825819,214.4989896216734
634.3625649697451,185.69688729413917,169.2953343220383,206.95622342882075
601.5785575650641,178.19496052558475,166.23005020980793,191.76701129962782
587.2299775940828,167.14200852540995,169.0885324441688,178.03291445766854
572.4774108349488,156.15695545809115,163.76308773680023,168.47525691341883
565.2701753618245,161.09512406909988,151.5435608060142,162.0688429163237
565.5076502845902,148.56898708283447,153.15674341596912,149.27149097826134
572.1267659242258,142.08985428895798,146.06048149181612,144.49135933513276
589.5053325237037,139.1791550709517,126.51620147341198,146.6739226037858
603.0689727049421,125.3843669133742,107.90826256092596,145.62206003433815
618.2018003606013,116.186928999627,94.35057786802417,139.9352384715206
637.4035016570366,108.477708362235,84.83871269780042,132.48221884121307
645.1456776074907,105.20873996819435,79.53080762979906,120.47318495287227
649.2178935203294,105.19357788595907,75.4957727295104,110.27442420723438
658.0413628104849,106.76249178052697,76.98620116110119,98.58352348377088
678.4584805436741,104.15894793398664,67.64210804736618,96.35550121873513
687.9566178250967,109.23227424757745,62.43139757215462,90.34473372945914
697.8151230273238,113.63000543129633,62.23724218682912,82.16269578190366
707.8519999630313,120.88596561981352,53.78105545938036,80.09421605578436
697.9210804086887,130.92192230352774,49.31325393695993,77.00925083876992
682.8322132249522,144.04681563469882,49.948550177389826,71.93260895700884
668.887336472085,158.32357924176222,44.62563195149478,71.1318835790463
649.4249710272446,176.8468617286308,41.61311456846937,67.39520486176897
628.8304182203011,198.09161242099302,40.01892614506411,66.02182550664516
603.1940689446451,226.31643393446808,40.06060993905774,64.60062676374946
570.4112670690198,258.02963925483857,43.27905491176929,58.35103789755753
537.0417083473322,291.286208883783,47.67703679519192,52.55636261449958
512.1297027507583,328.34376951879847,48.64374313809875,52.36817834247461
496.61203336330607,365.4026138061912,46.831037572888846,55.88176055783651
474.66959314794997,400.41839134267497,45.293101465052644,57.088933938444015
459.65711350530785,436.70378556430705,44.87774612429962,60.12176419464954
447.9867262116642,479.7217306955029,41.89712911241722,69.05335610217382
435.48142986916486,517.8410946759011,45.69860680660653,71.03350119298972
424.58531506706044,551.8681745986439,52.809160391764564,66.61034651774739
421.27844765951903,584.1053061161912,49.8520143352097,77.00693564093464
423.91725604371976,614.7045034723495,50.31097188743908,83.54234762304903
426.493132470256,641.5459549656824,53.941175015612814,75.28768234067616
440.4381100165681,654.3340053493995,58.94179564256541,65.24020564857807
451.99344377342504,667.498564717247,67.87078697708405,54.6866466039703
469.64152700095974,681.773652762107,77.16051953758128,44.94485813416672
495.2323150599708,687.4182240627356,80.47749128312488,40.05830866189197
517.6265176649371,690.0452708262641,86.5987439234399,36.04091887460084
539.8359967831699,687.7474702254053,92.0219976149335,34.33245518057599
575.2822598237852,682.2584350547336,83.50971911652505,39.55162827945311
614.2796220418427,667.748593193613,68.5395112978864,50.81165943176065
659.6983912095387,647.9360587189332,58.91748954995493,61.365716102457355
697.1291220213712,629.3210591520818,53.0987578181457,74.85833509116326
724.2078409926439,615.1497481491065,52.02086798003799,82.75404767229827
744.1360883001713,596.5486745182375,61.81104355299287,76.03591931389388
773.481927532129,573.7010834526629,62.02211003385639,82.38870561265864
802.1633596313145,559.5116148060239,59.544709837351476,90.83307125111193
823.0217220214197,546.8802824533492,60.517814938070316,91.05583111238502
840.0610823028901,528.7378501904458,71.66861975236286,82.16682161427467
875.7513415621886,513.1726161410384,63.17017344391898,94.053593017009
906.8646102298036,503.5102656998922,56.38760416186927,107.43188159006013
915.2266219408742,500.46351438743056,67.33691320437705,96.48369128549055
918.4261498690216,497.6804314779017,78.36375433092503,85.63499266187574
933.8527548493383,485.05995834122103,65.10418415583358,101.9775028198188
941.1236960955531,471.2285843509494,58.59246579815927,107.88074270660282
921.6430585152314,462.7609744701849,72.69310818398674,92.55299408822883
914.550574653917,447.24827382207604,81.5063648768353,84.49477733932054
924.0915786471201,428.52970963728967,68.55134370762119,95.08579682173769
925.2077385129626,414.22277241344216,57.817616895315844,103.9233310429372
909.0343025290721,404.3860473499799,62.109465421226005,98.55460257008096
898.1299105350449,394.778042374487,70.16416768218127,89.37468681733583
907.6786070153374,382.57620930717394,59.77915831225936,102.38382191003646
907.2183824028618,372.6034442150708,52.230637537019255,107.9310283510721
892.1539900257625,360.73007616938065,59.92404962544744,100.45239343964928
885.3441091209161,345.03267149947277,65.80565258161391,94.11635842459745
882.3329025484558,327.3956180532164,56.067625831214784,102.26875358162548
871.2001088909172,314.2502322813073,50.39885403054364,107.70576234387572
839.1307585431164,302.1629093022845,56.44118938435203,101.29670588696045
808.0638245703532,285.17086830992355,57.33085926594817,103.36228021123416
782.6396375350898,265.06211965574454,51.027724020122434,106.35287612568143
748.0279695536897,249.25471049077458,43.90720085196626,109.98665188101496
698.074056263615,237.82895975649552,49.436451147746126,106.84806069569923
656.6782203187271,219.73615892442345,50.462093148471375,111.33251020257495
621.6752228880674,205.3365838570787,50.848805012480014,106.99446004476789
595.6993679597721,194.70729113409024,49.90448249643623,104.36196464315884
576.4546103463197,189.64920061152122,46.94105367685352,104.9507059005643
569.2933582738435,177.20251659780774,44.94460765620482,104.47135946321328
566.857190871043,161.71249328639811,45.357196196015614,103.93832183239567
570.2127233465056,153.4505787860154,42.34825636328294,104.37745821819178
570.6094527593527,148.68303566199836,42.66841074825143,104.77016605512898
577.6223594764105,140.50299901266044,44.17640102266336,111.80996405554438
590.4328199124818,129.62931378535657,45.65078640262001,111.64968702139578
603.4030149278886,124.5225376486337,47.67861654844834,109.7951995645611
615.3139521067595,126.18780181241021,46.22433973893555,109.6039986306999
630.2350625485167,120.8303873640033,44.15657443390652,115.03349786673616
638.7475115485634,112.60963235678557,48.47136896176867,115.15863264078594
651.5406247331636,110.82018604518935,50.556100239423955,109.57974500634364
661.8900140442277,119.70418987194944,48.2173186737163,107.46328430887314
675.0963200804447,120.33040215814742,47.900933953866016,111.95305996230282
686.8535851222055,116.40950738429595,47.97848797755454,114.75908807102583
700.9953259415709,118.56976496411457,47.86853228562825,114.15863120136653
713.5050424174551,128.59575364300403,47.53217072558836,111.060688548962
727.472856913211,131.62534845874242,48.7991802757368,112.39079135770771
744.026159923262,130.41490482528536,49.596608872438935,111.19822972007566
761.5865425343231,134.39766868623454,47.9404340530614,107.81069996955961
771.3431180213314,143.71692580489474,47.6302512006674,110.2925167408896
778.4086460524952,142.17529390094808,49.577780634999655,120.81163311551649
781.1714296261732,132.72278438893926,49.343736839473195,120.51702242914878
778.6249242189997,128.65737606178942,47.91587823406796,120.01255119542898
768.4524048245527,127.83173636503783,45.62076172644952,120.42409287407068
757.0643300337997,114.45034023530823,42.45022962646999,126.81675124246402
735.6529841187536,104.71109982917427,44.93972989035827,121.21795083677117
709.7907175309816,100.33202621806392,44.4510904326729,111.19679807314779
689.3127480700896,84.872909900938,41.075604607161154,123.65464553313518
673.676039556692,66.90009279593502,41.197671513827615,125.87417955133837
661.190953438787,58.25422553569072,46.29804734288517,107.69292597523182
654.8903793752313,44.97331937122878,46.43712781233064,110.79842751658089
648.3550719888763,25.940655940800703,45.86332781062916,114.40708222708462
642.047821764862,16.05057130532294,43.66713051710075,105.7186869093514
637.2624520758317,4.970701230830983,42.28973214475195,109.0915766977036
628.3262912558858,-4.2357403602927235,42.5754697578726,101.08347492962486
623.4991557663659,-7.378954410525999,45.571261717383535,88.58101657305339
615.4828279371707,-8.473085651370319,45.40644380901953,84.421312217847
603.371264386463,-11.0439575060796,46.326292242660195,77.27817911773535
592.2448940759957,-11.452746628204697,44.25655817858159,74.07868686289574
579.1820069268504,-3.342413625758205,48.966154412897225,64.62209138169162
554.4383123118266,-4.885365015964595,58.59749925196228,53.355730497478575
544.4939572720175,-1.61871634162258,56.136422704688066,52.02075548348115
538.2043406218212,-5.061045162997207,53.47593496620017,50.1901443066245
534.5119649370868,-9.822880929255643,56.22571103378853,46.038461480104345
551.993074841678,-3.419193784331757,56.28145918115807,43.58395012569776
572.272497996268,-5.688721444185072,54.918540081239996,41.511652470768595
588.0264296300851,-1.1291035591009262,57.98045964246372,37.491213456515915
625.5317265204467,-0.27192040418304586,54.5254174241155,39.242151317583804
667.6896335293696,3.6455914826126623,53.75528034428986,40.45231577838998
710.4201484672585,0.49654031912333707,55.010832893330736,39.498724354297586
755.339502390678,2.2484630099451692,43.16308356906632,46.71474596395508
778.5194959470911,-2.309274823604852,35.20800968123669,55.69571577974856
787.1057276592595,-0.7024798972916315,35.10786363710459,58.32492094468975
794.5968303207134,-6.444933922891437,31.46301036643783,64.92868389269984
809.5950593305544,-5.603607987933792,30.14869310770292,74.03625034605898
818.4582015161933,-5.742644731328596,33.09817322564547,77.44401471697168
825.3073112495904,-2.017777157928684,34.92871782069981,83.24876951187463
833.5812284762054,-1.087661252169795,32.01333028375386,98.44367107521137
839.874757107076,-1.3919523497943231,32.047857529740156,101.73426108780075
841.5080880334999,-0.06427993889880668,33.7884488375405,90.68321887079443
834.9106194528644,2.6097630002595764,36.129159604007256,92.07458205867604
823.0708859890158,0.4065436306717629,38.42922446122128,98.8202785421022
812.4676072790012,2.082835675271788,41.04334617415203,96.39958499786307
802.6894383076494,9.322616439567042,39.81543432578669,88.10923796230635
793.4763575999453,13.943920980509624,35.906556544399635,85.24264412264299
779.7153680812036,15.033328845787494,35.52012346483346,81.85290161300016
764.9116324485872,23.127899563955083,35.946467221832194,76.93294149811219
753.7544868365969,29.265407855911377,35.46084915486904,78.027215277144
743.3277634395816,34.11187670261134,37.436720043516225,79.73979081154803
742.1184314128207,46.06264217963957,35.89129772845012,77.59394978273863
751.5321949995553,59.5157545102854,36.504492322351595,72.06972338989395
777.3543463942108,72.33928408606181,37.224711497434015,70.50543480873168
817.0186846113706,90.97454006226914,36.40124699755883,70.48179778860799
852.4080792577557,109.72418727368293,34.69283371055391,78.9648899939753
866.8770289847548,129.06673928340564,35.67662502126106,76.19640974076128
863.165780986318,157.40767588128156,39.59516636328546,68.94451021084814
858.6122789409005,181.43010820665705,42.57626502681243,61.78373816657293
849.2706926251045,210.0836856186903,45.50194205103151,56.8013262593354
833.4609914147014,233.60914199646106,47.33661144611679,54.62738583829788
806.1512068309678,251.77036134902116,44.62109953083754,58.122187883260914
775.1396043982461,263.21275165469683,47.62727738463466,55.77242225307029
737.0367021715097,276.54552510199926,47.45699666116491,55.76551245501216
702.8939193094197,293.930380136983,43.7807360772094,58.91276166709398
667.4578889478385,305.5036996168786,51.70207309942015,52.33971643506781
651.164916900164,320.061223015792,52.99063826271508,52.79805049810716
649.7936007244183,334.6389303461305,48.23939265060089,59.06251390478818
665.2173233084421,341.83939111592304,48.8129213707205,59.561117975135915
694.3801033470857,351.27935750845995,51.31106261874918,57.17028846307702
737.3965997436037,369.97968126670975,52.774619218343176,57.05627985508374
780.8453838510525,387.05818288146327,51.046693230236116,58.86042852320833
828.3661423787795,398.2939408172622,52.325416173120296,60.1541859889338
865.6060167087898,410.00832825414636,50.99664321330028,62.5751625103301
884.1653000195583,417.1710272931474,44.09418522182011,74.20681779772292
888.468485388577,412.33386521502337,46.53153256570964,78.7766129910902
885.5777579996054,402.3697927948051,46.785921120338024,85.51626782349402
885.8485558687062,394.1736974249211,45.23348688738508,92.80188223894112
872.2985667005447,387.2297302079828,50.39402223847492,95.89931606544619
855.4143586820173,375.3670560344724,57.20175314540081,92.74456946635226
832.980723516505,362.9800339740423,56.28673905279154,96.77219900225496
818.4349971797814,354.7035876982457,50.97101124433549,101.08752229919438
797.2140873328902,344.51753904916114,49.3969326121797,97.29260586002331
781.6203290793217,327.9675466284675,49.94561134749795,97.64626711171556
767.414139335886,316.32836063195185,45.266558111607736,99.84293173650694
754.3851043560857,305.89135174999154,42.31094106061447,103.27038309671339
733.455006963304,288.93605795808156,46.88774685174489,101.64223898914814
714.1509458914941,276.56285697584417,47.923970738326304,98.49017439326343
703.4891611133221,267.3825890327895,43.210828017361585,96.96640524014752
699.2264381797339,255.64656746160634,42.54790920968505,103.35884348466304
689.890900727121,237.0980918998012,43.78487356362338,102.28620561324479
677.2780901171667,226.75392158583952,43.77375804308457,98.99670368650061
670.1043031492167,223.99355963967685,39.284522434877,100.46003311339214
652.6346662219601,215.25070930189884,39.271559478879425,101.95965475640811
632.7987280602878,205.6812334635493,41.320906818849956,97.79929222274487
615.6910492429938,202.31127564540714,40.90937450643581,96.2954604083038
601.3878411700699,208.02105849028354,41.48344404842621,92.25581667182563
590.2408033679778,202.16738051424875,41.24576878980819,96.18911920276147
574.7807948875226,195.79542449550803,41.67013157333313,92.64698216409604
563.963866822483,199.35313911840709,40.36296274340547,91.64404120875655
568.9784204493369,204.8448420416457,38.79963942523354,92.33572057703553
582.7511675271256,201.41709495786336,37.9953905199213,95.71064852715674
602.5535100205879,198.981968013141,38.84285512094324,93.66554486482272
625.9340087079049,206.9258075387601,39.382400993931114,90.04110288192113
650.0410058110056,215.2799811979289,39.74875359301615,93.89692788945779
668.7478966328657,214.712618625905,38.792574114920704,97.92267837558481
678.7746465660838,214.79923784138936,40.291135382219096,97.80935557258069
689.666801611052,221.28316370648798,41.858407394899835,97.76886278974129
694.7899009103304,230.8179683614816,38.37577556542732,96.55402456859127
692.706926532176,228.03294050445044,35.48860394740443,102.76091813255756
682.4408183299544,228.50578793248604,37.562861061000156,97.69740011195395
673.1302649278626,235.09132911546072,36.83180344537853,92.27490064521791
669.1480179078484,242.0652584096602,37.71046957588387,94.73061535450186
660.0180133129556,238.66451412127984,38.65935880318391,98.61838487615891
648.8196890185832,238.0450709690491,40.98316302558746,99.59907483631834
639.9800001101687,241.88332591030291,40.91334595709169,100.40539741640745
633.3485423588256,250.20412036947158,38.510032374767846,100.0642471496229
623.1082820234158,249.28200597928293,38.348455284416175,104.46293588305491
613.0335944242433,246.50747929817828,38.31016758170051,101.846283886514
604.1182760185758,252.03394472232003,40.0502118385456,96.42333225433916
599.1993870865733,259.2230281771418,40.722317533649985,96.22064183089951
592.3099023275273,257.88364890268207,41.95352956486845,99.16438778608065
584.367091285672,251.42972181821938,42.869999784086005,102.33691904791229
577.5376794499446,249.13815055194482,44.1311239163107,102.35888203253135
576.0894998480718,255.92039086095807,42.47895085941487,104.54429440256213
571.8149514368935,254.57885233686227,42.15954371400532,106.88644316124262
564.3047260467445,248.92954399224544,41.7139243935422,105.5241649117638
558.6163016457128,248.59518686693312,41.127510084395496,99.9596264104653
556.6683640127577,255.53361474661185,40.871350462380605,98.31909851784684
553.2609426282147,258.0113165793725,43.141289903188465,98.2642215958468
551.2647847398867,254.19164495671234,44.107258412771564,105.5373292093862
544.0937953719202,245.7814463788665,44.91058841772711,108.24796397233361
541.8674188805812,247.14531099014908,45.95392111350611,107.96768252069694
542.6474729017946,247.76101657445753,44.28596086394868,110.92972783122968
540.0439343862744,245.34064814245045,43.80293411773976,112.20218079567834
538.2810999507434,240.365839145672,42.671042679443005,111.69807783136605
534.9857300899398,239.99928876279714,43.03031422146695,107.03809223246327
533.9980020448464,244.6464864222043,42.5274581909653,105.91413943845694
534.3818795679158,247.16859651201048,42.12597121976312,107.501111607811
533.1422925322468,245.9180441673142,42.534921068712855,110.1096593686187
532.0692057235975,244.81679465231812,42.99733685994216,115.63599884628756
529.4746652108473,245.49574322680348,46.394869025841174,117.65461871353364
528.5015050318447,244.80450319315736,46.70020950493791,121.20118183919399
529.9017939749875,244.19091873740598,44.74966264027178,124.51688094421034
528.5816235199451,241.0409424956274,44.50757687017972,124.42709724051326
526.521555918759,239.16040868526864,44.16344222877076,122.78968528793736
522.0937034122755,239.89096927257458,44.29607058762083,124.77892071630572
517.3486133234585,242.3834279395781,44.22578231825772,125.64458374069761
510.90139119666526,241.92391454290424,44.15373370271162,124.0350700384613
501.0343106625503,238.110076377892,44.912008318845025,125.10615842413034
488.87532061906904,236.53102328325315,47.92107939168458,123.79149024657806
478.9914087857683,235.1341898921454,48.88808045599057,131.93224192633542
468.2028656299267,233.12372943251415,51.708844802560414,134.91409404869714
462.13467568586844,230.97260559080183,52.422115073568484,138.36545955532372
457.30851646722357,226.55402138061908,50.993229241275664,143.1246334261543
452.0099021923147,222.29488495846476,51.423853150516564,134.82053765761341
446.8927031412697,218.54461690615148,50.58314615116906,130.69417667735763
440.54186081209787,214.22036200715735,48.89403955782181,131.662415530451
435.30503856382023,210.48380380341547,49.37989168129669,135.83321531577894
426.418699413637,205.34830525160487,49.2361379675458,137.20414427005497
417.67632388581984,198.77515732064825,50.191739540972335,135.79729740963887
406.5835622012025,193.08999708898378,52.665409498793764,130.97570925746794
