414.5,305.5,33,71
413.71969907000573,302.8895870483459,32.77582719515731,73.69956926516517
413.29200171504516,305.36085746558376,32.33818957732747,72.13215292999536
412.50545703264305,305.5396877338912,32.94200675408796,72.0102889455525
412.46551102544635,306.03563635613443,32.91447283816564,71.57066437295146
413.5764294520811,307.25281285563545,32.26031923885708,72.98722486707
413.46881970702407,306.8500187618932,32.03138901073056,76.95363579922035
414.74228590206326,307.1138047069358,32.288236098953185,81.35541906151764
415.10784851982874,308.4362935572305,31.99836946423555,81.26590827192399
416.0896257262464,310.080751177255,31.271217143150604,81.0783421796571
418.37939461096204,313.5262114947062,29.968060045616724,79.60939199412809
419.2148195937286,315.4163164480951,29.748225447762934,77.85489979327755
419.8165059567446,317.9335609702449,29.737658498208184,74.1007125972182
420.122960767926,319.0173867614427,29.307587056988933,71.10393620818093
421.28089434364966,319.38077541842597,29.27252060833044,73.65261301071598
422.04204924278207,320.8666030712751,29.353797377881367,77.21790579049429
422.2955758593917,322.2239261639598,29.609109756724386,79.82125260427831
422.7393867723152,323.9737194805306,30.742049513698674,81.7589178578878
421.8860676486241,325.1252094672076,31.614380123201332,83.39921296916208
421.03999168303983,326.3976841029943,32.33910219007828,83.57553086949021
422.0506439087666,328.77320699764306,32.05071288792521,82.51637598805677
422.5626318534817,329.7692407730463,32.18985043761973,83.02576431333307
423.3158776473182,332.15377629293533,31.663218658489154,83.9152116036555
424.35011115964335,333.54634084545205,31.03116546708185,84.60293096219584
427.1972158236779,336.9590010477299,30.56049174824217,85.81346518994658
428.4537866893926,339.19846551784576,30.734787528607885,86.19451298633581
428.77967285150106,341.9894538354236,31.275127402002273,85.98405804052506
429.57604967972225,343.6257497956454,31.699516219057763,84.59647462710372
430.3116508588515,346.0720201395049,31.4990018753943,82.91678795338821
431.16994295597084,346.033869201781,30.87939542974152,87.17017893362139
431.8081103198275,347.3218405036097,31.369000018093715,91.06684480726554
432.3798576068687,349.8355083051478,33.18976585187209,91.50137069474013
434.0247924092,352.6032146899397,33.78704131513733,89.98827988838588
435.6989652137801,353.58214211239715,33.78427900414695,89.97903692618799
437.58633234807263,355.9295934502093,33.53225943646994,87.40394202424953
440.1816546798067,359.6679202088367,32.587534158149275,83.5507373724913
442.71189614305825,361.785592411551,31.857498787245852,81.08459054594645
445.8644180501519,364.81380991052185,30.989009322416393,78.3675360720012
448.89472697396525,367.26905851409015,30.627266681694003,76.08385700300204
452.06698960438416,368.44829042378956,30.430642395578804,76.19241046803613
458.3102831941874,368.1526088047223,30.35938202871136,76.54691354466802
461.5157490375329,368.9159924666576,30.533255888599307,77.62222168596321
466.6496582176861,369.753141397607,29.72219614792439,78.61741985439158
470.6639987632353,371.4375396742487,30.771703335599877,79.50451262347286
473.96172946347104,374.861370798763,31.765229364368814,74.17799982147552
477.436337536205,378.0118186812066,32.378350568659286,71.1512688382034
481.255287402747,379.54131641492904,32.37990859987964,68.67704889760915
485.16372106549346,380.13092240285636,32.38301943185971,64.61984939265106
487.6397755418238,382.00130157597664,32.48799678246821,63.37151272765543
488.8804753869932,378.86067898083024,34.44709413130572,60.438156440149754
494.1639598946269,382.4675377266093,34.5509136877329,60.63411575922768
500.92567143128645,387.06343218168047,34.34229178993455,62.086822433727974
502.3434216792503,392.3400724478928,33.25546200340416,65.26515738286463
498.6305551601197,390.9134336913728,32.05258471732008,66.10926188792044
483.9273801455055,398.1550706514539,32.29390893962485,66.7192095892776
466.87086479316747,401.3638329192133,33.46601747906259,65.49230549317807
442.8229652221934,404.77372514770565,33.73169150003072,65.51913323450549
427.47446833072377,408.73482529092513,32.99454411509618,65.90881528297402
436.37043113440626,408.82515387631156,32.965773591502504,65.91962000167722
439.83095542850015,411.7678153505194,32.68936180905706,66.04460470126597
460.77874046604006,403.50036215526546,35.07420683141505,65.90864987918565
474.2640440049594,401.0365982145576,39.29711307998363,64.1915029111074
477.15201580808167,395.14423342841263,40.1734935425844,64.20443182112241
465.57994121839664,401.81039098962054,42.35944046762851,62.873200509915065
472.8267761979535,391.9889468976874,43.11534336628702,62.98910182316753
462.2301787414191,400.6494831791349,44.297630758220706,62.56335323057141
459.0660096253037,398.53305193012255,46.612789588520485,62.24005426138418
445.134417463246,404.3979041435424,48.27945428576273,61.695971728997264
425.084428869747,411.2343020262225,49.89808553391302,61.15132374120297
415.3028304766664,401.57943448430433,51.001410617683604,62.80326215584249
402.6979747441724,410.76217273055136,50.575486610851755,65.38672664746389
406.1107915974148,409.8417347641474,49.97014908181807,67.71159322477003
402.88804526146146,420.43170158380565,44.54520789878924,72.04265233365203
399.30210805533625,395.2615050218848,42.3143172080671,78.19768452672201
400.34518020704877,407.56911604678515,43.22550807795933,79.81039358574147
393.1696211343416,389.89555056212214,44.61466311764924,80.40314935404322
400.9905815419371,396.1211032066286,48.573607623718445,79.49758941563115
408.57769191481407,444.15630827782866,47.9182290170913,83.59580199395685
414.2137735915835,445.8845923537194,45.9097475192263,89.51755803759232
419.0827239303966,421.57267598366656,45.09528607364418,90.84675093345254
421.16208514338786,424.918069952349,44.259066623392194,88.95563127972076
426.05104121299917,425.01118681676553,45.242713354548485,88.36160657254784
430.6295494175271,422.90942932622875,41.661735853516156,87.25177713252612
435.36351986337667,422.6183223400126,39.544946125852185,88.44930248502106
438.78887671268734,421.44396030674403,39.946648691445105,88.92173949222084
442.88146640404545,417.3464821927947,40.597799712565426,90.11346310762951
447.26912602091403,417.88771570772235,42.216071372937336,86.49280445024813
451.4375153466429,414.9090327309976,39.059402841307374,86.25473848534943
455.7125798311912,410.84576559890195,36.89222310881985,86.77764433981298
457.8696083434569,408.2161683323983,35.8632788832909,88.84829107237053
457.8903480163725,405.11278509187684,34.68836055626403,85.75651559205988
460.2411876568376,400.9491082233322,34.684243061595936,87.90082416436144
462.38773811099696,396.60546045323304,36.4740723890055,89.23975546287522
464.83329590644047,392.81731107196845,38.92549475682587,89.54996965532501
468.4113538506178,389.3661401845867,38.39037375246907,89.57874018895333
471.83574788657734,384.54009390670507,37.71070976294533,91.8157026308032
473.62130245114605,382.0314847071713,36.787024266625835,93.05664553284802
475.3563514671314,377.9637204523236,37.99147511230433,93.1985681404869
477.8237927608427,375.47756190176,39.382189722465824,91.46023527856198
483.97556576562334,369.93419914479205,38.46937635513575,91.39455123425579
490.2172169950772,363.8446982520263,38.31586131231057,91.36365354457607
495.247038500414,361.0978496857383,37.69160187226596,84.34338085315234
500.6308623031294,356.67528813078854,36.35461863483522,83.15717129030196
504.8695523414054,351.99675166379757,36.84245293697783,85.36824955755358
510.2964778189264,348.42065032840054,37.298083840498265,85.7919676551816
516.0312206085553,344.65199425908344,37.04174502615563,86.2061984447146
520.4788500893791,340.9655616281846,37.07787050719388,86.10958219073544
525.2883327409174,337.5621887752262,36.78441495537749,83.8838557815722
528.5895457861294,334.81164158931244,35.144932010381964,86.82874567576887
531.8678935821677,333.3319316628182,34.8985594415703,88.87475248473963
534.7656949079548,330.7621055698225,34.81011137252749,90.6031786013979
536.3401443184121,326.3765228424783,35.784859187791994,91.62206687144752
538.0385620782685,324.58704265214715,36.26155938049093,92.1968801819448
539.4327729928301,321.1711430875775,36.917008427000916,89.27831406663141
539.3793021598274,320.24449452790134,36.48384463629286,85.13863754782373
541.5504630793082,320.05787066096855,35.592989478356124,85.05583365236564
543.9617967599869,319.3146973931558,34.7479425994491,86.77370523663191
545.2283733177484,317.9150014592679,34.38777324419665,88.29296275268226
546.2875559729691,313.4877871919629,34.76947268758858,89.92739299762505
547.0992712933758,313.3156363915211,35.597075228572784,88.58777817017669
547.7691152561997,311.6907156019035,35.522119052098134,85.0833775922755
548.0268204134984,310.8584354393631,33.622952229206255,87.45774181499405
548.838431519819,309.3059029971306,34.769896204448386,89.39886125487982
548.626222734737,307.69108871694766,34.16035776124398,91.09493343457613
548.6654733327346,306.00887900267776,34.85955692095982,91.9152881540946
547.7935711145009,304.9932971379431,35.45090614041502,89.2503969273437
546.4349769383327,304.1167186373927,35.33462372485796,83.26551077951264
546.1559129646583,303.9617786279896,34.3718098151557,83.36707538485135
546.1770190578558,303.43133189145635,33.71647635274762,84.88404726235227
546.5231296618456,303.176379736148,33.14694185522734,87.53763124656152
546.5217528102302,301.78320661553124,33.290192022472795,89.11429867906102
546.3158267748444,300.22742613885475,34.1502945093978,89.95669856737061
545.8263850491244,299.1079424473261,34.91636483637084,86.38261964214384
544.6592492879805,298.2006501335017,33.94370908922306,84.81729205820115
545.1288893974377,297.2006265742059,33.047174003790445,86.97631320620684
544.6276746148429,296.3933073832893,32.98598743285214,89.55833650736746
543.9979066227015,295.76373373907876,33.299333287205165,91.27289539020936
542.6628397242536,294.4086390764452,34.15281591431339,89.79120125546152
541.6475885567506,293.1958100217808,33.89399399523447,87.18729609783693
541.0710356674643,292.16244460860895,33.632247562100645,83.09357782971666
542.7493933560722,292.7903453460704,33.062490209119076,82.98772227110967
542.2117431723134,291.43000158031725,31.741777218861625,85.82307693426988
543.3527751909942,290.1127684037982,31.91451272009821,88.34545458909993
542.9432196890996,288.9185518754237,32.875916930851616,87.8468837288384
543.1974077617126,288.0618969342971,34.10958566365467,86.51300537302063
543.1836457022367,287.48197086934664,34.14780498705491,80.93886005895801
543.2806478508078,288.37502975125324,32.95191439883854,82.29187964375922
543.660848632885,287.79568423629223,33.32572344333718,86.74097268232438
543.1414343851999,286.775828070268,33.99338804191683,88.1044570263484
540.8993836442339,285.5758373675509,34.69642289589565,88.45680409632457
539.683677519929,285.65611740597245,34.99542351556451,83.60079465008391
539.4568593811298,285.16822675928796,33.898124261257266,80.9870939258195
539.4668193232201,286.0635997637225,32.346462567483115,82.98762676951226
540.7950352413427,285.90124450051235,32.05150716869241,85.76988372494947
540.5815384552136,285.3630985487481,31.245243327870547,88.46535721744864
541.2148042325391,284.47601469366407,32.68596510188181,88.32927962711531
541.0676133142437,283.8294074513461,32.60332763222722,87.68205367024463
539.6669646508897,284.8144355375976,33.765732157105596,80.76431768536816
538.7076221620538,285.4916321338008,32.048500186155984,83.65989241725426
539.4391600350712,286.165987514681,32.06583187202568,86.65799073914084
538.7899954816583,286.6274189514599,33.096173620385095,89.17470328784259
537.1525403821917,285.6232072185419,34.351981630872146,89.48065407620035
535.3635809351246,286.33453231775104,35.01197813002771,85.0172489324332
534.6842603397002,287.5038844703219,34.1248978222379,80.66400233173462
535.6073889604689,288.99392614605534,32.2418352558184,82.95412682984511
536.0201998616011,289.19290942506024,31.33894997951797,87.36748988725034
534.5708839342468,288.3704618374687,31.54601699787354,90.23151348344217
534.3439039033092,286.8691443507351,32.099201179193635,92.09742700438696
532.6088464157716,288.18013454642704,33.28951123423901,86.79460019678724
532.7068060634828,289.95214679984673,32.914637394849215,80.48661429503932
533.7875757562667,291.2177805199369,31.09235197669226,83.51679525249139
532.784659573146,290.1689427585052,30.90526004798336,87.72901392811077
532.4161099938495,286.9853265528562,31.76402355650039,90.96227011094336
531.7880825964506,285.9173888785575,32.78388046721199,92.33539189683893
529.7452573683956,285.70464234661773,34.333928427835936,86.0216189535323
531.4604106237318,286.51892674059974,33.872924819549425,84.56355203263695
531.3056594875661,285.3973220904435,32.778996896421255,87.42179861638219
531.3997998093629,285.4415628009094,32.73782077575337,91.0203776706098
531.9546404065301,285.6632438286308,34.95361959759506,90.91221830124636
533.0166504093061,283.668210535703,35.71471998919503,92.44094820212746
533.7809668794008,283.64366056392953,36.80169404411225,84.86448881520909
534.2467774049711,283.9419120032138,34.440646614794254,82.30406569650029
536.0762054888797,284.0733070451115,32.88243881395458,84.99626835116706
537.3442412528564,282.7961767645528,32.50052182293182,87.78422318350962
537.9400896550234,280.86005120290656,33.24539040907391,87.49665983429745
539.4666783904254,281.9043196566017,32.88645433742147,86.08943249896296
541.2806073389253,280.9080499526399,33.104375882769176,81.57036981996924
542.5819644175549,280.91970826950296,31.75010038621725,81.09518181964239
546.3447125937165,280.3915032010715,31.29866887287779,84.49986794960415
547.6333435310194,279.8125781348681,31.690675184455273,85.31222209730412
549.8749330395243,279.99063803078514,32.42237018110131,84.86622834396758
550.7167943464217,278.02582212741066,33.636746500623644,82.8765597127609
552.6023041997222,280.0658336794321,34.48430539705602,81.0985484021059
555.7238836551459,279.6360368245183,34.09345419329708,83.57361118736468
557.5847314620461,277.3900559291604,34.188157651261214,88.66274193813047
558.2093438031488,275.5946471578503,34.81092889739282,91.6686736477549
558.5961311651178,274.1474629156139,34.82289883530618,94.3904838796699
558.6257359685962,272.5638935086914,34.67601457317403,94.14103671625622
560.7048651248849,269.9028239811885,34.53978924719652,93.54550609578556
561.6849589736031,274.364218429007,35.48294623092933,87.58633779352758
563.4083529448471,275.19570339091626,34.56574822794356,87.36359783542156
563.4239618749953,274.91744750622047,35.02762402697592,86.3093379974032
564.5253753611277,276.3917021260181,34.56147222426378,81.81286372478161
564.7610254456,276.0628535299362,34.48685890092635,78.98507634773836
566.3802832274569,279.8558517871237,34.28057934240752,78.78128553858551
567.372633712774,277.667941021478,32.93565123756096,81.95216907681694
570.0867544525729,279.8262639846684,33.85738789577124,83.67738445301458
566.6309466415058,277.8611809402509,35.2209913179831,84.27309922623297
571.4875539441643,270.69531283149655,35.73992913825635,86.07109837575571
572.2445082072188,269.12165042335766,38.139426513973724,83.94375589427665
572.6130935784137,271.6569100857644,38.178830877253304,84.23881257797025
572.4505138193359,269.1274684818944,40.16878559367282,82.07842256560454
576.3793884237681,273.18070830380884,40.78131232099231,81.65733205527624
574.5700498511209,271.8388158514243,42.74197126276909,78.30895152125842
581.3249365149708,272.3363865071089,41.493182134109034,77.37951925538178
586.2624395031029,269.91643528326,39.43186338855841,80.18372865361833
590.1969894705555,269.22838133739555,38.69494718925142,79.93244075666686
591.5522029879633,267.8922284498619,39.02653368598088,79.36679892572099
593.7899662741619,268.2017033647065,38.13144225610674,79.59134290098044
596.3551993371141,266.70324439956914,38.472241466233804,77.77932933386613
598.1993639234313,264.8253045305819,37.48827809884203,76.271240813017
600.1323633944023,263.3699543544462,37.97196440478468,73.6819124109039
603.6251876964617,262.4659117134711,35.51668149864847,73.07605032156854
605.397498957391,261.4581814948191,35.53867522603541,70.80930184197427
609.1726931659779,261.9787848170064,33.50415545903046,71.1249073800868
611.5993633219248,261.40450848992776,32.27087973183632,70.81445924880687
613.7698233324502,258.58457331640926,32.535348731840585,71.48611375426887
616.2396461391944,258.5675956757069,32.76665028485098,72.5683868002986
617.8997154802678,256.2134337357955,32.95131907516044,75.62620302089249
619.5474579017439,255.37303736252835,33.785269200579776,76.32354815033466
620.6618694158128,253.77083048195993,33.65630036901346,77.70068199371441
622.4182433865241,252.15394344624744,33.826356398940035,78.67676202742705
623.4195574156231,251.30598849248622,33.550350334643475,79.0650764297226
624.4823861878999,248.63999541808863,34.15070696270834,77.05048679945855
625.1895240278205,250.2353306808141,34.22885050748759,75.75122209301588
626.9587109111548,250.36055763572278,33.99726773249733,75.57732838870913
628.9492635622653,249.93240503994093,33.57170454710939,77.45606917685835
631.1926041755605,246.94506624068993,34.783142121923916,78.57074056043606
632.2678472577358,245.96889636636269,35.37745267444334,79.67424264394279
633.9839338419065,243.8425693664208,36.59551166646712,76.70812029084102
636.2235858106509,244.6198369947728,35.185590123627996,78.07973706437804
637.6301316836146,244.3837094650494,34.75277375516595,80.88336443734401
638.5361282740969,244.9714545301021,34.88300063312815,82.58566948408986
639.9635529139687,244.54919572261025,34.880605198706405,82.37698644706305
641.6318202449236,243.7902087507623,34.84970746643619,81.1515190009276
642.8563789962842,243.62095674593164,35.025707383571344,76.4610030729959
643.501146965997,245.72376239426512,34.5058806188707,75.78218298668446
645.4307941045436,246.05631782729873,33.74500382813888,75.40208820787171
647.3878071138097,246.07746449894117,33.2939529883819,77.34778763179173
649.3491780173781,243.36172284143822,34.25529103554278,78.55132626820888
651.3703379066288,243.64941677137284,34.267196281240984,78.32404182603634
653.3697722752916,241.47538061328396,34.613727795565076,77.16060098167814
654.9009605626361,240.85032718680503,34.198856125273096,79.43123366601438
655.5857900677894,240.7437192544311,33.6221732866412,82.1057408545533
656.9311718804013,240.0976422340646,33.866839325862536,83.98457566752982
657.9575705707758,238.92960515547003,34.306853933833516,83.93329439103842
658.9230659247696,238.3006792826208,34.50952294094983,82.36592545956016
660.111078157039,238.1295243999536,35.110997649475394,77.15441269807218
660.9160719558037,238.82819189210107,33.92932106160763,76.07367030468114
663.5948731665809,239.53244086727324,33.75281129887384,77.11777740490439
660.7235888862019,238.1513906129329,34.05905314759704,77.81606203503708
654.4454789110976,236.95697050235955,34.154225514455746,78.87282547107277
643.2210408125269,235.05182679386854,34.14602896353712,77.89084090300244
630.8112712194719,234.93866808683077,33.37645893476798,77.66352475740575
616.4321932656111,233.52794587559742,32.31381460389958,79.25589346095731
600.1406915902736,233.14955299348932,32.10340304772196,80.68515674501229
585.9258549896305,232.7138215711834,31.69265318893762,82.50321141672914
572.5521715513086,232.44529261675405,31.50923492417544,82.55026603200758
562.2073393811396,230.7416155415497,31.913871853274966,80.47997354850719
552.3996617235359,232.0100737795683,31.900302138905474,77.70901103902779
546.5973534915894,232.96222445284783,31.71141312369633,75.79982226378064
543.8998690681984,232.61015080353883,30.783532020266264,76.54572875153528
543.8980087388368,232.33417127068998,30.350565725832887,76.38783799491863
544.8701086603274,230.57093321385724,30.51547863533507,78.15052561667198
546.0559769375192,228.88952378393432,31.62506459019878,75.84513158731596
548.3869482278276,228.63494349380227,32.26856581007465,75.94197595497518
550.1064267570284,227.13215686764107,31.316354414009,79.22093753318474
551.371078313141,227.1448553782006,31.38353724051792,81.32069951401942
552.0212224935605,227.23167742340522,31.65579650596665,81.50070367726077
553.9903406080641,226.2763847696237,31.282187551651056,80.06112610916782
555.8654197246284,226.077162175207,31.53864959699189,74.58755495420445
557.3048216551881,226.4569213753941,30.702565623766745,75.61095120937982
559.2349066186243,227.32785550725222,29.981200011882528,75.47401798308881
561.8720702195067,227.62143319926943,29.619098606754832,76.06694478571914
563.5529646482802,226.49475728516768,29.82287331652831,77.77607259481749
566.318964228664,225.62838346113531,30.65868464234662,77.14267397180976
567.8405920614963,224.47957914496232,30.28259077029535,76.69418143692849
570.0931236685448,223.6105352080095,29.903186489088917,79.72319147946935
570.9566008103236,223.8250168720942,30.092418787503743,81.6226086558958
571.5584802540101,224.1159521893843,30.343953052339476,82.88509301911814
572.9403098401068,223.4913243945534,30.76263225702494,81.7736183777775
575.0551835952693,223.77549595113328,30.07596720537812,79.0692710530706
576.3879303016562,223.1149319346676,30.2333782070755,77.1443813601088
577.4270552598488,224.14881323706365,30.1578190608184,76.17911419236115
579.558692871144,225.0718447196892,29.757832577283967,76.40467262832037
582.0270445222538,225.53420981854327,30.042577523446212,76.84538247660512
583.7178938710479,225.1431335052065,30.757945819069576,78.3085970945896
586.76521389832,224.4404723742066,31.656175913640826,77.56477561111856
588.963174070965,223.20106835571676,31.37305114527763,79.36744483299194
591.7251020522368,223.09049395863738,30.862873548975415,81.67467464337625
593.4192107117517,223.99324160807762,30.412125600906474,83.48421469189456
595.3876891335026,224.04002867079174,31.050060786031818,84.09015965412087
598.6048352388533,224.28315897821435,30.295445871874975,82.63683583296218
603.0425421356526,223.76982540881212,29.531816332366724,79.40104880944415
605.6200407263482,223.6662379169456,29.777857630712074,77.84322104857881
607.6458883596688,224.7973166072924,29.336994509595243,77.5126033289385
611.8940475569343,225.44151222068086,28.812063322497835,78.39670303786875
615.357786258845,226.97756483726133,28.67983996004451,77.74298924001272
619.6483786260677,226.2020751961032,28.709068735427056,79.69125856859792
623.3504977265887,225.66582257810438,28.45697659999914,79.30465438977976
627.4487096753951,225.65744498599446,28.027705542266453,81.22251399030048
631.8462437973636,225.54482538710351,28.049234682081714,84.15318931105752
635.3431704646415,226.28275774934093,28.86025478514221,85.88663617640213
638.1132971908364,226.15945364212905,29.023153985294275,86.75485509185043
643.1602001625147,224.5609299468352,27.816246568785374,86.75389103180974
647.4662731069865,225.06656021450596,27.628069116154737,84.10033045238161
650.9757370267123,225.96742743382094,27.311913467655835,81.01450608755616
655.4559817937014,228.12167172827267,27.258810839807726,79.80349948464998
659.4347878898337,228.52073643843707,27.632464214534767,80.05361104283116
664.0258591049067,227.7830732460639,28.518705792364273,80.8099269190162
668.940840290241,227.7217357184216,29.90436791127641,80.84313581738738
673.1689901646406,227.5917757831179,29.869857467875896,80.34802625565075
673.1699832278669,227.60010374967487,29.190163817331303,81.94418761219437
669.9603074845629,227.6553007734889,29.866204801726855,83.48391549611115
663.9585769330731,226.62739442925513,30.28979607991409,87.6453130387625
655.4261742366263,225.74816502808451,32.34260891813486,89.11916059388004
647.0277051156035,225.29707972989775,31.61187955243966,88.48638650599358
638.6152648444354,224.8807822803134,31.024724832473186,88.9043980384634
628.4946252043824,225.69795423073225,31.42295087157337,86.22203839230647
618.7027452068786,227.1283362948745,31.68440984575942,86.36252336533994
609.8606779777937,228.43123328707418,32.61788804102207,87.26801843577346
602.4517155465358,228.5389200771677,33.34390410075049,85.92425669225419
596.5895112748931,228.4943094769554,32.86407886848602,84.3556239713592
593.4437715754184,226.98323272847023,32.60025039560352,84.17502866169195
589.4863701238941,226.388355555343,34.017016215997096,84.19453959369918
585.7935585389488,226.18301782660677,34.336798124684556,84.77701316930244
582.7285040095862,225.34136790655302,35.20603651426785,85.3359585255965
580.3281396974087,224.20938975562115,35.02306643254286,84.85183403736087
578.7844920262021,223.5861175415538,34.39973357690696,81.21839199090027
576.8422875677539,222.7471921769099,33.92718174173813,81.55862774935625
573.588391293938,221.92709161032593,33.44874863738298,83.13364506042208
572.7256953534508,224.4827513098287,33.96404659763352,82.84651490232864
570.7043283074177,224.21167758971978,35.10990339522825,84.30621417852922
569.6731928984784,224.5361840005466,35.889769411927126,84.24797282772364
571.2505512860698,221.00931046680296,35.62568149888898,83.10759521758987
572.2274437704075,220.70415459685358,35.76751506980287,78.69761684629064
572.6377686964197,221.88029434960137,34.34789163026566,76.89107833468785
573.7501607774624,222.4940779694267,33.485939073632935,77.60265473376695
574.7067319184366,220.22550247669142,33.897853002920115,76.42530433315243
574.7474427642602,222.56898785574447,33.60459257799461,75.31861163889519
574.1373220927946,221.16248415606714,32.59519555272153,75.9008158129856
576.0516335905394,221.5966319020318,32.28016638081951,76.31947237372557
575.1263850577661,223.51734942889837,32.88025628852155,75.444530024917
578.5186090907273,223.99585509544877,31.6742792884189,75.60090150610183
578.0011544514099,223.5571425748321,30.21637651411368,77.00134875390387
575.5814989510137,223.51380797682106,30.446749765556742,75.80675299781318
570.7750209597814,224.88605594628243,30.98165085698855,71.5996305956524
569.1745013743617,225.14872537819423,29.58164031153411,73.91276455308085
565.263457623189,226.70986261745304,30.05097544817979,74.68852816184895
561.2863401274249,227.63867826314456,30.39574155930662,73.2842644056655
557.9628182169204,228.632051161531,29.89873366323001,73.9115653537163
555.0013762881425,227.78809132130687,29.106046566402714,76.18409977771458
551.8891434096466,228.18621721143248,29.71585848702728,75.9989329791577
550.3436861993036,229.80197168131542,30.63568930970201,74.50851085552323
550.513313496486,230.29520022734602,30.764973647871443,74.47189574794048
549.603890698973,231.45304426794564,31.060401853970582,74.16546153700173
549.4983048831456,232.81980327114985,31.9279490384733,73.185714362693
552.229328963888,231.83356989336775,30.7812305417592,73.68327646732115
553.145689166996,231.39981075616174,30.707743180133264,74.6311119207038
554.5981185661296,231.1750739031399,31.319582353387858,77.30062185001779
554.8023413121564,231.485552100828,32.323270245688164,79.6051544341245
554.3284749589855,230.9823274426312,33.447846839112934,80.7664206084249
554.5489260428374,230.45673518687673,33.696000888354014,80.02793039532122
554.9631485819211,228.42592887439932,33.35495426730242,78.20156298050307
555.244627290921,229.98656593843114,33.13876617336722,76.92284308014503
557.4323618805375,231.6218333235491,32.579079299218,75.34925695186466
557.8479154265967,233.55649109204,30.9923145290406,74.01389881759428
557.9202819451923,233.7899940817361,30.13859100458349,74.41905861003929
558.0690679656551,233.89215284459084,29.38059444767406,74.50134742845012
557.4421383757624,234.42174709867749,28.764329772258403,74.04194956163397
557.3017298601109,234.5157950698785,27.414996585353858,77.32049806660424
555.727696287263,235.3698348293089,28.60464619756207,77.78249401322975
554.9207584270371,234.85496073921271,28.332349005086357,79.22760795960293
