572.5,174.5,27,62
571.9756330529361,174.4176411931748,25.59729091207731,64.38073830262178
571.5242199604193,173.73814085956138,25.48295966391228,66.10408512662406
571.2128823799136,174.5965218275844,25.72421269615792,65.07490720122182
571.1605937060302,174.2681261278626,25.476814067996795,63.77974904454955
571.8447364142743,175.61841748086425,24.803205391066683,64.9779082841927
571.94761035699,176.32754315113127,24.834141415424178,66.65183185997101
573.714366183606,177.94831148758462,25.017291153374053,66.15257947081335
574.0752233552729,178.5788203243297,25.7680369665282,66.07985885742248
575.3926960461007,177.33299336389427,26.427836193693214,65.36320302899146
577.392156299883,179.71003206675803,26.36167280825687,61.09305670562544
579.3282855684887,180.41119680992284,25.7712031456679,60.72767564843076
581.5901636981396,180.7938095427852,25.772852345488523,62.15573380838696
583.5825141348868,182.43936156771562,25.557470733146705,63.09535524951499
585.5406212364192,182.73538723163364,26.080371004979547,64.71849611315247
589.1634860813124,181.20950999000465,25.76120777515434,64.29846574482053
592.8624401896775,182.6233541747007,24.2937792993679,64.49146573913718
596.6886172855267,184.19917944187006,24.78532863280642,61.88782259872397
599.2695115961706,187.52306251971376,27.069014962383683,57.37673708609865
603.0025216005878,189.76663101518065,28.217598493287802,55.760117349291626
606.9174565791196,191.1273931216623,27.95644725079707,55.448098876516845
611.8296628095085,192.70513898291307,26.39785506756779,56.49378383792347
615.426658638098,193.82909252950253,25.517362824711594,58.83934901557315
619.5345609163143,195.33810772547668,25.747162356569707,62.01717167595745
622.902439666456,197.8906563512737,27.556094069758913,62.471400272072216
624.9172138223387,199.7386281693197,29.634785073813408,61.10832478987584
629.5056589421478,200.9359969447167,28.744054735707333,62.14701568045054
636.1436423298682,200.53311073479844,27.121574298342892,61.9361947642245
640.4071120081067,201.8429312973457,25.660861285037868,62.56513093385839
645.1219738835906,204.84323993709705,25.83253587530151,59.84629210564391
648.0017216594244,207.991837666215,28.249453165796883,57.80638775506271
651.6943609672037,211.1174468764927,28.977753438788675,58.856391486407304
654.4603124570683,213.94903693815516,29.692689253638044,58.56742710506922
659.1153676804169,216.4879555607114,30.100006502399353,59.71229335994391
662.9420200505027,217.62131298086976,28.361550132203405,63.22097674917342
668.3496297581988,220.73767520063893,27.38561138537227,62.966396277627204
671.5153482404603,225.1647027910498,28.168637155045246,59.324736926354284
675.4692875694427,228.78834251432602,30.63892244029,56.77217541517371
680.7447674083242,231.76792093852697,29.928145311033322,56.39049325255019
688.3931611025126,233.38873029591122,27.758890974421178,59.076990804346565
696.9144795847164,235.07392219177598,24.69522987456201,59.942674609670696
702.3829246938462,236.97446664435284,24.64093985670889,62.029402507806964
705.9813312025688,240.42073192779335,27.20444845565822,59.462681266542454
709.458068901873,243.35251699036922,29.009753128682778,58.52559690137739
715.0446088494123,245.6777547362407,28.951187668709313,58.19136744347751
722.1172062401107,247.3842172246217,27.47574449619114,60.5752567409212
728.019940027312,248.22058254152276,26.245702126808155,61.352177251123116
723.5034596600086,250.11486406321853,26.540695394035325,63.53177858401021
705.2679370330741,250.65012778545662,28.98453968743199,65.40003418405378
680.2295081656252,250.23959695951467,30.000301653987258,69.05737812325883
657.447926523201,247.63387075742594,29.977424244908743,69.78991513981283
638.5456338072678,248.0098841167094,28.173669235300373,67.27858862693908
620.3032667811115,250.2293259754777,25.630749206795112,64.76482847894636
606.2247234993235,251.351437570048,26.303001062685453,63.9957430851542
594.9355733061085,255.35428400417578,28.282647853493827,64.56845597625326
590.5621046376014,256.6729488537251,29.528553838490506,65.23681039029918
591.524637341306,258.0331752330105,30.235546258345945,65.2621723577287
597.2628018715969,258.6137789332571,29.31772226195995,66.51383013771893
603.0691450106261,259.1626924778579,29.223666738884553,63.729464758307316
607.5055786918371,259.5488682273126,29.196480938796245,64.92997079286097
611.5306309851666,262.37093500977323,29.713161987698296,66.25933227840169
616.6498604023163,262.0607074985131,30.109077256138406,68.39075863934914
622.3988049493141,261.58073772475745,28.7840863064109,72.34659838374857
629.3216169092425,261.35459851010273,28.021695900572205,70.39932981985552
635.6463115496308,261.7012274377079,27.066769360248287,67.5261024699797
640.5408570483997,263.9163872908517,27.766550754241205,66.54410327601975
644.5639909605557,265.551040850116,29.066284032526514,65.59300793328696
648.4297209481119,265.2640071033111,29.129968820914524,66.00227297019666
654.9397245011696,264.62887436348745,29.6145515564604,66.74465204055704
660.3699858776419,262.55673752540645,29.535870407652904,68.61366542025722
665.846339775612,262.9478769361316,28.88254830578862,69.4854129895579
669.5231647084563,263.7112914475744,29.105920981728424,71.10313391871368
673.7610850292994,264.48183062300683,30.203947859144794,71.65537212440037
677.2866631154917,265.1105146571789,31.076031342321905,72.17226982233638
681.3822535447225,265.0629181085607,30.091128797077097,70.65039172583936
679.9636151280097,264.4532255633471,29.840394440080296,69.97895305102179
667.6896948411498,263.77951212401797,28.70914091325519,69.45321365438494
648.5934452567119,262.57489890460306,26.991020641531726,67.45093460966956
623.1930431921575,262.77652750066983,27.524571874812906,68.9088235953491
596.0692437780185,264.8182111589297,28.530275959191727,70.25918563495578
568.1320972454769,264.90940673600903,29.49098475984888,74.3139399902626
544.6796184803911,264.1833251141758,31.262803818671838,73.53732769629495
527.9638789483374,265.2173752208374,31.663288403761797,72.81040217272476
515.054626913802,266.41608643655013,31.6649625995316,72.5095098310749
508.29752671861905,267.5169049451384,31.165595240538657,73.17327685765879
505.02122520769336,268.2599753479435,30.708513062055662,77.72718118396996
504.2726559191688,267.5484057492691,31.326962284449202,78.5984478440524
506.0162192410913,264.700300024637,32.07062677475928,77.55668370610877
509.902661965397,265.9531753240484,31.084703076971483,75.98483977863977
515.6288831438478,264.32551438066713,29.833933506516463,76.36579881391705
520.0448368418696,264.9899698512673,29.550887936513536,78.67997347297073
524.4808945249008,264.8785669518047,30.64548035397976,77.69600520049438
529.5974721987747,262.65372814594895,30.58789417860867,80.28787605467744
536.5650492903591,261.6976268313106,31.249350686997847,77.20758598739465
540.2871432085667,260.0522962169832,31.113608230431705,73.78134763874213
546.1687757632468,259.6085934925607,31.305596795004895,73.54311280224108
551.1700568428123,258.0193522667663,31.575475883511334,77.28574213235122
554.8467957876538,256.6473925684442,31.669238797642542,79.1857466289041
559.1100271351822,254.6270191218625,31.69969468210402,82.10154109391732
563.8436164290838,252.49562266142263,31.762939684656516,76.84854229364811
568.515609336484,250.25180780609315,30.24397782509805,80.57457019283832
572.5320211206956,248.83169184471012,30.24530406386687,76.4088542543686
575.8535485400232,248.77792403130417,29.909516099004293,78.31129711445955
580.612419467184,247.90758089310035,30.508228272145924,80.48381078737879
585.8548318513458,243.97198359116112,31.029778849908034,80.96977279720156
590.0869295323137,243.01689120108924,31.965468919603904,81.73569650262532
594.3927049856637,240.12374409426778,33.00637583766088,78.73761491728072
600.0346234934352,237.73910316971447,33.19444307858649,78.9401796529607
605.858888848073,235.42426232394828,33.08829689093317,79.74707242633615
610.5104237773842,236.413277117475,32.65167341474682,81.85549100760703
613.9526607053555,232.9533920299606,33.41715298116527,82.2862309895152
619.1222527703173,231.14528734363907,33.69105447516097,77.57025301272341
620.1503745821843,229.38122850190348,33.93946762927123,75.53844457938376
620.0456415896629,228.12866953843746,32.77133070423685,76.11317214021163
619.668704059347,227.9070959163571,31.93213031376994,78.36057775753025
617.8110449635315,227.26598528438961,32.499040147911295,76.66465527487128
613.9735101240843,225.9722613400353,32.34573171816659,78.6245722785487
611.007932030187,224.64066318548083,31.615812877556614,74.83728185625058
605.4055045308984,221.19011360815196,30.07884580872085,73.59793284199549
596.167445127429,219.89659435852604,30.812229319906233,71.62064183406419
585.6595475509096,220.5807491084168,31.358732730201503,74.53518293035896
575.31432735616,220.1982083954986,32.46146313291282,77.33290379818044
566.5947216064287,218.39279510421977,34.08753200990707,78.37903641102776
560.5405591006629,217.61671997533313,34.19953072944416,74.54438147495921
556.1054651174999,216.73039659901724,33.21125026931977,73.85583220373658
552.6149600750956,216.84505284876707,32.698167387676804,73.6229264584612
548.8182732554233,217.16760953113908,31.63630929371994,76.61090559462056
544.634001217483,217.62375480950325,31.339440128731855,77.76749655162888
542.5461800583981,215.48985138364316,31.454997561192705,80.09444601530643
539.7394753207245,214.63704720572258,32.299926710969636,79.71003415637082
538.9587996050716,213.33157400703948,32.19440734874142,78.99647726029316
538.7459986512932,215.12632544844396,32.595557400052485,78.07036237257415
541.6097208555449,215.37141066199365,32.84612411143574,80.01148825704614
544.5769810247104,216.21266244373646,32.65681551725257,81.2123777968992
546.8376544989774,216.04674425026266,33.36570016252141,80.81990606949235
549.4310630506124,215.4940197458624,33.74117247432356,81.27831695933746
552.0615237184826,215.02736417402318,33.07260103197442,81.66685071977163
554.5011351211251,215.51730168534016,32.72754139075068,82.49645689915032
558.4842605632058,217.90501787558566,31.915005072143472,78.83462061394847
561.1861218874261,218.37903397704832,31.82842893947221,81.47594694254258
563.3465327969936,219.1916332271528,32.372895982450196,82.67938722763725
567.2359698472616,219.84674415322436,33.10839579005514,81.95911577618489
572.3090654211595,218.91293525097336,32.07827847803951,87.0945212342169
576.3116844043402,220.56624456772767,31.431631343308766,83.24300587742606
579.7484913375879,221.73779138162143,31.174326414515576,81.28859272156248
582.7575400923279,224.22295228734617,30.6784745455044,77.82552537731488
584.610785390365,225.82143230005516,30.540981829325155,79.80721396969133
584.9718845084884,227.12661238988952,30.942437698969577,80.70497050035084
587.768208392554,228.77754971816393,31.259956283083056,81.42250372627461
590.3449198659281,230.0168543027733,31.048947702459557,83.23179862869857
592.1231097132032,230.73560977773556,32.22458050005981,82.91615289395286
594.5329746888516,233.26600083807773,32.30974526185352,78.47794358360342
597.3045396588171,234.89962917608932,32.30712221659774,75.69200993100773
600.434876678149,237.1733983340547,31.672209936327633,74.19581894761498
600.6274115719337,237.78289019565457,31.9313690260567,76.35601200363526
601.5735422991861,238.36860381760292,31.848479608072502,79.89418057404866
603.8222434914868,238.25734515822722,31.85220546432798,81.48703732210969
606.7405198752047,237.35625540912866,31.15547390314759,82.91103514033139
610.933787164432,235.76471769091606,30.656462572657773,86.03301899185516
613.624490902586,234.97816264386938,31.382934445534,84.08854664195529
617.0140342396164,234.36300795808737,31.224851745632836,84.96252731240035
620.0893410224289,234.7886246557631,31.378679385107752,84.34031494897602
620.7517000594812,235.2947864598877,31.716636921751178,83.91990778314894
618.1732787719725,235.56309704580605,33.51633498815302,82.63171232093893
613.985935386781,235.48494079332664,34.02186233203982,83.56402817877427
607.7521834690396,236.49917183304575,33.96037736588037,85.15052642266497
600.0346699364948,238.23437150837006,33.78431159204463,84.53950587111245
593.1689541174962,238.23661345586942,34.147645541165424,83.52650140595622
585.5055453251495,242.26111014687922,34.015573180093625,81.57775115726817
578.6295917123216,241.74699491822076,34.72331903505386,83.30200791731184
570.4094663132993,243.98767864609067,35.38150208551256,84.39808925963573
565.0740272361919,244.54206523159732,37.13190234906671,85.55324079777161
563.4754953216385,245.31276524529017,37.72708401162188,88.82280979130329
565.9034173268392,246.38345957349608,38.36230865896553,89.91091359669639
570.2861724258578,246.5701811410066,39.413719176900976,91.37944135793856
577.2612215477633,248.48043293823787,38.48927613261352,88.37424552504385
581.7109800679477,250.2282173896909,37.54841590561031,86.63921463497803
588.1304719525117,253.19019689132784,36.293539596598066,83.86331251173988
592.5597103597395,254.74084652694506,35.180611412370425,84.79555984472964
598.189434037079,258.05231132911854,34.573824925350856,83.70649982312648
603.7381803924667,260.1108689109646,34.40302818772972,83.47385737742651
607.3726452967448,261.8913136015969,34.68366858575,84.95000546812525
611.9324502426116,264.58540890826424,34.9907577738518,84.81023894303311
612.9983480359062,266.6976422648186,34.940982014757196,85.70126714658082
610.7948703504745,269.09666220745623,35.239606886551265,85.48950590585173
605.1980224814677,271.34961928227074,35.31702129186312,86.67236805108331
599.1545404682216,273.792972160326,36.04121587294342,87.10063935662137
591.3081949350094,276.2987126285025,36.32962534230607,88.356432019625
585.6699220167858,279.0672355312275,36.3824007723093,88.30194971037824
580.1922769799934,280.7291587338824,36.71319924366791,89.02706925949262
575.1712094635212,282.9643028882946,36.946252432736856,88.96803060755538
572.2147775024745,284.3029190055283,37.27515432948004,89.61894645174594
568.3848594016414,286.0276434207519,37.513216081565105,89.37256849844445
566.0024847569568,286.7952664398022,37.58223099855941,90.26322477135263
562.7013730516898,287.52783282236106,37.66865186015071,91.11071738825498
559.1821246194592,288.377064436765,37.71912158430685,91.82247675921595
556.0349412098572,288.99201715916905,38.283365909764456,92.6234574548834
552.0395788620178,289.15305808693904,39.03471819931919,92.90505610010777
547.7893820113513,289.20232784852493,39.16385600042794,93.1318297580451
543.5088504119287,288.03696922676767,39.222525638549286,93.9186096262652
537.5255439281444,287.395916156705,39.070099833310096,95.15357695396729
532.6060827177928,285.4788937866154,39.01500336215452,96.30234547534839
527.4841636123866,283.3619303843987,39.047716849292534,96.59284970071111
523.0008454067568,281.4909756074478,39.11579370175397,97.68025077397503
519.7376861963248,279.5739388472761,39.86877999515858,98.05853664661363
516.1980845072278,276.6231600483488,39.73565359496877,98.58764347850429
513.8360966413653,274.48971709818755,41.03929526429635,98.41396726867217
511.96862618580013,272.3996025847132,41.665444398459094,97.70067073002116
512.9243574647368,268.17343972542017,41.183562648780054,97.84744364517158
513.8142781122178,263.97375077006416,41.1719077181214,98.08433421246242
514.3100916495945,259.4446931280407,41.31329490291146,98.73655491371049
516.5154211592677,255.4151607476233,41.874985257843925,100.69198994816023
519.1087378958888,250.80677009596147,41.83525611273143,100.83430631844868
521.4041919038065,246.73932131901864,41.870627602671135,100.42023138519689
523.2764374739243,242.7683913760308,41.845059046937955,99.22122699002959
523.7645685587078,238.9102588257834,41.874556600892646,98.41687393929536
524.8032149127579,235.00347761900798,41.92808923610443,98.99918566437668
526.3562655857211,231.38374243241833,41.82596649329402,98.81156462562365
526.0321954664731,229.22977296901905,41.08678188281242,98.15907095232038
524.7151376160512,226.80819155284462,41.73770131824117,95.94520944114052
523.3690018784175,222.95032599146774,41.65844910239862,92.39825741661487
521.3962738362471,219.79263184380233,43.32870530493606,91.15340638101371
518.0513135408243,216.53723879140796,45.93081325564087,91.34833049764475
517.0341703737084,211.699994716412,45.99157166957371,92.11842255619743
516.5675370396974,206.2004084841526,44.1398621715751,94.34560044412187
515.1424121219209,199.70752463042567,41.99838130747552,96.52015047645234
515.7748059699543,194.44942664370564,42.12928836851779,97.07731743645442
515.4442593308441,191.68080800138614,41.153063555147,100.55324692039757
514.5514695699529,188.69141978744148,40.28119094934331,105.30394018894367
512.0830398840367,186.36997533728044,42.300233072635805,107.35108250440999
509.57198767706967,184.01451353776275,44.2612905757757,108.86602663193324
508.5111816260265,182.63823583077436,45.290932725508654,110.52592420873131
507.6286957640481,183.35944224584583,46.419696392031994,108.36779905270902
506.49082829383275,182.02798425526748,46.938613597594774,106.91466227198895
506.19643120442026,181.095361186809,45.45423663800515,106.24701559257075
505.89028560095244,179.4899898468292,44.65614244570706,106.60999667350832
504.9558196705935,178.5354653381596,44.703256331817705,103.78954668848199
503.4402575279952,177.9272852152447,44.563972491177736,103.00103581015225
501.1498264011263,177.47958113838797,46.358649985791835,103.35218079283916
499.3951055911594,174.91474563527677,48.28587774599321,103.97242685580761
498.2832184783757,176.27537716603575,49.1741994190857,104.73275380337273
495.09958177578557,175.79242184175018,52.14213957781875,105.11874326747625
491.70082315061114,175.7015491040858,53.518621453928446,104.73920790040545
488.31361911333283,175.8892006601155,54.221532307258315,103.91104217734073
484.25601872634314,174.84883531840734,54.16661054846337,104.86773602257782
479.04236636799203,175.08081224050198,53.11404531793485,107.69322653936408
475.66568364632707,175.01919872017743,51.684404869146306,108.07808798575348
471.0556799599329,176.54061826077364,50.56201116740544,110.70591441040301
467.76206386952873,178.84539266366656,50.45116936074036,118.10166271930875
461.83991659116,181.781373228253,55.11867151829826,119.43695227473195
457.9874799627805,183.36705011189318,57.8741391709735,119.35424282994882
456.50736232486264,182.6531258120923,57.47034709370563,118.62896964393707
454.90721510044034,183.71290788434445,54.56813766273433,120.3187719486263
452.5710528197549,183.70299053455247,51.78757826947813,121.79388521285902
450.24647088171986,182.27768599344677,51.33253931523398,123.93263290664177
443.82704418921685,182.45329771241722,55.45764067013398,122.12405859457884
435.53703463973125,182.81861173689543,61.593505715016974,122.33794971152363
428.33515249463716,184.3579009969435,66.76442136091767,120.96095485462153
421.92712948401686,184.41194656840668,69.20346833795888,119.88682574001788
411.53170839094395,185.0171094719462,69.74436660514313,117.16966988018713
404.73761443748845,183.33910285117398,64.78565820535272,120.0879619808993
397.2995051049396,181.27017289714718,62.82928201537498,124.11486270205157
392.0941041846912,180.56616609225603,60.26925649121739,128.59955330895076
389.9104400721777,179.42444344609467,59.65399882880071,133.99208559539045
387.44157229068975,180.83800284273144,63.371120303601906,132.23196805608475
390.2373226197661,181.5894828842478,72.33742243465807,126.40691853395785
394.7096520067748,185.0210813200418,75.4100135466775,126.62984751805932
395.64054657915386,180.1177963896996,73.98221594533204,127.73443996928384
392.101395843897,177.15888789969745,72.09130479173996,126.02318480689146
388.2975050944009,169.82747195241376,65.22654632084478,134.92355940239466
379.28173378554214,167.68867079966532,62.968550004430156,133.89650413807536
364.25210466204805,166.33960467177704,66.83687570359186,128.95999894689857
350.4376047553954,169.0912558570434,67.94642554989301,127.66933144843576
338.81980837639156,172.3223293545713,66.19064028032321,127.19934712662715
322.942306644104,170.55317823715012,61.58381841513923,127.21227288089366
313.37933571768633,162.69216937081654,54.77429860992171,135.881570088583
301.53387639372284,155.31522925229535,52.75611456540089,138.7801095447558
289.71345468360045,148.85285556685815,55.09656660112536,141.5688115787196
288.9678351729649,144.4416566709311,63.093210375516364,141.59368008864396
303.67036398000346,142.85597363723633,71.93254208518512,136.40125392384374
330.49262467450546,139.28963124529312,76.80238649289983,135.10343535076004
372.607984630155,132.1674964082612,76.30275802185412,131.34909597794143
416.0885365795933,113.67967539166034,71.6806203256206,134.3551295418883
468.7957329384602,100.40177222290978,70.32837615738497,142.33013868347666
513.4567217771905,87.18468128812833,70.23686277067915,149.73762224394204
551.3501173532586,80.77408305360939,69.03064695391734,151.91771165791118
575.2380266928784,80.04143427394128,70.23679375942883,151.84717949024943
591.7428743175923,76.08020700063909,71.12951618705634,154.36174241563793
601.6302444613111,75.47900371526154,68.7097643390039,151.78683530489593
600.8203947180782,72.09825499600453,69.98641820195337,151.28133334917078
597.9573379725512,71.2917026954483,70.19348263248983,151.03117530186768
594.6212721511572,68.83095162949564,70.32724595511394,152.3037404242532
592.6188657805794,65.76264403004575,70.22392199844022,153.55399805021688
590.1209501180285,63.336492886523615,70.85281893897417,153.37463232706648
587.9193426307239,63.55364847536404,71.12782851647367,151.53318452639758
589.1646395192475,64.85627076857841,70.32624609808526,151.7631340450107
583.6116730870108,64.0957818637225,73.5272148196423,152.29854396745714
585.3789683347288,63.54160257986504,70.92607093175491,157.01496037647553
585.9581427640056,66.87188303151603,70.54162096967629,152.97346202645502
587.4653843733478,70.34351578320202,69.04180432732905,152.1987953257379
593.2641396708531,71.32183835510996,66.03045984475716,151.63707272529072
598.7666876688277,70.82346817289147,64.45076272523464,152.57064482384885
605.7659848450954,66.7668457220156,64.7065004154586,154.25215968501874
615.4702167344838,64.53640391238754,60.51420949120564,162.0154635897093
622.1442270175417,63.4242315059377,61.90308265385086,162.75036811276257
625.746301642678,61.15136324260047,70.76802279296939,159.49472262300407
632.7241972901463,64.36049944767328,78.50176383351814,152.6745755311751
644.5350182249698,64.75441095001949,79.34251224262536,150.95215411709688
656.066556060588,63.13020255784254,77.53614082705792,151.58171699738992
668.3012912241588,61.89611124988102,71.17314087959033,157.6084912144995
679.0760069299612,58.139356077297194,69.2408593292453,155.24946563155984
678.9987710415757,54.029541659957815,71.33530438484749,154.6226693922196
668.0865721040465,56.318545858660514,76.48380644900702,147.85928179388657
649.8918287209667,58.91525040707188,78.58537675017865,146.0536692312881
636.032733875747,53.23042374823521,78.97659803512477,145.71111710085285
618.444210418992,47.52347678200968,75.16838277861723,149.58530549886402
605.5140986998939,41.267685600050555,68.7245181482634,155.03416144482222
590.9226189402306,40.135402865516596,66.18795451391048,150.8654475121566
576.6498506348439,40.244911608062424,70.58367524072733,148.32775857325544
567.8047654304631,41.317336390430995,71.96616648297682,147.0444634781677
572.6774433525753,33.87714407906806,67.8584621708811,150.11831158876345
581.477126059963,28.402768999456228,59.522452630197776,159.23800255786952
595.040171879447,20.120457916894864,55.02608251059009,165.17835631697875
603.8385112490662,19.570472250965054,64.13241762053507,159.624798651001
612.2907710045938,22.670762709848276,70.92428353449259,155.11372659275938
621.5561580801261,26.04034010900652,75.85867976099259,149.96932944801347
632.5727016328865,22.737702995516372,76.8849557569151,149.19615884179035
638.0546137517042,18.834669070384606,69.68708498140842,153.16183874058294
641.2732922337523,13.563799843493825,63.786499581993326,159.79075675884616
628.0723432225675,9.775238137853748,62.351496280534604,163.1141722698483
602.0866698076856,12.1692267155006,69.50944747094194,160.58249259237468
572.145999573111,12.24435666908245,73.33527909899107,159.30953725881574
542.0699409468957,12.060235386231199,71.59542908388391,159.75569985911795
519.4787177189046,6.2661130086239325,65.1203447761352,166.32516867043134
498.33153468095855,2.280244530485973,60.73941152429494,166.10633420694745
482.664827715667,4.2617927504189765,62.92474983535223,164.00673326177133
471.20017422500456,6.757325711969216,67.36089821675127,160.20462842311846
467.6057065631484,9.639179618525759,71.39006485276441,158.85188230321296
474.5562821288355,11.30977091100661,73.37012797484164,154.27489997485605
489.213087732822,5.4452990678723125,70.22905583782048,150.84498131130857
508.19119856077765,1.8168451640761134,64.56608574731115,151.88110269721523
525.150693535355,0.6597910251987571,60.217228649627046,156.56731803174924
534.2126414266942,2.67106117881157,65.63790563576262,155.0263712775416
541.030386477095,3.3089544438899026,70.81190387460644,155.4322369648857
548.2866825924964,3.731452400137016,74.77612024410075,154.7396228907544
546.8552757103602,1.3519024367005983,72.23487164418358,157.35683898701888
541.4151152947584,-1.433574359690624,65.21172569477888,157.29978581932772
525.9420142827995,-3.5149429699880272,60.013592052128985,159.06607570608537
503.4658560837941,-3.3029850900063593,63.142782536906765,155.76567432746165
475.7217272848808,-0.12708160920378475,65.71361242616807,155.00784693014526
448.4603231523707,2.1604482339930655,67.00418985315785,156.76535483533542
424.4297864153249,1.7412665104283604,67.25612943639291,159.1422798326149
404.6423212237562,1.1701823577723047,66.58994446897748,157.5275980772779
389.9851562551455,-0.33237321380680385,66.8993942657694,155.44741093204004
380.56949812421544,0.26574786792505734,69.6108560337266,154.62006479556422
376.6321112575923,2.356573906488265,72.27532629190709,156.61070536133772
380.2311710948607,1.9264680839591364,73.01604570433867,159.18235545987014
386.821619993747,1.004948128280617,72.88038391272069,161.42334682486074
394.3205173392147,-3.551238425592544,67.54403686666771,162.44199935892976
403.62844390135217,-4.609667900622284,65.34662728311736,155.28079904445542
412.10242304617054,-4.756740541949412,63.788995825988174,152.6918475208645
418.5118776267001,-4.215605685471303,64.89385605350344,150.89121091736837
426.08357824343517,-2.085215895022415,67.7049739945536,150.03985364655549
432.7560044407475,-0.6939756982042269,68.47470390116749,152.64000934765986
439.0301744014452,-2.0347779407284463,68.40213494386721,156.24230861557396
448.239086491406,-3.9696462425139316,67.46852038515156,152.13970906338284
455.90564159188636,-2.1576150662531433,65.73804960186595,149.39459205508703
457.7314608867856,-1.4971065210443442,66.28240564473695,151.64259777658302
457.31979489315637,0.4670681259061098,65.38801365336278,156.67455683860942
455.9444628431039,0.45049812719575755,65.07223934683364,161.6130465520597
449.341705138325,1.2100535608470864,67.03624238798541,164.7816317977391
441.197738166893,1.7091175754761565,66.7919732259448,169.61310504235044
428.5990367763005,-0.26650175142812316,65.29834728729728,169.86778901652784
418.6423938497176,1.4714339647645858,65.65144198681898,168.4782310893804
410.1410900168975,5.105673683241875,66.24596826158015,164.07476545242076
406.6826935236482,9.221899822172375,64.94807839539203,161.57189189960502
406.73101691316083,12.892797487646689,63.62866398720652,166.09426495558498
408.90345749136395,15.479482584763133,63.61414886183178,167.52410313234913
409.41891040450685,15.559325706837654,65.09850210001647,168.0122498495582
415.12429668685775,16.29225833547723,65.81755704055439,165.31178358766925
419.67270260073093,17.214453728668033,67.57284396761223,163.0252469572963
424.80479791503126,19.033646709849066,69.33734596851026,163.23795903034113
426.57525574244795,20.127787787998102,68.41808662809306,168.24517306402453
422.6735382067555,22.902552703568944,70.2031271650876,172.41698980775146
414.3939428473698,23.91796611670253,71.86079172206456,174.4305640089711
401.7660457357258,23.49753428017408,68.79803168826385,180.63789346497833
387.2625126567379,24.914064536334436,69.27124156886191,176.51624694367078
372.85100820874857,29.923106732073038,67.62345253710232,170.67523379358823
359.4132726792539,36.169544642213026,68.79636025782756,167.3695261831375
347.21574122337154,42.20847079279601,69.98512371076289,167.61031196084588
338.6529914082061,47.203498922854024,70.36173449119175,170.48838898827253
336.74168620300986,48.795154627979244,68.29656370480615,173.37807294802323
334.64165424881486,49.046007496749866,68.53509521708385,174.22294811864077
335.5323206499485,43.7529233298815,69.34548216931688,172.79244881278652
340.6889237824474,47.83531462585262,68.01368374169314,164.27173728232253
347.5876837639459,48.36086457265347,66.67166411846405,166.2848637233202
354.3651385183581,46.55151233834617,66.95199381278854,172.20924145370068
360.2187292559755,45.463716460245664,66.99744193926084,175.62464450614888
366.82154963201646,44.27344033434082,65.61404488798698,178.42489436256778
373.57720983753677,38.08214599715386,67.2943872074657,178.17908121057928
378.5357785854621,33.62525802931121,67.88623508147816,170.63305021639513
386.7125161698832,35.21669543343266,67.86443124280292,165.91454120332898
393.23809872727867,31.774446303234228,68.24501786159865,163.4711902592085
401.8563528920635,34.36035921352955,66.46594264611633,162.34133101286963
409.2804866202605,33.35986042069773,65.02341074140881,166.08272656933812
415.63158288255636,29.086826241592348,65.40727414633494,167.41355768769512
423.26918843663384,26.205823225407457,63.240552977880995,170.76849690290496
426.9267963982494,21.40361473930014,64.38984670530323,163.52740825423137
430.9281828714938,20.579176833932422,65.33031517717367,160.64143752187564
434.29416192005294,18.697157371145735,66.54064406296918,161.83472205523336
437.2262492104127,16.201335414618924,65.8344252004915,166.5489188834792
440.95097126808,14.759759142697504,65.94573193871616,170.15402626263656
443.3783278699556,11.581700905049502,65.56785636096015,173.84191613788778
445.9109980964255,4.774139470137854,66.01847490311613,174.6219664241656
452.2292113444852,2.549335871111836,64.77395979629159,165.88549831433718
455.4990669130955,3.7812182106155916,63.108844302186824,162.0817149925066
462.4721374797398,2.744613786603807,61.890836067182875,160.4183035795555
467.9567781879998,2.3459859577202877,62.029924755714276,160.51222843616304
474.14086677885643,1.3701326085256937,62.55830579292484,163.12418622252125
480.3781095450441,-0.018473897359427838,62.763014647421436,165.85939608752096
485.57916166913446,-5.9892881849346935,63.70635382608202,168.60501264626376
492.41966628933807,-5.737259437078222,65.02505106184628,161.3167383007082
496.2209153972731,-5.698951010808884,66.93833767995969,149.9141024460015
499.2324296316266,-4.669900818565964,67.3309412338722,144.89452212260827
501.0209198008126,-4.08609684941284,66.67004229499832,145.07741158545323
498.26748761680744,-4.143683055124171,67.55996303906835,146.14024137084579
493.4465959314833,-5.625547650536035,66.48882140798386,146.9784934218942
486.38462979075325,-6.156989576257715,66.64963082741657,146.67013811742336
475.0257076536662,-6.360980421485316,67.32769835349663,137.77182369836964
460.8584658469588,-5.83791255708843,66.14806718134956,131.55061617806422
440.64993868495384,-3.820333482175805,63.36599328076305,128.92109344620206
419.0266919684766,-3.45401476865257,63.394101928508576,131.5058865748679
398.7534507108615,-3.083956131606925,64.05371677120692,134.98202159060844
383.6576426382783,-2.989499513384274,64.77419925397419,138.44449446791134
374.7694819512891,-5.384315441235344,66.0966312610765,137.9204089773005
372.5572378815018,-6.281706655908458,66.4642657206708,132.00861793821235
377.14191926927464,-6.844717742432607,64.9873720929805,123.24652248119074
384.1051828707408,-6.927535425409076,63.052059930286816,116.27595530716076
390.46841694050465,-7.608349265116885,61.270128419360105,114.78973050372485
398.0489323956462,-7.308525423379969,60.22228396863789,115.61597187800103
403.63583308000386,-5.545585064463957,59.951152101917536,117.45625320644578
407.2265894913479,-7.1978111076424796,62.154501169276,115.55375175029906
410.9582867665182,-6.065967185657364,63.78015963195273,106.2186332691573
415.01009914353364,-4.369487932436357,63.168463389073786,101.37130725374006
422.6904443340637,-3.4232763804253565,59.00770139013109,104.73696324130151
426.72493845444444,-4.696207617966948,58.58793367178119,109.33530767572229
430.49021146588706,-5.291410994756269,58.86710985259102,114.08309162619094
433.4135610295093,-4.84853336569163,59.72749399895868,116.62782284409923
435.39002197173346,-5.239278903904371,58.7994910369595,119.31284926519587
435.87925462396805,-6.56560940704356,59.13089337803243,108.46840308725326
440.9557653529856,-6.888392593590986,57.31553542208792,103.7054021668857
442.5583761768731,-5.3940128790793125,57.08046825390131,101.68080120986426
444.70796806308925,-4.088699810644698,56.55029065117449,103.53562085014025
445.1175869919535,-5.2861159524832075,57.38080002376287,107.27719139094052
442.4643093735899,-6.011042694448896,60.24583313514024,107.57185267904062
439.7496592981096,-6.917296107667006,61.79434285095982,106.92143454851342
440.9635814877523,-5.897538179863233,61.260878395775364,105.19171747445556
439.58071764506724,-4.790853417381179,61.933593620703085,105.25316670068857
440.50695712716464,-4.939922999558533,62.432870869097094,109.37193933737863
441.06434069714294,-4.1414683872364435,64.15681371703435,114.2340219072278
441.0875609403163,-3.4371037954129733,66.1989081075423,119.81781090180748
441.8812003474362,-4.301704021569357,67.11767004814727,127.89712234571275
444.1389281457821,-8.180479293176283,67.59453344207238,132.7768769557996
444.604828677683,-4.66877647100403,68.68449814670451,129.1824253907169
445.82618473799675,-3.1054233678952343,70.7608418859254,133.64396602341392
446.97686757316706,-0.9716225160947545,69.7059331156333,142.64760164706468
448.53125111974333,-0.9113711330610954,70.08934256768495,153.59706597012894
447.47766513125595,-1.739867212389541,71.01568201330511,164.8165619896322
448.4303568551779,-4.057110750437232,70.72814968548816,174.8256003869653
447.5991380812222,-6.059985447547845,73.34222210362441,177.86836215484632
448.98004344018386,-3.772868851176483,76.15994075383554,177.16340329458873
450.26404244110614,-1.3594310534720364,77.71221529048681,179.4628729751854
451.49938855071446,2.579717168327832,78.58901432359802,182.96117944050854
456.97577770026015,4.442484203982232,76.69287405384532,192.92947052178016
461.89925869370916,9.206601720705592,75.93878005370199,200.73947504886047
464.6048508585195,10.16368751300702,77.53748768528061,204.90653940325132
468.67392626823124,11.380103482218061,78.28763203656592,203.80175906677192
475.75955548669543,13.736406848983847,77.69199187616853,197.11899158171818
482.4424450735622,18.37329984467135,77.41381943224569,196.2573833635658
489.0173595620862,22.436290231289433,75.52723018102871,205.5178054351204
495.4166063341629,26.960186655405693,75.26207544142102,211.25257755412554
499.88936472861633,31.204778549656297,75.52114433159677,216.57287020968593
503.5789037327491,31.828005526863166,76.63166954012776,219.51302650980313
509.71815511940696,32.452980543154524,76.15468373559395,211.7425738904243
518.2737140147256,36.032993517612255,74.68111055340694,203.51670317452346
527.2660187551193,41.58427621069906,72.71034941780151,199.26072573256167
532.2709119832992,49.868523329197586,75.78197929970051,196.27035888720184
539.5811827366755,60.680808934212365,77.35156962307204,200.90400585962442
547.0750483615941,66.89800581907599,81.53246281081269,205.21349966345366
555.1119220664499,69.8942506892295,84.83229691323703,204.39179839884974
565.3998452390995,73.63306538664288,84.66654377967689,198.6104626969712
580.643504262686,77.57617914299286,81.24830246443413,193.3248495967493
591.9047555090808,80.43876566582263,75.54233344853425,200.22523991010192
591.8205390283678,86.40545080923899,71.80212703349233,206.9672018542307
580.1792486440754,92.51354537950587,73.14125936258547,214.20521360666442
558.4431821122317,99.92462362593163,74.22263345269563,218.59917929571807
531.609142597864,105.32558590914815,74.45701187135774,221.72103989505888
501.4694434413163,107.17550006372198,76.91150844303532,225.7933758216313
465.24967486255457,108.31962685093991,81.31022727183233,219.89551517568023
438.4742704502796,116.08749886170784,82.53490146619447,208.7618854509074
414.91537697044976,125.74350696606561,84.72188793907276,205.93240882088213
399.70068183652086,131.1439879018152,85.4589564592251,213.41474366028876
395.06174130771535,134.35579304023761,83.06175046874299,220.14413474737097
394.0693750909718,134.30712230069017,81.97877551470098,226.02303668367915
397.03531500482535,131.41413530189703,83.36143366399406,226.0572207360368
404.4567601414122,126.20708555141772,83.0208696627194,212.4337904410275
411.5432885773407,128.29870314302843,83.2068389181627,207.00462861848982
417.85868445881863,128.81449312577146,81.54520621035672,211.7900161651745
419.54272021643646,128.9648881249756,80.07160307882981,221.13382684795312
414.0419382635914,129.61389026548522,81.93016739531255,226.08085074727978
399.0091712912863,127.61864689208173,83.89157135527891,231.10306568686167
377.9838221549167,117.49731119939082,86.18427316613695,236.09619415049332
352.47162286849255,119.59343862121194,89.5627909081493,218.9348764065007
323.82834593833866,126.82121618460576,92.47832965183167,213.48521703112294
292.6299506430033,134.29176869503385,95.95326821190692,211.11037292569722
266.5972289447678,140.36868236957702,97.6941326449885,219.46918422496705
244.44741010018618,139.67240952155197,98.21533281232168,229.39985612950017
229.98368755516952,133.41298691515271,98.97215180627666,235.80613773775778
226.41809115246429,126.06672661930264,100.0990519574208,227.1142378708767
229.18867371154846,117.03605521433555,99.71032304831593,216.14916609775773
244.50425875768062,115.34962078937737,97.07687965730106,219.0474902528044
256.8019241230358,110.66990372291455,94.43909512186956,224.966788050571
268.9248958067914,103.14617762416725,94.07302107622219,233.41800838513973
276.96380070180237,91.88036709854276,94.6487032420081,234.5896712302872
284.76950895807613,80.91734015131274,95.33849851365454,237.20871653572868
289.4405268921802,73.25471874391347,96.19966555580848,222.6717399949321
301.83689028155266,69.88140315748439,92.27640054365057,218.89921897276957
313.2653959894384,66.62364282029719,91.04530500776781,219.18936445573155
322.9845623538355,66.53507702417008,90.13485852816041,219.75100408790348
335.9856307345197,66.27766749574755,89.37079555935395,224.67886394929332
346.1959589526122,62.47122142605386,88.28512316498289,227.42415161584796
356.860396043542,55.3523050833314,89.09883196127248,226.72317697848433
370.0463936561191,51.838877558719645,89.90359688218824,215.6893781757625
380.19206078186033,54.5398727845144,88.60704309869332,208.18312541313438
390.98717380025,51.98233506156228,85.81062147283424,215.58364189852074
399.32214168145725,53.438411438367666,84.16843795827035,221.51792452119798
407.5251484031214,55.715909727016424,84.50868738216354,225.30075824941042
412.473893310314,53.9494400166426,87.60417903218982,228.24290637871837
420.3427243669377,50.35235002152456,88.45266853677,231.00608448857844
426.71556365845254,51.6221830040888,89.86881729640547,221.0660412786801
440.52062650808585,52.17841446292303,84.84052379504033,216.8681197092904
449.9316835501526,54.598543290385095,79.94478542013901,218.0490007075249
458.8554737091401,57.67847317659417,77.28401008423668,222.2560311451216
467.3510636987788,60.69886450281112,75.7353935337444,224.51530949603875
473.8705981542777,62.23699442551987,76.61407434197878,228.0600367958083
478.0269234123399,57.23215164268677,81.16950967731141,224.1931140909411
480.85776505144287,60.77891754758332,86.35857645979684,213.62182007362935
488.5008313356107,66.49764303399184,87.35412184501055,208.21482500324407
497.1726630988042,70.92467219326136,85.3131286626505,218.88387321715436
499.70488496317444,75.97872558742924,85.65868847320554,228.08577832020302
493.051135658927,78.73828608772506,86.80794768903338,235.77770156215811
479.4991418980209,79.75820704628384,91.47350760214233,240.1994884301493
458.47469138017686,83.48011368257427,94.88942497099556,235.86953038515847
437.21939773184124,89.91051126512795,98.13023931921026,228.96554349883365
422.1839790654113,96.89894402118229,98.58837575679438,228.90290198633565
414.61568765308687,107.34527491027367,96.56758222446548,230.88090006150617
407.0061264894118,115.42915823003747,96.46960553895244,234.71135894820083
403.55436163873065,118.13472581419738,96.68776645835825,239.8325482731997
404.30065254152123,113.57678984944894,97.08769706898258,245.610419105529
407.0004865018067,105.25933101978973,97.73556735016479,240.8319528522817
409.7377540056847,103.5396990164802,98.1294747341903,227.7081054270484
413.1517101962397,108.63158086520204,97.84843983131776,222.90379776986782
417.82802362011597,109.41258929080668,98.59757097192322,229.364089546957
420.42863142666215,108.38008890676281,100.18943911629789,237.17498208731644
422.09068315201387,107.11255171818196,99.07493866926593,241.40906414927022
422.82290155581427,99.9502074656824,101.73670362075416,248.2407814854494
422.70106114659245,96.62236450690219,105.02478049285794,233.49066172990433
427.5454181048008,102.3661499063132,102.68405421252902,225.30373584450038
433.8890423958169,106.2509563325346,97.72003840469617,223.73940145335808
439.4666843282839,106.50314967757839,96.61267247620475,232.00374663821975
443.77959759141146,106.3707626578712,95.10460404689772,240.48416192445498
444.8602653831538,103.57577861813432,96.76557124050312,248.4308960713702
447.50487687401744,99.86306005331346,98.80973315764763,249.24251571858008
448.59900653683485,97.63962158638967,101.22635853668326,235.69415503029978
450.03552180347515,104.87182496221445,99.72339574210227,228.96612889783438
454.0623398209827,110.31399082488133,100.03865155746487,233.9828475387315
454.9035358342141,114.51832401625595,100.24970945147606,240.87633582439116
456.6740700055308,115.14387974110633,98.74044528733896,248.76662866831322
456.68942510906305,113.28543566328676,99.25039920159625,249.8743293387525
457.61713212902345,113.6645292323971,101.43494828211365,239.8442672525089
460.11603073810954,122.63417552755581,102.67218137824662,233.2284918127511
464.08026688470613,131.47644702011993,98.29189343906796,231.4491393717497
466.22290675755323,135.992822881552,95.81154403600813,241.80762948311155
469.1541235370658,142.15065764017174,100.03923034334176,244.5274051244156
468.82098094904035,139.74640846928907,98.77045575025006,248.2745494238186
467.9082021237357,138.6766221638619,101.81104838031996,242.22156079758872
467.1547736486476,141.52102371152563,103.0441999977941,228.99242666938346
470.16301487383504,149.78150384173858,100.67576363701038,226.56899945425644
472.48104189374965,155.43159983399573,100.68667439933753,234.3227174413705
474.2151897801168,160.6299307134945,99.99513231232093,244.60271630741875
473.3969136301269,161.39640408669328,101.7881743981058,251.80639908244632
472.175022899625,159.6285679322932,102.87876874630575,252.17924107477086
471.6489225650198,161.13773404971505,106.06162311098404,236.02442525748586
470.41939477932056,165.1973181585256,102.93212457496,227.90097966506562
474.0513134517317,173.37458350504158,100.34490315691176,230.04855267917458
477.7438078849642,178.8037277731897,98.32042197428342,235.17530465367537
481.7206236982708,182.82445645608647,98.05701116211466,243.13402430111114
482.04032351310866,180.37048468500896,101.3831683713592,249.70666474066928
486.7916226885758,176.42964706360868,104.41962896480547,250.98908700139793
491.11977727079466,172.32991124803846,104.92493732421353,232.77310428228736
498.18169860866067,175.77694319210232,101.91535789794946,227.78591066093185
503.3321706916576,179.35062531914474,101.43177767146321,234.01383582652227
507.1988089768927,181.19537648615852,101.22425278072436,243.84250131950864
510.3203050170678,183.330506232991,102.032190055669,247.79449107252833
512.6030862642391,175.473618724107,105.6578019763736,247.86007741998793
515.2912313621842,176.11390151441717,106.63695818561834,237.46916318836014
517.6132183670675,181.3681781887637,107.60671157085687,227.2149651665699
523.739620853033,184.93424151600152,102.75038189199103,233.21715742099641
531.8215634475047,186.17679779112072,101.01957340780994,240.3172768414433
536.9110902934383,190.09249913427556,100.15388385723818,251.1484747597085
537.5631566721322,187.11049363190384,107.58109474308287,257.06456514132884
537.2339200061556,183.37425993258304,111.0919950624092,252.56073495237746
535.9284115863113,183.30119333819155,110.53653517402725,238.38498543862778
533.4328637809585,188.26614568059358,109.28944590447816,239.20517591073693
526.6477036155482,195.82374266743568,110.47632719536792,254.3287031547476
510.30079791486094,198.74356398612522,114.0091581953406,270.04549559551043
487.2163351121924,200.28500942046458,117.76623180488085,276.71488542057887
461.2195450271824,199.04650081741244,119.45955286416813,271.9327719666004
437.87545081857246,209.70239534076603,119.87678866222538,251.2916530592428
418.0472555258302,219.79629049700614,114.46983255640887,254.34839637898386
406.14074805280455,228.82689657052043,115.2890118358185,266.5362727572335
398.1386507071486,235.93631029496527,117.95515205481337,272.72465653807296
396.465924345888,233.00796373648166,120.534411245273,286.2611826087541
398.2269698621558,225.42642914421845,122.81461488893694,288.3148706908303
408.40410330167606,219.8836481557467,121.4623682819514,268.83109538727945
419.70221428226705,222.6957639831638,117.06570689453869,259.17277322632566
432.68942598298895,222.4890606800486,112.12458998568323,268.60080758508883
439.52844972218077,217.38111807459939,112.10998834182963,279.6064964098249
446.40668191097063,210.4992957399802,112.90026226374073,289.2412232894478
453.8469560975321,197.85294901795328,115.68866841671016,291.095983405992
463.8693695470783,191.35275760814994,115.24971673320836,267.409106758917
480.16259875830383,188.20744588405333,111.23533894500108,246.68409336151507
493.6634355244485,191.66967915975735,103.79779462311413,241.49164998957752
492.8347896286645,189.45948412586435,103.41160994180026,247.1104845784218
485.07677461673825,187.3957333964524,106.16172448248584,251.88526795938736
474.754229713061,179.32052709525533,110.38881609439203,252.12882150979112
468.0405340176276,172.60149589606192,110.29276400532439,243.28803772510824
467.67342276483265,165.5939556022069,104.4769028190095,233.670350199105
462.0096147785879,161.46966715839073,103.45571836845849,233.94292829580357
453.9635154294317,155.66256671707868,103.2792122484006,236.56269010804908
446.5023127548043,154.60735552442313,105.67330445839569,237.81060200772453
444.14838476235974,147.97699824757203,107.54297166863776,241.4068730807973
457.30346122103595,131.24416514215073,103.07704752784153,247.66975469995717
471.4757344907179,124.12098310456629,95.8962894081843,244.5136838206208
487.8720396839242,117.66102387466739,97.69443462610545,236.8487251654554
492.0018336285207,117.20813172925256,101.80675248332945,229.75174542550172
500.01302429970343,118.32175500367809,107.34757762543985,223.46476957832917
506.5258438833215,116.95557803366462,110.97572402410331,219.77516800668192
516.929510505418,107.44959972038544,107.0417247337198,221.26381185156345
527.2453766779719,96.53233933938736,99.66924433306517,227.65097892690954
528.3198815421881,93.52060180306634,94.62129052333081,233.56702284869624
521.6398187282346,88.72059228390596,96.20865638744212,239.77438847409806
506.349868830233,87.33150106689978,101.60098469154453,246.53381077329092
483.4748325187479,83.74848756007702,103.28807951980639,255.39983210354507
456.10490068744514,74.92544477243632,101.15316568873777,265.9848251812856
426.37743501727573,62.9463392468862,98.75714256877318,275.27684624247723
393.5724017200952,64.07888875076424,101.69080211035808,266.1127459888002
367.44420957130274,62.66127473678881,105.30450665233991,254.21625924467025
348.9682041331898,68.49651019318352,107.02639147285277,248.5844606415141
339.9310108595686,72.45695704251446,105.1647479106719,252.59152485631012
335.94179218790924,70.43037601452954,104.2095338090609,259.49516507818925
338.9667754901341,66.88953758447767,104.87192138699994,262.9063947902163
349.9895349461931,57.52260355875234,102.7931987725919,258.662231812328
358.0627884422805,52.987885007209655,101.20297022067717,247.85311747353296
370.17187391079307,53.98497117464423,96.27826656858497,242.62232267189248
379.26984508064135,52.86089085902364,96.68088887754202,248.1360895990935
387.60475076003746,53.16877312568063,96.94992168360227,252.15157708285707
394.57163043655277,52.56898851105119,97.76413012755945,254.63827848848902
402.3879462965615,47.894481706629136,95.46934578149958,260.65545142649864
412.92803836274925,38.97614131695977,95.14491592194298,260.85276328129424
420.1889247483034,34.601591097218744,95.52244604007257,253.54592755499124
429.1874583697885,39.70684614223853,94.04356678993777,237.0412269324222
435.93282152110083,43.998091882592206,93.94449246247964,228.7526416448634
444.1398223472012,51.214622200566765,95.39094693368085,228.04978571101816
455.73381455475595,54.454117519080256,93.52433465452964,232.31115931087504
466.9704701438983,58.19204860096224,93.46209606877214,227.74176866240884
478.0841517892752,59.95147851951867,92.85220732551264,228.28252730695357
488.28851281838183,61.359349566840166,92.22555236269204,217.49002571861035
499.95158954040676,65.354615124319,88.49145550029196,209.84779726488193
514.3041980944728,69.56598462441053,83.11899009450991,211.3959221503634
526.1048668652455,77.92702095303217,80.51363289211903,216.67368530657254
531.905926785122,85.94383281577156,82.1466380070862,217.64133728401757
540.7606950576919,91.23661813961363,84.90636575423348,221.62964667602438
550.3024742245653,93.16066110728788,83.58115461636724,227.55792634070937
562.1834590108574,97.08147197230802,83.09591814288186,220.17325497392315
577.873592749279,105.4687960560795,78.1797186005459,208.02717114209867
590.277342191133,115.58222203672382,73.64204031095483,199.24544835010934
588.9314809818243,128.00013412064177,76.25852647582388,197.23116019204997
581.1725712709502,139.01480923064395,79.18468076482031,201.37172942676872
569.7448046705041,145.0010880689046,82.25839529485178,204.68263919982775
547.0974750027424,151.49767080230802,87.91150821727739,205.27067714608796
519.8064439555667,156.76811554398952,87.76722753307067,201.702603704581
488.0995355848305,162.86225991865425,86.73261086932936,192.81394369612684
461.77026272267415,171.0035713130152,81.25007846877386,194.3997490658003
430.77177205085013,183.54746077216436,81.22120537773759,199.80848625621695
407.5137073639455,194.8927623105947,78.88645631928485,210.39824252908733
387.0857968111431,202.93700360705532,78.99973142460041,219.26612648888647
370.6384172364831,208.40981592075377,83.72274442249075,220.14112098442013
365.4418836077458,210.05070396674893,84.87183528924339,218.3055827416412
364.11708115062214,214.78680544260524,86.14488344848807,205.55723511948776
370.15139087857995,222.54426506031876,83.73000213781411,192.14561455305707
379.39585278865684,228.49968659547375,79.2156013283822,195.31982186255627
387.7254587250079,232.97593856641964,76.59240723208553,201.27005296714762
396.8795441294266,233.31329306285437,73.88310102771278,209.98664812025996
405.229931824515,231.84748657876895,74.35691825683436,213.87261000223052
408.84135558761227,231.42346614640934,78.40268134094197,212.6068502841919
416.17350704017986,231.0595416039489,80.99530148056027,197.11073948644318
425.2177356993776,237.36155797731368,79.29428973816428,186.1802599392387
436.755293480909,240.80610314096012,75.42547198650547,189.5559581702634
446.67580267491087,241.92018018714066,72.91184968650663,200.53059863861384
455.40215530696304,241.9904822689552,73.10894354618165,210.43271491397067
463.89646650652736,239.9834143944158,75.66546909306454,216.27664861163458
471.21958979704124,240.2817622271573,77.65946723804733,209.40207984553376
482.96220669868717,246.34922558822302,75.27889884293518,190.1574269625048
494.0167628695276,253.67392589171467,72.56267274607598,178.87623894898508
505.1058814124199,261.6365940323841,73.60786410378367,183.42528183829705
516.8662424852841,268.9856170579892,70.70537956722292,192.34466064267244
527.4635536103124,272.8213189670598,73.87120413810645,196.55728132390013
540.7629873286235,277.30273173566206,77.1443945187525,194.50407293962041
553.512982562815,285.2714010558433,76.57857390352447,181.37693187730457
566.6797108171126,294.77672131741156,76.6345897087005,167.76444660314786
581.3983283470895,306.0358765527491,76.1471827322532,171.8395325419694
594.0919748810053,316.7326085798325,75.97156801590138,177.11537355384067
605.1420405221244,325.2504228206401,75.63133191203082,186.90063011165665
617.4808985345663,331.4361003253907,75.87679559641086,195.62361929429431
628.6952471334694,336.588204578412,77.53492989620565,197.16947782034745
642.3675384588481,345.27265850012463,76.58486609272633,183.81782817976801
659.633824188051,359.7188216506164,73.06888741959396,165.8419600215417
672.2768288022974,373.1228440454968,69.95412599482184,164.4454667102508
681.4698387683819,386.92905059446775,72.12387691474187,172.73656346899588
692.4405694122465,397.1640340049696,73.31069457940181,177.3314113964178
694.4563119763744,405.20809940086315,77.23193927947105,176.93769851848305
692.1937180583651,406.53735743427035,78.45934897200273,168.9983295495429
681.8427032547357,413.64712534275,79.09684954235101,156.787772090478
666.4488594300959,421.28673134348435,79.26622496636281,159.69095010245553
644.3427657318641,429.20636029805246,77.20080104407856,167.34455818243708
620.4094054483236,432.1899254014677,76.52654714395867,176.3039113667474
597.7611705429022,427.3320366173861,76.13585352744197,187.8455341574157
573.9359232631601,425.20276538441306,76.14377840103148,190.72891091766112
553.0329548910589,424.85339877059425,75.12630988330035,171.14399094598326
537.5082219025943,432.25955549768526,71.02148518173087,159.56861412737408
527.4863500232623,435.13713826139383,70.42138390648496,167.2588037594058
523.2888021660143,434.60817394050656,68.1802423509675,178.00701892124232
520.9098339307162,429.2603700454166,71.48396676777,183.91173837089835
523.3922066562593,418.0348551209539,74.853276890944,183.2599391859848
530.5026427948101,412.4930786819081,78.29545953828563,165.27719032290392
539.7532344312744,404.5969169968701,74.67311076096108,155.2442985847573
548.1912500703866,399.09401149493164,72.28912017728504,160.8802197594238
556.3764783579977,387.45290492445986,71.06739598147325,171.3252674292333
559.7977785252687,377.59428377834604,71.8352568209825,178.57830781297204
565.6906743150216,363.4891317557445,70.50390873532172,186.38964646117503
572.6234140821313,355.73668382422846,69.58575232636774,170.01646548579956
576.5316449960085,347.1766550890866,69.3900883281305,151.54945065836506
580.0643125924438,339.5222367853618,67.61874132040522,153.86926872743763
583.2693031133845,335.7705991651709,67.33563690271654,157.40549262952004
586.5951283919742,323.93373027626217,66.45124624500926,160.51324960711585
585.6391039312284,311.6837210923386,68.62839550623312,164.14615173668307
582.8297275852626,304.0688652052736,68.8066044256147,152.6825159678576
579.7701451780125,297.8000547251758,66.77257810641724,140.0660979733259
575.7331643422104,292.0414151285138,65.6428446615584,143.79763753249034
569.5330045977651,287.7270614980626,65.20101705607159,150.08058916709388
561.8972131561702,283.30975850148707,64.81464231183338,155.49766426590887
557.1473141124206,279.1166281190048,62.40733125107749,158.54240601884143
553.3994835173686,276.22927987329126,62.13478676036499,152.8387990769508
553.6309840374577,273.7193061336312,60.3141440745746,138.52363353121993
558.313284982967,276.0548402231493,56.78772842531437,129.93773221449268
563.7381192491583,278.5553755068285,56.855671409723904,131.67286973116938
567.8482335039434,278.4017367176882,56.518458211711256,136.19974374000532
574.6659872215129,277.1786864980976,56.44252663968801,138.5332739252048
581.8164448813266,276.15247816899245,55.76775171069532,129.50079179707166
589.3544008321685,276.80251024334063,54.23682254587288,119.50579317275864
595.07410606186,279.60539346899407,52.82315208607487,120.65279904889377
597.4875090439691,283.4026493653741,53.316355604219986,125.49645417722338
600.4159495798211,284.5838697851308,53.1588456019604,129.3600463050621
604.6404328245535,285.61187330922144,51.8771537972356,134.02549936527896
607.3266003671514,287.49293541040424,51.73876334479506,130.1214753415153
608.5994462078766,289.8637054232439,51.002100744860385,121.0437362570521
606.3230791420139,295.602672154213,49.28412712100869,110.97546258572936
599.2443712961156,299.9276598293611,48.23943190512462,113.435680134114
589.6104095662577,303.8350078873635,48.99874935857614,116.59654448573136
582.8133573979453,305.62963059769345,50.5489799292908,117.55771523048571
578.4011620664708,306.2142353086027,51.052639494461374,118.04750005044767
579.0361332548327,310.790439318704,50.295881746522355,111.47383010300585
583.5631679594586,314.1062729140244,48.50332554083481,107.85539807003775
587.2137831157147,318.5986897796568,49.547592555883064,110.99909187315828
591.2008771115048,322.0079620754364,50.32659298847692,114.47167092657341
594.7529561076221,326.03096086486494,49.902001891991745,118.99990340577122
598.6045076507912,327.72443411979714,47.66641583689696,123.24338802348046
603.0243069490798,333.7173472018687,46.52083426889095,115.0504331661225
608.8031258588469,340.9009333103369,44.34860550679393,106.15591013853043
614.462898937878,347.70864380931613,42.62583629332893,99.06908809320744
618.4640231540944,353.23882184828153,43.969531649587694,103.92657646001747
622.2287119614411,360.64029909110667,45.68106139808326,105.83137368411008
626.8492923068028,366.1367483114444,46.82348813371549,105.79648854206454
633.7521132868212,369.58479800798744,47.8846343454705,105.05784143076163
641.4298287738333,377.3993842753544,46.59370361810179,98.16466285887972
648.8824080151236,384.2226218269821,44.99554454409272,98.05622552824545
653.0579979396149,389.5652076573334,45.01169182089587,103.47384064769625
657.1440331111885,395.38999936053835,46.48531491221064,108.50324885423258
661.5497797487697,399.37276725604255,47.33841140420095,110.00715834147556
665.3223128735488,402.5203945845846,46.4557349164015,110.61825427050952
670.3804116619033,408.07817003908235,45.396277437133904,104.7668434665207
673.8959633139673,413.8123241055955,43.05025475987988,98.19480579770061
668.5579865181467,415.22815485488314,43.49927325546104,98.98547291207232
652.0380205020466,419.62641476186036,43.070838868942744,103.14866284399136
631.7286956115308,418.62393309649343,43.57856000490564,107.36805704300943
606.6941454092826,418.2084233150334,46.272325069773025,108.81063014736533
577.7506721483066,418.3928373632027,45.719923035246566,104.45181184552611
547.814938719437,421.16752337049877,44.81745303886954,96.63387361900294
519.1676471372582,424.337568153252,44.27940487821387,98.59903152538301
497.03369191849134,426.57344775815983,44.90734588257753,102.1254174950167
479.2005237567936,429.1615802586434,45.38930534154421,106.87069045299384
467.5676553313989,427.2857891129284,44.5835005521741,110.35600817569522
460.97171125701493,426.4346544369524,44.86628344726739,105.77299457367101
458.4890823656656,426.0600791245211,44.534574155602,99.94922366733273
457.5730623047635,424.7084386426069,43.68070196660152,94.31396086848423
460.06123611761313,424.025165614738,43.57976219474834,95.89965476312338
463.3868184551315,421.03128756207957,44.05987626249645,100.47580850565276
466.66748763489295,413.6422868132498,43.82603769330192,103.42461133456034
470.81550074409313,408.45707595497487,43.99314220225882,102.29847333218403
476.6098518242345,406.3404414260031,42.95983986263604,94.7803439009241
479.1904671651883,402.6466491602769,42.292299625853424,93.62254834887429
483.4446624037754,399.79812452247063,41.65765832931574,97.49262031632614
486.0341123146914,395.06399935877164,42.17073739481118,99.78535935735736
487.19676173898654,390.15097802130003,42.10170734740612,101.64319868013503
489.7339532815602,385.65079720574573,41.60884965321279,100.79863829247927
491.53704259463046,383.92865682518277,41.68007508054836,92.43655576456896
493.8250971416822,381.83794982783144,39.829263473991986,87.67166111847477
496.474905141323,381.22389366783983,37.71408554464304,87.54575886061014
499.59748635802805,376.4413041268157,37.94570740183602,91.12616474922545
500.16125785934634,372.67068942470945,38.60559849101527,93.08599415185128
504.1627799285587,368.8131621620421,40.74234975950809,92.46828396389618
504.2221676033932,365.69896966759063,41.372712856264705,88.37257260116729
508.07608449677855,362.8269660376827,39.451262992924555,85.5513199943413
510.39193240427824,360.91612100719976,37.82828845165565,88.43295395047122
512.3118376407375,356.14864760352754,37.38494509320948,91.63961412122578
514.3765864447483,354.89937682315366,37.838290581159036,92.4611810338406
516.4328142867113,350.18057335727906,37.373627141104514,92.54588212969853
519.6510296259263,349.48492292816974,36.99567504757471,87.4859330958147
523.2164025734371,349.4362170972297,35.77204589006731,83.25529490659231
524.9503578963178,348.0914256646026,35.32923323747573,81.73852084269325
528.0025925300184,348.62835632994273,34.553230435201186,83.4270137863519
531.8095511853851,348.0790293445164,35.05484302539507,84.99174674946703
535.4153229036696,343.55741595601273,35.21526288907175,85.63174896835238
538.2024406780778,343.3514328851829,35.7370382736128,82.69956619814528
542.2679464087468,343.05709138302615,34.608478151817835,78.46883939062276
545.9183015952316,343.9997992656423,34.57724937788392,76.31083156008329
549.0193974653043,342.2550562600609,34.135163740232194,81.13987697781499
551.582655680738,341.61466303856747,34.52447524169396,84.1774071093802
554.1742603322832,339.734889370873,34.397835561173046,87.40466340563998
557.3891515967688,337.0528794936074,33.92845724404812,86.55479907380453
559.3756024003671,337.9418560138656,33.53045249332463,83.37892872285701
562.0530427142141,339.0582407422487,32.60212006631285,79.18288953777885
566.4165025208687,339.6305420415471,30.828919102377352,76.58453970165874
568.973637147286,340.7079538576083,30.945412601377267,78.16839280264492
572.1762710981517,340.22868455570443,31.41743193153139,80.54255267871396
574.7209329263803,339.63229423345257,32.39547273909635,81.38457998181693
577.2930595592265,337.24752616906846,33.61670234681159,80.71116142448824
580.684365016655,337.1661622891543,33.742276342851056,75.98121595046405
582.8382840219093,339.13000836312574,33.31467368600665,75.46283339920413
586.5747520692427,338.2510886911118,32.787166652444455,78.7782495434571
587.2659243138334,337.8030796810984,33.15543272005331,79.81915273431619
590.5149821279709,335.9304576412593,32.32078067960158,83.02935021320168
591.4401846265644,333.824610152106,32.583879010470305,81.38920067480468
593.7276346458863,334.48963228858184,32.44210717865598,76.83004865315912
596.1097407105242,336.7963727846948,31.01418234334521,72.51448632326883
597.5564554753518,335.5438006866042,30.18960852188784,74.61749917223432
599.6538339446159,334.26341245213064,30.099455403508678,76.86421361434287
602.9444993561918,332.87424771321935,30.964686501523573,78.81034599849443
604.4145936888025,330.17896346540545,32.345092655923004,78.19841925464262
607.0290070280728,328.98026528223374,32.62700177567146,73.73318858301649
608.8517324780964,329.32932733791284,31.64666363753579,70.98150660884896
611.7794698397331,327.8518171095248,30.841243340431458,72.44900048981496
614.259960330973,325.9196310807596,30.229301653940297,75.29163012948666
616.2329183738689,322.6102045355573,30.625984022143143,76.6214872560532
617.5132902014651,319.9599034956013,31.182005173830287,76.73309459977985
619.5601374452509,317.87564031579404,31.216174669353197,74.58947845865124
621.3505353396918,316.5111800965625,31.11039862102225,70.32943636799737
622.9847684211366,315.6587100605628,30.22627375015201,70.62141374375264
625.2291675482472,312.65837034383276,30.170506631555035,72.98252961134084
626.2607782639639,309.9779202318394,30.866884916810058,74.12615433089078
629.3823270155784,305.74034166233935,32.78243300442497,76.09236678807923
630.4365149783446,303.3758279141274,33.552656119695655,72.65675094941605
632.6789720998345,301.7317033049078,32.19702377489173,67.36377261110634
635.5866705671294,297.1263025765598,30.853875519016214,69.92184936162121
637.495152910483,293.2455606939298,30.310448822401217,73.84765199445496
638.3019831459693,289.9279161264168,31.169933308772936,75.51479410922005
639.6368691537938,286.5053880608934,31.179141790898548,76.34674391529893
639.9599177065433,282.85849135928424,31.32634740413596,76.58980035488149
641.0478170898817,280.2539459931761,31.21374116320312,71.43057642259626
641.1687685029233,277.6728714132944,30.70077981729048,68.63153422773391
641.627478529254,274.5572124025932,30.22518311666648,69.89134156509121
642.5982147263545,271.23827498589804,29.787615321613977,71.40465203718915
643.1692408487603,268.0962979483467,29.93266729366097,72.80826791378911
643.745413374648,262.08639676167996,30.967756585410836,74.69340531240884
643.6731230752275,258.7056015718342,32.38135347613362,72.14818689497656
644.8255882325374,256.2328290237018,32.24010763918197,67.4452660797759
644.7838248879588,251.94176679264922,32.28967672758175,68.70482090546454
644.819024067511,247.40979613592603,31.928638007364516,71.37499653182016
643.3654311538893,244.41174814902647,31.17794446241302,72.9939613800921
643.0843852530023,239.36041618972686,30.65548023909809,73.45345500347109
642.4268348184135,234.30462629632137,30.155782556190555,73.68367940629909
641.3708120822026,232.06600873433422,29.772773979682732,70.53320947485726
640.5775246407,229.29254647663947,29.10888675815346,66.92151430677305
640.1534883137372,226.5971533146523,28.528448003612194,68.53513281303773
639.6316664017909,223.53020953293813,29.034551535406436,69.54948957872939
639.1536543862127,219.699106735906,29.212378790385465,71.31515152436467
639.5014862068883,214.70266441869552,29.630162358720796,73.57567397917856
639.2527905102926,212.5507481838911,30.671759867318805,69.31886286674484
639.9677674889234,209.71765415368634,30.42692303226105,66.79131113774386
640.8438211589004,206.32516280710644,29.68002231736848,66.5811698915418
642.59412262592,203.25216571020073,28.926419766535886,68.87334169296673
643.2501825682231,200.7111640299137,28.928846228914413,70.59037925120663
644.6430283491798,196.89265361556164,28.555300731693954,70.94096034613855
645.7915167471745,193.41359379207935,28.50025118795972,71.04649200650607
