669.5,392.5,22,65
666.3308098725693,390.6708800554123,24.05961494800754,64.34108950417195
662.0924518128826,390.0165269285497,26.902770635362184,63.44244700032395
657.7315438369964,389.69316707598887,28.332961324177823,63.46707884270331
654.7818991926979,386.9874260780178,27.278789782265584,65.1432860497328
648.5729864126907,384.5557228976895,26.32557948610037,63.18232223489309
643.525895947378,383.0255763322902,27.7088926354156,62.57548363482003
635.7229746444733,382.4700184002919,30.491118241435565,60.493795201496916
628.8212193000264,380.34027557894035,29.640716643000705,60.66324838546058
622.5245224195799,381.29679537279674,28.70699930451031,58.78184165255591
616.2791176580483,379.5360144123514,28.024729139102263,57.723880069808054
611.3180684904103,374.2927780135974,29.26319594734739,60.722448637589366
610.7396893612926,370.57636870045513,28.773708531999127,62.59560236943051
615.0463833159729,369.3212003408228,25.67830580103202,63.00369178417246
622.0891649101482,365.07577197411456,25.9836229687675,65.13466425083169
628.1208295563063,359.93156923013527,26.803845984692003,62.32038792762866
635.1853934790548,358.72909981204623,25.11396583152554,62.06635781171723
641.2647887038215,358.2208379160934,25.904101003161717,60.803445752381386
649.4547274793296,355.43536505050196,25.49884974949257,62.15538484671007
654.789253885675,351.286165667255,27.13232896679391,60.484464292473774
662.3551434800422,348.8543177115029,24.66139964602577,62.03872816230306
668.1520746707068,344.78390926033626,21.86141875938262,63.56674402524476
673.6683890335037,339.41111882404556,22.396196764683822,66.24237046704602
679.0379395087318,337.3084418445104,23.644146955200824,64.17953518283599
683.1800074675461,337.9625160821956,23.629315263655123,64.0959889275891
690.3696288302342,336.1416700578945,23.641591403420684,63.49170817790876
695.7989939922599,332.4204344432852,23.600279654031556,62.29085389385935
700.5706189912291,327.525654535053,23.352534875937472,62.943078118107294
704.4291102000319,328.0389382541419,22.338332917439953,62.6678883297864
707.1610558712065,321.55626801421437,22.22846456850438,65.19684928384619
708.7838828047463,316.2648045641367,24.90208982337318,62.980955908694895
709.4098320491124,315.0958292009737,24.240649977787452,63.90381289730611
711.4146420966282,312.86949947880805,23.083944634421275,61.63831192454852
715.5233539393915,307.8777247429336,21.09788140495017,65.35858611438388
716.8504849833408,305.5810263370336,21.879737576597833,61.473186831703586
717.6493447819373,304.4767570608287,21.34818167525242,60.718528479857085
718.4594096610674,300.2977906757294,21.884669735459397,60.000896662289215
717.1096575516565,295.97806768744687,24.400134243182173,58.24925358985455
715.6199059791696,294.4612508146188,26.38972965046341,56.26680984533301
720.2326841347596,289.7450539072727,24.911520713098206,59.13831652485921
723.763025408286,285.0986768216808,24.46841470169193,60.50858001830492
725.2972775881001,283.4539160042304,26.199499757723807,55.30499572384659
725.6659263562549,280.41853727651227,23.403792380742203,56.12442417757623
727.8785044480985,276.6806049699727,21.929006445945426,55.86536446078543
728.8362596710621,273.5614980389049,22.28730035603445,56.633159245981666
718.1638912769506,291.3039305220602,25.537881545640666,55.125719604192625
720.4037235620268,293.8861611088215,28.314364605832136,55.08531211033247
722.9019060581621,302.35546137195263,31.85121532769986,53.62697778005713
728.2504682778072,308.9600472275983,35.69409145152467,51.54568436762877
735.0774023381792,311.57786928086455,38.160942226275765,50.4653762508241
742.8055966167276,315.9298008579188,40.995574383071286,48.64629873896013
749.9177055592285,319.86522330319303,43.09825595890608,47.36368156760997
756.8925592122135,324.1895916967895,44.99298024199843,46.36995981098487
763.9038144192186,326.7166708906046,46.10710331387867,46.19466019186224
771.0002353614074,330.6403723103988,47.616907276814445,45.900656570981816
777.9067802175343,334.8810652490981,48.56684046933246,45.94680431010872
783.8706544460402,337.7504252133437,49.28863100958617,46.475682405534016
787.2421622740746,340.95691718479475,49.55406071042731,47.465002447940776
791.4648708239985,342.4123273160496,49.17689419529164,49.172963422838265
788.2146113447604,347.7818335003546,51.63086495198748,49.508196336659395
793.6373865844116,349.3399838217419,52.17680174492752,50.152193053216315
791.1055949132773,354.6898190987529,53.475010485467585,50.85596077754792
796.8045805242069,358.4378139351455,53.12442613340099,52.18224611065676
791.3414557607447,363.9182248867655,55.21008419124109,52.951954901413366
800.2013272357874,366.1433553466864,55.23854238927154,54.456890355017215
799.9288097709207,372.759753672854,55.65768251154502,55.525551407994996
805.8632092421676,376.53940318790814,56.146123678833845,56.58585253674039
814.4796967669449,383.0241117002827,56.15761349140476,57.27895514017224
823.3116530614884,388.84557940574484,57.66732129395973,57.07611724545353
837.2273010926301,397.9308177374968,58.326512411213145,57.500730978384915
850.879473216536,405.8733670215569,60.39258279715082,57.422787111310456
866.5335462041819,414.8950448937302,62.101260588426015,58.05370602064043
885.6441180692342,425.15422541714116,62.43321967696065,58.85386433739056
900.6602392210895,433.163526261006,63.00863765807996,59.049955855375075
912.7590223369505,445.214001032811,64.4577865812053,58.64177096783905
925.1737473828127,455.4483067125373,64.41381726417353,59.204430028257846
935.4689714630412,465.5914375650691,65.0936738889868,58.9240133681172
931.5181201574976,475.9958227430052,68.50657240274434,58.956394485830515
946.3419986981277,486.0792745490695,70.06684907492243,58.40513354367501
943.2140239818805,496.63503305840374,73.05361347988038,58.42886233972906
938.028963232855,515.5497378921293,76.3979807064851,61.70911438817934
949.9266295933974,520.714691678833,77.76038244259146,63.77201585757797
940.8516950737372,533.418604468185,82.15988778599393,64.95645354863251
940.761874312031,545.3163076897027,85.0248239544049,67.6852934210556
956.2299794168773,555.5059722004548,87.40476966599381,69.53019432162884
954.9431628672992,562.6905084810401,90.02762965069861,71.01537912525761
956.9556917182455,572.4599832574797,92.51217260673914,72.02152262261741
949.7694085842835,587.5947358828605,95.4509142494175,73.83501785160924
942.6732610837659,602.2386147433642,98.38529442535425,76.94851899830992
934.2952902326908,613.8536052809395,98.2795232806965,84.3731578675313
946.3411136873393,622.2267115420085,100.22128197776452,87.93072072791871
915.9024621839834,634.5934601599973,111.08185087272776,84.79253288409305
949.701181871214,635.8696797280998,110.83287594806207,85.65279509984367
956.4163929113332,637.6891308482193,111.36466922701999,86.31247357675596
936.801485069562,600.7327058692648,111.0138306663407,90.09750878039978
917.5809697356369,587.497082120562,112.54845582264318,92.82957963671655
897.7298050504147,596.7350334397518,115.54944166817879,94.15486693467776
832.9325947742237,596.9733195222568,109.46926643903134,101.42643057145958
836.8737967909119,590.793114203429,97.66647246635648,113.85600324124101
837.0983452442448,592.0576786059585,93.54987082419082,117.72052816961441
853.9517418490109,604.5242502067622,92.27482708609398,116.9207683116814
866.8331169229698,610.3536665101263,94.06456457627843,114.65842789089142
875.4926341101288,607.3372039949194,95.61486605189015,113.81108883214566
926.5326861735665,586.3938730778253,98.71385814246605,114.02778016098824
964.8075214909888,587.519971009234,101.29957738528279,114.27669067292622
978.992349936879,599.4803131530641,103.29076828734566,115.27240332140991
998.573697781836,615.4812463638336,110.03413948010943,112.20966116109706
954.6571362685222,627.2467698059019,118.30663781202993,106.8556486788097
973.7807603077215,614.1757914611682,124.65535409338145,104.3592599099554
908.6296342947902,633.8534788672025,138.26362670310232,96.35417533943621
926.2990716458186,645.0289724432461,143.82279033964878,91.90173117108563
938.8010536873419,619.0317561817319,142.4627423645178,95.67428053794549
890.7969909877938,582.6146110161246,142.5158408693572,96.22215429692316
831.4637930457369,608.1514624648925,146.13869568556012,94.76962134926093
837.7839852748859,587.6843317839288,145.02753119078218,97.48676895799012
845.4405413098092,607.2985227770203,144.9805506829712,98.26904551328361
898.4374550869157,587.637098484474,144.50308426433156,100.43448878158301
954.0657743197291,555.3102664989623,142.95031156746063,104.8261393134463
1023.8135709204095,564.3436908087695,143.87852084636853,107.19717399794189
1090.8975674164244,574.828888403013,146.83253380884597,108.40933995955129
1116.42930755367,591.2716258884666,149.34996122717058,111.29515357910985
1118.728116950301,596.0985771076193,152.08110772908285,111.81603161402307
1124.4285183139336,600.2359861519735,153.1320700680071,112.54256260864489
1126.685808173771,604.5447235169664,153.9626585958743,111.88083331292879
1095.1311404536268,559.3223051378608,153.34659311084476,117.17386380328468
1120.965749562662,510.17117937466685,150.62986087095797,124.10736020167272
1127.2412540898215,511.41354995314975,152.68209075352877,126.47409984297948
1083.8856049463138,524.6271127042203,160.46942059711728,125.48484164107472
1105.6663174797939,535.0833955716803,162.80309041983188,128.7681294805868
1121.2848778561595,534.2061239399369,162.72224007200649,133.97861984831053
1128.3648788001037,535.3878564549616,161.60560006456706,138.1580525752192
1131.3517896079545,548.6467527756189,159.52343246983813,143.0084965590904
1088.2782985162128,564.3590613750299,164.3896038430117,144.04205901341433
1112.6742239225634,572.8456850257622,165.20680844139403,143.497922114687
1125.629640463153,572.4337029238061,165.10069441505647,142.9885846448816
1101.6081904158414,577.1001349125929,168.210704086364,142.50129092546658
1125.5418638634965,574.4756231412048,166.0231861071147,145.1269139210236
1142.7790464565096,563.6670047813593,160.92601101831582,150.2315704647371
1158.6615284383663,546.9522333015457,158.329407276954,153.11745207677257
1167.5363701344615,462.62720470666346,156.07033877665873,157.7753893954097
1171.2705892283163,466.20048118382454,155.52722667369522,159.07964020423216
1090.2065760844773,482.1087873635114,157.68029065077639,158.71994542010088
1108.7362528200647,488.19017863439797,158.30510004736394,159.16463392642387
1128.1933856414696,489.17351506119843,158.43977211258223,161.1435804464294
1135.5549955055608,488.2270837967905,158.15333132312733,162.46908979525833
1142.675311409338,483.3641584598539,157.5301067876675,164.38708702690593
1152.7219744679148,473.0976502704953,157.1362991597212,165.2603239883537
1122.3535723895025,364.69111110460165,155.43422251884374,169.5255188126044
1140.961010519776,274.0143584742716,153.92273410258187,172.53026313043404
1141.1747673586206,289.51488976945575,154.40519870677235,173.3863013541973
1143.2734529717839,297.375779123762,154.86583499738902,174.11400882600796
1142.4733471995323,311.06133802749594,155.44824656085893,174.44322167349003
1141.2316704601708,323.61911118744194,155.81887824904365,174.91164452575063
1144.4774385174192,328.5593890082816,156.07120841894388,175.33089137667673
1146.3307235383986,340.61842144943853,156.05742527775305,175.31173112515967
1150.6731256205023,351.82696844826614,156.09638584666084,175.44549290151284
1152.146824219683,366.0687316530814,156.20130877079671,175.71120585564648
1151.3869689882042,382.8469755895816,156.34586142268273,175.84958218997718
1151.3348759277933,399.6238340326755,156.41647556548656,175.9171340870842
1150.1315960612271,417.35120567436616,156.6936696098925,176.27165718037614
1155.2648726957968,429.5164157467587,156.6769510881046,177.19021842893846
1160.189576995111,441.15108884567525,156.6429920142492,177.85906555247095
1097.5784538759333,448.26020436091835,158.25093083780138,177.12241844616113
1111.3573547901087,461.5408077959552,159.5028869628374,177.12049071201653
1129.645068468368,469.42904822192287,159.9781044101892,178.1048430494294
1146.9689054855567,391.87367610389634,157.77813285675416,182.96068471004412
1153.9350767859842,465.71853984794666,156.53368509418868,185.85674709227692
1092.7915095201233,386.8803454498539,157.70005328865474,189.36102057873254
1100.4621782115937,462.3408801856076,159.86846885691418,191.3902147243295
1109.8023491352824,477.380925978249,161.5327415851149,192.4865090700576
1121.9181913110137,378.65284679453214,159.95254735752394,197.7164878580531
1048.063752744034,435.62304533768054,166.41965209879146,195.88618611506672
1058.8620116512122,442.17236205041075,169.91762441966756,196.985373628126
1063.258260877224,451.5999063912745,174.02210929207308,198.4886402802409
1060.480739291001,459.2885151401278,178.21384736090724,199.24303896178674
1062.5624053372378,467.14534884575016,181.87269122266355,201.4694354741284
1002.499613162238,480.11707383200246,185.60761808369475,200.75185991967152
1029.9211250587925,448.0487198456264,186.6544561177458,205.59002215637102
1049.6246619705128,466.09885218618246,189.76291727695713,207.12997324389485
1059.3092480114387,475.8495233611214,191.86244429326842,208.65333783173574
1085.0704872262445,415.67644785359425,192.05266404287573,213.77244811067857
1012.869638136842,449.7464937416722,199.96774166199376,211.7822396035817
1054.471730741696,472.77072748501837,201.54154610224614,212.9387099797493
1083.8532452125257,400.67087521668765,200.78269946652924,218.553986887462
1005.9259482648287,432.04978992803086,204.23312097129627,217.70173352606514
885.9175770570803,457.1946785394833,205.4338175595221,217.12705708780516
761.3550169241146,484.91871706182866,211.91247579466142,212.70521558786064
713.4333889226775,437.16720405539525,212.67779196281583,213.91070760595764
563.9517036574288,299.71145014810963,209.90993871030213,221.23204052461364
527.4775998576301,246.4849665501065,208.99114091691058,222.33769135600983
543.5353790957179,264.2200897549276,208.05076573020182,222.8628334713266
546.7826594710159,275.81494732220034,207.08800804717464,225.0179593690592
519.6825482148495,278.7383498372427,207.43221856830462,223.06059984905238
539.7229887195822,268.98649238553196,205.70022336574186,224.50976453768237
557.8872624260831,230.10626909348167,205.49596088709472,224.97435936133763
513.9889126661114,248.76531218010066,208.9155543754446,221.53026847605264
526.5402754364748,267.88616657777123,207.64697708061678,222.59467211169886
494.6578190804368,277.7291591102847,204.0913516897475,223.00718090833846
508.800147739869,285.4863041519102,198.60231246327342,229.3299230570373
518.5155268080154,298.2673424181643,199.20560108994567,233.27875664011952
527.6960217146909,288.15981327500117,198.42463633998645,235.836517281358
510.3002901256156,245.2200370390382,196.402271977457,234.4515593382801
537.6007972640435,263.3998647190182,198.16366636839393,230.82817013857155
511.27298421122106,273.84766510612997,200.9249814007684,223.89890395495797
527.2888139239785,281.4138424088676,202.33809237621227,221.86396336958325
539.9410620697112,290.7653067655848,201.3830407301667,224.6421154025673
554.6672225021567,255.4599222763037,204.0457085441547,221.34399620838357
516.3829946219339,275.74433640661084,207.48314118204047,215.3757581412496
539.1568792339203,287.6994196715431,204.6003977670294,215.47018000569804
507.0691658167956,294.437459643846,203.49369791524094,214.24578830442098
537.2914551925727,308.31611197031265,203.42239872378383,214.57385087896614
513.5404981139121,308.06104325659976,201.93095097470996,214.64983790441067
523.9611395973375,313.53902706260294,202.96261391942218,215.99012309424822
538.60121466194,310.3915958283485,203.29396301428312,216.62910122114238
565.5729432705828,301.4647161425138,205.65954397063075,216.14241813979066
530.7066754217993,299.8392356177251,209.73002444005132,214.16843485423993
539.5915406006638,297.21545350261954,208.5669968038849,216.60617484412256
554.071740335564,253.28068697818,209.7650687039145,214.24923898673802
561.1715478764298,270.6355034126187,211.99617111746176,212.76372229851586
571.7184567557846,239.72532255528927,214.90013856420182,211.688076115881
525.6168664044424,265.3122014858771,212.90379112671053,210.7335652624204
540.0129417704227,271.94930454277153,214.9039138960177,210.1150496881665
558.4372970947477,249.0429611539195,217.51826511818604,208.07528784851132
571.343027356471,263.2793388313069,220.31229736267173,207.53249468844658
515.6440943084756,283.95861220552246,225.1979405125927,204.3384956021531
542.102717362069,245.86480213101464,224.90267328320502,205.33017469222787
543.8390112948592,258.60372977639133,225.93249851771517,204.3208318137601
489.37811990426576,268.3443626928315,226.2537271818466,201.0241192619247
516.5119042895512,278.81964917691084,221.54884126127297,204.40323957722188
535.5860333025246,251.56592073210217,223.3736503307262,204.30582716491432
544.9573240631497,228.00688110369902,227.59431989240332,202.31801430667846
472.48903954825647,261.6989651601215,234.89239592048386,198.6244479700264
486.9875034133005,272.27100323632806,237.28287898941173,198.035759256429
508.80878366026457,282.33581324737816,237.6346215463779,198.46379823088495
509.3691675840015,248.8818722511674,239.09480511855554,198.95527292229656
423.3098882915186,264.9680374308251,241.89273147755864,197.21071274696988
490.3908766346781,271.9474655284786,243.98210233665333,197.46319910995348
499.07268383238386,252.93793990344145,247.79736672158853,197.31859828448574
500.60864827122225,263.8099146496968,249.09494000372462,199.19500478154637
392.25545123003224,247.33838791870804,253.01023675105827,196.6435643043672
460.555979267478,256.90902406151287,254.13051862302464,197.55833072896476
538.5639091033077,269.0522249589417,254.89416930726884,198.65808593502686
417.80734117428665,288.58099443167663,261.64679404857515,195.7143408212553
485.98442967434903,257.084417458095,261.82935304145366,197.61191346839553
487.61018336169616,267.4715257338639,261.3829054311279,200.0441424704066
502.6374236815678,271.01262005843546,262.70902003427625,201.51031201779318
508.5226262219618,283.8601516534116,264.62230126570427,202.88359412685313
391.3720826003575,256.02931602342113,269.7116055196608,200.01820478434834
464.2667309723056,269.56641005013637,269.8047899493884,200.8721232215811
488.6853874138307,276.41614381418856,270.04425899327146,201.19943564742812
362.244939621307,248.74875899463208,274.8642888750595,197.70293473420446
398.3999343014344,210.5938672648794,270.34444329009807,202.07814976487597
406.96873639623493,252.38186670301081,268.6726427281267,202.31274887757874
423.06073764431426,215.63318667298327,268.3882411731268,203.2427595190906
335.93625852007983,260.57297090503175,269.23100670154616,202.3014487877943
369.72670450906,247.85745841623418,263.0978250052645,207.35938392739624
281.818607031453,211.32541327339442,265.7383611665147,207.67382680311252
325.82929800849513,246.42370186036425,266.36225396504915,211.619265508781
231.79773728560315,207.53191313856604,271.60279267677345,213.68871132615382
253.48841517293903,154.31128453835248,270.56557872130054,223.53884551823975
265.8320737280981,194.21655542558506,274.6710315867166,225.10827964829795
281.0266529964588,229.83210653931016,277.1128880479391,225.96371380321153
145.39062127707408,195.33887548498677,292.1121477769772,224.37490218907024
186.258306087052,125.8209976839606,293.19723619410115,228.16416482773894
194.30509662122705,158.7955984802394,303.47351143933656,222.29343170991794
221.18148439465457,191.69778575980442,308.4694293312389,222.25504696204217
239.11038606224764,221.27635134337137,311.22343664344226,223.6290515677469
250.2197997963617,237.42707294205667,314.75101083551556,224.61789510003248
157.875064131552,199.97526410999234,326.5110178840936,221.8627407931151
187.0546371651756,232.37301117728612,336.614700285683,218.12140430163296
218.8622550289701,190.15064190254895,334.69977221634457,221.36248209572867
141.29830644906315,228.80542329048697,347.01926442940976,218.15160338429524
197.63620927305612,187.01909057996943,346.8144385145714,222.15162107221408
136.99801460647058,227.43307891914563,363.77636986228595,214.90498853702826
146.1106219403661,257.6874597100193,373.9866001132743,210.97064131535097
169.91061269178806,271.88510947235125,377.1338827643259,211.88338027814865
123.72860771715744,219.59599939595824,382.62264004674967,218.05904332845788
137.68850626540444,259.3560357687625,389.60308271566646,217.79968126330016
140.33631637912646,280.7708194151692,394.98378312404043,217.09919090873015
116.25003615533376,227.3719421319483,400.40568544882717,226.19252942054152
126.3056336679044,269.4517111715867,408.4574090268017,224.8343312798061
126.44344180530922,286.8744993269088,411.9392971235439,228.07650731605727
152.2220152079531,248.86514076671529,409.1899924313055,235.21264821703676
144.89738332981437,280.72430326575477,411.23153294632414,234.9577294433094
110.1806497805913,224.92787926935216,414.44408603667796,245.95406864378876
122.06354290844664,268.99845113544035,418.97967139685096,250.0768829699797
110.92540663921702,300.0968153226577,423.4970983168143,251.89224800899314
132.7697703668099,228.19989920486452,411.00310590223796,269.05329398390774
134.40418474569287,282.3387684692559,414.8892418978543,267.1607085770545
158.62991764366612,240.67277072537593,408.61506363342227,276.7505046526047
95.29549933180601,275.6744312628832,420.65758398915455,280.8101256694601
85.54265178092447,310.5277333225001,435.36471832217455,278.1097189386599
90.91911778470629,260.43738352663206,434.39261658256856,294.45486744847085
76.3586864926342,301.2056565138497,445.93973536660883,299.30566995863114
106.96530543750583,219.68711775399333,437.9934707939241,324.6311087858028
94.19962148279478,274.7199858847205,446.94368393178877,334.1157780327838
117.1691409092677,208.85967452676903,449.94425087096715,355.22896991947187
119.39354763051114,244.7854418048804,463.442409885983,360.94745469443865
103.13856103314356,278.74329780587874,469.5225199854659,367.1365446280096
125.17825241495552,200.0089848154549,466.3245617938685,396.6067209519917
53.91125137644258,242.29925693684942,483.02233214258956,403.5604892634526
68.63299639719278,168.06601766268093,483.04900054277226,426.7227275110088
72.4339503513745,199.32377481675417,489.6965429267202,440.736006415215
75.3325546019656,246.37264010440543,503.6131358864589,443.84685612124474
114.53059433101265,136.91033601841525,504.7149705452516,466.96121749867416
131.54928983335788,143.12490419230252,516.0341005703882,480.87754063672827
133.750309021867,149.1625484801881,532.9771164705581,486.8212301368268
142.05172875349734,148.71802712913154,544.1333652854746,492.29006580361477
125.57008561760517,161.54121988990607,561.8197664720658,494.4885592963892
127.05078877909392,152.1318992579557,572.7744348089786,504.270872460217
125.31947920096576,149.48621809879512,582.5589016340937,517.9603020084337
128.4742894141749,41.14131413140143,598.9243813904974,526.3965379275278
183.53893251777413,87.51330921606171,625.7481756296544,533.1839713185078
194.56182383136496,93.92732586032173,646.6342190947488,542.1761861041682
243.91388288901777,11.655385131927574,687.9061149816822,538.6617067910797
139.25814126100562,77.47124115976902,713.7712679628402,547.8684277861751
122.07471379158466,98.7975171217123,739.0190091928444,559.0602722363105
135.77190788541213,98.86037758404603,761.2857053303819,570.5385364626836
122.81727378929207,109.30651883647289,786.2438067835925,581.6093347937452
175.06561412553577,54.450634364394034,840.5182606714878,574.3073880360134
169.31960248795542,47.136579840107515,859.8863764519158,587.3469136865334
181.46245385784863,50.019810759174675,849.1689381702525,580.0969684663017
189.61110658370126,51.896912934979866,845.0511539337908,577.314283885276
206.61903508806483,62.02471996971286,824.795501690804,563.604984085349
217.69666663572895,64.66479369815693,818.2769990368128,559.1977887067319
213.32822906415197,72.7784394565943,870.3780774196468,559.4443451953869
211.9303700114409,69.74803289257449,885.4704166524605,568.9021911737971
181.97579003514505,49.41677010545902,901.2866973172123,578.5426840178053
192.95091061358875,40.543216214929544,895.2947272770472,574.8889458131513
217.48095978781834,46.71959435803757,881.1453162024696,566.0221770325101
242.50627968531649,52.07927184390917,875.5771541437587,562.5298932671676
266.8900008559782,56.8281824637084,864.9314259663881,555.8331722703641
289.69318850842967,55.657228136327944,862.4928038059973,554.337823960389
316.16828232602364,61.542361667102,853.7788874057572,549.0287894821947
339.0528457415167,78.83582907324484,808.2487770100489,520.220720574229
337.1841133205736,115.56124089888414,834.7214343956734,528.3962102129843
190.80226766638503,159.12586840497926,880.1238454177859,525.7355960584466
170.2491932406877,162.87643521188681,873.893461796555,522.1817823765028
268.5071245323122,118.81512228542914,926.8681335217223,531.0685979399155
256.6454133343766,117.35155241203455,939.0451427662956,537.730692760985
259.08246733208546,116.33335620118385,932.0731673007899,533.8618595640687
260.7338898897885,120.62411613022817,923.9789145176381,529.4573683319489
268.6286023184513,125.62881696645667,911.2058967032889,522.4577606394071
280.13242639230725,129.2297486107168,901.2280365953777,517.0277743693723
288.87314896519257,134.21835218468914,893.2479028644308,512.7162642140765
310.8085461535943,145.31707473225032,894.0253352290181,530.1805985911997
305.29247791297774,130.21747425726522,907.5873657205397,537.8706485930584
309.67248374926925,130.17369761621586,895.6494605970769,531.0310675189963
308.51632633664235,134.18798402891065,884.8158437278794,524.9168061401496
315.9718787767142,136.02089114420886,875.1668850841254,519.5146906976929
193.065072484231,180.78393402041831,926.7933695480601,515.0275245905517
210.9612650623597,187.6185450457071,908.4630435930206,505.30689916391304
257.50602575769165,134.59368362755993,937.9254123774228,523.41651134338
278.201977212491,141.9322820079292,929.9797735395516,519.1442666243876
295.3045911352081,143.92061973463956,920.6751868876573,514.2399204743779
302.53231710540757,140.46955050943694,916.9583123619437,512.2971716043322
312.7524779764624,138.59182712223537,912.7851682316582,510.1147588960828
320.30827132420643,145.68582622524423,897.3049859022503,501.7673771115018
308.1128310802561,179.5641138239551,899.3195133127397,510.41181065701494
300.8802527135309,162.64400654346133,909.7217569909503,520.5421788379905
308.43326817076627,154.35294304981426,905.3222802189885,518.1104551701419
321.1573932089006,150.22939521805955,895.3198418574328,512.6645540651505
314.9156244463654,187.73311700001807,895.3464595464284,512.8474969546118
337.4553925566081,147.48492697035283,891.8630678097068,534.7721577497576
345.6593314446185,140.55890910947204,886.9712300246892,531.9889462935541
359.96200728029424,145.21365978229812,872.2783248634724,523.5984916652678
203.57200015286764,181.88660221987647,924.7112236827572,517.4792705425872
239.85734840130158,190.1857840840164,907.1602354138129,507.79909423356787
264.6430040416609,162.6456057022413,936.6773327138317,520.7645008468647
273.85671397299757,190.43503877064683,925.6060359268688,514.8141631248025
291.884302682917,205.02147343750028,902.9302002933318,502.8412324675843
321.3728054361608,178.1410035970389,905.2253678145908,516.5586674418089
325.7037538427402,205.15940412466455,866.6315314483438,495.03946250371246
342.9430826371981,166.7056755979856,879.2841006518,508.64657319349396
351.2320299256154,182.7939962523326,875.1597468518753,515.9957999888823
357.3152032291306,227.14632638229375,874.6531340297643,511.2063085857103
321.82661762573196,186.1554720641911,888.7491686600802,515.0501996598213
358.4906401457371,202.29942227622456,876.5897002118427,526.5717208365589
386.57695306167153,211.10443802415102,856.5318819932264,515.0607778743628
173.72189385615297,180.4411849101905,905.5718873598112,514.3716895359645
164.11883637896614,174.44489077692748,923.3805997685862,524.1686550804956
162.81082100495473,174.1614085375582,928.769933691206,527.1102516662254
166.15609065709225,172.12670123979177,928.4410248041615,526.9318241188572
171.93101715871688,172.73780053639382,924.5079393838431,524.7883130583333
180.73506869790907,174.5707272972296,918.2482082767693,521.3818752908448
185.3369577690451,171.21405987077503,918.6273262094081,521.5870023570137
194.0784345571929,167.83832531645146,913.6990091903837,518.907875166602
201.7380492812713,158.64025525453212,910.943093263965,517.430087971297
209.06323774287915,155.28619194188605,907.336468575501,515.4931825699529
216.52244240174753,156.20937372444683,902.5270887122733,512.9035066797667
224.6139013380797,150.1779968816564,896.9727004258002,509.9055176491966
319.30074997443,209.22817068572124,921.3849501860341,518.2761662565963
318.9048466264398,202.32698221053192,939.4690791159204,527.873169998621
320.12220910761494,190.6171416717437,954.8437896600753,536.053719659336
324.6357810251635,182.48002305092587,964.0967921459519,540.9846639437559
333.0205017923006,171.97931887796528,962.1482972525334,539.9395481216775
343.11141253283193,163.54937522823678,955.1739737962386,536.2032536267201
355.93322152063854,164.65018866527316,939.2466006158163,527.5983347950624
371.0895354137538,170.70800955912887,916.9252199316173,515.4534905686361
384.9060021959401,171.0758473247137,897.9464974566117,505.1912145226565
175.3465676434322,229.55935607917834,936.4539003448833,499.8678834789367
183.49720221160527,233.8131308396622,936.3772768081427,499.83104957835525
191.26494565653263,249.03998581127405,935.8813233982339,499.59085034367763
202.179994296139,263.38882675748755,931.5184198426847,497.39234165316446
207.7735811194313,275.0467328208231,932.2858172967707,497.7712278301967
230.8693537884592,309.1805601187523,903.3958590409845,482.90777083709855
279.9567179685699,221.0441350339221,919.3251486408584,494.7305447897795
153.90862688936772,188.75813388922245,956.5226441341345,501.86153390170557
157.1307285915433,204.0271777154413,950.8898718936612,499.04498145886356
162.2971139326126,211.37243299763804,939.8349577529533,493.47229277562167
162.9617577217923,213.8290308955902,939.7929744295614,493.4511236256481
167.27211308789686,214.91340844205018,934.8524219370022,491.0085609770564
234.86425952877556,257.02722107901013,950.165140959146,500.0069743432775
247.82640431390496,263.04625159801947,927.3424662733914,488.41944431111807
156.09220100619387,220.43373062191412,955.5905159605262,504.5135952399357
157.30077205970133,219.88887537213319,969.554973099559,511.48429439368675
166.08397544804905,222.24372949178445,981.3781552270566,517.4522810007102
169.01473328391126,228.92510871939544,991.384269319919,522.3690557514967
190.50587346878467,266.6535160718162,965.4102572914769,509.06543403237004
206.51521476531633,271.099120781315,938.2912690660702,495.28138048082144
219.92829722850382,271.585949832894,915.7025712672174,483.8214430327292
227.42594019930834,214.57756893125463,939.1754789350055,499.2667606707091
242.83138126599266,224.08245883149652,934.9397924745807,497.0830859429677
250.27887874996281,227.42404633485864,928.4704958545581,493.7660281583461
218.9518707570387,262.6634937152877,944.4133750385781,489.93456970774105
225.6540079419663,245.68271639983357,946.3814294194534,490.89441655575376
238.08969372538036,235.12013513586516,940.9889082698751,488.2548494261795
197.07337922412637,303.4455927981916,971.2148910112255,480.1390697653077
241.22122475691526,322.97849369784853,926.1509933267455,458.0499545788213
215.7398847928514,291.57183728248066,952.0380733085797,458.85250367715923
147.91597106542366,250.0722534617173,980.4937742971002,481.66293070513643
142.22413295425883,252.30696389976896,977.4222433555365,480.2414582307771
147.33105526467443,249.05114851050976,974.4672257639561,478.9014731636077
151.65977840151493,244.2103107040402,971.7772779091281,477.6875458068741
158.62731136703542,237.9348138880522,967.5843186185198,475.78863584556154
141.4224647719152,285.52577664206797,1008.5082482579926,474.05702160227133
163.22284260329786,302.44201779918296,1003.3034930743772,471.7171913701091
184.38581123106627,304.26798214350134,975.5982106683961,459.1802554389541
116.7725775791713,252.57645476291256,1004.4168208899732,477.15417134998785
114.55596340334733,236.87335093841833,1018.8791416248181,483.7138218623806
117.1839679167208,224.940146061163,1028.2426974654663,487.9284941334236
124.9415723421672,213.0948951743327,1033.2155931269458,490.10782959733706
133.11104041483725,202.01170588962697,1033.9678775069117,490.4338016437724
139.41790865352834,192.1585152081555,1036.118542322706,491.3751005948367
146.33704210094743,183.7244850224384,1036.1104156693555,491.37155418454415
155.75344682679497,172.03917238468057,1035.802408117728,491.2374811948039
164.6555357383496,168.09472836379362,1032.6165323470339,489.83187436737563
176.87443622366834,159.7918191295763,1030.6202655839581,488.94634036403056
191.6005243887979,154.82146716213137,1026.1732148251226,486.9661869520177
199.1476134376943,153.46475048547947,1023.9447912828593,485.9861350152748
212.36535452250712,149.0563330618498,1020.5331057354424,484.4688439532544
223.06795962581566,145.96710069027276,1017.3159396187959,483.0328194789657
234.59994021592155,143.37978449712125,1015.6076822580393,482.27288251395225
237.3502949830509,141.56980081808842,1016.9517806264397,482.8730795276066
248.4040076395504,137.9760916458493,1016.8936586836387,482.84728356851997
252.5350909255415,134.49405338849974,1018.6830477151644,483.643070297909
262.3214029231337,131.7688102556812,1019.1170929522058,483.8365473727088
269.4669054150658,124.23997665407595,1023.9271649504943,486.0005279659753
277.05274224694483,120.48661008612359,1026.507049245144,487.1672335255236
281.883446035161,111.59360517783881,1034.0930399851025,490.55887333063583
287.53687031312563,109.65314839742237,1039.1185471987737,492.8460967251455
291.2132305867856,102.9739183658649,1048.3187473759172,497.01834861896907
293.08369173463154,97.33329155370623,1059.8076008168764,502.2651506609861
298.41716839300557,90.60074600878573,1072.2626711952255,507.84858579494926
305.64775658829865,85.38994105373521,1077.5149373893005,510.22193900367853
312.4154505184108,80.62103325680363,1081.509069038219,512.0439878710254
312.95407454683846,79.27109357833075,1090.2095009053148,515.9770685026928
320.22002793624677,74.24424635460963,1092.6684025683812,517.098666964422
324.2361815450856,69.80376575661114,1101.4067173037515,521.1392192344839
332.3279537587539,69.51599968515387,1103.2454324459586,521.9947254062185
368.97944093087585,74.57154158209579,1079.4443082599255,510.85883382501777
378.3069824713938,72.37744397298991,1078.119742204334,510.24465179598235
389.0767458923027,72.81286331101484,1070.5068316407364,506.65323278613266
396.83561152058246,72.29594631812759,1063.1260997997774,503.2573035787016
399.6452586419475,75.90007009205593,1062.7479444057801,503.0793879803943
407.59580054418313,74.83881272570906,1054.6708080572482,499.4168879973677
406.401132298863,72.33960615428603,1073.3971504034187,508.15399545885003
403.36184152416047,70.39198245295421,1081.91615659411,512.1062171373579
411.5439038041469,68.6556478391866,1078.1133876249573,510.3706639681627
425.02433395021535,69.09141872572499,1073.7593729782745,508.3613246366844
436.4293252306295,70.57365748457488,1068.810806971334,506.0531576735491
439.95810227225456,66.60204022660358,1065.6538448810402,504.59618166626177
444.8631087137984,65.53892936720976,1060.8432799181435,502.3995391829855
454.9992986738232,66.58777089576165,1055.5221121226555,499.9641332274134
474.9887117475954,66.6593736031297,1041.7621874215963,493.65459595828514
488.22246592862314,71.46148025154119,1029.5317585897913,487.939804860381
497.81709970985855,73.89186249197527,1029.8202174004673,488.07049257408715
499.8266159681664,74.50015178505737,1037.0929862764144,491.4086895563669
497.4287400903861,75.51531088514241,1050.1027224838697,497.3583855865195
503.4048470946003,80.99025941856704,1047.0986261896699,496.0070606574579
511.2339028166765,96.53217550348151,1044.5419539737256,494.874536670473
531.4722346512089,104.15011339372785,1039.5381491240967,492.6218698541704
548.4036606769407,109.87076695996922,1041.6049946650605,493.56431934424245
558.4059015122411,115.98971714671637,1045.865075165735,495.51512549641564
549.5220989881807,111.66613053791303,1066.4611233656155,504.8160962541614
545.8387645720718,110.00113316771262,1059.3194383111913,501.49362205040313
572.1706951869904,117.5997510258068,1027.0562155715654,486.6148705429301
605.2547040423075,128.28742995078815,1003.8297412297741,475.8919058237729
660.3249465586556,148.84654897762962,940.0529064214181,446.1629052415428
184.40553131954846,60.98395737299455,944.1995271997578,515.553621147673
195.06163680597496,74.44017752087922,934.1657729073228,510.1579143969217
216.29003523349405,83.7594878775106,911.8190510342143,497.99906100995383
79.247045114186,-15.39208380765578,928.9002628962699,508.2643739849099
85.07798130537077,-5.232507949999729,927.4291761997625,507.48488713132195
91.42586700413608,0.6671688912198306,921.6081089979905,504.37915799039826
93.01221198547847,1.9172921287660643,929.3717045798738,508.4493542556786
101.23613507757204,7.318103191864594,926.5354773988624,506.97604167672563
111.19290910446483,10.475506918845184,924.6568044488846,506.00599202373024
126.34936721876221,20.031773539295727,913.8292924075898,500.28213101827305
71.10294864375487,19.616912784514625,933.8448977065539,512.8721194619625
67.12029796285606,13.95953157499099,949.9483338820357,521.314445838164
67.24769306091895,10.33038434777012,958.1872145324436,525.6311206598548
67.95241908649211,8.921148896640545,963.3245510949246,528.3121125159156
67.55358934352978,11.303088635892948,969.4884854370562,531.5690383362236
70.52319293650027,13.345477582408478,976.0761051246542,535.091157632115
74.48439216686063,14.663892048859395,978.7720656064009,536.5213725743592
80.19823379990692,17.69775139131451,978.3281678944884,536.2861030140031
82.51173197998042,21.358671946315894,979.2390327951836,536.7659681730318
84.58329490103307,23.807209740834423,982.7137468564216,538.6040361704013
87.35549441679564,24.104125713612575,989.4839006726911,542.1705500683028
87.00722862666191,24.398914988585375,995.7101892945893,545.4720185980892
81.36910712302472,27.87703860237758,1000.6017558266392,548.0624255385812
84.99403543706086,30.941663802180358,1001.1348436450406,548.3412080143371
89.93298642661273,31.52472345736311,1001.5795723003948,548.5731926732752
95.61616170910827,31.7475443607604,1001.7097707259688,548.6405287669481
100.68178762489737,30.955223492314417,1001.6756367614474,548.6227352491649
104.1121058193695,30.535689706188577,1003.6640987582914,549.6558448770421
109.55364839301677,30.74998578002021,1003.4914987539825,549.5664087525395
112.78038337869299,30.7576931505439,1005.5348509896229,550.6236323354186
117.0064288605297,28.6082713345956,1006.76873258512,551.2596565179581
120.80149304312272,26.637158746106024,1008.5429462561438,552.181339279829
124.40622865640125,26.977665127281682,1009.4819217809784,552.6685199441355
128.17153575893195,26.1826837768499,1010.491148754751,553.192505323164
132.5126469875376,25.264324154475617,1011.7311524899841,553.8338976501592
137.98335094716288,25.412391508249755,1012.295063880719,554.1257023476768
144.05065555553188,24.864519258062444,1013.3047034461615,554.6505333680286
150.8944692488002,23.47661000128727,1014.7801761745825,555.4178579024328
159.0909676487978,23.961110204061868,1014.0002377501487,555.0115355561387
165.84764049151477,23.766532059979625,1014.9607172340752,555.5137371237385
170.2661237801443,22.99795849022786,1019.7385462515197,558.0046388384758
171.23492497401207,20.528674493474398,1027.5379235510918,562.0855170270645
171.71875097058967,19.59816461175103,1035.6119284125211,566.3434580234406
172.25142978716394,19.402651629942113,1042.7181998365284,570.0763995682285
171.45846698642015,19.351657244971875,1050.9928539507573,574.4115005832631
164.5905961967187,17.298844477720877,1065.5611652832513,582.1069117161595
160.98865599723467,13.209944704074303,1077.2492474288822,588.2502898382866
157.72057102775943,8.617425317991433,1089.7474734452042,594.8267843133466
153.1237556398006,7.55166731720476,1099.337131072746,599.9198196914194
151.8077012472246,5.493468840221851,1107.2657457634098,604.116759262342
152.17239187055918,6.796946698963154,1108.9727875105582,605.0206840226446
153.83595652962447,9.05105244540107,1110.1927710853595,605.6624035888776
152.44890893905233,8.196137131526655,1116.1033605801417,608.7887972356656
157.58010976590538,10.829281592002815,1113.0262727144216,607.1737820271118
163.7478707407122,11.8262332567042,1110.4575106823,605.8199454903548
171.00353940074388,15.343946711015121,1106.358732571144,603.6663165524823
175.42842354700235,17.376052449309327,1102.8644806072134,601.8314970600075
182.69558073923304,18.306278220759907,1099.5381399132355,600.0708899014875
190.09665486172355,20.916453308574603,1093.891122730439,597.0925371518085
196.26865228557222,22.72216024279237,1088.8309563777973,594.4180285510434
209.35894524292019,27.387651774065603,1076.3568582839443,587.8146804290574
222.09944151239517,33.35249279903741,1063.595107270239,581.0429428255874
233.0027845915007,40.113761005417075,1052.837840244771,575.360254488154
242.68412018384356,45.14441500178549,1044.8561774185375,571.1373097824343
250.6176716852575,49.378559836493366,1038.297575051052,567.6727724535004
260.06492595454426,54.860708855259645,1029.0958489370448,562.8129523058624
270.108265745015,63.758951010539874,1016.2340000436187,555.9909811317976
277.17581096076844,69.96165596829883,1006.7421125064277,550.9818243064849
283.0513854549938,75.0630453003792,998.7583960236673,546.7739096781032
289.4893845515042,79.39872164188478,992.9500288688017,543.6872117956273
292.7012774453348,85.22342349489867,988.7486157819893,541.4567980971351
295.84477311489974,87.64125708029928,987.4365906572572,540.7612288372975
296.6923619950833,90.01822584762783,990.7931269755379,542.54241307018
295.7945682286481,94.82453532437029,992.155123641959,543.2687744835597
289.5376948735984,95.06088976574222,1003.0461392258587,549.056022381197
285.72295827322307,97.74543762237715,1007.0673173163425,551.1957633090135
282.26159585035737,100.89040118501276,1011.3354208876215,553.4601776576596
280.8649260812528,103.64189608831401,1012.3629590486468,554.0049160216172
278.4088393445881,107.07070858416193,1017.0951391253071,556.5155590203941
274.07948333977845,108.11640125257884,1024.0819194250962,560.2252378819717
272.85997446990996,115.31577323259353,1020.8613208596996,558.5103110269728
275.80050178264344,121.56877204860882,1019.1143313967111,557.5875916604672
278.4942097721543,124.85524090417346,1014.2749291799156,555.0210120584592
286.9346791399865,132.07653657921787,1007.4156749857283,551.3940966991584
292.868017136137,138.8629521818582,1001.3797525901763,548.1891758039171
296.36465603240515,142.83715704379017,1001.4475709890462,548.2249585753242
299.94790928475317,151.1491002901613,997.5160255660277,546.1519857356177
310.78983019843923,158.72976304825374,986.9004555258033,540.5362143129214
313.39570521581624,166.7494780718667,983.0778019688881,538.509973386251
316.9026040655094,173.1006679910816,978.4647051164968,536.0694677692625
321.8208086158682,182.81532264107534,972.9786974060352,533.2001035232166
322.202597430333,190.6070796192024,969.1979381403252,531.2108067021741
325.7608160613954,198.44581212175518,964.238515019133,528.6010116631579
328.00328516630196,206.1252086833453,957.931999632047,525.2992429175152
325.85314990679933,213.13244984533588,953.5067207385277,522.9960158848496
326.3486224443359,223.58246305837724,947.9511423165366,520.0967143113213
327.6237153749682,234.0601912633901,943.5477395180641,517.804114115924
329.36746453769723,242.07725384662945,938.8472550499895,515.3637695871714
329.66468188423653,250.61333341090506,933.767899524795,512.7229742627541
331.84070966986036,259.7742802182819,929.5575239726558,510.5316332852958
333.1796875362648,267.96366392861796,925.7585442958031,508.57324406152026
333.8412810601737,279.2335137184908,923.239530755075,507.2683019126846
335.8504279647113,293.3724098826204,920.3562792717179,505.8017015337442
339.6359365210807,303.42509848216787,915.9470380032828,503.55391333544117
341.6842318093196,314.362825224791,913.1420914255593,502.1215748442739
119.89607587496323,98.12022798768271,942.1745413546289,521.0990476924446
120.19816480851813,97.77365921832444,940.7132792282456,520.3483171497604
120.45178284763398,98.3477838490183,939.6108977517764,519.781689433879
121.01310527938978,102.44610596645504,937.8976995444995,518.9069448533639
120.26021629821315,107.41777991235676,935.7490499108882,517.8044372186195
120.87385753885576,113.32231847448759,933.8321745725425,516.81881734668
118.12197604589909,117.79734768793423,932.9422258375913,516.3634894711985
116.62909471931641,123.74084655732298,932.0630908904475,515.9102784400212
115.33283327657875,131.0086558995261,929.8936028261196,514.8010902851117
114.30185404059159,140.2434091625655,927.2757733544115,513.4598510622594
113.90676937370705,150.03180076331995,924.7019322603002,512.1417097420175
113.91214534381857,158.6081121350192,921.2115863672675,510.35594060747883
111.9161420787741,167.32395793971688,919.0912075905851,509.27697380930704
111.70115431001472,173.9267671102007,916.9856045580758,508.1906299381505
110.78637403769608,181.0372538223518,913.4337566516028,506.36921787772934
108.63733069824963,191.20944732935848,910.7228190183188,504.98939767270184
171.90047478359764,93.53402781431896,962.8047395846796,522.3058552338978
160.91488026921314,87.37156233992272,987.163983648897,534.6920472170775
137.9238157506312,79.48609396756405,993.9985732919524,538.1301739128129
127.19478864577542,71.66543100433665,994.3877416383674,538.3210077613426
123.10824415771788,68.48933295739818,994.3739973154313,538.3143942714505
121.1177726608691,70.10035513000037,994.3602074148322,538.3078326230196
120.58711800937851,72.72182313181213,994.3492000900105,538.3025434882445
120.25934064210009,72.76539543046601,994.3442142813641,538.300170234979
119.33520165655136,78.8278912749521,994.3189188891649,538.2881351562584
118.94399455012609,84.68195372064429,994.2898994150306,538.2742623391081
117.74249713342294,88.34995915381404,994.2712717994182,538.2653941431672
117.38306631720059,98.96976978820953,994.2396693604239,538.2501830440827
116.6839423276528,105.32197856953258,994.2258656355333,538.2435984450348
117.47458117355063,117.29331598073401,994.1319480795144,538.1978438943777
116.43296684949559,123.80536180853801,994.0757789187386,538.1705582257898
115.92026229697166,131.33710993571503,994.0164425716265,538.1419377961313
116.8527086600763,137.98556427807682,993.9959624012619,538.1321690039858
115.80343181772184,141.88430133355297,993.9518811309927,538.1108900286757
116.05196809037619,149.5372875069105,993.9075750642149,538.0896365934395
116.38375545966335,161.05414917699267,993.7248843069399,538.0003657342822
116.02628913425258,163.3659893148224,993.7119157693542,537.9941879865355
117.57506541574054,167.08421438446896,993.695915606742,537.9865163078877
117.12909604018199,176.0654348643663,993.6633173599813,537.9708385143855
117.82040879321124,181.4526243061955,993.6485172794388,537.9637777555732
118.72434868591165,196.03115462816572,993.4631314481933,537.8731780289479
119.94602060567178,205.36923722303612,993.2492552859923,537.7684266152744
119.27560831492951,204.1248216418149,993.241961168035,537.7649479671085
120.04385590961891,215.28096597939827,993.1553453621337,537.7230183612853
119.052676039885,211.6284856051172,993.1289638579838,537.7104343379171
119.30180295908684,227.11616809500958,993.0012408764561,537.6483511367833
121.97128144982668,235.90769546873457,992.9604462201372,537.6286987004031
124.99782063924238,249.8610942053512,992.7804288937634,537.5409255008996
123.80263442178295,253.56327026326733,992.6869565415652,537.4956081260859
121.38386634523391,260.37606226748903,992.5363104465704,537.4227058678425
115.80130737754291,267.3294718871741,991.7675366650478,537.0410967912585
102.26910113220873,276.07232748411235,991.7920300008656,537.0531618992092
92.32976398388882,281.5115978807604,996.7054536064145,539.5658467254921
78.00214145178927,280.04718748225406,1018.0892005987478,550.6061532816092
77.49217884471807,272.3663921210616,1031.433791272951,557.3323401531084
74.39828826456062,256.10202374944873,1039.954318443393,561.618342242591
50.604912111790895,239.86342770751526,1063.8447526106297,573.8644208625831
17.76905351460971,240.8931246658554,1063.9148817134796,573.8993721588241
0.7114738772252167,252.29657309858186,1063.6973968635793,573.7906069447614
-13.531056416539741,261.8606623647231,1062.5905595316872,573.2308523069255
-23.603654131913288,274.2602651991467,1058.2013414670325,570.9869855802381
-33.08439680394872,287.2664608803414,1056.0042848688975,569.8796420175073
-42.984858611684786,298.28758047055976,1055.5053731591436,569.6335237885655
-51.65516218535021,310.8856225223043,1054.9244179314283,569.3472384949389
-59.09679413151321,321.1660686293155,1052.7583827188084,568.2661844944993
-66.33048971300536,330.82489853674724,1051.242792718107,567.5120159001851
-73.8298245212116,343.56345786000963,1050.742607344439,567.2684232882784
-76.78486546119314,353.7933440596796,1050.216289058694,567.0115055560614
-76.52789247079227,362.39526173406284,1046.2119956436757,565.0105143013986
-74.9399421945269,371.1595995031181,1041.9443492790217,562.8888728487796
-74.66832118218588,378.4963856138724,1041.2865834342886,562.5685641818815
-72.34923627827152,384.37548887515214,1039.8457173383586,561.856438721699
-70.11539714783157,389.2866253339779,1035.1179673155139,559.4733293724992
-70.48969210873435,392.70705231527194,1032.1025460645217,557.9614183771231
-73.32533158187982,399.2726831466858,1030.9029231370814,557.3704065162916
-78.50830948193925,404.1229306077828,1030.0187416080987,556.9338819165939
-77.96585417020327,409.3758253339672,1023.3742457737816,553.5877159782353
-77.76585698769168,409.6552527422933,1018.9643609500431,551.3760848789798
-80.61844843582247,411.8658042960486,1017.5505549681596,550.680308669999
-82.08532333212469,413.22884129090426,1016.3398494442655,550.0825459576622
-83.39119477215257,413.73183936365695,1014.4160680611645,549.1241204687606
-81.64062931351685,410.9246571550024,1009.3218121535049,546.5521890087781
-84.26770049007808,411.2530517127024,1008.0733782943827,545.9364104721643
-82.32554222557178,409.902345731872,1006.8107464029654,545.3179184368395
-82.40750784750696,407.75277644361194,1003.1252340760003,543.4663684214551
-79.48401230224931,403.76923877935207,996.7073875369199,540.2210041603618
-77.83125656626743,402.10684157492307,995.4439904429166,539.6013448867333
-78.6104800736411,399.9514119533966,993.9651365668391,538.8700929958204
-79.60784921678453,395.43105744573927,989.7491337950166,536.7373090989026
-80.37083511386584,390.88245225224557,985.7086550045874,534.7068361016782
-83.82558414536231,388.00250647398974,984.8684303690383,534.2938962805446
-84.93807701247641,384.0542735205593,983.5439724603423,533.6438070212361
-83.59476367941943,379.29022471372133,979.9648345916339,531.8432658822977
-81.91940446769979,371.97383442847564,976.7278376402664,530.2193409959579
-79.05255482631776,367.3776196921995,975.9991043123806,529.8637588689468
-75.6325309501027,361.99007958055904,975.1278796099012,529.4363001739052
-69.63072768464008,356.0960972648259,972.5881592498514,528.162135581931
-64.24304233788814,350.12638381379804,969.0730108636878,526.3951932491657
-60.979583618457184,344.05393415188615,968.1518943838948,525.9435673957472
-57.6047758238617,338.8722777747261,967.3340058661506,525.5431397907383
-53.950795100401876,335.3365347325804,965.7076054462171,524.7364366679678
-50.882278540926904,328.14055556981793,962.3639644786267,523.0413634263023
-50.162022760898765,324.43076674595824,960.0570760567579,521.891602252971
-51.011111298427124,318.0551795946269,957.8252215280991,520.7769065980026
-53.82945801051204,315.9441968282069,955.8553684751989,519.7976185552399
-56.8754998944346,313.8639475883405,949.46834741252,516.5538783115782
-60.118377298788346,311.79105686310226,943.7040954929425,513.64807063727
-66.3519241555922,312.23246746021374,939.63863752371,511.6156513138948
-76.67557622378138,308.1544050237783,938.6565249014685,511.1311444584808
-82.51746539766663,308.45358315448686,936.4888175237761,510.06274348280425
-87.54241674012155,306.1166535822301,933.3892284104653,508.51078095954915
-91.1543103769697,300.2123670223342,928.1725900816917,505.852152065469
-91.42679156510036,298.3550939483317,920.7898144785147,502.11992495475425
-96.07082410654829,294.15271807050726,916.4930256757299,499.95563441448166
39.55809071052306,46.66522328263085,899.3864284313504,522.3828265579692
39.08647482940671,57.332212892128496,904.9178568354,525.4098527465926
38.20635802841349,68.60225426080251,899.1901249361869,522.2115488620527
31.982488467656708,82.04321104730306,869.5110325224211,505.2647999734374
95.88540761000718,18.153771529140045,897.2061217054945,512.6676131358837
43.98711086497383,74.93655373957284,922.3335219939055,517.6854782589625
38.0980405671408,69.39355751856755,938.8508924076003,526.4451611364276
33.580562622507784,70.1910848875284,954.9744034601522,535.1511871773337
33.13495321355299,77.07909292526801,963.235140528054,539.5833432767437
34.716315344077145,81.99877833675214,966.2280905180515,541.2315644150128
24.464565204074347,79.04012011196647,982.784578685222,550.3836728981025
20.893163379264195,72.48793307675874,995.3902820910861,557.2003637669309
21.001181070884854,70.14018684164927,1005.1751105715721,562.4271266623006
12.362960842855045,70.6989939113418,1026.952874577398,574.2807417757683
6.9349053506032305,68.61245367219249,1044.40086966431,583.7898526284288
13.16933250681518,80.64819424439338,1040.438541427835,581.6659368781507
12.77425628721926,87.58128444275053,1043.4747282639419,583.327296673327
20.160548665396846,96.3995474779145,1040.8480922630463,581.9060819688025
19.385382402779328,97.94313188759344,1045.864436856902,584.6445019464657
30.211745977958003,96.3500993933643,1044.7763022031613,584.064501953148
37.53948493266398,101.92031146632968,1042.414803728266,582.7947796346194
47.37897106310152,110.50524331611172,1035.9192893300647,579.2726935825393
57.47376088231033,118.40925946145228,1028.8832510763666,575.4380699082922
58.89297658821681,120.55476574920982,1030.0669724225738,576.0777833916169
53.19068683759235,118.51280437665031,1040.7690685138512,581.805535482439
44.64675530809711,115.8920942730536,1059.012035121147,591.5690191777292
43.64862688400319,114.54566401975762,1071.6166518393443,598.35773491662
46.852672586220706,108.03791817227062,1078.9940744854905,602.3050090111695
54.92050537265982,109.90505342150516,1077.635236507039,601.572877386424
55.71951701977969,109.49414203671205,1090.634922928635,608.5811260333786
62.796128319681884,108.42706994228121,1089.836169327777,608.1607355504268
79.1708722337246,122.33470915047047,1075.7715164981153,600.5109143113982
122.0430273076164,140.59327805877194,1034.398268261126,577.4878237648417
127.36191877087725,140.37210686402273,1022.7943675357916,571.1947172720044
125.07725600117624,140.60648353088044,1022.8420585152619,571.2205938057225
123.73420307964875,140.796197883827,1034.3591544062222,577.3719244156205
125.72643196416993,142.37862765125374,1043.5542058376288,582.2810269947557
123.56574519135847,140.17061696413782,1052.6902955121043,587.1624909363474
124.35787745913353,141.02752860935487,1057.4396170611153,589.668377147405
127.24805365219993,150.7601533892854,1059.9148374971328,590.973852867825
129.5552778575045,158.15045105975668,1058.6556670415864,590.293039674628
146.20543059046395,165.22111499439512,1048.4483291722472,584.7842544530657
147.35763587024405,161.83832371447988,1051.2937815479108,586.3040556475542
141.70565367017605,154.88121482770111,1060.194385746429,591.0477286991629
137.64825986712538,149.91347466385923,1082.1802535258125,602.8505452700031
140.4811652698744,142.17845725495266,1089.8140290989977,606.9271328125794
137.51263091452563,140.6367797982158,1098.1933466572361,611.351695635825
146.40483510761726,159.43821695478653,1098.4023057440245,611.4614862497681
141.5595593277709,161.1791219286987,1100.8370125867666,612.7598283900189
133.59784490598508,161.69190593677206,1109.7279421320022,617.5706304064755
146.18464635141402,169.03157893990578,1114.3672991674794,620.1169234431
154.63243187651608,171.8585962489965,1108.142461711794,616.7415898862574
162.09378994635824,171.56776777284898,1101.2373818487154,612.982937875708
170.43031004743318,174.62088113956412,1104.8079217814004,614.894952964528
174.01124294551823,173.44207207308284,1108.1268122492636,616.6568958468139
174.21148385941183,170.89694925663923,1113.4190776426947,619.4795698426901
174.6896455664654,165.1292660444983,1117.2376481619813,621.5085105145574
171.03724751546372,159.58518274451455,1124.7172854764601,625.4994702178407
167.8143146612756,156.65569213751843,1134.8254407817544,630.9247091789724
164.08986950357087,153.7709296801043,1151.0735199062958,639.5938439974516
160.5968983137692,153.645852340055,1165.266300698447,647.2108172032099
158.25916423528406,154.13937748445534,1177.543809063648,653.7914802539069
164.2195638587625,163.06388838134149,1181.2125048973537,655.7335420888717
174.2765745310761,176.79077891115577,1173.4455642940682,651.5754602614496
177.0197048031166,181.5663339953071,1180.8424210653245,655.497125049317
188.5408592228871,196.95273607418972,1167.6644936705193,648.4215624869628
178.75082509841388,196.1536075057773,1170.7104509565904,650.0331113506885
177.38418266676206,195.65349041685795,1185.0125188365494,657.6400301757344
183.51228565753593,199.62572510472984,1184.7516043771705,657.4987506558515
186.29161806969535,196.64350175905008,1184.0941805850089,657.1507725598249
186.85402314645808,205.10342697002767,1187.1612551106018,658.769000626197
181.19133338381198,205.98327386982186,1200.4960924418579,665.9075931804933
173.70615977554257,203.3354392169636,1222.8442816378965,677.7638852947113
166.2752776775343,198.94171904742666,1257.0161849267865,695.9681457694273
181.50036256030512,199.13718902245824,1262.655176891433,698.9495450229659
192.34498390367503,193.8360989328608,1261.8518412051374,698.5308701620987
191.74909779300538,196.18979370390133,1259.9592616390596,697.5429185871529
191.11471150060595,192.45444836275135,1258.5785121483555,696.8196280086877
187.52790282595004,186.3401854940609,1258.5232618391874,696.7906786214993
186.22391894869088,182.40825667425855,1257.0752672038573,696.0277160197317
181.736400804543,179.5421566091564,1257.225257883993,696.1067791832007
178.59871420858929,177.6510544958541,1258.382619841587,696.7186542332705
172.21826260070225,174.0132529568034,1260.337689706406,697.7496485899767
165.55016944261308,172.78589808465063,1261.430873438923,698.3269498485693
159.5712011713597,169.39533891496757,1265.3934224610528,700.4192979838568
151.20962136479875,168.12690107995513,1276.2209644464526,706.1654293229424
154.26248892363196,164.45380382486474,1280,720
164.27649438940227,169.1029915286357,1280,720
169.37571420770757,175.71544224659903,1279.8782536804724,719.9359317275977
171.17247594525088,182.60381586368896,1280,720
170.29735399508638,192.62222793557783,1280,720
179.03257195307117,195.65421011715694,1280,720
181.2802805470675,198.3376463686858,1277.025165957269,718.3949587054192
180.7350341042162,202.58881545127167,1274.0597443921536,716.7888014215375
173.8429133150106,203.15739752199988,1280,720
173.62994795798863,206.78020806599136,1280,720
177.67586333634893,208.60572633616857,1280,720
183.63154352270317,212.71904146788916,1280,720
190.58602835714896,217.58633914355505,1280,720
194.23676537010704,225.04330651844225,1279.8884015392598,719.9404430568816
197.91799320494613,240.06059847489973,1279.5013523060513,719.7323959082767
202.64050197420045,250.05234108293047,1278.5122246120616,719.1899309068666
206.57880169853058,253.36423401218042,1280,720
213.04247160310433,251.4255998155761,1280,720
217.0993952966636,253.58341378138107,1280,720
220.68772884706425,255.93309488470447,1280,720
226.45817135915593,255.16633028144258,1280,720
234.4413372169763,265.9911805845276,1274.6346985289613,717.0835452434393
241.73816197104213,276.2912883308279,1273.6025717374418,716.5229368814751
253.5646652114258,277.57076851050033,1280,720
264.3917645748327,275.1940123104089,1278.8698764584062,719.3991314696802
267.58134107865214,278.8452528398732,1278.0522312690343,718.9675396689486
263.6014949533105,281.6636415616969,1277.323943168232,718.5843753143143
261.6294269570667,284.4062292490387,1276.7134625480076,718.2641460076211
261.8312008219767,289.10082988147394,1275.7095137883755,717.7341834949805
260.6419215403356,292.591599100249,1275.434054099743,717.5903201370163
261.67215242208897,302.37794498269506,1275.3578241198854,717.5504568758305
263.3973756464718,304.5838394968775,1276.2130569924088,718.002031999548
265.8018067419358,312.9826060656478,1276.5221126808408,718.1658777855587
269.889964423449,323.6538579163247,1274.0567285701213,716.8387997587636
284.96423533983716,334.999557530692,1265.2306826859563,712.0022519598855
287.4473561971321,336.17533679772964,1267.1255531905085,713.0260754962765
294.1941219218928,335.04512258772047,1266.243125429625,712.554776496419
297.19419525024887,336.00596671283205,1269.5298361976716,714.3279814298666
299.4485618897422,334.79644592931663,1269.2191036088147,714.160782964371
301.70694377942914,338.3747887838033,1257.5904635895142,707.8230876474067
301.0962535472934,340.728692178891,1249.9002609267866,703.6701372852425
295.48828852757333,343.59500307757366,1247.5634511845692,702.4100806657345
297.4016888754127,345.8154169022972,1239.4391636955527,698.0001408903802
294.2038876559898,348.10745717680726,1233.3990032333927,694.6867171373123
288.9869522929772,348.4687847443449,1232.2141536119307,694.0366568326073
282.2819320279068,349.94563440334855,1232.0242192770218,693.9326704571288
280.38913588758294,352.37589079496894,1229.7547588079156,692.6730676503968
281.9047422519634,349.9458592712098,1231.382861533833,693.5784887099568
278.0785848963808,346.37743250132763,1240.427875719423,698.6295907387406
289.17499919144973,349.9856639017117,1228.0760974049524,691.7337845416881
315.32863421461616,362.74751448956664,1200.4580788753672,676.3043627378255
332.1873502257555,368.532087138752,1183.437871627787,666.8694050326897
335.9511839108544,367.97239003096735,1179.4974566567034,664.7000808519746
348.23185229511364,372.8456105245276,1161.7033245933708,654.828090067856
369.0682434618792,383.34173899389896,1123.3681534207187,633.5185322575121
381.5795810310217,385.1417290460778,1107.665229451233,624.8637094220089
392.8722638482724,393.1280473009607,1085.3030578489352,612.5801730425796
401.58391330589313,390.0316286568681,1082.7452876110858,611.2135803510649
404.754059776557,395.85015232747844,1073.5146369989366,606.2038491017872
415.93389764049357,411.1270915370699,1030.7958405041159,582.4598512170994
432.1750555387344,419.93976826878475,1003.7268832608223,567.4070549777332
434.2630777349082,418.504824546209,1005.4226989220703,568.3518850642555
432.7230526021382,417.98484628478315,1011.9118601504856,572.0800227058095
415.6299089577669,418.72721861774335,1010.0573725907108,571.0321237141786
414.5725608728961,424.79035614471053,985.2449678054203,557.0613818576022
418.06521869176265,422.5071462636479,981.5458020411954,555.0249319100819
418.19272804794343,416.63078247588095,989.6272292949386,559.4523889605019
426.75252583639286,412.08171776407056,986.0095354197191,557.5112295253936
438.6068210452361,416.24445374408464,981.0331589009393,554.817115073747
433.58506353180525,413.4356907161319,999.8420531051046,565.2629189578391
435.61639462343027,410.13450885219436,1009.5929215509299,570.7092304492323
454.7527970251563,410.28381815805443,1005.1922043012079,568.3337416626538
457.39279537902524,421.39363695849585,974.6638658754122,551.2288932886332
458.96616107538006,419.69663378196714,983.5027448438769,556.1099027578479
474.03558176342614,417.6494841981681,979.2081399468155,553.8201865042167
499.86142622513944,429.277573342701,947.142595298003,536.1274335946264
527.4384277574402,445.8499033484319,902.5826839341584,511.0913047841441
561.9208250486873,466.8438208062981,840.1807829563329,475.792322013389
350.6181804781363,5.207773309139867,876.1682513068044,484.8401363417767
380.43267002794335,-3.093715953478096,897.1832183058239,487.22929056161746
186.3969741919508,33.68814077301306,941.3032729323534,489.10278827102525
64.28546359385587,105.96019695968664,969.0777844845452,489.8071172593129
84.22501745610174,108.53109447137587,965.5255419637907,488.1318641569944
92.08261434293297,116.93059514712101,957.8277498177965,484.48837725978257
99.13743308234245,128.73319906281253,950.925470511537,481.2320589970588
209.54807274261242,-3.841843944897846,958.5606114950957,507.15112544102186
205.19692754805362,-6.383271419824695,969.9762106240632,512.8747284223716
200.7930212691699,-7.474614877942571,982.4306140079102,519.2018605626785
205.1362046923278,-6.885352957548548,995.1459838040265,525.6320530708539
213.1389866781667,-1.3899979848522435,993.9272364068058,525.0280253504859
219.5636417059464,7.87848497600703,993.2583521002967,524.7034174379255
219.96425639189056,15.478670275457603,993.1581503057259,524.6548585739223
218.3790288539202,19.656525290342984,992.7126980580247,524.4372833578357
217.6258250780914,24.43194624473699,992.9098452788813,524.5340400760931
211.3968727862317,28.750912207734302,993.0433266207976,524.5991312646408
210.9304985024915,32.80651522437887,992.6046909205462,524.384679458637
205.59429356140538,36.814992996189176,993.1049482609646,524.6298189683813
204.01127579918318,39.84660963163526,993.402874870816,524.7748011256388
203.87268072727272,44.13438720981355,993.2396440979369,524.6949908096489
201.16979634661556,45.55137836213288,992.8586218763065,524.5120772450139
200.75707901608183,49.907147417771455,994.7900049179719,525.4629332593672
197.57886872204836,54.5433978085311,994.6062650941142,525.3734161165813
196.52190953455766,59.091140179885144,994.6175700350174,525.3789342247437
194.53574195664726,62.67595243243943,994.3516887005808,525.2499586531059
190.6343974813966,63.255153508973706,994.0753264305713,525.1160488989977
187.3754472885259,67.53968973196754,993.6337613689394,524.9022750735194
183.553699167417,71.41135900548261,994.0522225519867,525.1055019292636
180.59455375197757,74.9208292673278,994.2850882177341,525.2188697647944
175.03956040879962,79.62893700360121,994.1944913935786,525.1748608525176
174.48449351631012,83.79828871616951,995.5224904090879,525.8316893655884
169.4680824378932,86.15099996849938,996.0213773794907,526.0748413776456
166.48017814479255,91.18993484196875,996.6153662481646,526.3654521628949
164.05948151271093,95.52399834187781,996.6193404680134,526.3673965021209
155.7838642518272,99.69754531728455,996.5593881587646,526.3384105768057
153.81042511517103,100.26096565153784,996.3647152115661,526.2443936060877
151.51120760110717,94.14983971650531,996.1979803601108,526.1639310457117
147.37415701786261,101.78439227181792,996.236035028384,526.1825750978956
146.06265644841073,105.49341386732334,996.3704731703558,526.2482384037166
142.81193543382602,110.46977913125113,996.5991864522549,526.3598278769376
137.91767310663943,115.80043349882828,996.3015939854497,526.2163474148056
134.187645008684,116.55758349232167,996.1220711893731,526.129308419914
130.87250851008952,120.36732593412307,996.1406385567176,526.1383967362066
126.2038449852929,127.03103039985808,996.057519766121,526.097744185073
125.2627325934236,130.90324082286077,996.3147703816678,526.2240946119822
122.47870435940615,130.61953323395898,995.8922848959626,526.0190000722199
116.84891177761568,134.0201312452616,995.7547188634468,525.9518551307539
114.04955808637993,137.97302447515182,995.6798722985296,525.9153260797764
110.80974759625963,141.6009544210936,995.7688723638005,525.9587487124222
102.61944252359677,140.9692661884041,995.4015836563948,525.7810173752976
98.25721024399945,145.26784542993437,995.0545631917905,525.6132006064503
95.38653469976515,147.99438265653498,994.5445158783228,525.3662796023601
89.79384289487245,150.42041208860206,994.0427777138402,525.1229024845811
84.55053615620227,154.93333046902455,993.7405610573069,524.9763984989422
81.48861459683303,159.5758166103161,993.531009847605,524.8747227203422
74.68933144179096,165.8142922165851,993.1662890444695,524.6964691521356
72.4401161113301,168.57875488507648,992.4646065740858,524.3539665686747
66.10210376756095,173.40715793878712,992.0607444121531,524.15776659322
62.77152130832786,176.71937301194902,991.3561505098377,523.8157160778786
58.516502269429225,179.00670972603245,990.6217471121797,523.4592281946644
53.78839482922393,183.00666976179855,989.8259581651574,523.07323216464
48.482305188447754,184.50121729675863,988.7201126597081,522.5344523148693
44.551971646930156,194.57995495522147,987.9691284197702,522.1705786873199
40.017702400277926,199.06615636341746,987.7202925109309,522.0487654128663
35.692223676194885,198.99469238464536,986.7144117147564,521.5590546043395
29.7190902031964,202.4414146266837,985.0030104344062,520.7171456590639
24.520154896601014,207.89133808963817,983.7949452825334,520.1279395638483
23.169869000821905,212.3091449138136,982.2878427922878,519.3926242188162
28.103801945855707,215.51193162183807,979.563525702471,518.0607209572487
37.44872615431933,217.58422779050028,978.039936270207,517.3191588952841
49.67594225589403,220.46067758159188,975.2305457956406,515.9474779304576
64.91518488172238,227.0710329971845,971.5864887304757,514.1628750651772
79.01933629708009,231.21058287288258,967.1738961555408,511.99080911091744
96.00421066571653,233.8821549219434,962.566081494412,509.7183869769936
115.31954981453151,237.9377257661182,952.1633246901921,504.51993497822014
131.90591222154546,242.55784787611353,938.432180220537,497.5685776019333
146.13679644603053,250.7725715414193,927.6792030688187,492.18209781984234
443.1878710830816,100.3608025195395,906.10513901517,518.5836561276022
415.2630673252649,89.1504054610673,952.5318734618212,543.8017431191007
395.62247672725806,79.07020025891177,980.0994251229707,558.6807660741622
378.36838621866457,67.40275273797698,990.4343249286051,564.2046713757051
366.5851492247516,56.53739888712283,990.11031256716,564.0362447193302
364.50993944006285,56.36577669895365,988.5126809362115,563.2003756625516
362.08145021719696,59.34046274359582,987.0704884748551,562.4451268489039
359.1137087352173,62.36781824938936,985.7499299195292,561.7553029847547
356.9671088020143,64.4856936822207,984.2573783230139,560.976183276434
353.5072642375761,68.2026693114762,983.1279251400131,560.3876429431198
349.72300759990475,70.35387574829463,982.0210079973564,559.8114148243427
347.01771190226856,72.81360160374658,980.6562299136671,559.0999502604922
343.88477313084195,77.78527533016734,979.4137350670949,558.4527477887345
340.5638693054092,79.61313612699593,978.4564494985336,557.956178008254
337.01635116055473,83.3081497988158,977.3679274818863,557.3902261982633
