553.5,246.5,25,77
550.127551356058,245.98979615799192,26.987313954075738,76.11770175795388
546.9178234798455,247.05750719232222,27.761706134690506,77.14081586691732
544.0408409656427,248.73294428429904,28.785425540637885,79.06807885141086
541.5194699270024,249.8894355343907,28.813638949395408,79.06051437493056
538.8384745596001,248.79493789942362,28.41827172464731,80.83094716423379
535.5930944997458,249.09886055857953,29.365729388619584,77.42216679316073
533.8613821694194,250.01320777991504,29.569505374180125,76.12899200511251
530.8763488473621,252.10535611721045,30.241670621448968,74.55456079030279
528.5245936254641,253.30310194039075,31.1184646981578,75.67233781664862
526.448902957022,254.8730402694476,30.671927028935254,74.22806067374363
525.7117428476471,256.6094944275361,29.746326644563744,73.59506223811513
523.8748791504665,256.931409532925,29.975684585720373,73.47119980788804
521.3174141820057,257.5924399432895,29.552194662635497,74.56197764409235
518.2654811820858,261.803954463179,28.962916196340544,73.88154406452217
515.9511341369082,262.06805976769067,29.957899836980324,74.80242841172537
513.809839738227,262.1995770500837,29.95791853357977,77.40160296318854
510.8611437011789,262.97546378755106,30.980367695010948,74.1248848766803
509.2395349519195,262.77981726850857,30.020568257163617,73.43366076691986
507.26454750782636,263.4433657453012,30.017434824100697,73.41005400620526
505.19232640064064,262.61836287877526,30.87242398503834,75.67655629386061
503.5819581206939,263.88250272870505,31.001921175782392,76.71481597008778
503.7595032310001,266.0419496799593,30.528490773633294,76.12457368140764
505.7797144530153,267.04531504858653,30.105184714514216,74.08364386068818
509.0684229832652,264.5693778601832,28.972409732381145,78.53337916815492
510.6064550428193,265.2150762684911,28.736271155402466,82.2651809666843
512.1706064897268,266.4233287803773,30.354844396281155,82.89758098100188
513.9179388933474,267.0253399204844,30.70399831848622,81.96473541407437
515.1156501229705,266.9361900516332,30.892330747943163,81.17123155926382
517.8491187890933,268.6930179634028,30.2183638410903,77.09722854478758
522.0466451660367,270.0967250693676,28.994871582232964,76.16707009908542
525.6333635160712,270.0622686307068,30.10592327890512,75.64790926590196
528.8744033489376,271.35880253244045,30.388018752728158,75.00569303496388
532.7683923322157,271.3883935010524,29.403231248111528,75.83593675515479
536.4448844973789,271.3614508897751,28.268609593453533,74.88253812281509
539.7414197119031,270.55916038841036,28.418313062694605,77.13606124843564
543.6274108685078,269.82656901098875,27.841023349121315,80.51939597993581
546.4606053720411,270.3350314504592,29.063224434568312,82.03413839899498
549.3071125416741,270.65156091548425,29.441124550821243,82.57648406777601
551.8768803875238,270.39529802096104,29.644716555404152,83.92335690557437
556.5755414452891,270.4415711040088,29.30061865496218,80.67229637348018
559.9632459468376,271.30484473185214,29.605554594592206,78.4578757620005
564.3795916281349,273.3434095769451,30.75704608236725,75.34256228421697
567.9010083603606,274.2412360808166,31.0965491291349,74.79403454686675
572.7018613247582,276.2275356682848,30.188517873210678,73.60631232857462
577.4332007332002,276.1997739905062,29.53253923456945,74.17984548709667
582.2985803481794,275.9346352527146,29.303166513306234,75.8580617049228
586.8982356825433,278.1529651297539,30.277352164509605,75.93523166613151
589.39715803603,279.1606966871395,33.62914851275011,76.611701372173
592.3042542292623,279.5985296972384,34.455688898269806,77.95476282420802
596.0021801504388,278.88453498076433,33.25948361576773,78.59157450904105
600.9947547331151,277.2124715012869,31.45135886691672,79.4896993122318
606.0357106105336,277.8493481979709,30.127134778709895,79.84260788906836
610.9057945590772,279.5521288149596,30.10602876224125,78.2367902829295
616.1888029154892,280.7616163652945,31.00970870785271,77.10676211973347
621.0311500593663,285.0755771076861,29.712319551713858,73.33497525418304
625.9597364433102,285.9838566091298,27.345831008712594,72.78707078911593
629.6534371677985,284.13711192277543,27.00042440088498,74.93204036684067
631.2046259938288,281.15993207390835,26.89560530961896,80.26928432007469
631.4242382666317,280.8520015803322,30.81833678197835,81.4336889084861
629.9869314262877,281.15049626828625,33.68303333818815,82.03548574419223
629.3081929401459,280.114206225251,34.54780239266082,82.40803785750784
627.9729253712605,281.6183816999329,32.93890911356826,80.54984965095025
627.9118309888004,281.2171388889767,31.719532110671516,80.73564609614698
627.2613721413965,281.97057602189824,31.25024611908302,80.57188822551595
625.3426200742963,283.02055812734994,33.109814982582265,80.06550533058869
625.196580665828,286.1214807433445,33.09971936022701,78.68651259979964
625.065181679482,285.544441201824,31.745182653762473,80.95417664566777
625.9238485875578,286.2006665296563,31.984915681216073,79.68519992026566
627.2149233485967,285.8029212561568,31.33612416717141,82.00633432371387
628.8540769104799,287.4321130033841,31.14890328989854,81.42907791305446
629.2973565426744,287.3998988142448,31.942272277497548,83.57299555841412
630.8449438227115,288.7788707013758,31.149320263076003,83.14703233504213
632.9003158626879,288.441258395011,30.55922927835183,82.04252024515773
634.9935476702707,289.6572039239771,29.459975306764726,79.28956934127106
635.9634962831608,291.67588577543336,29.867399522721563,78.56279506518179
636.9232987669135,292.9600505042755,32.22489847485464,76.1782317957679
638.8016938396845,293.5176175887526,32.34849266912956,76.19224349807078
643.1636044371112,294.14114230825925,31.098048076534486,76.08084674725566
646.0700173838479,295.64943979322595,31.05696479696885,75.71132986671364
649.9564114132921,295.17745761309527,30.991606644553382,79.12809677216408
652.5677247259591,295.38628940748833,30.954472297547163,80.36941578361457
655.07314332885,296.5475621457027,32.25280159885955,82.54682287718113
658.0769691750264,296.8778223463124,31.72160880334753,83.39682329295886
661.9682832144555,295.8854224592418,31.340631221320567,87.35813129366159
664.1620289708592,294.9567720137792,30.9957913125184,86.97009534451476
665.9759572682731,297.1128011778221,31.104339284421282,84.81800832716266
666.6810977631985,298.09642860858264,31.639729095739106,80.93853825059642
667.0306606798891,301.3428363649176,32.13625515801335,77.78985133022253
666.7609665297504,301.2002950397715,30.92637258477993,78.25915959562184
665.662541809793,302.57496445278605,29.962695915312437,76.78608249109325
661.5786617175697,302.00418609268286,30.14233976365737,78.30878462583803
656.544013217754,301.77787159015253,30.565398192141114,81.38500116931814
652.1185550135604,302.93194476472746,31.484544131406818,82.38404867177975
645.096840568573,304.59771787330226,31.92608478707666,82.21228990920953
640.9404603900631,303.776532620671,31.80790808171856,83.56676203865666
639.5511860082244,302.13590222868663,31.112720637243548,83.85813308108555
638.0264665830363,303.0915112579346,30.323039477918243,81.78047039340531
636.9738495780946,303.83245396729166,30.397140844058008,80.53180250598031
635.3437901538256,304.4412534423217,31.604151483058082,79.2223998504241
634.9684871161835,305.9556752561396,31.417111054719044,78.67531661668777
635.1933845833938,306.875414166877,30.998263875924756,80.20845944505524
635.2107829762738,306.6807648778968,31.417175598411745,80.35329357219798
636.2589437163945,307.10231171319464,31.570818573791062,82.64519473097701
634.4914506415472,307.37454618364615,31.433831311332025,83.55682004900287
632.7289129999982,308.69006871730005,32.45895821038085,85.38899425860485
630.9330925540794,309.68554440024747,32.52975815660515,85.40050709733809
629.3586125004701,308.77584201627184,31.766554510943887,87.6170859204472
628.3916767249106,308.3581249354694,30.883431785555928,85.06039907815321
627.3381733705047,310.69002916684184,30.81940221319632,82.30089262093409
625.0965577032046,312.1765771414384,32.174573352372676,79.45077275515762
623.6713467475931,314.1248098218705,32.4174802681975,78.9953069834514
622.459569148678,315.3881936498083,31.660208987558416,79.60714221764493
621.012175982341,315.2876988128959,31.522086293848584,79.65547189706186
619.3417877683021,315.61994893035603,31.879840231258246,80.82201714648531
616.9898632466111,316.19268016571186,32.08261281785049,83.04978144090589
613.2180578182343,318.7120626662024,32.63029587919649,84.57312953443159
610.3360211090367,319.2725404001934,33.0560311037974,86.19252084000654
607.0534304786547,319.54743565450065,32.8164354157562,87.51637981250757
604.096139185316,319.06252363451085,32.518152365296345,86.59803589431752
599.7442586704484,320.09450093426943,31.72529625358092,82.98143631100902
594.6179059782351,321.8333922973765,31.46481940092866,80.41719854143051
589.5431208830444,323.4892652833506,33.303815122236756,79.45242464053024
583.5278153189411,325.1791367210843,32.47300471740387,80.56144675950696
579.4231148337414,327.27905002614534,31.22490792429446,79.69661517152808
573.6059971893999,328.53138216879796,31.79606847547204,79.05135822495258
571.4502538617207,328.70235392753204,31.36813729972719,81.92966206819872
566.9357207818707,331.38464477516413,32.39506082202649,82.9762316032011
564.4007824429707,332.1833925219745,33.8602631426042,86.4417792251105
563.2678564109772,332.8176396993509,34.98475984273327,87.76364118128286
563.7914893663522,332.6308354589187,34.31763525849208,89.687038881777
566.2878219473813,335.2657352465426,34.15935374992839,86.69706667634867
570.4817434629872,335.0757845921074,34.01387579335504,82.76421026188444
573.7795447949355,336.5106859329158,34.47632439745605,81.85302138243182
578.1482581434836,339.5148342722563,35.46973249539646,81.63291232980161
582.4413215194098,341.1446423615796,35.306463721757865,81.82708255866724
586.2083207121059,342.0025845377963,34.89321941339558,81.08027940792765
591.1740354391007,341.6714542878213,34.39108214637816,81.02930879510036
597.9055651974886,341.83474975770883,33.81998707431412,84.22099726646253
600.485599449819,342.64359722439207,34.18382892771029,86.78712415484631
602.9329482510021,343.4425932334421,34.58063864757727,87.88872971094939
605.8827404809382,343.69861382153124,33.638121906278904,88.51270854030646
608.8348596019699,343.770003963749,33.3555563207413,84.65022083225739
611.4349130499759,343.78374489415967,32.89521708723164,83.95723078778059
614.0692213280504,345.02703309094636,32.70030876364773,82.43154397238249
615.3337275770017,345.9148117498978,34.38500120028124,82.02497352171714
617.3531969032574,348.15130895998584,34.65553567122719,80.81957566563831
619.8751241184906,347.8729765281943,33.194182643165675,81.89457006217377
620.9917110000512,346.4588891708753,32.683020072192534,84.14616988671088
622.0039239708283,345.5841815770976,32.63837502547836,86.57309725147037
621.8575979934955,346.0916154738966,33.39129091277237,87.98482515120644
620.3448003703536,345.46887691234195,33.59056572936542,88.77268470981086
618.0730771668048,345.09314771563265,33.96680638207069,87.89961986533902
615.3453087103206,344.25710787840205,34.005101226299715,87.20001599785557
612.3746217962313,342.76029724310956,33.34979919437569,86.41344439238168
606.9381667590644,343.39614465720024,33.0359862653122,84.87779099414638
603.6822730004362,342.9184388072547,33.20029171056774,83.19015427176338
598.7077051573737,343.9529099271644,34.40525243959942,82.22873059889956
594.9164748435777,343.6124908115922,34.20786258853223,81.72491184113201
590.1142322006073,344.27024964382997,33.91463216729148,80.61909711802929
587.6077394037682,344.29396972772383,33.5578455915537,78.78845201755419
583.1681265988501,343.7357928151073,34.900848133621245,81.62698012600111
579.2857950244986,343.55063177145183,35.85116357093368,83.57399752529223
577.4441527637169,341.56315933242945,36.341769456500735,86.7224415876587
577.934536284017,341.80664522446165,35.85053174507685,87.44796812948896
580.307770463245,339.9745733308937,35.30639011200966,86.05818072208334
584.8138005654171,338.7176296965054,34.27949845342914,83.06089489738716
589.4098314594635,337.79141373011066,33.51027236167185,86.35991279557703
592.3823688961309,338.4413001009674,35.60652969169806,84.37060114770779
596.3916401075569,338.2540385502885,36.080979114848446,83.83055922900262
600.3380121347006,338.32902394059147,34.763533870613976,85.03468210467588
606.2409161369311,336.93610849956593,33.160273868707556,86.75752075063215
611.0219658643823,335.69112265862657,33.29850560881448,87.78068430900083
613.608665772314,336.05764606689485,33.412747979815315,89.34512450126647
617.0558170013398,336.9691119654045,35.337642239353784,89.41278890009512
619.800932147121,337.0112083331114,35.1797089036756,88.39854879375201
624.1329745076106,337.3644250412831,33.297410852674936,89.14057498252751
626.5152011746756,336.6496807530174,33.052667242568546,85.45898736910047
628.819734470603,338.44788491415073,32.320479767711845,82.41433941310011
629.2228701862847,338.4032296541355,33.27115392973168,81.42701258257816
629.8237546807493,340.11349429766256,34.4608185727169,80.29531821090391
630.0697853925975,340.7997085689715,33.48236626548092,79.79335783642489
632.0968437336865,341.14820373744584,32.62660213549727,80.54915493788972
634.1546635121858,342.30020520358244,32.96117261365258,79.35522434571644
635.6969982591746,343.0047088053539,33.67045586188932,81.96257854086885
636.0170834011923,345.78991115013974,34.996712917885596,81.46470945557849
636.4001124912168,347.06832478128223,35.68079824926914,81.8482885393065
637.4629397193121,347.5835248821842,35.803354043800525,83.11553513583641
640.0150598367745,346.39007446431316,35.72074109448826,83.20982732030328
641.4054054880486,348.69419911803624,33.938868710743265,85.38754890878513
640.7369728269127,352.31075194577664,33.334515191370485,86.64811736348103
637.4743426965089,355.11158989813106,33.47472878190897,87.59459118016548
631.2346370091361,359.8025150456263,39.31076371573742,86.23426546206188
617.9898088451515,367.6350796090499,43.41525837780614,85.28345007358598
597.757359869398,378.9684191936361,47.52632072441737,83.8504385486886
602.6418976942634,380.73318187699533,47.413724446690665,86.53816823750232
613.9503965312343,363.82557218460397,50.89546816676051,85.74780610362863
617.644927279757,356.46108249340466,53.82833177665009,83.07103917716006
605.3341281446749,357.87496561609424,56.367774160263245,81.71283570852098
602.8290688987315,355.5907284803167,60.393386417114314,78.23421526459538
607.6211015290838,363.27796233154123,57.72787603885504,79.89728498969205
600.7201117241805,363.792625255689,56.535616483996435,79.62932940146896
604.826050395386,364.45383619950775,50.028258239381856,83.6444528988006
611.9498255935781,367.68559541329336,42.95551533517136,85.41042501412781
614.4058678161571,368.11671447797147,37.9500608446883,86.80808117721065
614.6169350842547,369.24489035333613,34.08538350394753,86.65486335968319
615.3911967071379,369.68361267475194,33.27520124092243,89.03378743140767
615.4682057209516,371.1758854242936,33.810347059981325,89.90923339567601
616.0535752505948,373.46159803977054,36.796578637687276,84.81332146175976
617.3743143416733,376.3210120664056,38.385572545260175,84.39011953181237
618.8366259607521,373.796325568224,36.85736937977043,86.2013153570395
622.1196011404745,375.1258778330653,35.072364258972215,85.3636184866692
623.4998339113184,375.2961339359226,34.31973133285527,86.26545660342644
623.7967753129328,376.6300833831883,35.14598584713151,84.73734179845883
623.5417564544886,377.727184084167,36.85463159100867,84.7048322297015
623.1411256575481,377.8553510663959,35.82927536866735,85.28726685989649
623.4536309310108,376.85214344893495,34.81854680974656,86.83406984670818
623.8852784161394,377.22059193120646,34.80291326039591,87.03581975350245
622.748602038434,376.13217024573885,34.66748452000784,89.02423858393118
618.3080554912507,377.8245182675087,36.888134143509966,88.21383558538186
614.0542942361911,378.8895839470347,37.33384990013151,88.02590707581423
611.0466596247131,377.8786719446418,36.52039112794915,89.52295462745458
608.8390839470288,376.1805201600153,35.11703251023326,91.04924862951717
606.7567481352919,376.87208228204855,33.987969349783754,89.72723862702169
604.0191519480813,376.75094733654464,34.29232680940425,88.0037212770074
599.9597006180393,378.1396521075406,36.918816732364775,85.76185156290182
597.8283432655983,378.36084264149,36.66658065150765,84.56932884101727
596.8500683701997,378.2720488543483,34.99674775389596,85.68440013327694
596.5809914287138,378.27044120665084,34.07318929295672,84.74500106594388
594.9506661071172,376.69073877744785,33.35242813168955,88.84442850940772
591.7218993966112,377.23190741009955,35.15378055375595,90.03461570553165
589.411657492047,376.74624318717,37.114832974780775,91.0687546548764
589.9405904368052,377.14004603951406,36.632428703673675,92.03749161043972
591.2764805412434,374.3705784439621,36.289118648089286,90.94570607633628
593.7312375536167,373.68545637685304,35.18326680849484,92.05380539772355
595.0535673365722,373.4030374344025,35.35872578157003,90.04824805870076
597.0318221448936,374.74824879168636,37.389125861102315,87.5435327535923
599.081838411821,375.13892435026867,37.84584854341411,86.55906281688175
600.8471575746422,374.71046440924596,36.56172982677962,87.36396243932904
605.5370427029932,371.9160494872709,34.954598680364015,87.16530997671269
607.04170458219,370.45438467401164,34.403416859946674,91.34726044866403
608.090277896263,370.0832142392419,35.13260292781773,93.83361823775755
604.8451369903629,370.75190387975186,37.09184915516677,91.87138234478618
602.9085345556191,370.11263420160253,37.38050756968869,89.57296286761277
600.1400092233899,368.731284144706,36.26202652119839,89.19550600226046
598.3896409704731,366.81872549218207,34.51277314417253,88.93913215169928
595.5402661233077,366.2947542355367,33.64956079739231,87.4014475920021
591.497958402408,366.76841415136084,35.16971075006499,84.68090262711063
588.0323346961821,367.1616432693032,36.58094595368629,84.2199982649075
586.555691328496,366.9774708015055,35.3046310873536,85.07227273734152
585.5038883128517,365.967228653535,34.218943135641766,84.06078202436629
585.2231665009118,365.61728179044235,33.387001537140506,85.1188337537676
584.9064407558948,365.57256645616866,33.63884858924626,87.40650579395933
582.2140999737129,367.05940697997636,35.546394531997066,87.46087673467933
581.5088983891055,366.16811738077536,36.92251129558086,87.12668797272893
582.2628288012736,362.6984739232416,36.293043755591896,86.67725123758714
582.5827451224445,361.110717552032,34.98791374053061,86.18748352130827
583.13884768012,360.6678206896572,34.97925606853074,86.77084629726986
582.8216255855799,362.6347087571578,36.45025561649646,84.65988187745188
582.8561278191297,361.28319607830525,38.11841257839938,85.61779585112497
584.1015248061473,359.96999687589937,37.960714077381226,87.3708591990533
585.2923278505596,359.2680602944564,36.84895221770096,87.4230869926151
588.5503777917489,356.63875062364986,36.57348298303564,86.45406436131918
592.2578550047018,357.0110369372476,36.336561557388904,89.18341533172617
595.460712317866,356.31170031520026,36.090507717951496,91.44403204081385
597.8177853719043,356.33200241212734,36.942182430594855,92.40922311900813
601.3250444964506,353.92601707620054,36.62354488224677,90.8379885045881
606.6654682379981,349.749329231583,35.19045835143413,92.10837478233431
610.1773693358125,348.83636968512315,35.24092638267517,93.26212571664539
613.8695131559532,349.2153623256212,34.957421759658985,90.32942334752006
616.7231892422451,349.51537044496064,37.18373693822679,87.67274903723435
618.7993148940811,350.9430784483567,36.26160472524039,86.36800557025872
621.6457976116645,349.44354069103093,34.28386375527677,85.15888600292513
623.8124299315181,348.15457510185416,33.57126228620338,83.43295598018719
624.5226356405175,347.6060522839118,33.38269025899391,86.58585432496935
623.1404435696053,347.4858269796188,33.86823803845012,86.37422784250077
621.1026886333199,346.6647920724008,35.17208793148003,85.37388070116677
619.4314017173091,345.30304098338667,34.82122895598335,84.96591510812458
619.2555234804978,343.6776963039715,33.73333561023302,83.49229033965021
619.4717440321987,342.48572988607384,31.190754206921795,85.53872707688238
618.4639554763589,341.6443770027103,31.16765950104503,84.0059369716481
617.0443424253023,341.33529303986256,32.82528903248891,82.37768874696454
616.9625299818558,342.2704668121031,33.53886692322237,81.78205560760483
616.9964049072266,340.7189804020591,32.87513288839492,82.19029953034662
618.7057719736184,340.2609798484858,32.39666139679844,82.3186152041414
620.3584661357849,338.1069579882767,33.01143612120596,84.45704857386787
620.8913064871734,337.43760832856555,33.99757836386472,84.45801996685533
621.160710449059,337.1432390831901,35.241234613437,84.2721736698594
621.8992297668573,334.6840979911861,35.83205820729838,83.54580858425334
624.8611549868122,333.96064058582823,33.93748985339425,83.74391372354116
628.067712297331,333.3284875464416,32.753367635312856,83.31669511428058
630.4749468900092,331.37595897352014,32.3081757699149,83.5382271044686
633.3567833766668,331.4801371696203,33.76634572119532,81.9472029630141
635.9501072518102,331.2221571443371,34.168702646171695,82.05266997318707
638.902820341461,330.56985965013445,32.84104602971155,83.79072244821892
643.3042398657406,327.8332422555824,32.116270502935784,82.81022268414296
645.226070887596,327.28000607639524,32.091887539640815,84.17167437027045
644.4772262797262,325.9531874803553,33.236332911410734,83.21812400077712
642.5708643018303,325.7074424218002,34.057579558819135,83.09086131019345
638.95167430438,325.9644592042212,34.65875784559973,82.32043502254524
636.5331625404128,324.51514717396833,33.94244379405478,81.1631124323599
633.2567791776562,322.71972692212364,32.288359064168574,81.57249647166894
631.1706558834852,321.37115320601487,31.05944781692099,82.99850040533268
627.9538994204607,322.3423433052052,32.069292388934805,81.55464786638348
625.3032997011805,322.40916364816405,33.91567619908259,80.71706290666306
624.2242285519984,322.2271367128419,33.35835929372733,80.27090442968748
624.5523199784802,323.5610598452041,31.821992137721143,78.81846756300075
624.3828123850404,322.9075982371883,31.606449426977267,80.89733194967059
623.0867935229874,322.0370358539531,32.447820450546686,80.79370952445345
620.378434609181,322.9352624620586,33.96011540520665,81.54551881595826
618.7836036647717,322.3215207006798,35.15186631054226,81.7815562461621
618.3395834271636,322.0702717393644,34.213696364877705,81.61306072128647
618.6782528993878,320.78432569047527,33.04194566857732,82.71354053651255
619.7568145334898,320.60923796000145,31.7394060057708,85.23639987969358
618.7039108996271,320.2579198142453,32.362736529591906,84.47005161657862
617.1168077298889,322.6703732758607,33.5241012077775,83.35636023241183
616.1992538628535,322.478489534005,33.09594194074992,82.15534028702399
615.360380080788,323.4915027923345,32.26577319558895,80.97710624455114
612.5769273079713,323.09871512054804,32.28379347340129,82.72511434148231
608.474380026654,322.43951650292047,33.628408880348836,83.7139235193889
602.7993928460218,324.76066454709326,34.9234446690887,83.77786378202069
598.8345288366156,323.5589602659197,35.62236758561964,84.76544414444527
594.4967485837876,324.8105956060977,34.43118393587254,85.16028712736843
591.8931174516808,323.7357703345869,33.4444046995033,83.92483456948354
588.2354289570235,321.94826779579734,32.22045389380872,86.55253000996376
584.9119365330989,323.3707821627923,33.24821484248926,84.16227134983673
581.119185908975,324.777756991783,34.663057341741066,84.01076873344604
578.9778732076512,325.02812144736754,33.04613044655274,83.25613776079469
577.4341625351819,324.0942771774298,32.204454987055605,83.14278608607745
577.0314757122549,324.7997910575981,32.204605266438534,84.93619692985123
574.9638918125293,323.57746330685563,33.39564995347018,85.25469904277531
572.6334682679691,324.57715183552153,34.76554926796631,85.24653813928646
570.1838954337982,324.67560606001024,35.97885708743471,85.79815021132781
568.8510478295632,323.64591520467314,35.53106794075476,87.00229300310687
567.8112294640752,322.81840905813897,34.38398546735049,86.22273832060274
566.5206623274154,322.1616054415938,32.19077152589499,91.73043742727384
564.1170408264142,321.55225931919745,32.93675660811871,88.65705497348424
559.7307756420397,322.1643303388588,34.45558574785938,86.31798250850419
555.9647065004823,324.4443154407396,33.34245824703271,84.4060811710939
552.281237921489,323.5520899741366,31.935603051746796,84.923175918934
548.7290286084112,321.5728734437087,31.980637859048137,85.89202286239303
543.7279512821015,319.9176270025009,33.44443351028743,87.06202866168098
538.5994989186358,319.83833331477064,34.18602503334954,89.60485442784487
534.3042934465301,319.2097641587278,35.892266994216435,89.19267544299413
531.334060306385,319.118510694855,35.27846891407203,88.98612472610881
530.4006530180824,317.71713587659553,34.511019074315925,86.1831113315465
528.8933744518785,318.759643045037,32.32543383958177,88.38482027740392
527.1557787769862,315.93439120575,32.35446373281184,87.95428441370674
524.9151613835206,315.3955927969804,34.05689181425126,87.26604175496311
521.8331047311474,315.2860626553015,34.69716314306551,90.43971789618882
519.2218758842463,316.01984875872256,35.439662697359246,88.93120058696289
518.6677517814207,314.5564092278354,37.04496201098829,87.45341974295204
517.6021458870968,313.6143649166231,38.62447228064498,85.58865935955413
514.7415950700913,315.5347402057774,39.98189138073519,84.68207254762522
511.56733699515956,314.1335349523172,41.83336009781155,85.06097877895041
512.67580112958,311.5252080548575,39.631218518138276,91.43105442215813
513.2559138171812,308.84395773111316,38.97256578076236,90.12976130874857
515.3705480274402,304.6719324308337,36.699178821025846,93.42016852607063
517.5404562314687,303.51723474214066,34.263469784545,97.82585171626823
519.940237350444,300.86434786524757,36.45204376622313,93.83536809479878
523.7657814253691,305.8302537756787,34.75119700561813,93.3653932225407
527.2782898739592,304.8798230100149,33.510111333886954,91.01753421625061
532.288343672633,303.16953654231304,32.876268194216074,89.30683907264944
537.3926001999728,301.4991094679055,33.71536866176427,86.47499411257516
542.4376322988832,302.1564081809331,33.72778765994861,89.00241022204997
545.9691233832838,302.3337495133337,34.25507370642862,88.02934851140157
550.5717630302682,300.13403609692165,33.60505105564078,86.42285975185654
557.7852663683892,299.0974000759435,31.51928675682783,89.60177666374132
562.8703687134224,296.7853405625817,30.901730220923877,88.9007547522229
566.6224159122687,295.8622889375218,30.234273009575936,87.60082323683532
567.2287236234419,296.45542085861797,32.422300328342224,86.80952031926962
568.1232013537888,297.113204180386,32.65191918299616,90.68813603480812
568.4258301185638,295.48435650043757,31.793214915768928,90.48414299724583
569.9666479128846,295.8788630834001,31.32581287422044,88.31773963015841
570.2828112767827,294.6867565113051,32.41643872587288,86.1365741300017
571.1063790777458,294.32026258847714,32.17011391511208,87.24480547435203
571.7538208240036,292.36449625092706,32.852465797393705,89.2469311565319
571.4458790786152,293.3830037650656,33.3049370902017,88.69641679930048
572.5863958685047,290.64243397214966,35.04637624445073,85.44572306516329
575.2159550746878,289.76290634827114,34.42550095247507,86.49175319962355
577.1703617178521,290.05306875215206,34.47574509093147,87.62505772648325
578.6075956043321,288.3769197315014,35.138158322664296,91.74959471370326
579.3403414472622,287.37661702613894,33.73425976924788,92.51742444460876
581.2659007660488,286.7039445003865,32.81786946359299,90.30746069974542
583.7928968004461,287.01206144263426,31.013175407258707,90.9632235583232
582.8069150097155,285.6061447599696,32.73901984063495,88.01876471210423
582.691259896233,286.28265524031315,31.952015984541553,89.95596457413806
583.0779326317177,287.43217557817616,33.43288688349219,88.96930163939552
584.2247953305979,287.9421176270462,33.55094347205582,88.1326437068953
586.3222517765312,287.9311584199912,32.73868531797971,84.76902046458723
588.442539158699,288.5908828918732,32.61944927494729,86.07704992144707
589.9590972054845,288.5920397071908,32.540031798742206,87.46893205968334
591.9541866123517,289.51925066603627,34.65704227162561,86.88703614141068
593.9122459491247,289.9876010484983,33.11114582862516,88.90579308596406
597.3077573124281,288.61204040883587,31.299321327369668,91.50555508822478
600.0240912211331,289.29643781698445,31.782756802455644,91.09581154606317
601.7861852270175,288.01540715188463,32.770332054503484,92.31527338195642
602.2815492144516,289.60485270153913,33.88523865539338,93.2651718364419
601.488662049512,289.58807050938367,35.204217852320866,95.77584372796076
600.0180693257627,289.62455308598726,36.634189982260736,93.51763878630955
602.051573320919,287.97531302997487,36.174992716847186,91.63510401829608
603.5650856430299,287.4551969478764,34.86797787816709,93.24592080862553
605.4910082151129,287.7748746911196,35.40830400863479,91.25413477768531
605.4515652450459,288.1069683691514,36.99443637474049,90.16823415065916
605.4874393136371,287.55331984396537,34.89942543337576,91.99861466666249
606.7127942148043,287.32743691918046,32.711040713799385,90.69909792205932
608.1995543434952,284.9456862455496,32.71826018025491,91.46635109447897
608.3439607094252,283.7244880016167,33.369665709067846,91.61467185503017
608.0580401110582,283.43168139912547,34.465815482494456,92.6203992908976
606.2291261710113,283.09454099242384,36.49131456263523,94.719590922159
605.5421781937034,283.0055794505184,35.94496508237075,94.19164370950371
603.2171841900458,281.9154426598849,35.7159395552106,93.16121765649424
601.2150460690848,280.8819638859102,36.02608068582489,93.24739585360454
601.0624228681095,278.8843111564156,35.91933200268522,95.57941894408648
598.813776266671,279.66505062545343,37.186480640125325,93.99777478579614
597.2331305919046,278.8198999196462,36.638425268638905,95.31187286484132
593.4362253175178,281.5668590441859,36.22165394548446,93.18271354704085
591.4480136841951,280.6581320748154,35.57646715861814,92.41524951811348
587.261539977205,280.3513828786776,36.061783345759395,90.16221576998352
584.1911198465574,281.83979777560756,35.88611300935592,90.83640658952307
578.4775932848221,281.8412126766859,36.60100084641974,91.227810516324
575.9997391230161,281.09255520965945,35.52602684128723,93.63275029010435
570.7402703805875,280.5199323623097,35.49059046049342,89.17268228809671
568.4910772217867,279.97169397386426,33.71244303142977,89.44892789091789
563.8018245930939,278.8567427083798,34.552107269641816,90.13548104351108
558.5281268026623,279.8181926686997,36.293394368351706,89.3625946903364
555.418892516813,281.30353120722464,34.864070793901426,90.95052543119323
552.0521499666065,280.6333489045797,33.87543888451815,88.12150391188061
549.6701415466595,280.3230433245379,34.02308313334665,87.0572468469985
546.6550917781068,281.0423466707325,34.625442675738114,88.11319875299188
544.0924952535097,280.9414926197472,35.811623656243185,90.64590405344123
542.907372640554,281.19908836172215,36.107565222142895,91.95521619803907
542.7611467087929,281.1359531321446,35.06737356760444,92.80032963288727
542.9905468266738,279.6014438176715,35.542696166395245,88.28916097968943
545.4833833118736,282.422159910462,34.42284890323877,84.57520670167176
548.2116473323316,281.8541530577646,35.40729476035089,85.65037449036694
549.8701787778444,282.6736446084428,35.50513729682952,88.13962098141366
550.6003469597914,282.1841874744558,33.85994185546448,89.7894522804686
552.9812262856672,284.22877644659496,33.54770773443004,86.45906209523739
553.178044275605,282.0923381793769,34.52217048674211,84.34911397287519
552.4372292605282,283.2495930572236,34.809191579471104,86.59508034691316
550.4612771536683,283.84362330956924,35.88455890901522,88.87899237348586
548.4345533748057,283.2924288566501,35.92864310070884,92.23975511899152
547.0324357314261,284.2385496885014,35.49324577128745,91.46321242595441
544.3583890619702,287.3212911538426,35.30024876723083,85.20260467809379
543.2826780772148,288.54303498213073,33.867743461597115,83.2228667737898
542.4570568849964,289.5024124186479,35.491869934014716,82.738405093096
540.1179488321711,290.5976281628827,35.83108760603141,82.7537714376826
539.1895721948041,290.6096090056241,35.0755301105266,82.78971733296035
538.3825227513588,290.4357999906581,34.43212349283347,80.59511084272768
538.7440866694452,288.46831110781255,34.22706942018898,81.96919799464872
539.3312948865205,289.17735916701037,33.08351164331437,85.01130803588624
539.362027469855,289.6277239334419,33.58318475412653,88.41868398445024
537.8886365358259,289.8226043789204,34.59372732715015,87.00435173444323
535.6487409502623,291.58968482533476,34.434420076212646,83.66846612441753
534.5439215413596,291.7116820798464,34.41716735857778,82.49532942411794
532.3032753468598,291.37239213485407,33.81590647238131,81.25892468689308
529.7990029041049,291.9370927870685,34.39171500228698,82.05479614076464
529.5146466634442,293.82400627539147,33.569143689846726,82.54808686227568
527.7901175673052,296.34506885390044,32.71978183642223,80.25537213705988
525.9598455749446,296.74943471040314,32.35531561570892,80.21041871396403
524.0046216846903,295.50345713128894,32.34536049510707,81.66375734389568
521.0599081957544,296.8938089474683,33.16066055173505,82.70129604826599
519.5750235888129,296.7168298873215,33.988812879880406,85.00209485437193
517.8566296737423,298.10487076398203,33.95366762547907,84.39862513018446
517.7036932932612,298.4244817569478,33.972181607260126,78.50098230805807
519.3427867449442,300.92086766986296,33.42598414692951,77.50033253949005
516.5295982097527,299.53225629877755,32.76178538342396,80.86652363837933
516.1769780402518,308.17965518658747,31.85313864273831,81.89926151820495
519.9708677238915,332.75392233453545,34.36490185760438,80.54975496427907
550.7505134226999,375.4723934289799,37.2613635380498,81.18901787051917
566.8853164177941,393.1085978853309,40.0283010052057,79.40714327270007
569.9206095306505,411.89912584123994,42.68828775048503,78.40195697893098
562.1724135361196,438.5286807674677,42.88892443395499,81.61547070038628
553.140297561846,445.6255957377961,43.34948308304981,83.82226866793334
558.1707874053643,452.7943616198624,44.43076547704806,85.36213953576706
562.0181093329775,457.66838770751673,46.26549833835692,86.9312193141243
564.011237575422,456.38081608746415,48.835546796280354,87.37946035003114
554.1582713326603,455.9841996681441,49.132979816676155,90.40996663797026
557.7991752893972,461.22464253473595,51.33427613499386,90.55600822972727
555.6259206312374,468.63853677307327,53.7678209219051,90.84647134279705
555.3247453968177,480.1376490897776,55.49342236435249,91.60580176917273
540.1245769613295,484.9134111228366,57.112277631203824,93.18132320512377
540.3580338271407,487.73680129661255,60.009032379572595,94.19906363608233
539.0711933611067,487.90937618839445,62.62938255005614,93.39079370440655
536.0543670297752,492.5611505512044,65.09363915959241,92.84007255543659
536.1051067481364,518.4242908074698,67.44501388715832,93.5500910986948
520.7532479824185,519.2557299947038,69.61913572183943,94.33758627462124
525.116011641309,519.9974303682704,72.22043904196121,94.65134466463968
506.94931252022735,520.2649830886207,73.42488995530346,96.24700183050291
514.682456429114,528.5707595598448,75.70383809244898,97.06654520667452
499.83120033780676,541.5870231357138,77.35012847694001,98.84707954957398
507.79122730239715,535.216335817287,78.80361837230248,99.93225882495429
505.4820920654206,529.4220625978287,79.15379230977783,102.91229914026187
492.07853377487237,554.7596924762621,81.16229800567581,103.72778585226416
501.6531640725663,539.9289529071076,81.89297601095346,105.04945831323785
487.6605936348879,553.814924774316,83.58719214034896,107.02378620467218
493.7886768456748,566.6843200530367,87.0147328283433,107.1743168954275
483.8789746256799,579.3552596287849,89.45770663804097,110.59888619738953
490.40847855228424,595.9522853679057,91.68464363705995,110.66713962401147
477.5760712970488,606.8283415980948,95.69487203794968,109.20514457814284
479.67669985724325,612.6593822633299,96.89891902285315,108.02202155681829
470.0125942689674,611.8283564892442,100.79227056178047,105.86381099522902
475.3254723095679,616.8003415332253,102.64987259302166,103.97749161241137
455.70964244765895,621.8391147831039,110.63397546716449,99.66722794300442
465.9053191486471,621.8316906204442,115.34179329665973,97.22762212636158
453.15920617946387,625.9785849850548,122.91051900432707,92.94853319855713
468.73433221194017,620.798833646498,121.27113051811088,94.77565838033964
468.05837317893577,617.830885236186,122.18190061113457,95.93120638211272
468.5845876004282,608.7261542570658,121.09803597136573,97.65725892283601
473.920119294223,605.9624698101688,119.42415219456865,99.74533233301099
477.9336631960541,602.8372223394845,118.61589707369417,101.22428792346463
517.2861840051565,583.2518012462089,124.52759321082091,101.50637438058884
576.5647807214917,576.2440548569249,123.3790088616077,103.74275569872822
595.194188317949,556.8782612933126,118.8022946604003,110.79333516604437
599.8857311010438,577.6285049353896,113.64319433921129,115.55634918880494
613.0438596785407,586.6754617400411,109.07315032125416,119.4314142482219
595.8561888036506,576.660820202999,111.59396405478007,120.99662336745855
581.7958249412729,590.9172654145032,114.79761575615302,121.8298946835495
600.4011992894729,560.1338637540993,111.71853183714555,127.47874839452066
576.6318024568992,597.3884177839021,114.21559049223463,125.96623000860322
590.8178350330901,572.9190123353802,115.139433527659,128.88923131324253
593.5979602726038,593.7380064273392,116.92585422796684,129.0756752154523
561.613600569506,580.928235454141,123.99731009583893,128.96038148166699
571.9895411796065,585.9122838423863,125.34202552891205,130.02853684499763
544.1327709944325,554.6352276059614,127.03370326889397,131.69448062732795
495.44647575891776,573.9120953367114,129.05017582042692,131.40742735001325
472.7354159155357,527.0338405811717,124.25574766870443,140.93745698562245
457.29439497821386,548.8623482818102,124.82389000035204,144.2675619023646
443.9646858787924,569.6088652347092,127.10805503143715,144.6251410155558
423.84458862422093,569.2679572386215,129.06946094725464,144.56815352155155
442.5048520494177,541.1906411514425,126.3115326924284,149.7909119534086
428.67921677577846,564.1058263715661,126.24132485420155,150.5851192963143
402.07398910861707,565.8360444985507,128.97119595226997,150.03387417420527
424.94946231841084,559.8347197259894,128.23381111649525,150.77079559234693
395.2721043206159,570.0324085216404,130.27585686115208,149.77480871928637
406.5271017497721,577.098366703494,131.28737400026915,148.86133339743748
412.57921532739033,558.5791048958012,132.30505659792297,148.60623400188015
369.92193701803785,575.7328943209657,135.72995337777198,146.56156341933604
353.08179588058164,515.7709627664265,135.99118880193214,150.9381841589917
308.28302233622287,505.92001785453056,136.9011643185511,153.1022892510916
286.3021052659868,418.6097974197072,130.4543401776637,162.21921570018463
267.55329275775324,426.9493532725313,128.41040272914566,164.52998303708821
276.7731319177833,474.08384410362055,128.5464761030008,162.92485674196251
283.9799890839203,477.0342921112241,127.95651897773054,161.93917578067652
291.3328326692229,478.10803324334427,127.15111016651727,161.1818873814812
301.2010598596674,476.6749144145979,126.01052188535652,163.35003059819468
318.03311225659843,460.7713931640378,124.56951069689397,164.64731603959677
342.7393832867166,459.85175485114985,123.2752109638313,164.7329445404814
382.6516620054974,465.3033750363827,124.14893515869397,162.3475142892214
399.0478363042059,462.95921280188946,122.94997043545278,160.24609957081938
418.88297407412625,464.3368705093267,122.17289116747968,158.20324104532034
439.7483222154739,456.82687029022907,120.4799569209527,159.0131312256954
457.2318819912545,468.0705331152284,119.74393330457212,156.9730633417466
463.4877370186474,488.9393728661139,117.93249984600769,156.27756245890856
469.34274149926097,502.16276112841535,118.23190004833974,156.13965586133625
459.1096391922255,502.7203341494204,118.51893578062044,155.98599382912974
452.5953382993968,505.7373457570848,118.17131812911263,154.84234095374032
445.9903880287913,517.5806761203368,116.24159880467627,157.3178230174815
449.13436194773317,522.373888557781,118.16858285248422,156.29700443641156
433.3664170597688,523.169073702729,119.494334083313,156.21638485786917
420.43892096393307,538.8352244807145,117.84781255123627,158.85654045910042
423.79121178318354,545.0586264872451,116.90967451782068,158.37046017835934
408.0947430381377,551.2414469140869,117.71794212696096,155.45470070653553
419.6651515322875,512.5089288239772,113.51386772672416,163.90041855371078
400.1391461650841,548.5006156871774,116.39046559389782,159.95921641688713
384.60684273679595,559.3769950753612,117.94028460439424,156.09603885576536
404.20508960693064,514.0401883718374,113.13358615631367,164.15632386473743
387.6477861401603,529.9667334624487,113.43223842769798,165.19796122701123
387.05323429934367,556.5492717866782,115.64690399712153,160.8800359740984
374.616381479457,521.6046647402843,113.82686767646952,165.74620578270608
361.7566996407805,538.0356669046987,114.9597426571803,165.15626982554608
367.39870945276556,552.1556000872692,116.92709135696073,162.93511972794784
353.32884912583575,528.5986512023618,116.39030446970736,165.66948375019146
354.68938036957053,544.7511454420575,116.26926914271236,164.0955239996001
337.18641602627855,547.3290381540754,115.75466773534546,163.8656398854499
324.4724513392206,544.8858508630293,114.26408230926972,163.58529141643902
310.68392311951055,549.5061275332596,114.3743728606064,163.1373750865043
292.75916184962597,534.4776761090857,114.28450321021958,166.70214297308715
288.8286666992955,548.8609336570366,116.9730691398706,165.1978610918049
268.62420383805903,539.2452182984522,120.48159645348915,167.04983355697044
247.65419990099502,518.5161747404952,123.59531756587103,171.2562913080459
218.06833331456596,492.75355913445344,123.93686417014908,176.6438314505062
211.36889445919292,467.34444428500365,124.78318156144834,181.20337677861792
193.56456685244416,491.3777922047538,127.78607309182806,182.96162004321664
177.41347647840408,504.84500255340674,126.29851553393348,188.623389351473
167.05389301977834,496.37903123980504,123.17746528125662,194.1872464361211
160.6976673674494,500.7737790615488,118.4931839486442,199.94914630847103
163.7342524663756,512.5760403291606,115.48960601982883,202.63907890818297
152.2123154051921,502.5123813959187,116.11585279114328,205.84071825769513
152.7051338291867,509.92975081353086,115.02797978877072,206.28292993491505
149.8087960481923,514.0265722598369,115.43912584217564,204.7602207416778
137.7229953499884,512.4685465289034,118.52336520858636,200.7175562587492
138.58074189178797,518.4791229656613,118.28300351762064,199.36197440477628
125.27575150653209,521.3314831059599,122.9075586504505,194.97237555138668
123.42577655064107,528.5809149875412,123.51622830869364,192.48368157541057
110.15439921005063,532.2565908020384,127.05509389259093,186.4101308918168
95.07756263709118,541.8766333686934,132.98434184756888,177.98999075340163
73.7829516501812,550.2991784122604,144.09008040919875,167.80412408656755
58.17549655304592,556.4828115668288,150.18410989644224,163.92809121189714
39.483383143904504,563.7205738592286,158.96890661000285,157.1494727229109
22.404207499422853,575.1327607516213,164.97373079281329,148.2429982309852
-0.45101170670002944,582.9123846276404,167.60450302531905,143.36961224450812
-9.56942444747176,543.1263370708133,155.28442905552356,161.52185868562364
-21.229452181082166,561.2639162774435,149.69201411103225,164.21975556953396
-13.534915996918642,528.5155433494538,138.20261235014857,177.46884292081938
-28.093516276564444,509.38288667269273,128.98615988911743,188.47482235930988
-13.248133185402267,511.9369246696682,125.50920785632772,193.3547415600451
-1.2475311786435483,523.6633836354029,127.62754458814825,195.41226948541032
-6.459235513581923,520.1160192928728,126.74370764111293,197.39678723645702
4.5429948910684885,522.6861545508759,128.62388492128494,196.4335734840298
5.913945095061493,529.535110919625,134.06703383885514,193.82239855939906
-16.183422658959657,495.4842274761748,134.41734234978136,200.06385911254492
0.8864018971302556,514.1313321388883,141.82981295459686,197.52418469280047
7.02693520052901,523.3827366854397,148.46450262969526,194.67441159437186
12.963257841624866,535.5718058028308,154.08397350969832,191.6672928172384
-14.61142104841781,488.7400688015841,154.81697624924016,195.77828919262325
-5.529269972582696,513.7015137625189,159.1963167952745,195.88888197648814
4.646870305709527,531.8390891498286,163.21497610647717,193.4454005193934
10.992730971107875,496.2347598417106,165.32294395782193,194.89768302221765
-17.90320663069174,516.0895057937632,165.79711941609304,195.90190692815912
-2.0782592268091946,529.7241160079242,167.95895243082703,194.74534415829544
8.02666184217476,488.463260846828,169.28807860552337,197.8477354241318
1.149136700979767,521.082903515739,172.10445944186685,198.58457773615467
22.122389428679,475.4312950024721,174.27083086857743,202.4665431271899
-16.5724225807178,500.99168690892054,172.85958479961297,206.0650064270215
0.857740499607587,517.3715390577006,175.3294748422812,205.79085442626535
18.749232390739238,477.92061344855153,179.99272897206077,211.17924569513076
-8.227116924970929,497.30472657736567,181.5696540579904,213.39003739351585
16.68333608095415,514.9518860385497,193.0638521215669,213.1453706446514
24.600438947508465,510.83946508313454,198.42066051131982,214.09938573519008
32.34547550355309,516.0484058589237,202.44380585382763,214.4680414508107
-3.0355844585873513,450.3426136198965,199.49395318355306,224.8120047120269
0.6727347510962431,470.79518394190484,203.24515891339362,229.87830138576012
0.782607372477031,483.210886289148,206.63218872844547,233.80424654148763
13.876140067638033,412.32415737180594,207.68956326261417,245.40719628095542
13.89968525034287,443.7947716965534,217.08567509667708,252.3752827823569
14.98676501702758,466.7399242784504,225.95142970467953,254.0667313797906
126.07624880547975,429.118649725945,243.74067165912967,258.6333653424525
308.4076736150034,406.76229905077207,245.34577069296597,268.15386013875224
408.39565923694994,423.9659060399368,250.9045709907076,271.59553289854
392.59878447405356,432.97403369156643,251.10690429806783,274.07203674661014
395.3127729560422,438.89536246093905,254.81537988121278,272.918961976576
411.4273502691532,443.99891922642877,257.0276680618659,273.11112219181325
383.56021170803183,447.01753850557066,259.99813449068125,272.88306693164935
394.56378695534727,450.57682087514627,260.5702753486177,271.90477905524716
372.7940827367639,452.39779609986783,261.5353156191282,272.4558518544502
380.3959470442576,458.2620021739957,265.1442942518552,270.2527760317077
356.7936718643912,469.60805623675185,269.6818559854096,269.12038916334774
355.2103280142478,466.79661463001946,273.26531388586045,266.8879584481943
351.1900914795564,480.704382450443,278.89316957611794,260.735424320122
337.12840552654154,479.1454185634307,282.65084517938516,255.63380902829553
334.3299227410333,492.3126937241519,283.9109558627549,249.05277169807277
328.8542708008282,500.46482420457784,287.3434466885484,243.94855401705277
302.4209780664138,498.86137491019264,287.69163397660003,242.47419533109056
305.0195698109291,512.9519799930313,289.91148326513576,237.3470820165444
289.51429344246515,525.7399244305087,293.251758736514,231.6803579610459
279.61440328169897,532.1027264767001,294.38644797567656,227.25044259779483
252.11657400736263,540.1107091299848,297.43928424005964,220.95936555561528
257.3086255553787,549.9049812567248,300.7756672208981,215.0741481529749
243.3644862134645,557.4441541125193,301.1510395371132,211.1977392015533
235.64296268715964,538.1764275008145,300.28983305267343,207.7660644854391
209.14214029502915,563.568965467396,301.75380066763194,202.30399043166307
209.95876446757117,579.3178296274551,303.6008897690435,192.55586257550993
183.2144691361357,590.3704009388648,304.76344311222493,187.49682160363028
156.93565673580008,602.1687344084608,307.7235810172913,178.581524729355
155.7707481931195,606.8954111516427,310.24131999442983,175.77477165702518
130.65008685565275,622.9901971423367,312.1409996693173,173.0538018258536
-9.56109965608698,496.01997578143187,309.90482701869314,187.4810457678209
-43.48910660568873,476.73197976994015,302.0790314592134,197.0785345394395
-23.845537014487206,355.35048523111095,293.08069057493896,212.54953173101984
-53.73642914036063,356.9541097562989,277.67060749187846,236.00568812021223
-42.216776136581274,405.8773043446643,263.01587817575546,254.05459214767106
-12.613507330218056,418.7905547072902,260.7849015258159,259.653487631157
-17.40356425638693,419.535906729711,258.9013136808318,265.7781656607665
-55.17686632716044,321.77624493742,238.35765394167294,296.17508944674694
-74.03409323462107,345.7380208472564,226.45478791763776,311.3431420405725
-44.98313351526332,355.76107428153523,223.2076002482141,316.39827499935836
-25.962543120006288,347.55922976273905,221.81992323107252,318.3739598475515
-21.57176528901128,367.9672833942177,222.30958337177867,319.2164356489437
-53.192868837457254,251.83713479033426,216.95023607931392,328.01553283462255
-30.988778845381717,109.76283790818266,213.30572406837953,335.71354225352746
-1.0415698592557447,22.63405721705044,216.21495535008242,338.23997409520877
18.462108744740064,12.252503443800663,232.25296495857683,331.26446413772067
26.80521783237161,19.396186419869053,248.8246440652147,321.6440831458417
-6.710265777457607,9.892240478964396,261.84065034322555,311.9205695283315
2.42408517672348,27.56943984251592,268.57404224567955,308.42391486792246
-28.960177726301566,33.036149827435736,264.56986430894983,310.85360258515084
-53.228334244121314,37.03042896914374,237.97911495884833,328.092858119161
-40.914505244156544,50.844612601222366,228.65964042697024,335.5211620136099
-66.55132838391413,54.734183324396156,207.78808384304648,351.05238171886765
-71.25257289685135,52.744899935489684,190.96227021413463,361.18952665365305
-39.43433530956298,62.61416506700664,190.9820026325915,361.5485210497459
-71.31270563375716,67.2157243311664,187.398473669549,365.116206751471
-42.52194135966792,79.21303339713577,190.13940231620617,363.89572916619994
-28.157134812722617,84.60005102274931,195.8250303300476,360.39658165797607
-17.095135710006844,75.0139460953242,200.05524076166193,359.0997178946628
-48.66005206172444,85.14209792400902,200.92855263259477,360.9392165294387
-24.623344550807516,87.41649882285566,206.69136561784993,358.63147007927466
-16.839254989524818,94.05510825236973,209.76164171511002,358.37360795222446
-58.012070927550035,106.3099553040129,209.0990612824414,360.96529673366837
-32.315527717402134,101.28113436564806,212.46974884278907,360.8130509426998
-21.798644726908492,90.96688839270223,215.4055334284361,362.9156250154823
-11.78035512304568,197.3556906283365,217.28100632659556,368.8675770824236
-5.119115448435679,191.4374687360946,220.9351951394442,369.1994729215482
-53.80325198179241,170.26511954581895,218.37387055428437,375.5238889323508
-33.31558691268138,164.86374481886043,221.85620671284434,377.03558912455367
-30.76906729587597,169.82547989353958,223.27743768939837,380.14265717283797
-27.19009269335163,152.81072504287056,224.15563422952363,384.3921213284892
-16.096281030531614,143.6597105588233,226.3855197856689,387.0349536832631
-9.539895592458805,134.41505508733607,230.31124285380525,389.3422026756278
-51.94228186857296,120.51966162262448,230.03175002740005,394.8802095667469
-78.33398882604735,98.1283688027361,227.402652415715,404.4649885279064
-43.18439995391016,101.3803645682566,229.10372082500257,406.83429092123936
-66.86520667490414,96.05832515597146,227.0914992004818,413.955440632581
-38.242631789515556,96.90856037712467,230.66364427390712,413.13760991978313
-66.52457817425167,88.65586375091931,229.0628123413622,418.49457475844906
-29.686172356718615,80.8987206787778,236.67271263783164,415.0306763210508
-53.758711193348304,79.02911985314142,237.2617160889281,418.95994919614134
-72.90589110482735,88.0995871625901,237.6563997165516,426.49361282000956
-36.47135045700114,82.15484553809844,241.9915264103343,425.9743523711683
-60.807659996309575,81.51566069341291,238.2942681810331,432.39842843085563
-47.17813535457161,99.60512174048284,239.82648697044579,434.14349169082516
-88.0994597422861,112.02916404295627,239.26505769787173,440.7805577444749
-63.95503853542989,114.59430826862089,238.15515170374272,443.6982550689856
-48.871994574118915,136.2439638514186,242.54891261076116,442.079021564273
-87.51635298984628,113.54088711586002,241.50073503188406,446.1407758871578
-45.33154767062469,102.18088574231282,245.74225077740212,446.18747761354183
-81.40769579798487,92.54229941488134,244.3751086777657,451.5688946757114
-20.536899949573694,100.11598501485878,254.9563056367366,449.1597120213386
10.173600590776545,101.54637008805639,266.22173006353484,444.5604294737075
168.71229235951654,165.40110863443098,299.66047601767343,434.3823259939615
391.5867433513874,251.58297469139436,296.45381183628535,425.13103735516046
431.6131384410098,260.7806738036991,291.5683003585434,409.9536620716323
405.71444032915315,262.5554567648458,281.9427642288271,399.9412173950907
435.27392167525375,267.3229761701456,276.6839986593771,390.604800161504
402.82283916338963,274.2512057050309,254.75772245097716,379.813365578321
419.1461624918966,253.95143812879382,238.6305705455213,363.6696812137154
438.8237185796616,254.70534554904975,220.15951753097752,350.54648598409835
454.9003658004515,247.05143845352012,206.52227396688062,337.66591620209124
475.58018813848446,244.56623186549527,186.59239072944519,325.0872427338118
485.38834682696097,233.11783850708753,171.98889074366008,302.94957885807094
499.5350060992492,238.73405280817065,153.22595224711552,288.3831287068623
516.3096885724988,234.08599154283888,136.9322991679978,268.9384742476485
535.831854668925,233.03995704732017,124.96070127614817,248.18432121838475
548.7628350423572,236.66102177785766,114.69214181306997,229.07624941233274
558.8938008730429,233.2623705570299,104.94162023792629,210.91063545220345
576.1429294568155,228.60250737736663,94.12676359612077,195.49318018624444
587.3934197756009,226.88744455823817,83.46053543366364,184.07612050070617
598.5167903060055,224.75608196620823,73.4025246751894,174.5431772954985
609.0654353186009,222.95111104109043,66.31135211720351,165.10762278919265
617.8019006426812,220.55058401534225,61.07432042218653,158.04787782032173
629.8515095520967,213.62347923496753,54.329948072017956,154.3184343544483
638.4704656710286,209.66773473482164,50.859896977697616,145.97432742103138
645.5328091405632,203.73443032757734,49.568718266297715,134.12936249172319
652.8344080565245,203.94481712639674,47.68959984662957,123.14148786855596
660.8159051102002,197.24941429564322,43.856794111361566,113.67760355672158
669.5555527035647,192.75576084857317,39.75692593660152,109.4765716388251
675.9025625589884,189.8486013192043,37.91688224784427,105.07353225409247
681.5135019134464,185.45990111459633,36.631545863434894,101.46990376873549
688.622485401687,180.0873969795888,35.24771872030921,98.17845837280696
696.342993379628,173.3823306474522,33.43890169248324,98.43475662670485
702.1661255195586,169.6239766430158,33.425042305592626,98.06496415981277
706.9884928825946,167.25902878693915,34.73789469088001,98.01397512424252
711.9424746034578,164.29834391190883,33.85640076809389,96.0365424088791
718.3596127464939,161.92646476197757,32.594944138048355,91.62331074284805
723.250240043174,155.9348492662823,31.121626445000174,91.62450199221351
728.1541656180085,152.27164765719945,30.141736670475353,93.94039617428531
731.2054423013747,150.1357572827411,31.603533670400253,93.4560844310982
734.0008710089809,147.78275872858308,32.16016089924091,92.69841185547449
738.8782699140227,143.99709903027414,32.15706694242465,88.28589499359326
743.8120760686592,140.85815986053802,32.07074238446282,83.37078053127769
750.0012090939323,135.40196910547792,30.261456951934743,84.74478788477802
752.9995338833988,133.62762955458095,30.930221726392084,86.04636927795833
757.3143675701518,129.60773722847242,31.47657522377841,86.90916085174138
761.5074576392616,127.06355118376497,32.89627662485613,84.54998902725507
765.4578756520873,124.71696252952242,32.352194519951205,84.64562896407294
770.2004575780066,120.3408833987331,31.310176495693085,83.22617368345306
772.3484586557573,119.14292940725655,30.930535409844893,85.79984204644754
776.0341552492811,114.74542707155766,30.249853390751237,86.86939196048588
779.9336521703727,113.02725906943044,29.6647648062384,81.81310159140229
784.5182872140716,107.38175676675374,28.33524739071294,79.63905202855017
788.7316259813125,103.72103719766545,27.583143089919062,79.72276832222188
