232.5,298.5,69,126
232.78972196742842,296.2974198428142,69.15838177948753,119.39657888190453
241.2633526776308,345.06962022578415,69.21171849394992,124.07054814486439
246.81509022764152,350.8508484537611,70.78025558220021,118.77962665325637
248.15143676606343,380.74212463920037,67.33721634463195,117.22690308302448
244.12607765765642,421.19272294229177,66.70338482249488,116.03371356864542
242.40690943562254,415.8974966525001,62.426743576082934,114.0025243534381
239.10415836531035,403.61385539899794,61.0418306435073,120.74300734240963
216.83744489126337,393.15028339164246,72.03741362660863,114.76201616604094
219.34666859796732,388.237304128525,63.654941294820645,113.96217608415515
221.62730247604264,376.34143854061216,56.79166258992235,108.82186918212267
221.19166485425976,363.7101489121885,55.022292095442026,104.60769371905498
227.0509606103352,357.87959627416683,55.37695139337275,101.35157743277529
205.00723001716375,335.63240561907304,52.97872833448648,94.60886099616232
191.67230055026863,318.04465847171116,49.368413220110796,102.80141580814521
177.2797652657652,297.8593537299663,48.86466657871925,105.58188486891717
175.1364131763914,282.8043657956215,54.189704675508196,98.73307784949141
180.04483397299663,265.1084225511695,54.00833195084667,93.44109394924014
187.2014140623951,277.0967812216526,51.91137126901693,91.53190333117443
195.77268105564724,294.27007724399806,47.76656562597362,97.09487911882427
201.13041196442992,307.3203683626619,44.87693740068849,96.60568948252046
205.29863589725989,311.1131141317535,45.54939849494329,98.6681343140755
208.39431416584205,300.6375833127521,45.764330230987575,105.34336943443878
211.04702732796648,308.3428726210527,52.0941137557279,89.3611586153195
206.38714687590834,337.24192921746186,54.95263965690951,79.6704139763109
201.3270979966722,373.6622886604053,55.59483963374804,82.4462888643681
195.13635026563938,418.0015438501877,65.31695666225598,76.91956615225482
210.2246446933019,389.7946849123817,67.41711265568384,78.31522525617956
233.50752693346809,363.5598575762058,67.63278561467763,81.5739260753
262.46124129001737,390.18531246508707,72.75074334388844,74.77235254568166
289.6267892847092,399.4328017279366,71.44704199753336,81.88217313471073
282.03799072290985,406.26345485282604,70.2645894681402,91.65465979845648
267.0924590940892,410.43345800885834,70.64384445177156,105.91787685015285
297.10593432388913,446.74863065288633,69.78612506976853,118.34772126287776
328.64915089141374,469.2321671016304,68.06786981065663,123.28972166165872
361.0100635048535,474.447562827328,68.73980591823641,118.25202383394337
382.16725205887576,430.4266066329658,70.35803881796558,123.37702089170863
386.995861487542,373.72858741472385,72.20938336410269,118.34027884774925
378.40032968317126,366.69850914957976,73.01253103884844,123.23451604243542
357.43760934477086,371.30685545031236,72.0165245329651,120.68741908286671
360.26638274357254,370.4163614785422,71.85158710262084,120.84731201966929
354.6622152923019,359.2415629551027,74.04753667227773,128.09382804892505
342.9423207706696,354.82158701190616,74.17504593422419,118.3422148092658
329.86444623126386,342.50193032541927,67.46955141636123,118.07141460475587
311.80306814686173,331.1149381102792,65.50772619422942,119.79548964863083
309.07338245008265,322.26069948558273,66.96994398654283,120.76639445720285
302.72536275212497,367.79585700570425,70.04010663168384,122.73398531841335
297.2276302294015,382.4911276097009,68.48291076997933,116.89078322251423
302.4194903747414,373.7301134766495,62.4381039213357,112.42474665883444
312.74690738769783,366.9881604798403,58.60340928907043,112.37535803714985
322.7008956576314,362.25677479465674,62.86432890351518,115.23015360807156
334.1868258107889,350.919627855247,65.266781701655,114.08369550394586
347.8361383568721,366.1117467677296,64.67033425436172,109.11661562866587
358.6494860628576,415.56699719100897,58.06756887151917,107.89639885426797
367.2128632089203,411.8334940539137,55.347469234076854,107.25975321769023
365.30696158858933,413.81008925862164,57.710057383469355,108.06683614270037
350.25323939845026,408.75977162523094,62.63977039190772,113.24181914989917
358.77536513400463,411.4308223359064,60.54602554267623,106.96752251103783
366.89225338247905,407.5810736898709,55.87337362466277,107.71708611046903
373.42439992693846,408.36426247664184,52.0931228407397,107.98181180436914
377.64631374602817,407.1528540127259,56.53439187489899,106.35217766117891
381.1325672562464,402.6733720205823,59.42405736467257,110.0739273791246
387.2557819196818,407.28566968724533,58.4243583378378,107.08697590132296
391.75717243720214,408.0491062348561,54.50976020667758,111.25698722592232
395.5119367724365,410.3431452139371,52.9643620606449,113.74009350505347
398.04255777080255,417.16271851567086,58.571026095463,109.6492115462415
399.3433915225828,419.87334061713125,60.649592506319735,115.53375854216385
403.811547935255,425.6741673487305,59.67585572535231,110.37639540038177
407.72204745176714,427.5840196064566,57.45384620371988,109.54581474858688
411.95411756876746,434.33784009293004,54.66915971397517,116.03400980138215
414.2274546744679,442.9480404304506,59.44241829251882,113.41327792529049
417.65175429328485,388.03224846322826,61.8951068568768,119.07380886413775
422.3219755518813,343.0210591903782,60.99235954197391,120.85174707387802
426.9593864338755,309.3407339644637,58.57868453232029,124.50638778007183
435.5466351543273,327.0568630595143,59.47831252761843,131.35441341557865
455.6205492300247,339.0244364695577,63.81782041821779,132.56146218943698
475.2058023274239,330.44957387879606,67.12277192882716,140.14679934120684
497.63336913846143,284.09026282649415,69.10909643275197,138.54586297420252
519.8156168314331,296.4244013310681,68.26468296609684,141.71789186802093
540.0802637255857,311.5825075306477,68.3691228176364,146.56497086009767
554.4923193328972,325.9939877695202,72.35047268150133,148.437141667097
567.1174353473288,331.7386402616833,74.06759569056537,149.63585279180165
581.0124137948075,342.7825456621722,76.35159629334117,153.75033460555534
586.1875722148997,347.3945342851697,76.64672186700601,157.78427625502064
582.6147232841727,352.1943273279334,78.2887593864398,165.59848191052035
581.066193552942,345.6118506718729,84.61526357026864,172.41111331870582
579.277293729816,333.24124260537445,94.22244690119547,176.83658408029532
575.4915260981568,325.22404531399695,101.93520178499303,178.29944737320437
569.1106095888761,305.4897851844977,105.785978629102,184.49784645838363
560.5690348899715,295.8757854376247,107.40882952496833,178.00935809608262
568.3987008121796,283.227917336148,100.79366383651693,172.66441466213553
569.9249179128213,301.29595657275706,96.8281644253068,173.4149851036306
562.0374747674964,327.6717072910528,95.13418689455727,159.52946128655333
547.5669292983758,310.3543944422758,88.08056429603425,156.2306763234276
532.5912429835931,331.8238253389996,85.27286752158449,150.98187382807305
531.7922847259098,360.8306586322208,80.22113667252566,150.18986055397104
541.6440174532103,344.3763211407816,76.7815454610318,148.01709118292305
553.2409477523724,336.721661993667,73.06561272823248,137.68786569029137
560.425605426546,372.5804742957977,69.77917902553223,136.33614435921837
566.3745924887029,406.4063443029694,68.470605616379,131.7503497273396
574.0496587906355,394.2414778827677,65.88211148811092,141.01574348967483
581.7735904452135,384.4118351727083,64.59452849479007,142.4243784889064
586.4090334168552,384.9583157446454,65.66778692335149,130.36651950834369
589.5873710229721,379.57889518033284,65.198827226466,128.02612674403395
593.1650780294767,379.4418853240084,64.3900473725346,127.53932254324177
596.9223749129908,378.589108259763,61.94319107150684,131.48673002533152
601.7790886057574,375.3722887814773,60.81345553517315,136.47557184972266
602.9656803848306,379.63567744975524,63.25678588673662,130.19445648678445
604.4392750470976,383.3752446095941,63.269063880172745,124.92210298249158
605.086855474843,385.0884799387478,63.32798426977652,125.71254152945033
609.1729256955051,386.04893266539887,61.72446410670722,130.0058141106866
612.1096483300366,383.80642944440666,61.072642989257915,135.8356473977077
612.3638020662945,391.6938361496011,62.98811984243356,131.1684247071964
617.5518662195977,397.81889454101747,63.096716060545106,128.49718486061326
623.409126483119,405.3666575009676,63.26750541407749,131.488341523886
644.4517630703607,412.5446019829153,62.88490091888667,137.16519835546165
656.2616814764655,419.7769068270772,63.615392154430154,143.15630207602862
669.2830952642693,432.44141490177805,65.84422644885653,138.1499694010041
680.5384379594324,448.64985556284233,67.23179769882677,133.7079819557567
680.503632872385,461.1842706277234,68.09824861585189,136.53828632468625
682.9955317906235,472.2308231695308,67.92944753500204,147.30154261521983
683.3799114404096,461.3199348582853,68.56797467741191,153.28104527793963
680.4847524329825,423.6907362631878,71.11368711830796,144.5712605809584
677.5758714956567,377.1259810852708,71.11316119272382,142.39917024277509
675.4354800032428,367.5368625919599,73.41927430997374,142.52790007120194
675.8092977678147,372.8042270276085,72.63642964814906,152.44141124095927
673.5962220382726,378.1451748151263,71.67147902170943,159.59347993399484
671.8656932399068,384.6897130212137,73.6786137692287,152.08774278455184
670.0118695630345,388.25756128418806,72.02451016245122,157.18327100037743
662.9104879137958,392.78931258873956,75.89275854533508,155.22491524917385
662.8685478142047,398.709419198031,77.2810138436167,154.72698774503644
657.3023216139536,384.66643673239804,72.74176440330402,163.26713317653557
628.0311306805746,390.677392379781,75.83477422840019,158.34633842551716
598.9724328509429,399.6151296028661,89.3206964465432,156.85845663300088
603.1613424956249,387.76897997274773,88.61744931565102,163.35301900464555
616.9145633178183,381.2394998576797,88.34582596882106,159.95001431447918
596.5101306819547,386.3843340732722,93.6202582138868,161.41320304682438
576.0653050120861,384.9446126716083,103.42429320002137,160.43109072092125
601.5494171202547,382.5635093105369,103.12578006476008,160.74037861031007
527.8461823122541,361.5517267718437,119.50292882549637,156.6142994271655
568.0535246327064,372.0103868861554,126.8524051499454,157.86239139642782
533.3671793822415,371.4657352898316,129.4689195425287,160.98853581228647
524.1787847275559,388.9257027075695,132.41624560484752,159.8864971201112
540.8417545584539,401.0112344908544,131.93193283710218,169.4455426049094
559.6531962092863,411.89031138743746,131.48188098920488,176.19835016621403
581.3697321424858,438.67525368832884,139.29090935928804,176.50071931074459
557.7660138264022,452.23197531508515,146.35562098784973,172.46125763240258
542.8544226620601,484.58262096395265,139.13719237713053,187.87914889293506
528.598524245609,444.7414604189222,137.78134006691513,186.81090966361788
496.70853046520415,451.69372343255384,147.43692075433916,178.6213211048559
501.4047775047899,427.4695446561821,145.83521297076453,187.61011380903813
525.1328626328766,419.88096872973983,147.18328534013483,189.73667800041335
511.2217992482356,421.54166426741256,155.7647632103578,183.22057975889174
554.0609320642484,421.53119297637977,154.45695032950644,186.98900107924482
611.1847779493933,356.51728132359824,150.03545872779742,192.11623860775933
629.3792724555425,301.5489417487849,146.4451917657227,189.166020384709
694.5213078742346,342.0084498082647,141.3405126598761,188.02923316918677
741.8710405950629,346.26056398431115,132.6867926594382,186.70078807144608
762.1691369810287,349.47632062012934,124.13686616259446,185.67225884069842
778.2467292592681,341.546478474255,113.61162913040212,184.83707892983762
768.9632969099489,349.4178672540869,111.48572321271993,173.0716986155499
747.5365186702588,364.8815670005496,107.51799102538692,167.05578679334278
711.6005705596054,373.96074763957387,105.44741354398874,163.2958301319094
610.0868264974495,389.30059295421324,105.64493607775066,160.00072853143845
584.4556351789668,372.8091051425686,105.24626507804567,150.35116023722242
616.0808408679064,366.1343828606481,104.37078114056342,145.8324547597657
653.9650286469221,357.7953342996269,102.2209248857697,142.21638424718492
695.302703203926,345.23263889849875,97.52537738506393,139.14222077545276
732.5761733947779,338.67326411594297,96.38713527468298,136.39365643179215
766.2185040890265,344.29357083764785,94.9493400297117,133.179101950433
807.6700834407766,346.5304171997012,89.43731871584367,131.92154340103076
842.5480939021413,329.9305426810467,89.05563727935036,130.34756236837026
862.1502958785109,326.4844814661754,90.58164818812796,126.48314809146953
866.9803690263532,320.86446965338024,90.23553651477313,125.98014407107749
870.3934993722004,315.82199862348403,87.33690430366217,124.23283042461958
877.1293160441583,311.80113118472184,86.9813743824125,119.52414916525527
888.700440759179,312.42852764753707,86.02895969426152,116.92640730379884
902.8019140084056,300.08995870453657,86.54196754573536,113.10423398487706
909.1634243047536,299.83574029417895,84.75622792097286,112.82226419317954
915.6099309548097,294.0445289503669,81.5433744789724,110.79965839737581
916.2724074827725,281.84371552746967,81.37867274622546,108.01410162094339
921.1105287711181,340.3302563148097,79.6156776023852,106.02916025090742
929.1473472399631,348.3334644086706,78.11066085816353,105.05915214907431
961.878767691922,343.7985426242722,76.58935704848231,103.78158238453031
970.1005301671408,344.85318341802963,76.8323105354396,99.40553538138339
986.1127532772159,347.0936924306825,74.06511151656369,97.95731254662431
994.533939258367,347.9564628721686,70.51470251377282,101.84163486797561
992.4237979335905,332.5538162748718,68.24521221817577,102.16364678731672
978.1186787002395,330.58987707569605,62.26501774267106,107.37562220832942
965.273159064946,333.2651193510131,61.84707099808854,106.2340490022809
949.100494885546,327.60282287639296,65.15166395556002,103.83999401559113
939.9441075350251,338.63478857299754,64.32377307556916,104.04863073537054
921.4648280424599,338.9945968717647,64.21821070843174,106.20529349813731
909.744253684965,354.9400261195005,65.82947295610484,106.17479749120108
910.1444936303056,382.8082906804186,67.16043957331385,103.9696490825369
921.4718799464077,408.300634174974,66.25990613571895,105.59973617346029
923.132537530007,370.4156213619868,65.72026237276008,110.2565865047959
912.3257662518932,348.3218700245632,69.77419068101604,110.39105451157457
899.5247307219428,369.29965143719494,71.36155411648036,112.12499230488245
893.9569576049967,369.6635447851205,71.86859804959327,106.94189120261979
885.4392706805326,351.8688314790249,70.13465725828769,112.31408858433932
867.1009433936429,327.2267827798173,69.45505045757945,119.06648080689112
837.3971181242307,305.0233681564721,78.38832636304699,113.92868601211426
835.506868030388,255.57738031296492,75.33462200545944,126.50268179203144
825.3094249704219,193.0919933366406,69.12429657512216,145.69152731432982
807.9241759632963,205.18138501084053,73.23082532883714,153.04506727668095
805.9718837272599,255.91382234660648,79.88835559287543,147.6082163096581
824.1652601827354,323.46284069227073,79.14220143880246,142.46384189584748
840.4348822623607,352.6622805196374,70.79117751912057,147.20909444972568
831.830113437949,339.975178748439,69.45623653887944,145.5513815024558
822.9328747453427,329.8634545380661,70.9073193483479,142.66159034834482
813.316028458978,337.1460588611152,72.69162222724168,137.10805388995075
803.0938787119329,389.50107237873885,70.87065661668255,130.5547670506019
792.1993152523448,390.33841324224727,63.980956670610546,131.58524824899837
782.5120922686634,382.4348382395781,60.239945692609766,132.1697254935961
769.878783683007,383.0851700135383,63.536067280874576,123.03351867565388
759.5220534218605,380.0615185063073,65.16847246977814,115.40683822872697
749.2620064775391,380.40556686699233,62.881318769715485,115.4324455535547
743.0862311289775,370.50304771796993,59.19380305968197,120.16955444390236
735.8231484748654,364.60855038595207,56.99590868569833,122.13770189444026
727.4978179244563,370.2711546253225,59.081013865968536,113.46244151469504
720.3227755036168,407.3466852018267,61.30192202269486,108.46856195802123
712.6781499400024,450.31240804670733,60.707442291557776,110.40030957539054
706.1727639083114,447.5489821132353,57.601667364399546,115.00699464474013
700.2309464799434,452.1752737605009,56.55070212865285,116.11857399473256
707.3220425718646,460.01109546257277,56.64253038966593,112.03627770797752
700.583465651448,466.04222740523676,58.3962544038618,107.13115390904866
717.08829517878,475.6949854183411,58.77852134458945,109.70024864762931
734.9554929660443,479.428729385098,56.158741075605306,115.87458768028927
748.7375146633098,485.6945768390605,58.098484826924704,121.19053877831709
769.855057187838,499.8796420031181,57.11808773418913,116.87352943254022
771.2262782216283,507.5663182791849,58.62922109562038,113.77097194967652
764.8206339155722,458.70958472775243,58.203965260830245,118.47063535341988
758.2933047572685,430.5078095881874,56.541729509760295,125.34637349264946
751.9047434532652,404.3459719206502,59.03533123071085,127.18198516214717
747.2337877284749,420.9480209839208,60.06971222453401,122.6256960993881
743.4838079594554,417.24687511654645,60.1465044761255,120.40765842493494
736.5030519962881,373.01203177223283,60.13120447940858,125.26249541400313
728.117560007569,330.83297762449314,61.257536410872845,133.45410334644532
726.2563307682291,311.14314967359735,59.86653468965429,136.23005863913215
723.6243156824174,333.50705791301505,60.525912434626,138.6884548562286
716.5360483059783,364.99212231363805,64.40550689897044,133.74892354921312
706.936049439957,395.4161307560726,67.97965225642216,136.16466961430396
704.5960217348122,430.41120611157254,65.5781021904366,147.1096921402285
699.8010463451092,463.6284457535411,65.65606542421581,157.9313491616728
695.0790179110908,435.21416116777476,67.26051257156965,159.01803122838658
687.6086119592553,431.76640498046874,72.31999975672291,156.39054072383226
676.3479745059193,400.1982165254548,76.05399850885881,153.28679614936425
671.0307985976704,446.8037848766657,73.48236805043965,167.10832814412572
673.2538749746357,482.01054010737704,74.8278328827968,178.03212539415776
669.3105669493494,455.73448389900693,78.21795725682182,176.64082168530655
661.1102485966941,441.9808595920266,79.07223766909127,180.4191571451574
649.9765992109817,436.5027453964186,82.0314590015905,176.91634584825402
651.9291539072051,473.7395909451215,76.48385880586424,183.46745011008045
651.3484507576476,413.90750175540916,75.7243695299695,184.3285946761966
647.1319308574556,411.76179765112363,77.85209680999164,182.37567262877445
642.4068303576332,444.4317632238782,79.60980671911886,178.56286736101833
643.7027529693286,366.7480651380162,74.76388144574281,196.23301510687426
645.0880500910479,378.8566692367549,76.73617661412706,201.63672112219348
641.1912878491222,358.437795018953,79.69795217333959,198.73143878762045
636.9883116201803,302.8905748049378,77.66467051080596,199.64662204393187
626.1155017771389,371.95375993537505,79.07826816509524,195.49594885626868
622.4076950645788,366.53989051533244,79.13969636064628,191.27966581207278
615.7551352809542,372.2256063875212,79.00766067034212,193.96087742261568
609.2120385411852,331.736236897241,77.82763208341868,191.74612234219435
611.7207496729037,316.5171968037129,82.21641472149625,173.0297288302262
630.4579280101175,286.6799140125953,74.98414212785951,169.68433947256545
642.7258027961577,285.82606349996104,78.19927943305649,155.0406921222969
656.4009259570491,314.38201904677925,75.4569508956241,153.83499645000055
671.4139861210341,357.377646600147,76.56269794408539,143.05748571857245
683.2900610466304,370.06029400370653,70.33918265685388,143.30497674725478
689.8817528276376,344.21986970576467,69.26391233645363,146.68700201083163
687.4250250655812,353.48127956444,73.19620179803867,138.01424644496203
688.4664561656248,397.72260706811784,75.36567962126504,139.03599759272768
689.6580015570696,447.3818013424407,80.3588323359969,138.04688173865077
693.9415947600667,440.6225440488849,78.49218321034101,139.86351314757144
701.0635498560778,423.7951785020857,73.48289424598863,145.34418760812974
706.1518130400384,397.47316303680816,72.8563467425344,145.77793021040605
705.6358801287895,391.44679197541603,72.97662770658332,150.0565270584231
706.5932199903812,398.0653491407635,74.862678515818,145.1123008181131
710.4859808133826,410.2671384841344,72.87238391785918,141.3046813143913
719.2402768048728,417.03149163508624,68.84145905996121,138.52060710111058
722.2269828775156,427.4513198426959,71.21153992548807,128.97859614962726
720.1084310194523,434.3119606461077,69.76360834289919,127.33250374485384
665.0414871819476,432.07851781448124,68.04221763977097,124.64011975679833
593.0051634490471,442.7713347669248,63.15072142919318,125.3124402353171
519.3283517084745,446.73840300800214,62.04281263807391,127.22367632939131
439.9850309721876,454.89075479751466,66.23235957802075,129.0650995890448
439.6078952253724,459.13218282509945,64.45268924651782,136.39156019396415
430.4201571556944,462.0211825643689,64.98865005257677,143.19842583178226
414.4605806867614,497.44060705865826,74.04433032683349,130.3674277854087
418.6757218517181,498.310961781076,87.71562790780533,117.3975254444183
433.9462233900791,463.79074132879373,90.76834546674763,112.06480684536636
453.8108757321591,480.88148393486665,91.78273717758103,111.0698961874295
481.07037053368117,482.7443804910552,90.31501301948543,107.37500876104161
480.6121819677507,486.6990621510919,79.028736849419,114.3552860738373
515.8104924028487,471.9663021773388,70.04421029778325,113.5329733536423
524.6793316037982,467.19186410933725,66.90875644006458,110.76919848425186
540.1393053353988,452.0002942947502,67.1860070015177,113.2700951519371
573.1138710542532,424.96645894402826,68.362114987432,111.71431975032954
611.0937588124008,404.7471989455024,67.15451501638557,110.5180612928385
636.8389483367006,363.8513468967793,68.49723697064657,110.23762235581631
639.0044252332425,344.89818358502794,65.93766290958082,113.05403624704473
656.1020182680114,342.22084988240346,64.90320837013157,114.51572864874949
662.1443377729414,354.08671672339443,65.7109322017021,115.44935128232315
672.8468802548424,379.23037074410655,66.78576399666896,115.55418046004827
679.7001284401168,389.50041543268,67.77867279227915,115.90559046988801
700.7382898428186,417.37985393399856,69.73534538467257,116.626498232079
711.0987317038889,440.1914835640697,70.44790092108889,117.61330098379396
703.3780279484124,455.8219359262582,72.4733103566407,117.65814868612233
718.8742472559912,482.6902454083214,73.62145460638686,118.51326564066329
741.5871702466249,512.4818706275807,76.10128220279154,119.08087982776638
761.341618270117,569.5012068780786,77.0721088848739,122.45404815607507
809.0033919758612,587.0640522741063,81.4182316823108,122.48918381071567
890.0282389493575,528.5713624066036,87.88527204607688,124.86304441818595
963.81735459413,566.2267106835761,82.83384887574718,136.2044674470677
1001.9071707598946,592.3287975465598,84.67428797521785,133.78067786692978
1052.9063614757997,565.8844255750868,87.72358995732773,133.20980146726006
1027.9072480458349,539.5225458482153,90.22480324917164,133.07596796839658
1008.928214039841,505.5061127290391,90.85102233054646,136.10500705034528
993.4796309091164,512.2224240794842,94.02404726271251,136.76933040522061
874.3954813910678,405.344760516811,96.89070800343549,136.94076359682396
876.7437576863456,406.7339476849163,90.36880292590338,134.1858038654256
899.1759454327209,419.6786648949264,86.9381844714053,129.0751900042708
932.576602712002,433.981639067587,82.21998018127374,128.62105625701696
951.3881646366141,448.1274562640769,80.59265768299858,123.63357368812251
962.0207983843126,457.7682570215175,77.15077176638277,124.23098275221093
977.6196959757344,473.4750561308792,76.84888558887789,120.9902443543921
1006.3238953046691,491.5419942730913,74.90587979608563,119.75987032115339
985.3344976277064,498.25022398327707,76.32098783250854,116.35082020077411
960.5989462396095,451.81938226500824,76.7599193281343,114.65177385274944
939.1255992590412,437.25469813771736,78.5740130970471,113.18399533816799
930.2344901548524,456.19633109234485,80.19806012479614,110.49256822287003
948.7414099371189,486.69199296134025,79.94918708425828,108.15089630557242
967.1492334308352,504.5334087974047,80.77353187203714,105.60294514402565
985.2554132976805,534.461576673832,80.75628448315108,103.18077593243893
1018.2299382978536,561.9091357799603,80.08153963792934,101.87227725623822
959.6884031462864,567.121167782778,79.29596001897403,100.54417049984144
922.7143274538005,578.9813190294793,79.43260994041214,100.50689195442507
888.7007586538153,519.1051326321438,78.38693496929756,100.34584816293332
854.9512276221996,486.7814773149986,78.0329667366504,99.83502421897558
850.6414857508636,497.8835214739639,78.4802896203542,98.22564535613353
851.4558792056008,439.4327425944223,77.95649073842974,100.36595770590635
858.7952970436779,439.01275109830846,78.37489018546697,98.72278454103113
889.2428506710827,438.96573166837254,80.44159074986709,97.73318665738805
873.8254106840709,478.3619576035711,80.42178378956758,97.71154556791606
913.7114584518544,447.43621755900256,81.31102267601199,100.2302095491682
921.9811239640471,423.28367076046044,82.50477247133252,101.71558590174358
899.5027659109447,350.24545725404187,83.24286447734717,102.43408606834515
916.1705994182065,337.9428162840413,84.88156879718936,102.86228998069922
870.0405226660632,348.5047754315873,86.30277737866246,102.96506322625369
866.2184583173107,317.21821223244467,84.74646126568672,104.77710563969673
872.0045365723255,292.931861916169,83.10501652571439,105.88142468380727
881.6654334573806,297.4187314062406,83.8674492097886,105.31600155445526
881.4534507106803,332.55272066285875,84.18728012159097,105.87712595398372
882.1430695816651,349.926509062038,83.9928707906192,105.77532557429636
887.6581062945804,319.5526756533505,82.589725443336,107.92332490324588
889.2913765099827,299.19320935717326,82.81675111237652,108.401324345212
890.6881651467435,340.32435501041465,84.26365773686538,107.74787068147323
894.0571282893625,377.14665170001956,85.46318344653731,107.99809656329204
892.4552540746038,417.78833839284374,86.3895591339472,107.8203831513217
894.3033636153156,456.76452919009034,87.25127237188211,107.93944599275001
892.969560641258,465.9540208711745,87.11388460364256,108.06279721576716
895.6202347795776,449.3146928167627,86.53727501495942,109.59887185204335
897.1190885700754,432.96390748314747,85.88318767579767,110.96733901389518
883.4614567272112,410.9850843178787,84.80417237386422,113.14745302041513
883.794027785462,410.47713264695454,85.05803811160344,112.26291501701249
876.3531147604166,397.5928721830339,85.24528215675892,111.20301691142889
878.7862528250862,399.335004907969,83.86468538078496,111.68763853576078
881.4338772366108,387.2470630738894,82.88938856238101,111.21218444272857
879.8564888156725,385.08306670177313,82.15994765224175,110.15677573559603
877.1960181280533,387.4383660455155,81.63752185492046,108.6367574070131
876.2838461512686,394.3378339215449,80.78453509449986,106.28700827219484
876.0636511619211,405.2337171905599,77.065331501326,107.57117836661965
876.0881814711288,404.1346973373956,74.94680831462765,107.34784240836484
871.9648289300118,408.671028050395,72.70560497023982,105.29770913232876
863.6037522687695,414.27081516816713,76.24238780091946,103.15484185709512
881.2215518651452,432.9513766384749,76.34333095270067,103.37870587971312
859.6885042348707,396.19274666143303,75.94650528636366,105.53636658912257
861.7988330273638,427.02279202969027,76.29805624173198,106.57893225217417
854.257119691138,387.8748450969271,73.3873878420381,105.57151448606957
848.0497493284888,379.7360763919884,74.11062828938493,102.34163680455174
845.9190120333677,402.375591471557,73.7309132972205,102.68670647977744
846.9682402091184,417.0315782653428,68.65716196057384,109.59323523230748
839.6010423612618,404.86377776538575,68.45143786882102,109.69539640066833
830.8736614209214,365.3350482932872,67.91510184381325,108.34058787017779
819.4065372212494,338.53849810451203,72.31933931934013,104.35557549484791
814.4449337968176,366.46890584802463,72.87126772632516,105.91356843267016
810.1876033484866,392.77689767397754,69.5224772469042,113.44328560453266
798.0308704474253,363.6527593700664,68.88063468104257,116.92678166401191
783.5067983404066,322.3603849788142,70.1688179337764,114.95598043287225
767.8272857668469,331.91144759946917,75.29133247994575,110.94956673593651
757.9497691689908,352.00264592534813,76.20098023118477,112.71739452185943
749.1495781816949,329.4352107292681,72.2816141244394,121.84125015555489
750.0484638428036,332.63988993066744,71.56727828096234,123.38382457845287
744.3132974911682,345.37079600120757,72.48823869977957,120.36124394869123
722.9759840872614,342.4055017203261,78.12907717450393,115.55495453572755
707.6574581761652,348.0477764879376,78.49430909133123,114.76675166084412
695.4976986163443,356.21365813508334,71.87045125449018,120.4778581838864
677.8615786206764,341.1726113544151,70.47497518742466,125.00809783716828
655.4787013192646,328.01136573653184,72.45200327489322,121.47992359030451
632.9533105424061,313.75938418420986,75.85486261779099,112.66667726690993
616.4325787282394,315.0312708345523,78.4509657475135,108.94580335274433
599.8625167282803,308.590154916918,71.15942063644869,115.69707722552877
585.0912911622754,298.1128180670375,69.65665094159891,122.15599900557527
564.8489516510214,295.6285300717688,68.12857012567002,122.64552797762472
543.7535122904364,286.10325851743426,76.59127827891817,109.73707442330698
525.4223044582941,284.33684135117034,79.1963158859312,109.74842023040544
507.1180299178309,274.09705210987295,72.08436565320585,117.33226875997353
489.97396902497746,269.0219357372727,70.51769529920715,119.82816149964174
470.50457029272303,270.8228998842675,69.8377683709002,117.62034728059785
506.29334491045216,287.05420446408766,64.84102530540748,113.27198772530538
539.5616248170426,293.6436131578326,64.9416760674394,102.29153467029289
570.7973252279055,312.8600074525002,67.91737018792212,100.28209125294319
585.4356245452097,322.2403181680151,70.46587019343838,102.54138966512856
612.2830427006934,335.42817319842266,69.82395547135603,100.71449650656157
611.5727683776383,346.17098514360293,66.51090889233369,108.81502693793415
610.8595461597807,353.33838419096554,65.0074920244631,106.80747864395677
612.8314504929291,372.8708184002948,67.06819773770745,104.70975349068806
612.3217064773752,386.5205545472241,71.53694005974852,108.68110143986623
618.9545848473037,405.2842813185252,66.805138979726,108.7938227796295
626.3043966317917,421.9128953774324,61.444491260447776,113.32351466391276
626.3588813109874,413.97619096419726,60.576451495774435,114.24358742261808
623.9270773653833,373.78947382292085,63.77267203818214,117.57621378663126
619.0466334263706,340.33692604878047,66.21721957052554,123.81321285757492
602.1489169671104,342.16853007770493,63.67397437815335,130.4607129602003
585.394750658664,299.7449916203977,59.750367147408156,138.19608265793462
561.7365567333767,296.81143944543993,63.191413751033394,133.02787226395833
539.9196808855567,296.0923788981611,64.85962344745991,139.50643905056978
514.1114948468122,287.9018143046693,64.72326176961437,143.23369121803916
545.6752269042743,273.852355554651,65.95236393844222,140.4253055635675
579.6579319998289,252.06748402316646,68.55534104066993,128.1727845521502
595.0608823561565,230.84579048310525,69.31728728196036,118.81883530971722
585.9316262434061,217.25778065944314,67.52194874814943,124.99962011958587
577.0901974682918,194.91021480282143,63.60926916849391,131.7923757592166
582.1008266470676,227.84086610384065,62.17294736747009,132.60196159481163
586.7588703519021,272.8164484819989,68.36960099508705,120.95599057823799
589.4391099889195,310.6815738156264,72.57625738579105,112.44699123542111
594.2897953856101,319.8161609915015,67.87793309275007,114.65067094284332
603.380027020552,299.0517556331504,62.22296854230957,121.24322910873332
610.5935073150112,283.0302217520484,61.8424601343745,122.53264707042786
617.1308384552752,293.8106881288054,64.98304113416366,116.1272008977971
622.6324372730886,345.4818556623105,67.16448281797366,111.07393491522197
628.5595548983672,386.10505661180366,66.27733876534907,115.9487302956363
635.3112369045101,378.7214801636804,61.98988060438988,119.96575532759985
643.2691751260114,379.7431005636107,61.09040467956655,118.50147270127738
650.7590813462402,386.64636701499904,64.18433721723034,113.20658715041851
658.7198476517356,390.3925172200758,66.11306621392497,109.15046865663848
666.4158405327775,404.2327640250883,65.23600540416636,113.76804730871923
673.8980629909553,404.2170799381766,61.421397509238034,117.18492133991906
680.3397156056317,410.16161258580956,61.21985348481669,119.51257483600139
683.6905387936596,416.277859182261,64.9895128292755,115.18323793887623
687.6282037322184,420.0447055690764,68.63814445490048,110.49236946129855
693.3982662327962,426.87527270175974,66.63876287879737,116.51432613710838
696.7143155625299,424.88591522725267,63.48589303242315,120.06256776155104
699.1148208908556,423.49825206435435,62.64184784222327,122.898098441064
699.2985873369147,419.854106972811,65.85551329888908,118.80373812106592
698.0828211130602,412.767975475589,70.76942079061021,112.16289309203697
699.9543053813021,407.33671559089225,67.16432532558525,115.34141039580574
697.4509441173408,391.63783806893014,63.01011476811372,117.01524778472859
698.5844846552832,432.4034190570845,61.234481957765105,120.48544807132032
695.5677001366059,483.8655314597388,63.11741612143686,114.8393717150727
690.619162977612,488.00371916847513,68.5963785567166,107.7423518563754
686.6901869731244,470.1944417633115,65.41835734129413,106.48739854887191
683.6585174085707,489.0349421682777,60.366717757425704,108.05447767842512
685.4615232995521,529.4361109581412,55.115829933024,108.84193403150627
678.5379731777645,571.5481803443188,56.185354573441,102.13923311761702
672.1007255911372,551.9619367706372,56.595727539896586,100.2892483688326
670.9630808713042,559.7771920253466,53.31889320998663,106.59569288586775
663.67517599725,580.2634899167815,51.69586801598305,107.0442379845677
657.8221669340364,561.1752136240436,51.832207452431575,102.78644465847435
650.9989005782671,545.5018957437576,53.41282362696569,95.81257555247632
646.6593222320809,529.3854933362807,54.187646627478806,92.17882489854046
641.8839023210808,518.6029006335924,53.006427599673486,92.33429138411364
637.6820520530312,560.9644507238982,49.33505517313652,93.99638670027389
630.8744015269002,545.5373446359926,48.25743569635638,90.79004490531945
624.9162042373641,533.4264613346376,48.94845431267635,86.59300192716472
620.4316621202157,519.4783154727515,49.45416764309503,84.28195363775858
614.8805381640684,573.9915929189792,47.739169576980075,83.08070930249312
609.626658358663,602.562383693622,44.62427777634002,83.8632410326684
603.4378111356242,591.0458679777196,44.16514724151377,81.25551547309496
598.8269407270026,580.9173787207696,44.63017844053958,77.50224283103452
593.9038068894109,569.1030059662354,45.424778379929506,75.66788214485913
589.7600644169016,563.3403943800132,43.2664745800213,74.75695659833178
585.215608717972,507.4857763041401,41.703403832895766,76.85137543214562
565.2014635323351,442.9866382298108,42.786588177493705,78.08346217726992
527.2331438966642,432.8912568328873,41.63434116326076,73.57707564182547
475.41290589123986,431.91062218639996,41.826393536774745,73.78743435478928
438.57954784693396,434.3545620323266,39.59270655144049,73.51161538183005
415.0689367363085,426.1333151337435,37.29707966515486,76.44888331736229
380.4520482180892,425.54801348385575,37.14888736780323,73.75955209368055
346.70981205068244,425.8097405800581,39.01465953653269,70.24975521615167
329.3425414267024,422.8712188392285,41.301622535275605,69.18823561221788
321.4440211213873,423.1923262246836,41.25241505575502,70.6606001294239
311.5825731064243,418.60905973712136,38.671188858522754,73.35679779877316
301.2920817989141,415.5127164556501,38.52307230947846,71.79528855162809
282.5528904515218,417.90893667736566,40.40714687235154,71.34059204978436
266.60423666690104,415.1812753241294,40.30805684752667,71.02905568143656
247.66982070142416,420.20990298120216,41.344364283547534,72.84859291967626
229.43523002060016,419.0494429107936,40.341966399523535,76.6560286873162
219.5563165477504,419.7601545428527,38.903455754399474,75.73359143296986
207.99024001959472,421.2792627416609,39.49976327972703,72.52992953460081
232.71320288374022,416.2279344494205,40.276749219625835,72.98233215466652
238.73322722296672,417.31010429904177,38.79445867096183,76.18347417784443
245.47995405529412,412.0199607558356,37.369694445054975,82.39969862278176
264.60118873911665,412.63651097102843,37.716534027840495,80.58242547784066
282.79569902163445,411.4263882552355,37.904235591228904,79.87375525914959
276.8347825122825,410.09639274463046,38.32250603052098,77.29304475788003
261.56467585641,419.33942488167077,38.53788119399584,79.3492053223408
259.5463057904101,417.7242589853322,37.21985690096289,82.27363258304072
275.8464479674224,419.0824527549761,36.77664818111429,86.37811712235504
313.35015817816424,420.1207784464414,37.12183331524366,85.87641900420384
381.06945479748424,410.3617249408678,41.873879846643206,86.64138156375907
452.5893327316398,417.29349832446076,45.87880118962751,87.820632149756
479.82578110886953,419.10208153140155,40.68091148982676,94.16575339481722
500.6709127554127,426.4875733881194,39.717279008055165,89.57971747045409
557.1968311782914,430.56742923091224,36.73032839040918,91.43752854359772
623.696210133063,434.4148789766015,38.9247868428763,92.98861820310553
632.3677868393423,445.8595193601419,40.64472693663393,93.15177899441368
681.2943994613975,450.9376231370092,40.235970233830066,99.65983213873088
757.0307502583707,461.15291248826173,47.510209456254195,97.36831246912455
745.3934784461278,475.2122897655259,42.971682145857486,96.64909546653018
793.7945574843359,487.51075360637697,41.82956264597635,99.34424189041894
850.3437061240442,510.08503995852715,45.135569046193865,97.3258858525268
814.9157514135047,519.6681526217085,47.36465101131286,102.34739247508476
764.0501471879348,528.7341370051766,49.66209153580508,101.38089910768258
805.2131090782871,549.7206024329064,47.31769744700619,104.14968834094888
796.1206809881327,562.1800111181783,47.65171601892482,109.10221148734891
767.5292707479321,538.7011919985353,53.05265301643488,112.02132027811288
764.539341123367,492.90914514442545,57.210626475064814,114.5825990186806
769.7020312566472,453.4747190795863,58.41880649827354,109.05031947955614
797.9784213216185,435.22748029575166,56.472638188725966,115.25966264555836
848.5851635279145,457.75782360726487,55.81285454235089,119.34799310072123
824.15294666251,486.1034223599974,58.62711476891147,122.91363379314399
