277.5,258.5,29,15
282.83016128971855,258.9847985070815,30.2520390380089,13.062864982388447
288.1793509699782,258.89542460380426,30.3519473809677,13.033762868670788
294.35096563025775,258.39367852947447,30.369519119795655,13.222982614743117
300.2363157875678,258.3552178716739,30.895210289890503,12.696357087337212
307.7117594231208,257.97382700753695,31.354159390982826,12.82631028523844
314.05128181514704,257.63801012081433,30.450794017175348,12.58491544106565
319.79392483212575,257.4841838042858,30.42564108271722,12.762875613117744
325.0020147690407,257.51302996919304,29.828042102025023,13.000107503864587
329.59531607278643,256.80369026910574,29.81780404664056,12.726200217163768
336.4981522374986,256.29601481396776,30.225066090891016,12.921073934930096
341.34725593823146,256.47647269105556,29.162799310540095,13.33341557538884
346.64482018102467,255.91176418245385,29.442836954069442,12.572033214483003
353.4663528998089,255.8191570740248,29.194647742123628,13.03326604664354
356.8415812462944,255.23083873723408,29.29156733577741,13.320075771387252
364.2126153933066,255.0132972561382,29.821322299993707,12.974226727183634
368.4566399610644,253.69525427050274,29.402809747364707,13.727981285541539
372.4537740804507,254.2270680407489,29.296709427171653,13.919912454280912
378.93933645393463,254.28662921281867,29.018035323322223,13.021751965986315
384.9058397803869,254.47524551541588,28.690526813387343,12.435637112608255
391.43558139381713,254.00277834981807,29.118163167784434,12.707780246097283
394.5055634846727,254.56847004366495,29.92265356611761,13.363257951755376
399.86471875437456,253.35403855904673,28.094372428025455,13.19960777595371
407.44461601289,254.93970986230823,28.186516020983003,12.177172120137831
410.5182218588943,254.1694914941849,28.68480635687041,11.554275690591243
416.61866207075553,253.7327730907288,27.353072234312897,11.5301113415379
422.62662030306797,253.94711741867692,26.814770323864423,10.990683629464753
427.4931840087577,253.69779687089746,27.064685611480655,10.690448738236942
434.1775788520841,252.43277398037498,26.475755240705688,12.183553488421587
438.0239630398718,251.64307881779473,26.17829764241145,12.510302555767426
443.86962710315794,252.2923237834165,26.337426382513385,12.020786420583187
448.707578293495,252.08748779803642,26.512960265050488,11.73181444328711
451.8330719870278,251.2635712891699,26.67391953413246,11.551909672254919
459.8915616030875,250.89078789123326,25.629574795083386,11.48182116399637
463.4986774668543,251.7507219056383,25.859878259821357,10.604226676138918
469.95836133889543,251.36750665189965,26.477028635394248,10.054432528929292
473.438098313609,250.5384071590554,26.56726198068835,10.01375223147501
478.9086043133369,250.55968492641804,25.969341596097546,10.330587992981522
485.93266635462174,250.93414067777687,25.40782856299395,10.0449249907935
489.2855458241339,250.76267204022875,26.073762402419376,10
496.569323193082,250.0779037560636,25.09001077830731,10
500.3615734099477,250.75935697907784,25.808049448835405,10
504.3651141696083,250.4708427732943,25.62858256522777,10
511.82954901635475,251.60178009064356,24.882015143876355,10
515.6298679657746,250.8018896701288,24.7531708219866,10
522.3788603576788,251.52943469060256,24.96480520913184,10
525.6957392920334,251.6850279489159,25.357195447529932,10
529.8518167041638,253.1197137526454,25.061557271288283,10
537.0627716021319,253.2093371653777,25.41153029108568,10
541.3212512957904,252.97079579989168,25.661620633401803,10
548.2759204238182,254.13581064629307,26.2278874418892,10
552.1402029382563,253.92829308303172,25.207246745255453,10.485325111315252
555.6436399333968,254.9159202387047,25.657525045468176,10.336822797204135
563.9142113418167,256.07269075526574,25.347608436812166,10.033142488449935
568.7739889680936,256.10331665725573,24.35531228743958,10.156472858817015
575.1496114677741,256.5727477319584,25.132488726654262,10
579.3133857983709,257.2860435206871,24.645007326021524,10
583.4295596318252,257.36520666401486,24.332409831287137,10
590.0606267495157,257.6245010406299,24.483591387771558,10
593.8024337187709,258.4015639208106,24.542301970355336,10
600.8798524704316,258.0383223734043,24.529230434009307,10
604.4111162013673,257.51471627114046,24.383815121843295,10
609.8203465226278,258.2595991757882,24.249795335294046,10
616.2445955573335,258.39723214049815,24.20757131522037,10
620.3151873117444,258.45299618417437,23.592654682123516,10
626.7995279591391,258.61503002852737,24.396838299469398,10
632.0288838882154,258.8242403032608,23.96741307328206,10
635.5296108059908,258.5460764373009,23.71563668462745,10.005702094318508
642.4881114137227,258.17198762460634,24.16342038512453,10
646.9614409128565,258.3488838991563,23.848933771915938,10
653.4622749332593,259.42828343727314,23.697985031970013,10.006127296080162
657.9568935743425,259.23659653425653,23.415883885463817,10
662.4804318071785,258.8189846547717,24.02122078292668,10
668.8418193457445,258.66555455534456,24.624374934206188,10
673.4391289455741,259.27753254253923,23.88458450194512,10
679.7712581124417,259.0896424246635,24.249627082076174,10
684.305604117712,258.3058256552423,23.85593531505916,10
689.0523585244059,259.0664952797109,23.64296596431507,10
695.5851261902972,258.36255744336927,23.75410286228231,10
700.1137786830469,259.4159065518892,23.398922091577624,10.004728377748922
705.8757410996938,258.6052308129318,23.942567405016113,10
710.0210936244113,258.1616996637219,23.420325372265722,10
714.8982716923837,258.71436566759616,24.016578521343543,10
720.9256611289381,258.70465676636877,23.52700319684501,10
725.9771650633147,259.0340824385087,23.121847363500816,10
729.2324845426442,259.0424464447804,23.215157440766795,10
736.3558843249068,258.57664248829695,23.557514862507208,10
739.5326811420937,259.4255668312823,23.505590247929387,10
746.52804723058,259.19224767292724,23.44195773253017,10
750.8150085927743,258.8355592180845,23.00323950161756,10
755.7482429705972,258.8839560178242,23.417434191510225,10
762.3769490894235,259.59395181275914,22.892010202657495,10
767.4410655583038,258.93556523177057,22.179352592523287,10
773.4224905747291,259.5602317334405,22.409622976752914,10
778.8396278811564,260.04434491375116,21.923623748302532,10
783.4621905461263,259.54514758097906,21.205508409751012,10
789.401420269162,259.87201163272715,22.341391311920425,10
794.5102628030163,260.3465711319693,22.210447696933315,10
800.7809427678133,260.09928701576416,22.383036567750988,10
805.7649042986676,259.4692919490613,22.717703899777774,10
809.2947832111769,260.31888303537386,22.779609867316896,10.513055869399167
816.5904802535506,259.9597931823297,22.55327643017756,10.54878805418986
821.0611687789661,260.19211327536993,22.750787307600728,10
827.9379228637472,261.03020347404475,22.003470361477074,10
832.7031481135768,260.966473427965,21.76479146240174,10
835.7072056839302,261.19566092250824,21.842501529700453,10
842.7504878276385,261.25499313134094,21.48323844862876,10.228669197179286
847.8591073823388,261.77797771024575,21.557158487806934,10.122459658654115
853.2841632654126,262.2157839533244,22.172378846792,10
858.873297143412,262.1473982818131,22.04796667125712,10
862.0782362441464,262.1946460116427,22.27916758180375,10.111092287243515
866.9802211419723,261.79209660938875,23.79173064418763,10
871.5031226819739,261.60200038998335,23.466274721095928,10.444558608835274
877.9752448389102,262.07617487176236,22.917773216584354,10.31382089134202
882.6781251637777,262.40938659438217,22.343324896646862,10
887.0584460392355,262.90392561189617,22.330250625237575,10
892.8249197286125,263.7800011971725,23.03990684889728,10
897.6492565891217,263.7320949652051,23.42705007052119,10
903.9179222263799,264.60984156715017,22.91966587176777,10.37677966394364
907.5543853431353,265.2340490705443,22.82418151193724,10.421582755765664
913.2163113914835,265.45292867943937,22.035584596840813,10.727681662398243
919.0407844670268,265.83367584355705,22.597799247752036,11.158241855779417
923.7223703130443,266.33305397861295,22.341160984920087,11.441445545061912
928.900549472663,266.92280279771256,22.73680999935445,11.344295693727767
933.1077917584988,267.39689680501044,22.42572699792047,11.470117485963495
937.4121154444334,266.925737366112,22.273192063171866,11.650323524663955
943.500391149782,268.7483886242176,22.427391112540683,11.40357464618323
948.1791597867885,270.0913657515654,22.39455064141981,11.068709286250176
955.311848384131,269.2080878887296,22.349505489352445,11.407096388159275
960.0669174110116,270.0815038892173,22.098063605101295,11.79065744821262
961.6870649111888,270.3938829133927,22.59729008165162,12.146622595611163
967.5341978991609,271.4534260230177,24.140810835314124,11.60261100964567
972.9629308294457,272.4783582274351,23.725831607738122,11.436216876310212
979.6126455974268,273.03805061182516,23.0725400974485,12.234068272593968
983.9227085922748,273.666650360578,22.59992178703467,12.152048648630675
987.4862569698549,274.1604037801115,22.419029079218436,12.438215938339724
994.3258113058945,274.606440584183,22.557434994107457,12.752836080070306
998.1859009410183,274.8131696906941,22.684779493599393,13.065632040361404
1004.4563346869953,275.6449450462786,22.507821312991986,13.138121199420803
1008.6763507603961,275.0163456832218,21.815572619504287,13.306380890084474
1011.724522821896,276.7829369879935,22.26773767694642,12.484805234750135
1018.7072845002048,277.3709049400266,22.358224764625312,12.752390249487135
1022.2406062984693,277.85620987485186,22.399005024977026,12.860674595781852
1028.2624275374715,279.38566597266794,22.30952877352388,12.705900637000049
1032.2855075595642,279.88033670531723,22.021830877452892,12.580558380354468
1036.440398717988,281.0188543805775,22.54394692884094,12.394810493013285
1042.747843627928,280.9610856428295,22.174605248174252,12.618089944427103
1046.2602782689464,281.47680467153356,23.112224535231924,12.718829800027025
1052.089402219279,282.73999956487654,22.308804177514247,13.184886006661916
1054.3861647116892,282.7625596893752,21.566749201646246,13.667848985730593
1058.7727523779429,282.6077939624647,21.3518327703539,13.5346735259495
1064.414750443258,284.37087896880433,21.55996444836033,13.145521253242677
1066.7170270024412,283.9813634365844,21.25608507082007,13.348969125186091
1073.1657415238785,284.6139191943842,20.995009262107967,13.394814034415424
1076.6440769829205,286.0253604558254,21.887189121910602,12.99834164900825
1079.8612982632221,284.4704929558455,22.506138111846536,12.61188068928143
1086.282064620645,285.4984448094133,22.315493147641746,12.704237136899017
1090.0442344843048,285.91045037805975,21.569076406434746,12.764979716233
1095.5101834751624,286.8567883590205,21.715983198773717,12.294212485371279
1098.010259240601,287.2761418121063,21.79169584011485,11.851687653691723
1103.0319989036886,288.54363218311727,21.73563502950834,11.635146711095077
1108.2106096894854,289.43772933430233,21.96292709829034,11.116509505686098
1112.5764918423802,289.0296849506224,21.31859491552123,11.366212067122635
1117.854780562263,288.86845587244164,21.314646600622268,11.161040901918827
1121.6332866289079,290.2392208874938,21.515660322646923,11.093800484976422
1125.204344606699,288.9095720326932,21.258126295683407,11.183595947334695
1131.6188448346018,290.38904353683733,20.927852692419492,11.062625874235565
1133.0530275762114,291.0945865908348,20.66404883529463,11.97137821241505
1138.3308443529363,290.3348935508726,20.303232606576064,11.847617627670596
1141.4225808039462,290.4511520920552,20.06210072404827,12.063204074794054
1146.5014805351261,291.0807815299461,19.86043706299602,11.816007411081795
1150.906056993678,291.7328578442522,19.7568193444514,11.538487124614868
1153.2783439085515,291.13127680723375,19.5257551973203,11.52690436521862
1155.4774296635865,292.86280206005455,19.806973133218207,11.197936011256758
1162.054476300289,292.2555345673372,19.450217563861308,11.245537471021514
1164.1562863832726,292.2450254245272,19.464327278183667,11.394644304313196
1168.682852475908,292.7586795445826,19.667856648253625,11.337009969645846
1170.7401729580308,293.2095548995228,19.761361525807853,11.464839551470828
1174.3487951956265,294.0343210813559,20.180047055190997,11.361575658051166
