1152.5,503.5,45,17
1152.8665263868986,501.98301364409133,43.89021364039133,19.16169198283727
1147.1800603145484,501.14891965563857,42.094228657515345,19.820178970106948
1124.0134376850558,499.1833642953846,43.6332126573957,19.25382561378033
1101.3447198866588,498.2073741423289,44.71510810945749,19.34527555590838
1078.6328737848082,498.0669761467948,44.077818533815005,18.856876431148862
1056.4304193725188,497.61510247912395,42.57636952651275,18.841926128759383
1044.6166257403715,495.16537576922286,40.976947960405376,19.750151224106894
1024.8395822192701,495.5140738465286,41.73273409854917,19.494901388785742
1013.8696750233121,494.54610733830583,41.5071487191558,20.497523517822742
996.0367190775049,494.4701626931631,40.48625676523061,20.713818105881693
984.614812848415,494.790207773635,40.2872226647106,20.363524949196407
971.5409494371662,494.4438112932732,39.75072816533013,20.95163362497193
954.7118009364101,494.61268977653134,39.561009252205594,20.75982804834918
946.0720652716673,494.24759199147445,39.462622938061216,20.556202162867894
931.1219843011405,494.67209119388286,40.04704834891264,20.070462912696115
922.14178772839,494.6088055220198,39.680447058838325,20.132102817181917
913.9948801482102,494.7134333455327,40.57292791504561,19.881545366811576
902.4890181819144,493.90929014864093,39.87380298121035,20.355229958172256
894.3632747221353,494.02860936497757,39.67505784529548,20.323302367713783
884.0859900411266,494.6250814452514,38.60576422163481,20.215784911350458
877.7890204148885,495.29263237455734,39.06031637286474,20.153055790285215
867.9917940738692,496.7616777690714,39.90125768686921,20.393654302792733
856.633202204769,497.8602139627031,40.0656416095519,20.545513472686434
848.3951022545671,497.82609949090806,41.16135098426898,20.894408944439235
839.6758770932629,498.0113461126285,41.910559964339825,21.225799906117423
833.1429055497068,497.881417824399,40.82351630918995,21.687936750569506
828.1610795762133,499.4994116969385,39.586902216099034,21.300582211245946
818.254598917779,499.04919919709266,39.433799406883494,20.74064307025953
811.9983086965107,500.4077049521783,39.394259354333066,20.675146942742813
799.6509108941564,502.29106812139116,40.2668485586607,19.44469402041755
794.0553147740652,502.8948762726859,38.06226079108562,19.213645276825265
788.3994203195371,502.9564684268767,35.747696894477436,18.601894324909487
781.4442322981869,504.3362093111539,35.5266321433531,17.954752689684767
774.9196537968669,504.9898377743839,36.81396988105128,17.931761917141085
765.0539919088397,506.0123967495665,37.51535741547925,18.37850516414799
758.5376034633375,505.24773555137597,38.1530778969624,19.0826381085715
751.6412836977902,506.2055905407872,37.88577210933564,19.867363922406092
742.2513868483071,507.0512278347079,37.27762209501483,21.110922970864344
737.617533451085,506.85014280208486,36.86578369721086,21.590709398966723
729.2907267770723,507.4994800659752,36.72989188297949,21.195048325174554
722.3451643712301,507.7293831913856,37.38132108279487,21.210740314976313
715.9595880892733,509.5444030743496,37.419928532840466,21.25072166605174
702.559711385747,511.38281888099425,39.401902509764014,20.206704930868902
697.2635979217212,512.2442244162264,38.82393315882084,19.627302686792774
688.6965162986015,512.4042790244728,37.28671009278109,19.10120014716826
683.9720925612684,513.7021044383106,36.53476312882887,19.40135490393704
680.0544154925539,514.4869673401423,35.85403961009411,19.18265883655608
672.9756193398249,513.9741066712097,33.02560682169246,20.320189079875597
669.8832891105593,514.2513454563596,31.124593355587663,20.63624460536931
662.6424630538368,515.2128533587035,27.965122313322905,21.562721895472595
659.6189304292707,516.3760979582345,26.22364751282226,21.999767260804404
655.8683518307397,516.6516658894667,24.85365150869694,22.9294783155038
647.9259037218882,516.2812873076958,23.812282792463023,23.376774015240677
643.6968108240172,518.9167649842502,24.207968720156273,23.142146911274374
643.5864288885557,518.0704519114482,24.777397598922143,23.5281492867208
641.7304444527999,510.77128136272063,25.2110844686388,24.171601405002733
629.1743832789965,492.5504058165273,27.00094874024468,24.21700825794239
649.4705774027169,473.77244690741094,30.29947770230651,21.038343381621203
641.923818936252,473.0684029268848,31.191715911337113,19.919178907330025
634.0893599451114,474.78934454927946,32.23502341116172,18.894892445312166
632.8956204865103,475.21262018777105,33.31453814493367,17.90843362086055
628.1324978965689,475.30278957034363,33.68278881861142,17.10062948109597
620.8391986114829,476.72072235809384,33.9326552415415,16.364739015219758
617.9726983345273,478.17405067622246,34.405900145655444,16.016945344783
614.360660891969,478.31454859050336,33.78415756134474,15.745803458257466
608.2428564865611,479.12733377017986,34.2226217636198,15.179231998363417
605.643670121195,480.56190080908954,34.04131033501909,15.03900972770716
602.0706894515325,480.79532769177314,32.98446919411759,15.211360753043232
598.915119493763,481.7199430693721,32.34258953460577,15.291182968104746
591.1867046838316,482.1467479213594,32.75522865815641,14.671796997553427
592.1898389661038,483.7736270367548,31.598068724833183,14.931414797135256
587.28401477594,483.90597152632085,31.163933221545616,14.702418274873423
578.9802103638154,483.49398755193226,31.755157469431687,14.300840922576786
580.3409923384479,484.4482274326743,31.5430165801835,14.309585176437654
571.4137452630712,486.4363429412807,32.058233204604406,13.914521492117785
567.3647426781159,486.6225750965587,32.2413359157022,13.653701540189203
562.7381679574994,486.9186780647116,33.031120508446605,13.331277157321951
559.730951224423,487.63981420160485,32.12382591528257,13.75729225070489
555.0753202329967,488.5757546566827,32.45251517981187,13.674203031903495
551.9455690901505,489.42955080697095,31.77669724207267,14.00750174301648
552.4051423838322,491.35692713756805,31.22779962255494,14.259976898538895
544.7090647314925,491.78542462527525,31.61439577807246,13.845413537295146
536.2019794994945,491.53501076042267,32.676356557905684,13.3763485144634
538.8480480124604,492.33281209702585,32.260498176466925,13.659682011578212
529.0902061290824,492.8039563871136,33.507480449601374,13.3326846551254
524.2488078339464,494.19589625855133,33.46630597553116,13.598542928415494
520.3415422270001,494.7250992035254,33.999054774609746,13.487963102472829
517.9008872178078,495.2144782818515,33.54789908274114,13.895833321608823
513.5234294231944,495.66410541595224,33.770586096628236,13.92211574292357
514.8090391581222,496.0185273345318,32.67116230307168,14.352453798219088
508.00662475839,497.09141873374364,32.4066434941476,14.723866269670106
504.41783794946576,497.8340159350769,32.60106291348696,14.53329595336416
501.99692881328303,498.54784483462646,31.916496325689685,14.519715256292898
499.0065278170951,498.86098309744926,31.665422550055265,14.477426781089779
499.6078763652303,499.48884626713254,30.72516021649005,14.913636639139462
491.2560812513291,501.0476240276384,32.155690981128494,14.211615794962796
486.36468378598653,501.9749112089587,32.34132667794051,14.121841889320514
477.319548894169,505.76017327464956,32.93698288309298,14.38595503444388
457.15721924467977,520.5667361146016,31.78832424852046,14.487568126792297
456.06495570575936,521.384095867979,29.143147660290495,15.043606251363359
453.02061443891176,522.9424777882724,27.674114288838886,14.241309952416431
452.6947970856528,524.4174738071318,25.302659239143814,13.92919158735489
449.30768657257573,525.4774996923097,24.932523861268315,13.333155851777418
447.1351469861096,526.8841858872795,24.281534254814197,12.97092501735294
444.8032130278921,527.6999612814873,24.037889821479585,12.49653946948391
442.2999627433639,529.0639563275288,23.792805257592793,11.995222921469736
438.32561283301555,528.8699232653443,24.15762989930706,12.181654536003217
435.3333822768786,530.4876527098783,24.174635515379414,12.12546766606969
433.0604611061459,530.7672295164591,24.11087768494817,11.897665898412356
430.3203575630732,531.9659204872972,23.8322224973606,12.069848534173461
426.4314997527813,532.3491598349502,23.77175003920217,12.449700481050982
423.82441245654326,533.2523883372249,24.021202401771905,12.316557221970442
420.43436616105276,534.7134517685977,23.534657571940308,12.467888744170164
417.46856139750224,535.7483342992597,23.953807447336185,12.620233127987394
415.35216573663706,535.4038718143464,23.846803851904664,12.43960734824903
412.546372389021,536.6461452895751,24.00088296626821,12.993086807818187
409.26771597259875,537.2782953244505,24.052697163326933,12.834007866190039
405.7129730713745,538.3226816617944,24.605418012684396,12.830380619049544
403.57090733001036,538.9517859494599,24.310913876252037,13.084969123949733
401.6452159751341,540.1401884149378,24.411403450930322,12.894561586724382
398.89766848601784,540.2035326595329,23.885168695003493,13.637180900315899
396.1985470937462,541.098870893934,24.624629734273906,13.138804098862188
393.4094893674351,542.1741416313905,24.940688429470935,13.374466012148424
391.4143019230672,543.5085901806918,24.848166469290472,13.365707437117564
388.35994415530695,543.5566430039839,25.009104501315374,13.541967728843687
386.4182612377365,544.818961980617,24.954298706831878,13.239306428291616
383.71070499734225,546.0258760234907,25.353406455464512,13.223406788383922
381.06794861622774,546.7619469660849,25.52206042177012,13.479416182241758
