344.5,236.5,8,6
343.3294239416136,234.58894507604452,10,10
344.2034022923487,235.8086130006405,10.03240636639707,10.025850082156495
349.612496547208,239.3062247707293,10.514040425503145,10.131553516089824
350.8470091380301,240.16628085679702,10.449833813619989,10.076647255979642
349.5223654116852,240.31182705435805,10.99881883965486,10
350.3956241397988,234.94085588003563,11.011176946742395,10.053317218164816
351.66532713353234,236.11203888212648,11.004311587490644,10.039179972199369
357.0334601675836,235.15605567565837,11.267680583651352,10.126245719497128
358.4571387931682,236.36904765008148,11.184520786934677,10.0654041834347
359.0644639772187,237.4885740229132,11.201534989982358,10.073895540288849
360.45218732350327,239.12883506098177,11.196166716845902,10.06660607990887
354.96893999770043,243.06780294974067,11.399788225964015,10.006917148337486
343.92530132066173,251.55513656051053,12.370623725334514,10.205636037416129
354.98536489526447,245.63332716931936,11.93521513736491,11.050731099084683
347.75148330349253,246.30491418585305,12.481285378343319,10.931550734316538
348.71766553100804,251.16128193971878,12.546109835908824,10.97844403526188
350.8182490143186,248.33854684272717,12.550844829670412,10.996542603933797
355.7947500555144,250.18150602615725,12.664698835602612,11.079611891556759
351.253098547425,262.0848410976511,13.982726689018902,10.37754950380721
361.3604354838312,263.9882092992146,15.486522920432282,10
370.0239051735145,268.34959655115404,18.44859618281696,10
371.84039338443523,275.6304070066534,18.400834884114225,10.182189593945767
373.37553743978367,276.54442028026625,18.39843073013914,10.451737745114203
376.6908902338083,282.1259804770669,18.58050822950721,10.717815591278391
377.84778075891995,277.76969223467404,18.53570184324532,10.833691542930644
379.3255683062443,282.899468948673,18.558520377397887,10.985551464078611
380.99675387616156,288.7297393336472,18.487365349355755,11.211191807809291
383.830209009117,289.5206177771968,18.454691194673476,11.345172992698897
386.4004259869567,291.2868492655436,18.415520850432294,11.067609574680764
373.799346180381,293.7314016303008,18.417343361011874,11.08227379228822
374.201002938528,279.78129141096804,19.736244354519002,10.817201205290292
387.33804596650856,284.10278798349395,20.259803337694773,11.356230299484034
396.16942440388976,285.9964163527184,21.534762836661507,10.75887482553215
400.10677965119214,284.871028669208,22.113439704705907,11.430354418100574
400.18533927100486,285.23208669691087,23.502522571795804,11.41935680884649
409.8114171967349,287.2057519389402,23.657225304592238,12.564428531062074
420.0130051829237,280.4167804674704,24.708690134611274,13.26157706044797
430.31579192478944,289.15575880239555,25.88181232479485,14.632501808964555
441.74550652610355,295.3625512928003,25.833473872667632,15.306797554548949
450.93933063309487,300.8925270732014,26.579576191298706,15.71146655525968
463.3968431165464,303.3064036630106,24.686450951108824,18.075610969432162
459.4315158800951,315.6281840720278,24.836448500147025,18.519932045868966
460.83406330488157,296.88058231399026,25.925765681357902,18.044745547657282
465.71708439332707,306.89178639611185,29.08136383834925,16.677386282049767
