387.5,192.5,9,8
387.3839960440121,197.42252271156823,10,10
390.6871712418237,192.06734000068246,10,10.009650589555733
391.01673720680014,197.89640746944326,10.4528942084621,10
389.690012288179,195.48574278989875,10.823901848592882,10
379.46392706432914,195.86343068748582,12.122527720288836,10.036347987936562
382.71042627249784,191.91053597560187,12.30691495943735,10.15799989112921
380.06917580276445,200.18992271839565,12.902479879706018,10
382.6626932031545,207.74065503240695,12.818323974562151,10.256934464877485
389.00178892046875,216.04427200102484,13.34237318961387,10
397.6998059012372,224.42447305761658,13.387049132060644,10
394.03306865367534,230.04404447383652,13.512928679220186,10.396879082559442
391.4047619308966,228.18483615721135,13.10488380656669,11.362545766493412
389.2794160405969,233.87622446439462,12.370218919499115,12.838159547439165
387.4388521340525,237.92499108236498,12.538421521841961,12.993065309062171
388.47904027256084,235.76824212585623,12.246797964755324,14.222824182062554
390.0082546186454,242.7507123744799,12.39192843731347,14.660251373854335
390.8895801837426,245.29148401479455,12.585396192324378,14.991780853623803
393.9933728297289,256.14966708962714,13.364195255590868,15.039989828286384
398.0460363159655,262.8618799158535,13.998430877107966,15.051743809855427
402.3183433702187,271.1310209579623,14.468442754160051,14.49250149221745
410.9071683540308,270.66393073524284,15.170479122462087,13.525851684479667
398.62196880415354,283.200710703267,15.314051156943156,13.641527334427678
396.0854838628225,280.4411223867121,15.446485183660988,13.667912965088975
396.84327467052316,287.6171144480935,15.422320472928636,13.642775616568127
403.4636510160274,279.3043849888853,15.781324337990743,13.928541604854296
401.56174425430464,293.5747505847632,15.183750522115757,16.181626153019316
396.81315434635246,295.527622244194,16.27664306462618,15.782427565110943
391.39488086722764,307.3211446376173,18.136129845715686,14.946306839129562
381.90855196385183,294.609708867398,18.35576508184223,14.986249306466382
394.57418928416234,305.9043168807534,18.684570906082328,14.878721799829334
380.70761954391236,290.3546964315593,19.963011583891088,14.314335264399663
367.85766011923016,283.70913408974883,20.033229861878482,14.839117934882015
370.2368140808005,284.9965565634166,19.989283473335483,14.498188327074022
355.548672951071,283.15162322230975,20.263808393085096,14.83037503262345
355.34187927909414,284.8242598159885,20.125849685875995,15.604582341004626
366.0382105594714,290.8294656628662,19.348000198367085,16.409940342370604
