76.5,291.5,49,29
117.37301336428477,286.6417158557751,53.869876280838035,27.095288185685042
159.94330449629362,281.19170381364535,54.715130877024365,28.24526145116934
198.8848181573175,274.77675312713774,55.24113027000311,30.796651718285702
238.35780264526812,267.83390976459026,51.897271588477466,31.86672672017829
270.91687758753943,267.1344998130001,51.56001827200464,31.863519059702227
265.77280816798435,281.2499478302844,49.38195216138028,32.81998942476186
262.46566097084127,271.39083812309894,45.262504949717034,36.770308694184386
269.49243092511483,283.4295713106867,43.53789279402827,39.540080062615054
276.7113972361397,269.749153283624,43.918969733947584,41.50813509361691
268.9235567746121,270.2247024777094,44.34977552038428,43.578882117485065
261.1286419892642,298.6743944617616,48.45657030328524,39.3815686920894
256.8233324058062,313.3462507332113,52.15702161435827,36.84257406890152
257.891027834835,327.2024553944771,48.74643191742116,38.96873944516692
282.2659684113035,348.2812207907356,48.423060038669135,40.800281022930356
308.4540242159351,353.75481146680943,51.81116787893994,38.573649259721435
267.72025655114993,337.2629691212292,54.04104893877492,40.378649188367916
258.28491711328684,320.73439300918903,52.044898036661564,40.46990995586381
245.41347394567555,323.0270108538799,53.39187722006456,41.68553024436565
268.3061684811909,355.6777894424841,56.81489900330948,42.453023267443584
248.41869055795365,343.19149559381594,56.76408618002196,43.75329496949028
223.7129824620911,297.98085822809435,56.52720800699238,47.79364279031641
227.32066131201645,332.1120499991999,58.2104301451993,48.681931828364796
222.51553046458295,288.8786161307385,55.372731364628706,57.50217024455476
212.73241254028656,306.4736511076209,57.140186640558035,57.28055935152038
205.41173144332637,282.96523665874224,57.52550702329406,58.91329128233967
198.51156044525618,288.45734450031426,57.22951961455747,63.467683804637886
187.20892640981742,322.20256625495387,54.134004183257396,70.27950670895093
193.77933872264583,278.8746971036915,56.76735469474359,70.18521362044282
185.0887154088849,279.140094847967,57.0272807907827,74.3292484263589
180.01212957666053,272.4917472662504,57.897782100710295,78.63609855013034
166.3985057456033,283.32076409224356,57.813314721331906,81.38591281031218
161.67006990548416,279.7239121812491,60.43399516396899,84.00125304310689
126.5780985129069,327.54186954737503,67.81474586950611,77.45579065044396
92.45674749020435,377.3593789064193,72.87245806293134,74.48933485346787
72.90776643618635,397.8636943296868,81.95701513909492,68.65500907288062
45.45419191786774,386.3342473379848,84.49057809157331,67.62232245929009
52.27872872123959,347.8063564328182,88.70518165176841,62.99003883056447
33.871778585140895,372.52795776174906,88.65694993143889,63.19076978234877
4.992293574671706,376.2347044690712,90.60124422651813,63.81989821351307
48.91582467140741,318.3094586924711,89.55455016780036,65.25160925854652
95.16349747922388,374.3780298749828,92.44718436747651,63.443961295832466
95.59785839891518,382.37349332475094,92.38624398102473,63.26797812349938
69.49587609671404,394.4974693584218,96.54038183815078,64.68147659509279
105.13157917758525,320.7866504920598,100.30420630369395,65.65617486754034
71.50298712880553,379.04073402533595,102.30455151262892,68.12255949463159
80.35106038118619,354.15045640234666,102.08424243448428,68.79979768450322
22.135774743664108,367.17289468658964,102.22039420018707,68.9705263380368
-3.2596123899261897,304.52207969508027,102.61469531450305,70.54377834858508
41.373855329976124,324.78348969928174,105.31067641295687,70.26200504927972
16.565499667016887,265.8474807205196,113.15227300999199,67.51647062379107
25.209062116879764,201.07816683344222,116.19318274196635,68.15637864491697
23.754854823702786,212.1058311398536,114.97302599537804,66.62050556509246
102.8721214488746,250.0109917373947,116.9186879369766,66.69694563552528
40.472440372622806,242.30935282461323,116.75706361674715,70.84780083448398
54.04489239565203,202.80605627129617,116.94025909167047,75.17652897092357
70.03026353190108,116.87895401880408,116.01015276896602,78.45758162691948
83.73322861660614,71.1934555845367,121.02919548394931,74.85478586243042
88.03169333408266,74.38567650654885,127.23187047293459,72.21152418705162
87.06177242437202,63.57425902095269,129.3548768300336,70.47186477942573
67.29305109238172,60.26652397223299,135.187243106656,67.90048984785426
77.65013996408467,55.323901113686084,133.13851617705785,69.44546430361841
65.50217046701223,58.17816570452742,135.8521951689877,66.81421136073946
49.361867725455554,56.30116978469799,136.41317848808612,65.19661271704425
46.56714256049854,66.61242041049402,135.4816690092429,63.59002111342864
31.066329380875047,63.50392297407896,135.05919779973115,61.81033324660481
23.012851672863434,61.391276812305684,128.82969923276522,59.411558102439656
1.7462257128951677,81.22859015277086,120.74042623854498,58.35011134793919
-1.62116405194557,85.37116425604063,110.15068706358139,56.968615640950034
-8.970105095033105,83.0903378034885,99.40281173427525,57.854014381631885
-12.577627909776133,87.84766965686546,88.3014391145177,62.652502278832586
-2.060330029837168,97.8989751587539,89.96798387982658,58.804976840824764
-1.1899687844728817,111.57674933963665,96.41668108658885,53.778917945212356
0.8904075837693739,137.44380130518823,102.65788257288389,52.07092322791971
54.90911833726014,132.44444022946433,104.44097711140193,51.44252077948465
98.26434242313783,108.06237698222071,102.00145380767542,55.86731931481144
115.99104390684413,29.248418935081276,98.88673805899887,65.86540955126017
148.73558317615272,65.19483485128434,98.9101110160754,65.58052264091998
85.41317747007383,120.16984250118827,100.47219304838103,67.90228345253583
15.539327474494208,115.39666917943626,102.68886877480999,67.67273279369005
14.518984191307894,134.92952324623388,102.86720619260595,72.65086941629964
-2.6550151753603757,124.69473006353827,107.69759293292708,67.16099857586656
-6.758437738149134,126.1012098200575,106.91446064753742,64.56686910045885
-7.080006097288518,128.69658837753718,102.1257124879593,64.82803341973667
2.697588702372016,131.3025999208417,105.81260252845145,62.131722553042344
-1.535129010610241,129.75533976924254,104.79280810538835,63.115138996829124
5.792916861863937,112.00884796788534,104.0538531201792,65.35699593692499
10.95670640332834,120.0760349541575,103.8783877694256,68.18080136667311
20.79664934910336,120.34086082126674,104.49179257616225,71.62285108053133
2.978266756128299,123.44516517895619,102.94223140379313,76.24213750282983
17.3116659372391,164.73116297732744,104.66603652356085,77.92078198689813
26.0760674235744,199.32459736592676,114.11897780706471,73.48652338124187
7.296360023636154,209.68482991236,116.90642825402679,72.89119377758531
10.447124674873734,204.57739215884828,120.42492050458642,72.63929183081055
15.382553590921361,194.318791915544,125.37588582460043,72.97537928955441
10.094512356298821,199.0036375743507,125.07229574892773,76.97962597113596
68.35460500237565,155.8625533138087,132.675203776121,75.89807132407813
95.49361857516625,136.63401164275962,131.20636271768498,78.30236610416964
46.436148623485295,142.89316734309244,130.2438981010615,80.47343750152712
27.908695130364165,148.1865448459556,128.6104276501421,84.12637821439445
1.0986564629222215,152.60159382844097,125.19478633660825,89.59619935123007
