657.5,257.5,10,9
656.6171661219591,256.6356005033981,10,10
656.11181515299,256.7341380063476,10,10.270435067304676
655.6985742606785,257.84423915033193,10,10
655.7184896837338,257.18934243671464,10,10
655.567592809928,257.9923485262931,10.105590951336431,10
655.928869342394,258.2469065537327,10.124608285212611,10
656.9963519559915,258.9843394326111,10.01300159446328,10
657.0189810771296,259.2153594883821,10,10
656.6670911739785,259.9055887090352,10,10
655.6741672271473,260.01190942811587,10,10
655.4238379316661,260.3074244134482,10,10
656.1909546284819,261.26470346858554,10,10
656.02856131385,261.1019064568572,10,10
656.3791339786313,261.5923305454629,10.140817229453823,10
657.3838440552192,262.15798199634827,10.518317292910952,10
658.685950828183,262.1905266475461,10.638184723648294,10
658.823539572622,263.40436458031803,10.132745744522715,10
659.177754284926,264.0989302923243,10,10
659.8674939027018,263.95527318686186,10,10.08150198197873
660.0600729737466,264.0288101016999,10,10.776709418443222
660.1962776685448,264.424448017954,10,11.484912871406781
660.0490138969931,264.4480590882611,10.171307942062871,11.650016889035806
659.6730161539328,264.9197284981873,10.412379226259068,11.909134650530248
658.5384732084561,265.21316484570605,10.718084794270306,12.090256771929715
657.4090034009578,264.8748705114085,11.217240228329835,11.84605703283091
655.7281438077325,265.2854717695124,10.97151874358978,11.59327393692175
656.012492081065,264.967804541283,10.304421845393339,11.338934540203098
655.3278470888605,263.9331334943576,10,10.868931280227311
652.2915085031759,264.62234291617693,10.115616134933738,10.009051668619005
649.3942917767115,262.94753791197775,10,10.018178498062484
647.1181169722228,261.76565201415497,10,10.525163240234495
641.7229739212623,259.7484803877655,10.104516008877164,10.845488408545442
638.9090003490095,258.7722791740072,10,11.430359157196232
635.3880186481075,257.96928827159036,10.593003147054382,11.445273216740032
631.9405950336917,257.2006106514526,10.053008537892818,12.063416581668244
628.3460369038694,256.2757179419101,10.497206493205665,11.771446303378571
624.541814505186,254.9495845710081,11.016102991217432,12.347996439073395
621.632797150958,254.65720250725306,11.106224413336644,12.176601734948768
618.5978383019242,252.65758888380952,11.459302062450941,12.997400452799212
616.4807147667711,251.73252160254907,11.14547795638103,13.415766089853138
614.3872183885956,251.0001255017212,11.2885016296847,14.206751491302281
612.7288637306638,249.62650216912158,11.419542231629821,14.174809935035798
611.634208197014,249.9873382138176,12.048837470308927,14.326919218843418
611.8331004250165,249.0615626249058,12.105027041599309,14.186009968125008
610.7383818532705,249.8493125207346,12.096664845526414,14.660751440045576
610.0075536395216,249.73131970710665,12.021192135597872,14.814038553792091
608.6674773084097,250.83713686909965,12.514125041240373,14.419434547016882
608.424113795218,250.9462106419474,12.228329388918304,14.643702886082883
607.8031218059697,251.00039892206934,12.459249344355438,15.251134696350835
608.0365764830007,250.12633513100752,12.466994004328587,15.502791871323124
607.9648631642193,250.95979272424216,12.592441551143406,15.562565675373232
607.4050344571515,250.93638193355332,12.372170141912367,15.724609414545956
606.746061200325,250.66362801976518,12.498997516877104,16.17427291415077
607.1075339936059,250.39503962757823,12.280555086773372,16.913467208301864
606.1805964706945,250.41942944322292,12.64178234452944,17.364334765227973
606.0015434525262,249.78765520167644,12.32209674245518,17.84262537115613
605.6559186623882,250.90322238411724,12.285054774078828,17.77903105932791
606.7052011236522,251.49276523254338,12.744675663896889,17.503671733939314
605.2165139649549,251.98062756935104,13.205180793537705,17.94912338719317
605.8145406856609,253.413885598459,13.863600101528545,17.46617565193915
604.7280059518573,253.30022442479913,14.382844842443536,17.011212964471735
603.5308416060774,254.13551912663505,15.042559184766453,16.89775073540867
602.2738924235416,253.80020604739977,15.225364001985426,16.74624012501514
602.5736680856734,251.42144856098517,14.962619602247031,17.10881350866562
600.8986181886534,250.0296096755601,14.867531096781942,17.660263122149235
599.9576613967234,248.16717783794525,15.682086566847373,17.178396452983954
598.436879448374,246.48755649991134,16.216939524473947,17.525832116415607
597.9446400521496,244.1050236406525,16.514791952649475,18.189283511337976
598.8696105533068,241.33122956582457,15.783511447337409,19.067369021716335
599.00319557847,239.98310312624983,15.666327772371183,19.30330913409469
599.2725579913605,239.61490937975597,16.020462037899197,19.16594646412076
599.8630398868434,240.37475206764367,16.380471787224824,19.168688845045725
599.2420945460589,240.9508495088857,16.93704609593781,19.691841103138426
599.2269365636748,239.9451572154708,17.27817135896064,20.18320696616611
599.5310338601929,240.87950516753102,17.571802092794876,20.4885203687021
599.6497511722371,241.22022222867503,18.32134422755837,20.685618218901425
601.5335037271652,241.1472251668565,18.474189334127097,21.737782437621107
602.2620236982505,241.0471061148177,17.889153938836397,23.071466544813276
602.9225023139346,242.0108442538065,17.942236550524832,23.317016982861865
601.5566041227409,242.139828896978,19.132285096967045,23.18922720988554
599.2305298436002,243.50509532259673,20.50781159336983,22.84089458817023
597.7852318517881,244.05440695864266,22.78200049219191,21.746626446068845
598.6968748960987,245.01219208178688,23.477519584009112,22.263314557058898
599.5120010168969,245.8311920333785,23.94496696173215,23.626285003881783
598.7366522212628,246.81459573376029,25.403081117190524,23.62226387473123
600.402928346833,245.970325055784,26.042419259366298,24.20873771092348
597.9957267980618,245.68096402402995,28.07010852793972,23.833297157052264
597.329913284993,245.37966628380067,30.303660185851797,22.703196258351955
599.8114245889966,245.838171051066,29.983837336195258,23.791924413170847
600.5396000141726,245.5874786818388,30.07275354886461,25.012442026370014
599.8031059748303,244.58733268433855,31.50511464873605,25.526567567006396
598.6622210161679,244.06064705425513,33.67221942224063,25.11621931169657
599.1903315433266,242.26184706576572,34.76825609464592,24.758913321675536
598.3932142461795,243.58467653180276,36.07294527419883,24.139657159867028
597.9080345680248,244.27356917557825,37.26314201144993,24.51956308589488
592.4801216214499,244.01436668653474,41.0173644102171,23.563931420839047
593.4985172581612,243.26789674478175,41.14508143729569,24.82253093391433
592.0390774605605,242.87169728637764,41.9930047006118,25.035247140856377
591.9060035774748,241.8088073899162,42.41725113915804,25.384884352820816
600.8118160831243,241.67293273920072,36.785637862765746,29.454885103407207
604.6826986090964,241.08465586067894,33.19865438945167,31.94304530719522
606.438280437529,239.80440769414145,31.654420240926175,32.77936566301264
604.746341945316,239.3654605042437,31.76840644341683,31.790553916174595
603.6047291802861,240.91714056960532,33.01342410073002,30.62415789010201
600.4648355319647,240.92906765495877,33.02982186109923,31.13642557534886
597.6593537727027,242.23078352864073,32.51739053332602,31.1135510446317
597.6640907307026,241.6120442532939,30.900009182418756,32.337303605191295
596.6603176400159,241.53272411057432,29.548622066528203,34.11975810561996
595.4084916709083,242.43761288225062,28.605608036339845,35.57673055527083
593.3862539940595,242.7908088311444,28.66162585560157,36.71636655930755
590.6179133940495,243.217383218768,29.12566152260815,38.31869820058974
588.9141161918654,244.34629536210085,29.83780188714702,38.718207702558566
585.0450984744814,245.75202508358237,31.79749030126259,38.57084632821845
583.2889606917204,248.10802415433116,32.44883820964014,39.226553348195864
582.190303617208,250.28804067435925,32.33357343301653,39.970348323362856
582.8806861558211,252.81220068404866,31.09720882182424,41.59351981825421
579.3966839525664,255.0115794229113,31.938101925745926,41.78211341283855
579.1131573404721,257.80725041002836,31.583739192289677,43.27254941828281
576.9613996556013,261.3570076700255,33.62020626728179,42.03488806327819
575.1384605200547,265.1259100250486,35.19111008770395,42.276263003174755
575.3108241245375,269.1948025964969,34.67266727306909,44.13658803089831
575.9323392086515,271.99269179058183,34.6924225706159,44.57004745295437
574.3116223838163,277.2330025255146,35.570971431764015,43.647548669228584
569.8863175525494,282.71340820506174,38.81047539380309,41.06938137517765
569.6968703670774,284.23947177721004,38.983451727488024,40.64002879993409
566.3430987102729,286.13842897847,41.31828727888508,38.23738933879868
568.3353045657599,287.51823402611774,40.55380069717852,37.10024908565141
570.5600813989807,287.3820001381534,40.64292215283009,36.33584867510915
573.5889077742747,286.61152810864417,40.34563851575113,36.01981725349103
573.6025156530428,284.08092422784927,41.25207399266941,37.41888387525228
572.9255440238339,281.10608337038775,43.26387617131859,37.67763637741756
573.6276158164753,276.6419127448036,44.60751047416376,40.40889255907733
576.1094890880374,271.9351369966214,44.15773490430617,43.26880855812239
579.3571810483878,267.0280868489678,42.79656960354728,45.465285857621474
581.355686106565,264.0864428427164,42.55570643536246,48.37501971990924
581.4545865211802,262.3120063363961,42.92349710445667,49.80426157566073
582.2303029134665,260.0814189618199,42.32125167178442,52.159315553995036
582.3479939475504,259.1461926528839,41.7640306209873,54.11943791245048
581.2486315735599,255.94801544818114,42.96389368164586,54.55037130980405
581.6038446448008,255.13539047133509,44.458307368339305,54.33554188335414
581.2305869097985,255.37636879835824,44.84835666937376,54.92562444589642
581.7611728413402,253.8218526128362,44.835665741638785,55.734105252744286
582.5885881879223,254.48533457263926,43.51213259166609,56.75611339786154
582.1409154607676,254.8597427890396,43.14260051404537,57.26549999075924
582.39399448595,257.2106483357005,43.01232309233134,55.83919946032629
580.8912504644034,258.90581730708914,43.562770345115744,54.64614081736636
580.4341999334647,261.0961897513359,43.815476758779134,53.01775567998206
578.3892811678963,263.8483661681004,44.767299887377256,52.51462097228852
578.9173546102728,265.07213345173915,44.99155167111833,52.99711384520192
575.6261065662144,266.1006929353815,46.68424860938607,53.22700583620211
577.4340485985982,267.79785313196743,44.72389054500615,55.71826291934444
576.6451805144624,267.4795096127023,44.47777333960844,57.53822528141304
578.7157730162442,267.56320497156673,43.45861547848665,59.169354456577864
579.5163318937139,268.0537266601061,44.01075452745923,59.67689449226318
579.2405017955214,267.66183093017014,45.23847750699708,57.813617580767925
578.6469120249673,267.856777407171,45.427426490306516,58.59484653096936
