565.5,61.5,19,33
584.4036861210021,81.95020663879559,18.800333958665103,30.846006407449647
594.1429928912562,95.88990458740285,18.6184838498914,30.06050955139538
603.6713531990677,106.84524214356422,17.274987156099176,31.983666938511714
609.5162366170174,119.73452245512526,17.147928457203705,32.42833931896994
621.6481744214827,131.6936004280294,16.76100308076577,31.231138835483883
647.7801298370033,143.8577593110651,17.62564467804448,32.625499300454884
676.6724797267291,157.04027417385723,17.549303245590004,34.75318177774771
697.015216836566,171.1564562072849,17.507118809163778,35.30731355979659
703.8924991333483,182.38691898823697,17.571122310737394,33.01893223074306
702.014197539669,192.52170409780277,17.937842439328715,31.613661007722783
699.458622473309,198.80808807493563,17.386443720001147,30.579532943550433
696.2252613134026,202.18039235947396,16.674131709410652,29.83768363241066
692.5200485213933,203.96899674243662,17.916201168777913,27.593467402176522
688.6705279850254,203.97954108547785,16.9144387086996,29.230111391437266
685.5908228883558,200.98456471940014,16.694633436633527,30.74160857481781
683.1517567289139,200.27121852852846,17.060552281636234,30.73494900002622
679.2829354541816,199.35766075418127,16.94501032940052,31.016049581879237
676.9285098297046,197.65620639127292,16.269730745146262,30.256470593032795
671.968754107157,195.98573081409518,16.884075957634327,31.34306784322309
665.3765439705043,194.4194387638282,17.07582186367043,31.161597574202197
656.9357415686321,191.78629069859375,18.734263656434116,30.166866564845172
647.164467713042,189.72153734822183,17.074631231776845,30.874703990015387
638.3190351098331,188.8985082530873,16.464818274737873,30.560376852994807
628.5933128120619,187.77218673106916,15.596257258378255,29.957126047062427
620.702358094284,186.75505380993147,15.82111781824569,27.347977077685265
613.0346223396358,186.53733234484565,16.089642148136754,25.038698604266568
606.262011574403,185.38661435355806,15.078026935483951,23.64048164827454
599.6810481785953,186.05331236431817,13.973347339587491,24.02043620025426
592.4205276249944,186.02104868309962,13.643649642120057,22.86402058568691
582.5551639346608,186.35743538291123,14.398134438648341,22.569495480483187
574.3003663133195,185.9735649184539,15.222599104477034,22.666052770520363
564.2428010376301,185.03905330606617,16.004737310924327,22.56397460692263
555.8199271483315,185.01909899176806,17.1997818938726,22.202295823669445
546.5119744964586,184.55539499096187,17.33710126287513,21.43815537748622
538.0999419128093,183.94688351241658,16.632372859414243,22.192622699019548
536.8052295961035,182.39509982858604,17.21394570032544,23.044507015326392
537.6242483607074,182.0580100134552,16.90173500698669,23.03833650083667
537.8156330874206,181.06910434789603,16.091664004069866,24.23329603078107
540.9208564003725,182.1608294683766,16.70461694870233,24.997136974064443
542.8622839655411,182.7357017328551,16.95081563858594,24.612856827354385
544.2460489715934,182.9398459695622,16.383448134350825,24.26732418943736
545.59354073094,185.53934722926806,15.828762035361784,24.70522598857495
544.393679305698,188.32254592017662,16.557301275177206,24.670870810972815
545.0260975658923,192.0910929530447,15.720970008876966,25.270596247070312
546.4230303735254,196.7848017760884,15.434289159226179,24.31552773680185
547.1098548677177,201.61416315016368,14.965666982344583,23.523286843920324
547.701831530201,205.19966620349504,14.531942840286069,22.632250815895105
549.3097156835868,206.3008833516346,13.51688113695766,22.78382482435782
553.7172347152002,207.40422030201364,13.154784237763533,24.26655912863286
558.2800437409838,208.6858432116426,12.571677137778488,24.206121982608593
562.3784516257774,209.99258533454423,13.301008649257547,23.652723701869824
566.1701319480838,209.90212713816533,13.038251904044749,24.848176732595967
568.6628597987743,211.46133319894236,13.189011471049643,25.01639256939113
571.5509882332351,213.01403363526438,12.993194179881694,24.816733532412943
573.6802068184867,215.42530558281496,13.083976838713344,23.328289125916847
575.7736562358335,217.10735085777833,12.570175920356904,24.110777697268446
575.9054485188582,219.53109575782477,12.908666798463777,22.704354748747598
577.1151435800703,222.35611804339155,12.957841545232679,21.364104569516257
578.4388768685257,223.23210828265536,13.0551025883465,21.57708188495434
581.1854916485553,224.3543651127869,12.408680781466334,23.342613509036003
582.246238627858,226.99839342385968,12.453109501855856,23.390168117829536
584.0401028397255,230.3173622075241,13.453527943173505,23.220558235299738
585.0382084827198,232.3567355312573,13.201356492037819,23.010353101415973
585.3945280348473,233.20606468162316,12.8717788672688,23.521559097361735
585.6597450041575,237.60528659847742,12.680606845915324,22.610675302904628
585.153270618848,240.34238243275644,12.56521017544856,22.374946510138578
583.7560506827951,243.7563417029359,12.812148735281628,20.882746473466703
581.8624671229686,246.96744126094603,12.86826830538856,19.682736412712202
580.3241852052258,248.73834150937478,12.457435642577924,20.73798434031984
577.5864489120371,252.47166450161697,12.628120768075192,20.505064881266133
575.940605115834,256.1318518660095,12.343429220613094,20.485598082497646
572.5286854899249,259.747324188417,12.261030674404841,20.202254249581404
570.0505384110121,263.72976804811725,12.498681986467291,19.594981395005703
567.1538925052535,267.4486177884163,12.352227830059073,20.099237262810995
562.6653267758551,271.90231942582307,12.96783646100013,18.87024670466391
557.0817527744722,275.33556600551094,12.767579419786646,17.65028540448149
552.1844235050335,279.42232671317214,12.30547800616229,17.955163771801757
546.6314548440506,281.6899876713122,12.893419795093978,18.402719419360906
540.7084832114774,284.3974202890319,12.445463887847298,18.756452214385174
535.6506233632309,286.6463064437701,13.055367233232202,19.31226447266256
529.6216994674357,288.13571118912023,13.937162191919683,19.438464171250732
522.268137917235,289.70313966816053,13.886796176058787,19.373591649906146
516.1385891859268,293.2084373865016,13.842914332350489,18.16524656377984
507.0947327193048,294.4408593996293,12.988978195616822,19.12787660799455
498.72315517241395,296.39117241735875,13.430009144753214,18.853458056322978
491.1702493068494,299.0558227154638,13.828463067836445,18.881473823940716
481.7365332094771,303.35312481513273,13.55293789826574,18.260123468827164
475.4091712560624,306.71340647971857,13.316665375435157,17.823256049841753
467.58545741383506,310.43392782323247,13.243933670471733,18.871374712472658
462.44022147311114,314.6365841131805,12.23206640947621,18.60417258705861
456.47870774373166,316.3394515368153,12.427686027710385,20.96674824451826
449.76405026953984,317.50098066076936,13.687603275381411,21.050149261781247
444.19854790659303,314.9300158913998,14.481727518887602,21.482032868364364
438.40608912477563,311.17947659249234,14.655696418468255,22.890300704588626
434.1623451099327,310.79277174901705,14.78652320811058,22.008326591990674
430.2991492989171,310.285097545577,13.777328912893825,22.077065026756774
427.4479972121687,311.96019714417145,14.001380827479464,21.997044830920963
425.64996560065623,314.3822631755102,13.498392192519114,23.153731781232217
423.6327820867029,319.4438453376555,14.14482330967429,20.875248411099555
424.13710773021864,325.13580116648507,12.687957003817411,23.607541744761065
425.5106908747578,331.7293559625964,12.56399744438269,23.290433736885397
426.22323851380906,342.16640819364795,14.141163432321784,23.922882218776778
428.20062581083187,346.9659970016104,14.383968668042847,21.73960966697085
430.55535805902383,351.97539036543844,13.552257461772875,21.708271679214135
432.3825324476665,356.0420361864396,13.87941359578385,22.42794860682615
433.3837648952701,358.3045913355126,14.771483155370118,23.627660496260475
435.4019736039164,358.019972640206,15.24870634767333,24.404837837691304
437.14285980504906,357.6372471888145,15.531026400053557,26.618505686450323
439.1676283051949,355.91695320523695,14.877323972339047,26.040207555197995
438.63394723697667,354.2297167689846,15.038986192169721,26.258249192130524
437.7965633631639,351.34400427073894,15.147502372267613,28.30619732708816
435.9705977412391,348.86266006380504,15.948498544778586,29.452969743074227
432.13836690672014,346.1496253899715,16.16126598694362,28.620201699475626
426.60345320288,344.6664702372795,16.622138790796868,29.612436483155655
420.97999481061515,344.376843638055,17.08853955439224,28.66958787392737
415.92182401541476,344.497079012815,16.742525369688003,28.29354876426428
410.4720941657642,344.6595444188468,16.945210519972527,27.29125780577039
404.02857615559265,345.72487017998395,18.119413943132145,25.007424204032894
