799.5,490.5,19,45
809.438024900189,491.23672348232924,18.12801856069715,44.08813944586634
822.8268261150617,490.86671006273485,17.714358299411316,47.51539046582853
833.6299268485549,489.00700693550823,17.899587879105606,48.73515766242604
845.5677530431287,487.24023016149704,19.248319334153212,46.816244459631605
856.0466883013088,485.78444481180054,19.279160268068708,46.18157188838853
865.0143524203633,485.49546889146853,21.29565101982156,46.814685253205326
874.9830274044155,485.11399875027683,24.36330369874149,45.176057579577176
882.4922514281345,490.6662915924403,26.78059196573685,44.85186279493114
891.968009766218,496.46845328677387,28.077552362668907,44.770533325728124
901.4462358421478,503.10913601134683,28.328995224572814,44.85702014766402
911.4182582270885,508.35735625238533,29.427453796479526,41.58566449147479
921.9291576453438,512.7216755734547,29.931415508734393,40.681023367698224
933.7343466071078,517.4525712456194,29.42805845393436,40.02634275121037
945.7022089391475,521.4707154481506,28.895305772457743,39.020753706514824
957.4104102937305,524.9865973785835,29.652782633358033,38.7661654968297
968.2758335096554,526.8849253215818,30.012077755746198,38.69206534773643
980.6829473022884,529.1140341707577,30.824225687752175,38.596050202288794
987.9438234914093,531.6827200830766,32.99511835020161,36.91545509421435
991.7062605213874,532.7080471999101,35.43668041915338,35.98404360592325
997.5931232736971,535.3114902783968,36.49648227416651,35.92119294587655
1002.8045338452196,535.9012303937327,36.38652927878288,36.787201955167376
1008.4834278925327,537.5056369303383,36.12544214258935,37.754666489671635
1013.3648564036982,538.7791146709859,36.38808228429252,38.52117864737782
1022.0812555288044,541.9800907154895,36.94084756904121,39.885251019993916
1030.2947671772506,544.9594812787323,37.430224721943915,41.36354229270792
1034.931527936067,546.4886846309458,37.847511864049906,43.666095049046014
1041.653543893026,549.1409274701475,39.09831481280169,44.57681061341779
1044.41719381498,550.5593652599644,40.34092173349349,46.76180779869863
1048.3966115569522,552.6762054194285,40.08046578736787,49.31612915435477
1048.6571455642718,554.1892253698038,40.06905027502131,51.276866319060275
1048.3221054903174,555.9088105937495,40.42871695270776,51.96966645924322
1049.894516379374,557.6085964056352,40.0959580979087,54.16800032259319
1052.601161656262,559.6309546158134,37.44712634181923,55.629325445554244
1053.3460430427072,561.5086128946839,35.63927765518955,56.27975004096338
1052.78711393628,561.4755261824341,35.42285009946562,55.42782318471343
1056.658259491824,563.6308433553272,34.67593401933402,56.16972012094258
1059.2525205099405,566.7412378188156,33.87640402286251,58.106581175724685
1062.5601918457705,570.0583737969744,33.689060442722116,57.154170999752594
1066.027308685624,572.8207418324185,33.507222865058026,56.814491361224384
1070.4199989676931,576.7770191821925,33.19525765410886,57.972341119548254
1071.4995053344903,580.1067572726432,34.37117212248829,57.599133804186174
1075.055772582545,584.4659045892605,34.199762082489414,57.3210232878827
1076.4254240745406,587.7180960556269,34.69714122136696,56.79994289349436
1077.2159055157335,594.6312186697584,35.35497669984076,57.27565463332109
1077.4072729777356,601.8932127036419,36.253064555108146,57.74263025902982
1078.3808826743555,608.3762363208778,36.32497393172679,58.151892927514126
1079.0395397160046,616.1455742015303,37.14431290086032,58.24570660551315
1077.3359241539497,622.8695099818138,38.30664006826407,56.94977704516962
1073.3729220349655,632.3689392006224,40.24306474471088,54.57386418029917
1072.7064522626595,642.8299507431184,40.19601455744761,54.98506343710358
1074.0759842726077,648.4943624523243,39.50794666299397,56.86276143329026
1069.4666852292291,655.940033089963,40.57218762033139,57.02339431136064
1066.466129846779,661.7931481739179,42.05240906932871,56.157997889041596
1062.6675929182263,664.8558281768666,43.90748823679387,54.21421882748679
1055.129938511774,661.9448815772462,45.88424364377778,53.12432128326478
1044.711970917052,656.7237920446966,49.35148045452175,51.9371583221949
1033.9804872266961,647.0402999873601,52.81495339744089,49.115712559352
1023.2480980190659,631.4063068893984,55.992752049854744,48.08214763622481
1007.6253495082663,596.6335676381361,56.17655371937559,47.43197261268391
997.4045103314903,549.0497014807693,57.156593683040086,49.44133613799657
984.0649088139791,504.76301551141194,55.82198224397112,50.75386672152675
972.3501631582595,464.8843352010479,55.63683319796411,53.21370371621758
960.8547254511088,431.4360507538939,49.925212206800786,61.96157697638289
956.0680172834869,410.96656949006075,45.5721859533278,74.55994474425572
952.4582155718762,406.83056400918133,49.29050365857583,70.12916323491581
961.0395677595055,401.6325711350165,46.489275117031234,72.84617483038615
964.7004293346049,403.42244202883154,46.984585202050106,73.17986954672914
977.3205854403806,412.40963929197255,46.94362317245375,71.9188264055797
979.4893685178583,423.95154100799465,55.24226449167584,61.22914590381477
985.3321985158104,441.73467199787757,60.34397496412579,55.54494173123973
955.6916897348372,460.6461063020092,71.72328331054544,50.45750758464699
953.8868795991332,481.1852228598382,62.14540475820678,57.583434011788036
923.9427593380212,503.06944831891127,64.40405215686877,57.60913651796783
907.9770443947364,528.7622128286863,52.953733372565786,74.16976654621253
881.56130173157,556.7106176285431,47.696110518408545,88.14639974961472
853.8782822670976,584.8686575572383,51.97083275443353,91.92005955202258
820.8533042687197,606.1812016709026,51.14883621820488,93.86814348218464
786.2185471761109,601.1075868910482,56.58478468526893,87.51116567224824
768.8238324235577,597.5398360541519,54.47706735907582,83.94419848363778
740.9757086732257,583.679604815943,59.55514879580629,76.5725021845586
727.1593023048705,575.3378591545279,57.81838661885966,75.8906463064672
714.3733709101972,566.0219644983815,54.65540353086785,75.28502710596197
696.3475113586709,555.3645969741304,53.68116811289787,74.37534276284433
667.9932707656213,548.9202766815046,58.204869761186366,71.505743519363
652.7551673631157,541.9486373413373,55.127970481597686,79.15410985527849
636.4593790834971,539.1128638856969,53.32774111607941,81.08205613850771
620.4084129566031,530.765769524188,50.53478614995856,83.31851648844041
608.254473748938,521.7106388505916,49.84742315302628,82.51264879532074
593.5178527856009,512.9121415717976,51.60390467175672,78.08934792003087
574.9145954213352,505.6745646587372,53.501671884454765,76.18620747583842
557.663592870211,504.72550788677546,54.77175269630665,75.3132125197011
540.4521434223036,499.6365219458139,60.172480919859915,71.24835501571148
522.6126483753395,493.20196446700584,64.41751631438567,67.54990441662
504.10556796245555,488.1681253330466,65.2450661988009,66.69604937740714
486.55617660861515,482.39455462414844,66.65120388753368,66.63355216598433
468.57193877703867,476.18342651871933,64.05212020135895,70.10793148762343
446.75213050629475,472.5069837766731,61.59669456990633,72.36481897065131
431.86365398524896,468.9718078592381,59.89647625836613,73.64935156964242
414.26952626343,462.89160667957265,56.767360711667166,76.0800342166519
397.1970297380745,456.8295028508694,51.95971148251753,80.94884021269972
383.8003772652045,450.19543298060114,49.104358318224754,83.70858495475883
370.977096240204,445.3239393897384,46.412197680314655,87.76603268752032
360.2984720611154,441.6135313634945,45.2573520088881,86.69961337855797
351.3691328234714,442.24738799764236,44.0584449288666,89.2355782099294
345.722903538,440.9305684754263,42.01301492390213,91.38667236042811
339.3148251681214,438.19985319680364,42.95589914958435,92.53693947093811
335.11528978425895,437.049563652125,41.974881320757945,93.92963795080959
333.0590458203425,435.273064224212,41.71831900966988,93.70839811633299
331.12164061248785,436.6528335652471,42.87414694099966,91.9025007855652
329.63990648017574,437.2076676486401,42.21917932964134,93.91752732214242
332.75504377209745,436.1963122809223,41.048340709761376,93.94354394133121
334.43678382686346,439.8674978560786,40.255616187178745,92.21074254847687
336.9364469649823,445.4044086951105,40.090398049435606,90.88039179109816
341.20884327217806,449.3191889420113,40.41042352711773,90.47116842592445
345.9956479762186,454.4736172638941,40.727413455079706,88.56225029419048
351.29335255716563,461.20443497137785,40.94968620785552,89.0233002995953
357.928131113331,468.1115868292717,41.67962057671967,88.94573095225002
367.088983310491,473.5743618918692,42.48713523281086,87.8244495424504
378.65151348585636,479.37138195875593,42.52384408288242,86.98544281897807
394.3642190947808,486.27528796564343,41.57774357069012,87.73329342729946
409.4598233405043,489.2826172112073,40.94944326825497,88.09365557022768
430.31880461955245,496.0205471048096,40.84392780182656,86.05524446476883
450.6243114449545,498.6895037483763,41.40209149606292,84.54967148504007
473.7673977320715,504.03153010011926,43.80277582892391,80.6524665116561
498.5603267269851,508.6655519112905,45.408277195149886,80.75392377634087
525.3055046973827,513.0354030465074,46.189947249053475,80.20728325786831
556.16673441634,513.1185411766797,50.74372229565989,75.85878784465889
585.3428113943492,520.9464685575807,54.23103257495761,72.34353133736089
624.4618289626628,519.6367626599045,55.816549673779704,71.15799276547345
664.3673287393423,520.8295106016769,57.59476569312501,70.85121489278535
699.1295182006339,523.9114344585096,59.499420556716025,69.69969855746378
744.450144372628,519.2222966960426,62.62424856944993,67.33046498981503
780.7025584503937,524.4100471886998,62.24991571511286,68.85154626615432
820.4277651262851,528.464662921714,61.30477540138091,69.24501812348699
861.1565740341464,519.2162849533316,60.81641133425262,71.10075126686047
895.4553473588998,513.2903571589212,61.643065647295195,70.94669796864825
925.120715396755,511.34949788528365,56.48532579158398,75.6069249297425
934.9389057139846,499.6929888063636,57.053803233711434,76.01541578790267
931.4403858379136,487.1435009369991,54.19554419582425,77.61662219721528
926.1111347028799,461.57617116669275,48.05697495882232,81.66141303056314
916.1646533410499,441.7260763185184,43.855370197902225,78.03206417782106
888.6921337413474,404.49850847221325,46.03276336388367,71.45503728936558
860.7466106286597,378.59712198609145,54.76554990033025,60.39214063603929
831.9118768411595,356.460894353634,60.96157198233291,52.4399091142717
819.1888766089614,344.8060235423438,57.45220203274006,51.58434890916466
811.1757443138042,335.71225427032107,51.55957833870845,53.83595091619378
806.6981356613094,338.1781488920205,49.370825804945916,55.18887839215037
794.5801292969212,346.28939598106336,57.577252412867885,46.3148682421197
798.2041478540172,358.6697646210939,62.96417936140752,44.330368414719324
798.5556846163674,377.25539714429385,58.62190968837956,47.529162411442066
800.5430213102863,381.69855551495476,56.615878039475135,48.627960283831484
801.8859848307197,389.33677659999984,46.629258095059754,53.92900037324721
805.9019269824515,397.8630151821957,39.47801741361704,54.57966319768347
805.7900442909016,398.27807249737145,37.349589453828145,52.419193482322534
811.6076441228042,394.27154430830285,33.475611383875176,53.3962302348826
816.4688067689713,390.448099891018,30.642877862811886,52.91116441885457
818.0236371845648,387.5269208705603,30.78122828691941,51.55749595816906
821.0067156597039,385.7349641868502,30.884604532802683,50.08180237762173
821.637808731323,389.6235206885091,31.32699598946843,49.60701512880357
822.359416327302,397.03224206893225,32.11176672507966,48.71495482649085
822.2552856012283,404.9297559056773,32.03544543375546,47.820498190001665
822.5578757091291,414.76396074868893,31.986949534811203,48.22651746970207
824.5722356188417,422.13567090907435,32.78890748151994,48.09547156538121
827.3303098296666,427.09632466863235,33.32213385243294,46.68772611326996
822.6426561631004,436.2394417324596,34.48430885558935,45.95755936365793
822.2193817701149,438.3008214219393,35.23661871760065,44.22148472524479
824.8627928825371,435.57910245534134,32.77450816391356,45.06161963264295
823.1575356069237,433.4836167235987,32.863097226837965,43.59868002138976
818.8641829427777,431.93120973645506,34.40801992800097,41.29755788725005
817.9393657513633,428.20970303660016,32.273014946284434,42.10335681913291
817.3163324816858,425.08833503175356,30.28218852776525,43.841166507734684
818.6163177389508,420.29147026434794,30.41934915470231,43.11732333977256
818.9614682184605,417.03119757370166,29.515968996214244,43.790869332047016
817.1694347868294,412.72022945885755,29.75739665454477,43.510695272284444
818.084488468477,409.12201351980696,29.968942393788858,44.63714975231483
817.4630138182791,406.34700185017596,29.848750443192174,44.65703224865841
817.293247486405,403.4902315841717,29.089730664966403,44.800619002126076
817.6341729709687,403.0427323088488,28.2422235516297,45.10428796947107
817.6953554076221,398.9207188454906,27.06871540074772,45.173772023207874
818.9644361974792,395.8899279837918,25.698561553778976,45.39514500828294
818.2948394816144,392.6186038914778,26.348334178675508,43.75298996634724
817.8758110511895,390.55402324281886,26.968167308144512,42.63270738557659
818.3017075459893,388.2597186959681,26.128156885689204,43.03120543563358
819.2313115933406,385.0377906379363,25.910482065123162,42.74938256353006
820.2293152047058,383.53525324041397,25.18369800809176,42.86326437247681
821.3211506360552,383.8194988184531,25.723019286281353,42.65249345972031
824.7450592839896,382.1036581418451,24.651225547956503,42.37987757920915
825.672486369246,381.61313153858976,23.283834285198353,42.52820867714204
827.6653345175669,381.19920876039595,22.505367784754206,42.62267499926293
825.9558303444607,381.2219677334476,23.84468373950926,41.63205563818538
827.3931309059874,382.3313116625885,23.05753248587305,41.02107242575046
826.6265801563678,382.89709580807687,23.27217789347749,40.24784174774779
826.8603838600271,383.3416725156112,23.28489288819242,39.56960770038958
826.8391757069777,385.83396596935665,23.44852827116521,38.606157400575086
828.6730175517503,387.3017113946764,22.97046558200879,38.800954919531485
829.237299533271,389.0020663971013,23.22739765084398,38.71050603305474
829.7275465283724,392.031354802619,24.57781035982375,38.265176505892086
832.1478799447873,394.9581311123423,24.86700301501178,38.39283790249805
834.4833265591886,397.9927543381465,25.461517838283406,37.892421753788284
836.7751291807093,402.9966545325818,26.133278875324947,37.02359152660131
841.2749902753845,407.37080431091215,26.29986637390712,36.31432221307894
846.2061897054314,412.8417512286416,25.99654445132355,35.476553354027736
847.802713569333,419.42810236865574,27.384883332375292,33.905137309307726
853.1537323803692,425.50421274067287,26.755677564948932,33.700821775241806
855.3224402945388,435.68803047543946,29.417745693991137,31.62902469047325
858.2473861147372,443.6415366613504,30.87502664397515,31.247777710867865
861.3918657356909,453.72284077042593,32.399469134847976,30.62962708869223
865.844911656058,462.6778160849996,32.75693983383843,30.93559514092179
868.3322974814432,474.181671938955,33.748606754959184,31.0474146834035
870.1269562112593,485.8243635807061,34.70241754262829,32.80900270413675
878.8677731373771,491.3663484903179,32.23584678840283,36.5785843013107
883.9906506427435,495.764694184227,28.910935801199066,42.78961283470178
886.2015443334011,496.2382375486599,26.343223354911338,48.0891418795564
889.7181223230922,483.636530371091,30.1706840383494,45.92585969468
890.4469727440945,455.1248973149123,35.76368183814371,40.46657098028464
891.4532239463771,427.04307066975525,42.817863868421696,35.34794682819284
877.789121980064,391.69930347978413,43.8594304739442,36.24333407321213
897.4954304996876,358.7371755136563,43.668185341926836,37.22398294015692
873.927810450224,376.424334850484,45.71967155038064,37.78990947279742
894.5979244220331,343.37087321963963,45.645380667690915,38.089176751475556
864.169660689613,345.3207417644852,47.954657355589866,37.44446700322431
886.1850843077511,317.6928653518642,47.85581437865585,38.71483998189475
862.5087732825663,309.2873190111731,49.524166769756256,38.43240817960385
885.6224808132254,312.93113390997695,50.176134236457294,38.631477161856054
910.2030660361901,314.8182255502757,50.6722864418791,38.55115536949272
924.4918288476206,319.22512468871594,50.771223643157484,38.63115070063544
945.5784478414541,334.06731864942327,50.7673598044735,38.65194840735882
919.9183465807592,325.92235512775267,51.80598427666357,39.53548773134951
921.1580714393151,316.3772352034613,52.25299133068903,39.51944856814555
947.245909536792,317.52177132226115,52.47880808520306,39.60216264595473
950.7543864533262,298.37550961902355,52.86347293328924,40.78698761521939
961.3379588382359,274.5801711531921,53.037014619941914,41.52236143934685
935.8110219270104,279.6238647117186,53.57028133290411,41.241974303679335
962.6140875084865,285.2622965776383,53.85800279009075,41.337546250199225
953.319362421493,248.99344679089464,53.97954790402617,41.77178081578614
974.7489156221832,248.8024376328318,53.891938535422156,41.34727552709807
960.4586930806112,219.27126765814452,53.15425994362095,42.79595429773252
963.6805756313095,209.96858721239678,53.19061264445439,43.326606954692465
966.676458085559,213.90000139953915,54.12788288463978,43.67438594455017
976.3539763802137,214.8459615311044,53.716462627039974,44.26391728116199
1010.8486635457181,218.32966245158627,54.320264241385885,44.414059421967735
1012.8566201814629,222.1825608931359,54.99187565486638,43.946539338455416
983.3305171215746,203.39893353605885,56.82043143026369,43.5320703806578
1016.5149869579254,208.4827392816079,58.26369235117554,43.10249443244414
