623.5,299.5,11,38
623.4904277126599,294.46602939457966,12.569738663356418,39.35523194660367
623.2998852280421,292.514931208514,12.94811955098619,40.74930186217904
622.7163571555104,289.0154996839965,13.267378386631105,42.95362704674753
621.6806415412752,286.64820351027095,13.194533084316172,43.27206511673777
619.9046350756316,282.13126894443235,14.40999338622317,44.5619129381226
621.3374847431407,276.7654244627057,15.203684365791485,45.747526973357004
623.9957034159236,270.5846630826,15.529250899310547,47.6669717978485
625.9331419320139,265.0754417855755,16.127426846487545,46.40930386161141
630.523728618182,257.2091509703528,15.482272398814207,47.01432979291653
638.5768592336324,248.41988724641658,16.055352472426943,49.03981167457229
645.4322255491315,242.37290991419874,16.08959153037636,51.29769843080095
652.1788511214751,236.21495168202816,16.869219070817895,50.01837363671378
657.5127999722155,229.67560996888736,17.11332427026434,50.76092317142299
660.576696249246,224.56834694649956,17.464320475676892,52.04726449887464
664.0712331151398,217.8589992187636,17.433378860188682,53.62345590017975
666.9583132572023,211.50664949575446,17.705284480839055,55.87637031159866
669.8290850497577,204.81702109093908,17.50972308288653,56.462982889944755
672.7236779435697,195.14211272389522,17.89751452230851,59.39281064795917
682.9689242704105,189.48997041881535,18.76478253884141,57.67683329099625
690.7026021320821,183.79589065252617,19.415160456092984,58.6776613274355
696.9319276864744,177.10366963474493,21.676256559309635,54.42612856237292
705.4998416919705,171.30905201674804,20.336571246283313,52.833627310665705
708.159662514216,163.25172169935388,19.317115331617337,58.617248370212344
709.1448015464924,161.8196925348496,20.321155690849476,60.419410137437836
708.745096024318,159.15358508399308,19.592109210710557,63.466261639757654
707.947676688902,157.35161987311267,19.961150536013804,64.61609804526083
713.9443316834946,160.29818787484362,21.523055092453134,65.30071253620264
719.1294358876062,165.54815102803968,22.68989239453599,64.63353556214449
724.9444435905682,168.8337739265521,22.114225145214004,64.19555138129998
729.1922140515236,170.0180600395035,22.551189711811052,64.67246037353375
733.2646494101883,172.01881697737622,22.67579597781208,64.57973915396263
733.8213596093607,172.88622970084293,24.34879778634537,63.97848277334585
737.6545050077312,170.0877824418333,24.75519854510948,65.6227507806954
741.0239035855044,166.94752678346129,25.54780284367293,65.24163384999325
739.7945627378406,165.70261291849133,29.457363441026494,62.45932187751227
742.0523059717538,161.36578149842498,31.524197877843697,60.856956676023195
747.1768088289263,153.41652912939605,33.61569782770845,60.35075676262021
750.410609204104,148.56006265628812,34.43843077486872,60.99555870786967
764.4233113301215,142.568898080746,34.02807965604866,62.361571408290544
776.2923108620353,138.25977013695348,35.54782865798609,61.57406203002174
784.8316799954715,134.83450063569433,36.47807950873284,61.49444129019348
799.0855483773475,135.40936729276888,38.448053434040865,60.01763067189324
813.4502613852585,134.2384927701449,39.36408275973345,60.389730768982915
828.3808994875179,129.95896903108007,37.541579495620155,63.46155815214563
843.2293793114957,130.19270604806985,38.71045959491728,63.28210588033946
858.1617347507673,129.2875370536444,39.87804195652548,62.98942515007252
872.2380585456959,129.63377688588625,42.19019566725,61.21495126614742
882.4212207362499,132.8582349648615,44.45236685073802,59.94545724656608
888.2226604109638,138.1285006831563,46.01523546067194,60.456638175286926
893.6964022452614,142.05032004278164,45.976463224525645,60.32565426991031
890.4139208397482,146.9875823204462,45.472178961735494,60.93703331644578
884.3710555169441,155.4856625141834,44.83019234655468,59.7376400512436
879.7067681439859,164.4772771050807,46.042445541906076,58.80292401692493
880.7450287446442,171.46275702374024,46.72687212968154,57.34578948050903
887.832259213431,181.23817058130186,46.95162313762508,55.80924913718013
898.1343749166792,191.96780662249202,46.170921337309096,55.81955705200932
918.0502755829599,206.63858815186035,43.72464720857174,56.963070126892575
935.9143859316827,223.87178613439093,41.24443872266495,56.766674870090746
951.8870042934593,241.1227747722418,40.90766543905203,55.29528822712117
959.8618080514536,256.1341022179756,40.51233688276965,53.35683633165886
957.5686427001604,267.1841205126692,38.72100891048298,52.26341625515582
951.635756168416,278.26791471315227,37.67787944908049,51.516510157624566
943.9271901847446,285.09382728112786,36.87389853809626,51.78842176396965
935.792200002864,291.5481838219116,35.56826809471545,51.627792238274864
933.442538539712,297.5514315194877,34.57672002904251,50.4344788001944
936.8065270592406,304.798338860913,33.520391777609944,49.69815648194987
