198.5,214.5,34,81
194.9764208892444,213.43974477306287,35.77989194801269,79.84702145546117
193.20101333422812,213.52590445096905,37.184369548889954,79.06243818172581
190.87709183190046,214.37980803243158,38.05381594709995,78.11474527136808
189.3346996273096,215.13457629523293,38.246659285725066,76.50962010638683
187.5473206887308,217.73004466238345,38.092169354426204,74.49773763233969
185.1348449414732,222.77506408781653,38.76169720773658,71.4316364836525
183.21681498776204,228.62340329104134,38.06133724668966,70.73135604930978
181.31904664759008,230.59183698214574,39.98753958693808,67.52863949403202
182.57597329337977,232.68077570380817,40.63015492519574,66.45217935379249
184.86378505330728,232.66857117425258,40.59661752976085,65.48500327744375
188.576730103355,234.34331720744436,40.37626665619742,66.37813740124574
190.8088809710552,232.92734140127416,40.06794646147693,66.17633251906403
190.89111868214573,234.43323026070777,39.46593080616064,67.46781941811673
189.15768301237222,231.7407233638289,39.64034790300137,67.9125036601777
181.15334446073786,225.98071937294068,43.68991569993467,63.21430332896587
212.443317328094,214.58040094393104,46.48666369080831,61.14805023337187
214.0982668469022,214.34451268543003,47.13333718584572,61.52372524282937
211.60868281266607,213.62656077567618,46.5373061271207,63.80070412508883
207.4843231607472,213.48129821227184,46.980356600086836,64.98590808299795
206.31115154431174,214.19006001394052,48.710654000323835,63.63840585567439
209.03689739918224,216.90784998486936,50.34946761895195,62.50072039166092
208.99415160251985,219.8869714557541,52.36989204022624,62.04462655496348
211.74080966786747,227.47476398360425,52.5001387223362,63.825933512812995
220.96012224973367,230.4157559512553,52.85447277186064,65.77367770403676
221.91952312676923,231.67481708258666,52.53831605734793,67.3369858765547
221.91549580718865,233.33092747856432,48.103550624335,72.50313765845192
223.7759455953053,232.19178612464657,46.10425813714434,74.38854114842434
232.51382284466143,231.5776430443209,44.26439555279977,77.16039913887155
235.83890798887035,229.5466555861346,43.84577118952234,77.93609294638793
243.14131026283448,227.79864255783951,43.2885702487718,79.25073110167195
245.6014037653472,226.64434109955738,44.62851031131231,79.42301485777479
251.13586938611272,225.41160173725186,45.55340212123387,81.6052579430521
252.90723475975776,224.88891960037836,46.718506094555366,81.61290260944588
256.6093892064403,224.4794622935566,47.84751858180546,82.96695380355666
259.87715513741455,225.20606268222448,48.878107344399304,85.06840619394548
262.7955110450711,224.57934368461957,49.95765672522262,85.7495133566739
266.4247034332543,226.25511726583068,50.77251413635622,85.40060119638794
269.65824655357517,228.19301013871552,51.308075295616845,83.86434901804684
273.75133366712606,230.0894401348591,52.30224278909611,82.07540862720009
278.7325142346458,230.71040550164184,52.31846594360741,80.26502344922619
282.7114800522786,233.10786515053394,51.56284248628981,78.77325599737398
286.32894629369656,233.96969268286728,50.08161312082447,78.11273429166269
287.48856898041424,233.66339357049335,48.964978359304666,77.52131451962254
288.54274636142907,233.5238038928855,48.02419657243371,76.66399292021023
287.2187769436268,232.83112035330262,46.93016367685241,76.29258199759072
286.7169774511577,233.49727122331183,45.66001760182357,76.81686039577879
286.9773939693091,232.01118955369128,45.51189747569601,75.98336301037999
286.48854869329557,232.04347722833876,45.146583681829256,76.78829056311602
285.5272229867209,231.15221737662492,45.106990703537285,77.3607725582612
285.2662139488283,230.19597041319878,45.31405849198043,78.6394119767135
284.8635832852556,227.3036935801377,46.234193973455206,80.17446441450318
282.1702573653351,227.13185558686067,46.6532759852627,81.27685179870507
280.84355851065203,225.657295502263,46.87181513406668,81.56789496632877
278.8070668760993,225.13685433642027,47.64166944542362,81.30486394314056
277.38589241569787,225.23253743199,47.23821882475316,81.75508942013008
276.57432040772244,226.0271662003684,46.51446643071567,82.53332455915447
274.7162626717379,228.10354591548958,44.89856638831085,84.1378082853453
274.19257055641145,229.3229807486166,45.02543275712069,85.18376828332154
272.6613169687729,231.57666536498328,46.60303182845491,84.25656634413681
270.0226240893866,233.65942815176976,48.37533021158668,82.22426883414721
261.5411093725166,234.16443955626124,50.627181819398956,80.05889843948613
257.80971125421655,237.81479040161793,54.35885532383654,76.43586388973345
251.56745538768178,238.2185275032948,57.63677640444031,73.251561015878
243.73549051032137,239.3338750741344,59.26532961039403,70.81692786684408
237.6533350131576,239.54752406249247,59.3374288813939,69.70278899828983
233.3413837249205,240.53352047811492,58.77650460697704,69.18511421361478
229.42638049107336,247.33920560609465,57.67154307998133,69.16854776777498
220.57176921901066,245.63800152136676,57.804618544639,68.70992512019887
217.8406734916066,246.55801071005075,57.79466253469491,68.91980345990243
213.1169486340428,244.0077850356256,57.179998487920614,69.52953358301417
208.5088939674435,243.81851854912725,56.8284246012096,70.04786336437289
204.10019657339382,242.56175424042036,56.991682731594125,69.58661237592122
195.07629847071544,239.7631483411964,58.33184687213149,68.87958347078639
187.4230021635642,238.62619649486032,59.40384323399258,69.82605298129144
178.8115931418326,237.58458937263012,59.62174985472634,70.6626426367855
173.71617217283352,234.14410504662771,57.919703723571644,71.49267172885378
165.630133689065,233.5200939864499,55.575224904975855,72.54163698542465
162.8762131055929,235.8000147299573,55.21527298872911,72.04800529150069
159.3765400496151,238.03418381643212,56.1478504544445,71.07787897920772
157.69373171946674,239.69341477489579,57.750322740847466,70.15193558263564
154.65519754629997,239.87337027953527,61.404397427207854,69.01461543706138
142.51844801108837,236.5004607575776,58.89477538862229,72.38455853111708
138.72121890672761,227.2332105384924,57.714480026787136,73.75938337114297
131.19842293524272,225.03905027557346,54.80018732620229,76.7912391533666
130.26228443726666,223.4448105659217,53.30397553354966,78.87111020761124
128.26047708951418,221.24180830643166,51.90995524599183,79.89514122157117
126.10249470875958,219.7993177989287,49.936492727075034,79.93307633813959
122.920668520896,221.40913719635785,49.59238476878729,78.70680366552708
111.69399182800282,222.95754001435532,50.73235505215665,78.0212376535556
109.04516887086453,226.46438764262209,50.95574120843763,76.86652066850645
108.937065682546,224.91625735984897,50.22054051014641,76.41827444579889
108.0504376539929,226.74757274249134,51.10038618259762,75.52295596879846
107.37484185500497,220.66168115155156,49.487354157297716,79.19445400205738
107.76860373223317,217.08492166876445,49.32074790190673,81.24559126139383
107.7081623285583,214.20788000142323,50.692751395787525,80.5202424900582
105.89513761396013,212.42969500218118,50.590931791170384,80.06877805403303
104.95045406170235,211.62057464727934,49.40247930988578,79.6823755620087
102.27701681929253,210.8075968350633,48.13744535888389,78.84922664847693
101.91697154491153,210.99135217656368,46.705605575462044,78.9005076768066
102.41476292456309,209.35192049085327,46.7281123490111,79.9635504973088
104.29040788643107,207.59518402291863,47.603289176373764,80.58884961458983
106.27796062841246,204.43159277369278,47.98467335076671,79.75697163483109
108.04074218538514,201.7770997308353,48.480491614995174,80.71774786260539
110.90029873883677,201.2184064700982,48.291686754704486,83.95994126503051
114.25550883894807,199.31469699498496,47.76177755225408,85.46983767039612
118.94206092051957,197.15622566562922,46.908175075207275,87.15484735524589
122.05172843207048,195.42864700383385,46.150838037945306,87.07374550448974
124.33766155576268,196.05228049094342,45.34375445772095,88.05187444816309
126.80173397508258,196.78067841840544,44.165239116609186,91.62589991663381
131.20501435876406,196.0112632853234,42.71436692117618,95.56072651496646
135.5722192159807,194.501759329348,41.231264694230674,97.61640421766202
139.6294629867549,189.6389659726805,40.79932805981733,95.68678234335054
143.61488543702154,187.33666157683075,40.156718785504715,95.22893071253415
146.71863395370949,185.84227168565099,40.81278004451774,95.31380128850336
149.66257018986994,184.2611457687753,40.590900309013236,97.01417255756505
157.23814353739493,182.5728571300865,40.962796292796256,97.17471065418701
157.68009946297235,182.1343392527995,40.73134459951269,97.26505223971657
158.94273384962287,182.05310617204873,41.06453100733349,96.73158410556377
161.49605130713633,181.51966058679432,40.66541228569642,97.37809283598244
163.92943653169476,181.59632835994273,40.65412155383419,98.66592071036283
170.95211164098768,181.14199865939457,40.55504704630795,100.26311353679026
173.41081248547428,177.43229088548912,41.867598646366716,99.14011632672762
176.26645967505,174.23767185817007,43.24666490869483,96.11508302669043
178.29087628653093,173.6099216791549,43.78814464349662,97.72681406089492
180.8605352901079,173.71986705330121,44.27403453734367,99.85486518806006
183.8645857697102,172.8837403651998,44.89853913081237,102.63654792369888
186.81663026210038,172.23789844683205,45.68817334778373,103.89614485161715
188.94403315486815,171.4029381278755,45.501739811851465,104.28758889365162
192.00932326179105,171.20119813954335,45.28627590812526,102.89223287750278
196.00578069735798,171.2085144767463,43.921361773228014,101.8699828487039
199.82586792452645,170.92974293645307,42.54808928880074,101.30266957648428
202.3198360549475,169.61232221974294,41.16103412765953,99.36741880867162
204.8949944805834,168.0948933217307,40.3732165134483,97.95829209618171
206.30651925544925,167.8892778095478,40.17381489195455,98.79163820805667
208.4648556928819,166.660868095154,40.05196242114194,100.63958409072076
208.96866121369385,164.88131114146603,40.77893881047202,101.79390545087074
209.50948829317926,163.72264796899327,42.09778566430334,101.57235573914511
209.5808342342632,162.95104297416935,43.124451320358745,101.77403802836872
210.17188655460518,162.6259844401846,44.40124164770758,101.45135251693534
211.72747850625152,162.6029340894548,45.576880063445685,101.2830513325278
213.56261229442373,160.96505689507876,46.25215110328166,100.55812670516663
215.23636066979265,158.2576506942848,45.926622955678,99.3007222145121
217.15403998562795,158.435402264656,45.648621873674756,97.59911683606826
217.68212798930654,158.81618632142164,44.59661536581916,96.0721815722303
220.18442593841203,156.3980017495095,42.96945395971937,94.5462932354333
221.6768097704248,157.6925155203229,42.531640450662096,91.21744604792477
223.73322968287184,159.03983056777193,42.10759523865254,89.82695807052703
225.4133703601353,158.50213238649155,41.3352912934884,89.78135807707736
228.01914686185276,158.87726528281488,40.629278660994636,89.7164933664696
230.5027092044487,159.4322900311243,39.991109149295184,89.15423201300868
232.9190073490178,158.97420545441096,39.91092517934039,89.12004068946469
234.14782183495595,160.58768260503697,40.641085647619065,88.45853681812905
235.41872325804434,162.59313882056261,41.20996362000003,87.50997227602434
236.7165614870434,163.175066677828,41.48920919912655,85.5917922445151
238.89065938304776,165.454323113413,41.706213259107585,85.34148640840979
240.8855720580258,165.41174953933944,42.498110454775286,84.99732269830726
242.0387767647431,163.8536741316213,43.575255976796,85.91447863878929
243.11262535458616,161.01588370434212,44.55243005107716,87.428900454804
244.48459466126099,160.00691136702574,45.28479477673204,88.54202576012064
247.12586309118143,158.73301714146177,45.889533135854805,90.05479409825723
248.41821560328677,157.8373500343386,46.58459347915202,91.42763039246722
249.05237981726148,157.71603118484984,46.59880251152973,92.84451404500463
250.7702659643862,158.20240516210998,45.937366316904935,91.1546133161504
253.52073561484957,157.13403082984837,44.275999445635165,90.04807346367532
257.92767581075395,155.6283083793641,43.29468722246661,87.52977993843533
260.26879878960847,155.2013204303055,42.425352536806535,85.04271784788992
263.72573857761546,157.05971690739622,41.81821562894431,84.21983482489127
266.2192974118499,157.83100246328473,40.868464350703746,84.72040722393277
268.7390863004974,158.82427051685426,40.4462843585956,83.68445338264758
271.6611147345414,159.8488612129306,39.648138325773616,83.44110091944236
273.96438491155294,159.80501555939566,40.22969258768679,82.41186245699622
275.7820255695921,160.48876417229323,39.751239675081344,83.36633283297722
276.6245664243806,159.83001522512168,39.97938969596559,85.03892745492992
277.15962646612365,160.27139280913048,41.34529737775348,86.23968816940445
277.60353649038126,160.15593718649038,43.23590898321471,88.0832911747478
277.4475576871698,159.1719753227067,44.96119416436744,89.59283658734323
277.18506142352254,158.3439378568352,46.43171019210455,90.83646326187835
276.1330546321425,157.65907741863717,47.167710750534496,91.85830195686839
274.8274701299791,158.29686442710553,48.08398174556112,92.21937254175356
274.4359417825852,158.28582128697394,48.729845654608965,92.94816284251692
275.5770443473941,157.31909600788003,49.298064337857326,93.863067057855
276.62560572766495,156.17435768200323,49.60134507691892,94.15551738533645
277.577752232774,154.77957439965152,47.61316222466745,94.80475673484518
277.4922035493735,150.56787558846224,43.72778967417101,96.22731083229087
277.96651879227596,147.60559364242266,40.628435015774,95.99096888635734
279.1957797788557,147.66787814376957,38.95611064536348,94.04672932568775
279.55441659237056,147.52057475792486,38.022465839706626,90.91936406101547
280.9725170818214,149.36699802744644,37.10946534889548,88.29823633396114
282.2907587828184,148.75968930468304,36.79850961490077,85.6015688559345
282.66719950524606,150.15906718192633,35.69999788192133,84.89734940592179
282.65748016242406,150.52936533403033,35.94700069381845,83.67308894670734
283.00297933855376,152.66581926109677,36.970657621672316,82.58656910832154
284.04177138007987,153.73758688162627,37.02979014285286,82.46479242362854
285.10079750111544,152.78533102378836,36.01832340340625,83.62148465602415
285.9616438786015,153.52145868938058,34.78005569940805,83.97220448353114
286.290200152558,154.0562207081071,35.10128729393202,83.20579629080464
285.96287743409835,154.8332577422256,36.32710437220114,81.8214781731377
285.574149579507,155.76272603263052,37.018763345203126,81.23104800006564
284.932695218577,157.35628594903176,36.815190638916675,81.87940790359127
284.538798841417,156.32551268027626,36.88084701494836,80.47986745265321
284.57609051034797,155.16759117887585,35.88583206316437,79.61274899152576
284.46815298073193,157.8841242082492,35.12436547047987,78.64600821582965
285.59581570057617,156.7537881025225,35.29778339321814,78.64042790958285
286.9608750675016,155.80870228974567,36.436236417637545,77.77510517898108
287.4808521357927,153.89560804808553,37.12856921113965,78.41103301357393
287.73582182890726,153.49339529226512,37.30432231405768,80.00035787919582
287.6451796440346,155.2970496836864,37.347308842850154,81.80304560590524
288.42825281946733,157.10456450499726,37.761875621028224,83.10451367065048
288.076377992357,157.86443848174886,38.1137495528407,83.95843319570868
288.2322549313084,158.08831339319156,37.71230977293837,84.87247951349407
287.7341084404924,158.3942552675344,38.20705088803903,84.08289166896793
286.6485843323849,159.76457639837417,37.998645445196324,85.32985187959365
284.6421896533112,160.01464435783657,38.043253431654925,86.19357883279258
282.42109487372073,160.9338709588916,38.20371901470058,87.63599034625872
282.09469138235795,160.02823632589855,37.04457638671603,89.4912410265331
280.86018129309224,159.82203293983667,35.340449363709396,90.53464378750266
280.46651846522946,160.14242597513032,34.506166523722655,91.55454242169591
279.675192556659,159.84028336964013,33.82072737749988,92.51218098403089
278.89837051853686,159.40129342624329,33.66396073959467,93.63214471665458
279.3521356059054,160.58978683382065,33.690034328437946,92.82122106716454
280.4937693904881,162.15863312453126,34.08381997239205,92.87208754107164
280.3877816746634,164.35847750057638,34.654109948003935,92.65298560386182
278.52886554929665,166.5429384624341,34.77912775324178,92.68597064730945
276.82996296930617,167.04106975755425,34.99696097985797,93.35381108822759
275.2032538376338,167.29356634453734,35.192297139473474,93.92785641504727
273.5285251904307,168.27725862370357,35.44853968358972,93.41922103178649
271.4614463302983,169.65928281908444,35.54419232649242,93.07678585742491
269.72714810188137,171.351793066573,35.72260070921435,93.11258392972377
268.5930855554261,172.41069281981254,34.920467423142284,94.08148677004648
267.50849062917905,170.84966062342488,33.97505089517379,94.20417224322031
266.0329213641313,169.80561913193316,33.063954594413005,95.28988689524826
264.19419731070076,169.27757060595064,32.583692625895694,94.24118443816482
262.1048621183702,167.51319119820357,32.06356340041885,93.40179349627374
258.947520312775,167.44472032429917,32.225566137738426,93.86604434590257
257.01263440088906,169.4965677959788,32.35813960869657,94.08686474525568
255.0788030299599,171.3514994991407,32.36654298356578,94.26902037236388
253.3552124282028,172.8348910236731,32.43677845305589,93.82955580092973
251.49987498047614,175.00425128443482,32.52413157688753,92.75551447290295
249.64017608736506,176.31030304124624,32.846388144924234,92.66378263477148
247.190116765493,180.41199360254524,33.33265886538953,92.28226516344908
244.8347189052463,182.06059565865425,33.563033519598804,92.09380996404235
242.75460822358647,183.41515021184946,33.66954346858125,92.64680966044733
239.68379004761397,183.6204271412138,34.31136244915786,91.7997421691827
236.5913565947113,183.0231006579706,35.7073332711314,89.8944574582857
233.56600953206743,185.4323964956197,37.14865907213937,90.37345699239911
230.24601385844838,185.49996269891867,39.05455723013794,91.00159877861125
227.99217439029266,184.07429696702928,40.061855411978584,92.96974175629079
226.04851531142998,183.5027097591128,40.17652451994502,95.71138292608339
224.3373534801471,182.07741894719544,40.43384392912334,97.07520703305713
221.587517657059,180.18097936689034,40.815611389050716,96.66523156033605
218.94936811472485,179.94969100710162,41.39168798150102,96.91699422113282
216.5882602279918,180.3505349277992,41.703895324486176,98.37305093044262
215.39701009818938,179.2925038399378,41.55092462156657,100.98679135623978
213.2138226324162,180.73360961419638,41.865761562542886,102.30310809751754
212.66839984838947,181.96564987473673,42.25136384112568,102.30123012541758
211.34328283962233,182.2142343886863,42.42550003647061,103.38601271571306
209.71747077582933,183.26093884193563,42.83839692826254,103.99451978859972
206.93597318625203,183.12307394580773,43.952604895045354,103.9563502128078
203.99695442503725,183.09574811687548,45.41157217363947,103.90211559895717
200.23148019038686,182.864270551667,46.170477891627954,102.88969114315432
196.8993334149863,184.31743685843708,46.06716041566517,99.96866786967396
195.27828004742395,185.30608421207643,45.64376770201363,96.55790207875415
193.15417536790977,184.67973039169146,45.40961049915235,94.93832626081442
191.19864478023098,185.34820827407344,45.050374624033836,94.1957229201952
189.48442693746765,185.53468598803232,44.67959642329954,94.18831082795361
188.33473488824507,183.99072556987312,44.42046521145721,94.32872738227434
188.344650619335,182.90579993686262,43.963011410743945,95.18769846412175
189.07053054430227,182.31134786191944,43.34865909016348,95.68916555651296
189.0848664616538,180.28463605030348,42.97918151629605,95.08588713811896
189.37348436242303,180.76680835495756,42.75276631574414,95.29111225956942
189.23298481446466,179.9557703196208,43.25330250589626,94.35415589005743
188.74078554774246,180.69212661924126,43.918773930099206,92.77520979832286
189.73284797804826,182.82939228503727,44.42808922070219,91.98689525025439
190.74557754251504,185.99574902954282,44.156391740900375,93.03573779533147
191.61043602149897,185.9930288345535,43.75352627009224,93.11074515041318
191.3677332088154,186.16922835334714,43.810982288087146,93.52750280723822
191.41457780300001,184.95985067948953,44.185558603362836,94.79558214291423
190.422359132325,182.11713331502156,44.68753961822817,96.70133805028644
190.13909442403107,179.9772893805903,44.28632587647558,99.78731773776776
189.53088392016363,177.2175284103622,43.92105132756982,101.44475409739812
188.11979222477686,175.15369922793275,43.363929594060544,103.66441294672362
186.58850593130097,176.33576453345543,47.481054259259366,100.81149981061566
185.25272177752322,176.39637223045878,51.229040132160684,100.43120206945432
183.7965739038294,180.80613121014576,54.458868210299734,99.63236549130596
181.85959438291152,181.5568830726898,56.65522674916765,100.4541902612435
180.38038428990663,183.1329294976071,57.4212300288206,101.33697328115989
180.48106445487207,182.6569363400669,55.85370930612849,103.86491856344918
182.57764832142527,180.69564867945533,53.78735856101344,105.22848385583318
184.27008410576576,178.0484634199209,52.09592254206849,104.00587038900122
185.0180729927872,176.57078948586485,50.58777527652589,103.00099935071066
185.77976418050056,176.14999017682385,49.62158898178389,101.84622264645077
186.3090132784772,176.99474006496493,48.4563587749892,101.30616840392106
186.23994937174976,179.57995550324284,47.91365283152042,100.0373750815339
185.00897866056604,182.40529382115704,47.629090900768986,100.85029288235106
184.41075986927655,184.19001985832887,47.805303912119925,100.97682970151627
182.6015270553424,185.38969287437038,48.45251423755907,100.94074918380701
182.05056283781317,184.25296481892747,48.067232398874815,101.47835245713028
181.50213840629877,185.2417103330707,48.05010812118708,101.19431748257767
179.29679823379763,186.04170550873843,48.122854449007974,99.49390565040773
177.5946562825865,189.92728030483906,47.51164162062576,97.9027182164096
175.61532937165668,192.19348362465263,47.498932613277034,96.87773044770839
172.95813790084117,193.39106544108415,46.94753710871057,97.05795763058015
171.25634595917825,192.25243225670243,46.30220608267358,99.15875860723091
167.1730321967852,191.71094492602742,47.748452347541516,99.40707589753677
162.7173597961277,192.66162356289834,48.998395400199215,99.18686667601045
157.75645885609143,194.13152371262163,49.867953093870405,99.8390375355452
153.21829503099093,195.5253353294696,50.52176392125648,101.66718511865227
150.96775402436472,194.82782121056192,50.69279308187828,103.55295419213428
147.72811932767993,192.9964931531444,50.94198377804327,104.91734127353732
146.51461719369055,193.15773382384614,50.7331900685745,106.43845102615086
146.01573773184697,191.4460886307125,50.865271218309175,106.77707253767758
145.41606153356514,191.29310397205703,50.214776536549465,106.63724909056323
144.9365052555159,191.07425932684112,49.41380565568203,106.86073563424611
144.3268798575378,192.48114755814782,48.460568000634204,107.86031771693601
141.7998306390418,194.86145521267065,45.47373282861741,112.13115077214823
138.99709914724448,194.70884048663953,43.247691467271885,115.40792592046901
136.63504813351125,194.20808446030117,42.60280498079179,118.04194112503936
135.4782443733535,193.82949401596008,42.90049758411511,119.35053042379383
133.25234095037592,193.87179405609112,43.23326251036201,121.19910829152977
131.45384843801386,194.89386514813876,43.951177491522294,122.30518268687176
129.7016044882908,195.54619239151683,44.26701549816143,123.5193480090756
127.60206535910515,197.11363632461666,44.595412470674546,124.34020989301322
127.22673299055626,197.80681840431052,44.460991565434526,124.79244863413061
126.44758027903629,198.04234704029528,44.01460181139625,124.39812526425783
126.31245142137698,198.2920597927355,43.719344485363536,123.35497832192317
126.30471148490959,199.11384157394372,43.549178778006564,121.35850218450025
126.97567676729199,199.99474192998957,43.31825053925342,119.1348548227618
127.45050666584868,198.80927302315928,42.708340972452405,117.83718492463038
128.1749384128258,199.3804110729496,42.1610315265595,117.13715973247082
129.5327096179358,200.08627097220437,41.57837695661051,116.01224079531997
130.93972772224467,200.45747510353664,40.82715832154013,114.91039625908056
131.81080368841805,200.65915526827348,40.15066722350583,113.25279398624754
132.85887155243972,201.63641125431366,39.62747112978557,112.2803315985559
134.5768468371456,202.31417981963017,39.47446523963408,110.51135996246023
136.2222323217127,201.98980275863428,39.23701062525144,108.62685326215585
137.1948005488894,204.27245400952742,39.11978459417692,107.51670136461763
138.5959322592498,205.4720600084663,39.10309990117825,107.05697467824808
140.14783540781744,207.6639018010253,39.020606556084594,107.62579239012712
141.04903216468162,207.66785768665903,39.37837668333219,107.51709831385742
142.42910015720074,209.01661299252362,39.841369017080595,107.54105209765135
143.26589161044265,208.51353491506265,40.11114000196943,108.0881239503863
143.73897334950578,207.99537284796963,40.226850079026555,108.35917677853445
144.1681032460648,207.32554203248387,40.422756126057465,108.67506700428595
144.68251078095457,207.5588480347294,40.56702114298601,108.97167691933143
144.9855468454664,207.43641650688653,40.7429808480879,108.96927946409572
145.58614478370401,208.3267041984932,40.6629256900727,108.82065922767195
145.7344859984509,209.04257542345456,40.83927889414289,108.1737536660625
145.18782895467814,209.14625430513104,40.33517932259268,108.43533434279405
144.84857400082876,209.36463907758963,39.72765345415314,109.27952738427976
144.51381704291708,208.7666011900355,39.62202785934495,109.17043965669487
144.26837957570203,208.80459220429515,39.32050779808564,108.91044254784276
143.33365124693677,208.8093223865455,38.715276402485095,108.89895816327373
143.2083932045825,207.91570193909368,38.59553689770844,108.56946574557055
141.63149366290676,209.7743184343288,38.32235524718844,108.13423234311304
141.01190562759882,209.00155952837125,37.8859053975086,108.70102484088778
140.85348077731925,208.26841715456982,37.452736561023215,109.69093952208628
140.19232268565898,206.77730491048044,36.96175237317372,109.87210547945753
139.329200259994,206.98094084176512,36.71368730323907,109.9385572072622
138.19635920647167,206.3039911713969,36.881407746083866,109.66984466769625
137.86044673704438,207.54171999954684,36.890307799188626,109.75563626753032
138.4312695936285,208.82013390144485,36.592313380728626,109.93599251143333
138.45545769139918,205.77217252325158,36.56846572585817,110.26764877688355
138.38950541540666,205.24748186685486,36.23094349690408,109.49164237338368
138.15588557964352,203.8036994248174,36.397677917738015,107.1691113750428
139.49648695218318,205.2989849486284,36.06117384018496,105.98196981178822
139.68107308809044,207.16570372370768,35.972606407695366,104.93209310986572
140.05512059087297,207.27900949945712,35.3515691630842,105.29209992222412
141.17142827381667,208.81843414831005,34.76563284096667,105.599406468253
141.50753788637593,207.65203609680566,34.61382701459079,105.04617571197834
143.49603215188137,210.58895328513591,34.350908803709316,106.12991761018965
144.87160664395824,210.49364015250396,34.58548355345754,108.24313854193458
146.82146092247885,210.93898474619698,35.37882728828647,109.05502789916522
147.69139491028955,211.25952652453282,35.803806925046054,109.16301528489547
148.4476405356827,212.7570203132563,36.293146013691484,109.42295748840856
148.92648139812147,213.8426928596586,37.11703341208207,108.13064613993913
150.22447774427582,212.1050055616488,36.84935764672959,108.58444933817738
150.4832162630155,211.86704485416487,37.265145341611074,106.89137728009223
150.8828900744472,211.97347921437063,37.27544217942575,107.63967839858606
151.67267560001937,213.04732665237748,37.643924845894595,106.9605388538025
152.04649416074872,213.72856454702207,38.00122503942308,105.3504516759492
152.26850553881792,214.74465487696813,38.09953248872525,104.16447404521284
152.6660682500979,216.46051906381385,38.058619564830096,104.16256406332131
154.04054158627562,218.21122456228835,38.156815350436716,104.13483642361106
154.28352658113664,217.58594137788344,38.262021870571836,104.15958487364341
154.7016230996286,217.8846962979411,38.52031638146239,104.25578267846754
155.0375479131603,217.88362846399852,38.874672174893064,104.18350424212944
155.50507305494017,219.2800371975297,39.280762876822195,103.81734111390374
155.39178052185855,217.38266017766767,39.73547344068424,102.44438389569325
155.48071361546755,216.94070082139967,40.111147483263636,101.15736888477952
155.42764726382094,218.5963586705023,40.20535766876541,101.11756188026934
155.34251305344162,219.7749345855594,40.323917715351605,101.3529467380061
156.2262970594625,220.5231076736833,40.618349501130936,101.95423368515613
156.20798257123192,220.74027334045923,40.44256325923878,102.29280400584776
156.08711674163277,220.24440266678397,40.147885898013236,103.20651510968231
156.07687574149332,219.63797845374438,39.81952021104771,104.6922759486433
155.8830479796751,219.37236077603146,39.86453441087926,105.92629572312893
155.37453119939025,220.93684234674612,39.67818893645296,107.53306466025184
155.52526081400586,222.36403093454678,40.00379476974463,108.45368829527372
155.71738435968166,223.19786218313973,40.34218723909251,108.73217836595126
154.58605509492264,220.0097410546689,40.56200218836457,108.52381349856432
154.00031965013508,218.29453165622917,40.4108805810677,109.051397880008
153.30816445702285,215.50573592285292,40.41469172355589,108.4759379704177
152.16945493000378,216.08749375865617,40.772143722273285,106.5959605807288
152.27608525385574,214.77035236536665,40.78014675145117,105.80607954894847
152.32053954990374,213.80254735349178,40.598387422081466,104.66952670610581
153.6599679517639,213.7204874465451,40.120715844801616,104.61310632429566
154.37620386759306,215.6143451824712,40.23635414059231,104.36958340500999
155.54004364270077,215.4510263508634,40.73129665115264,104.28492884310309
157.0454639219605,216.49187607160798,41.43384882716078,103.89688560774492
157.42583997492613,216.802591206373,41.46304184680935,105.46703396484759
158.63936225880087,216.82266511749424,41.87568152703042,106.22568637263132
159.4316338937705,216.73900040690145,42.02630599886669,108.4887623109983
160.6139934622808,214.62229190865116,41.7899993469688,111.50755847887032
161.01489748875284,213.90128024335334,41.990616249392765,113.0224281401683
161.31967541099155,214.23162490767658,41.952684028286455,114.54598678210291
162.1994030648648,214.83858243412854,41.73703253161324,115.77715820838597
163.00090424653348,213.7376155328772,42.045292442064365,116.30321527424775
163.34020318937263,214.40836317844315,42.2797918783732,116.39337527085841
163.74701273413552,215.80696012944583,42.572339866865576,115.06846437456747
163.79793568877918,214.86195462966157,42.58562740701353,115.10150875941284
164.22526349391532,214.64161273953664,42.455985291232835,114.59720345446524
166.13086954494122,215.46660592090927,42.55314320718638,113.1981841770814
166.82907589399568,215.7743445244834,42.36112926033632,112.3225585341021
167.91932516240138,216.28651745012326,41.89658872275436,111.56450942716904
169.17933298248906,216.2478465717931,41.10670602001035,111.32109516566757
170.07684037408146,217.4326933968221,40.190548014970354,111.5750835377043
170.4016380168717,216.8420440533807,39.61453680913233,111.01143705609189
171.29079561529608,216.5484225127276,39.178341186830366,110.6512340295337
172.49219798708577,217.89681776991884,39.40520754005273,110.54339152654957
172.9634869582774,217.04897843647086,39.19349203634825,110.14464236942513
174.4868096163707,218.29459133844256,39.19948858875295,109.86444490296034
176.67403295792775,219.9982438694392,39.126065865752366,110.04297458255948
179.35264864137375,219.46863588066404,38.51392736766532,109.9056950271203
181.4128316966892,218.45619861352287,37.94835699906929,109.02952757684454
183.99705247395465,219.21091068899563,37.66816961018782,107.92775082699346
186.959467072471,218.86446315420056,37.64342872339681,107.04728748002626
188.84079108342564,219.02299290016637,37.6956834839277,106.11721239599642
190.41002663946142,219.50633331874616,37.67806841853279,106.50180652603044
191.8372911903072,220.24589438579483,37.82862955350502,107.59174972434585
193.02691109011184,219.73751178759454,38.1148939710436,107.38303364900261
194.27054997238957,219.65704130893144,38.418978015264976,106.50508209877573
196.28133195887403,221.02376914837754,38.40376074487174,107.2434482048567
197.97945118819734,220.31440154207172,38.883324087906644,106.68197335162662
199.3000579280587,220.25156333321166,39.40630900677404,105.80185035661941
199.9261480209814,218.49984430312128,39.614484102758446,103.63870201772178
201.4358224206116,217.88334252664583,39.543302865982824,102.62827281043404
202.7774081513401,217.19822305604703,39.60789646876534,102.50153561447044
204.05688177790952,216.8116523524481,39.97103736183617,102.64794866578373
205.78875978825687,216.27216645689703,39.98736123043896,102.5435051631923
207.51945696913808,213.5165358439645,39.80541466263715,102.05094358556008
210.45012132835708,211.984722631501,39.41822849562125,101.09372555095337
213.5027841884534,212.1320396296132,39.27901777329239,101.07447893127588
214.87427301832616,213.66170637690726,39.08554224786997,101.5402804769709
216.090441471958,214.47909615795845,40.15799803088339,101.85726514082832
218.52095610041238,215.74991558749429,40.902507619036925,102.41818560983589
221.76325166683264,218.09197705781503,41.06437272780404,102.7038059209949
225.02341174850648,220.01318330693425,41.228130304171934,103.04979607549693
228.2636732602397,220.24682627287874,41.91085152814204,103.10828581461323
232.07702747054705,221.6021989262061,43.81366886436325,102.74602812354378
236.00917302423008,222.39701775399936,45.7647445019923,102.51901320584179
239.51467428659464,222.6919458865724,47.7025830722339,103.19543282341672
243.63452999379598,220.82714386334402,49.40753184459881,104.81614180647315
247.43789692924162,221.36300955240426,50.33657792671046,105.4181276887134
257.4815577453739,220.62114011404117,50.8039781267213,104.56966436931839
264.13217753616647,220.66852379736773,51.675964901642494,101.41945753046679
272.2314570776994,224.12281274406706,48.65334823953608,103.8352538359817
283.4440190567543,169.33342637234236,46.20536661541059,108.10530312972405
285.66169707609197,151.8409307842344,45.017974958906905,108.2474445744947
286.57215427497016,139.0369317854533,44.766161656350164,108.66173224490845
286.36487136709064,139.55808726377703,44.15176724414291,109.70614008594468
285.78378043547167,141.72788144101014,44.25192451402759,110.35339674795799
284.31671371758307,142.03057536263242,44.59801330640265,110.40925425078275
292.7367960130703,133.9505428643478,47.47554776633153,107.56749200736174
292.8421508249568,124.2932603651728,49.46000639931826,105.04746609384651
293.04732974315135,114.82891310988418,52.88699702408016,99.06110819048331
294.19943404800415,114.2093575649077,54.95047993125076,94.71490357609056
294.910806915234,115.98306002808584,57.0370415812821,91.47033912100197
295.52212187178003,117.26431688628348,57.7452706378784,89.0064453201517
297.3351599383695,118.74815843115755,57.84965014167766,87.94796730948225
297.98531622833514,118.9217644507763,57.724173720498854,87.63914206591454
299.74230664382645,118.76051746627039,57.11465117389427,87.49987953730482
300.16319513868063,118.41367411069479,56.16503261798083,87.2408130026255
298.82281376082295,118.24788808333666,55.331104974526255,87.37669296516148
300.05625479940477,122.23436348738842,54.83841575510502,87.67086061103745
300.9735809278527,119.99042784883571,54.234892310045296,88.53335661729938
299.921058507608,122.27678289493501,53.33419102435988,89.27292527265936
296.5830146952942,119.33105166473466,52.42960638488832,90.22957709463233
298.3418913506995,121.77643561853438,52.0803234567681,90.68327968797895
298.86740030727793,118.32989748573327,51.62817820520184,92.05751659429771
299.76015943967184,113.11716556792936,48.68895720451316,95.05570286490308
300.1629018337548,113.00853578040554,46.17937514538164,96.5782834181154
296.21821378156943,110.59873622091247,43.813898954830485,97.47584875032786
295.5754476290452,114.67235051210716,42.464302761801655,96.08693811532616
290.1188203015523,115.28336851878997,40.93386330210228,94.76349677195824
284.59381930828374,116.16976599356931,39.47346165552176,93.43844303286022
283.39763212100866,118.29567621042787,38.695758944576944,92.08926675655276
276.3901626479798,120.20635692202461,37.15836882721909,90.82822594912773
270.24831652542593,119.68278707101425,35.928329115844896,90.72156587888587
263.6264617143544,118.90363886867972,35.08811158344703,90.70934724697199
257.98164475497526,132.59319486628266,33.79459463855783,90.51440883575052
249.9225113573559,165.99465638606694,35.28036841469253,86.47432225248073
249.56253583257092,167.36342328365956,36.130446044858445,83.10971010293684
242.262514082511,171.12629993463503,37.608232312312275,78.24928291945514
233.84172200263626,175.0405414838284,41.2103478975378,72.66672024076135
226.9165872955649,177.5537250687377,43.82964406796715,68.45606802627272
219.68889247582254,180.35076312721577,45.79545641405586,65.21313669996596
212.57971667014516,182.3278550948119,46.78707004933645,64.31331577708755
205.44268221958149,184.23038272639508,47.24332126247549,64.02594425835174
198.96921122253727,184.5643674677616,45.26587151004294,66.38229227859412
192.31594935878272,186.49705597289406,43.73228731976638,67.69872421684607
184.97924114542118,195.26372796793598,42.432708942107126,66.9255750052046
177.48497395457738,198.55398907506654,41.5325628657259,65.56690223247183
169.95463665644246,201.2689862712952,40.999260487508415,64.25600650334454
161.51146507698616,203.7762192370046,39.47634575762706,64.16690601992381
153.76671715130325,204.90382549297018,37.39177353953486,64.45471065696421
142.8584924036438,204.25631413631754,34.63372581195341,65.14035080047958
135.81401661139205,204.35306126826472,33.08940808645936,65.06431396366968
124.98920058340879,203.8613105971698,31.502889400848726,66.09428014394715
118.52644436532657,199.08169030374384,29.763811001441855,66.81063189870675
111.84310044266202,197.30542525919384,28.65488906741306,67.40345305874487
105.25462487943662,197.6852836401386,28.07161775886628,67.08478924032343
94.6714190072085,196.08127041864213,26.602182411647725,67.80836891932407
81.59851347186172,193.39421882797248,28.192230237712387,67.9645827917339
72.97841278202141,191.79553340566486,29.917920508994566,67.7985634290585
64.9747391567417,191.6106735136314,31.778706136934336,67.98971353863348
57.90180556278655,191.07749093302976,33.57287635676605,67.51565208793647
51.31514512763146,191.78364208249712,34.71360349996441,66.71924929223282
45.603672004146844,193.19490538466084,35.170359408798866,67.70902980727487
42.89793258814503,193.0124703494228,35.392468085468025,69.08045793839702
36.11715085344494,192.83908003322085,35.737361518552284,69.4323355870274
32.41052979619761,194.6015369113668,37.096141677022786,69.39330053671395
24.64854486566438,196.6229128830941,38.34184081665369,69.93101200268313
17.599440210493107,197.34888324449656,38.818090440716944,72.86338152539213
18.267288550518032,197.69828576946054,38.00932778833891,75.41016382440218
12.593304753426999,197.44734656661862,37.737992632887185,76.82341733546703
9.656306228213062,196.89672334319764,37.85469169060876,79.04014503974766
5.776031790112945,197.87199082425332,37.75567244775992,80.03036472965962
2.579226873736282,197.35530926764582,37.14077645928522,81.12818689853674
1.2343345011504496,197.60662589194112,35.63559155037363,84.09178499607648
0.022056934534553818,198.0009975952225,33.883651608379594,89.1677738549862
-0.19122131356451177,198.10895266453076,31.883506797280972,92.5203935606537
-0.5786919545921698,198.70929787563574,30.194817641485336,93.70554450807263
-0.7652960251069807,198.77386748995804,27.391311600614934,96.1744577811065
-0.6569122747804883,202.29303141365662,25.33401573101206,96.02496059548304
-0.9491609691487817,203.92447253712797,24.58136481099468,93.11415270342737
-0.7762293065076769,205.53475094785,23.739313083536565,90.62871886067057
-0.9608538521034671,207.99060200485118,23.06847709744238,88.56954698768077
-0.5038656424943468,208.29614024633128,22.47332064811664,85.85499898715773
-0.1214638412771194,208.89724050545018,21.98252162427258,83.13534169897669
-0.27892383467273696,207.85618543785716,20.57405913807187,82.001040005168
-0.49716003993155766,208.27862344339746,19.631769780248447,80.08324832083143
-0.26859758219378094,210.02431220528464,18.835225470041372,78.02644897737021
-0.03208979499809317,211.73466013760154,18.11781778375253,75.2132616528899
-0.16552880253258628,212.6664460474949,17.564821690983837,73.69944973963356
0.20530402590236996,214.01951167710257,16.958491181494754,72.92983226196579
0.4246967502079819,213.37728529580153,16.648897235812264,72.09559858696107
0.19260815048510516,214.73907142659112,16.55549497749816,70.91215384117471
0.7452733928753688,216.05119000853043,16.263196583381543,69.36657573491328
0.4508827489139513,215.2326631097077,16.228402481919154,67.89284214089616
0.32847286487014316,216.8478121184836,15.875333541892147,65.81468426387781
0.5368909777726536,219.3176203074177,15.45540436215186,64.82348936428103
0.5460831661167198,216.38402970212871,14.974024217870344,64.26077612753241
0.5347260417071684,218.05808114302891,14.430971655318597,64.25379325038593
0.6675676284479959,221.32527937865103,13.93520875645223,64.12743777950789
0.6910627498102286,227.78911983085897,13.813887975216488,62.577583565765835
0.7838407618549095,228.33348317100862,13.971354744658544,60.51631346705908
1.3344287701898434,227.87753645109333,14.256572513465361,57.98752425727723
1.2969510783504425,226.02608943282524,14.838229783798063,55.96168570790644
1.2747077269156364,224.5021574802685,15.333604405139965,55.17475294592096
2.1102382251377314,222.5046303773608,16.15836512309702,53.999407009066644
2.7215355841408346,220.75438995790236,16.88504566029406,53.24537982948988
7.4518701294947665,213.76450124829762,18.14558609564821,53.851479041301914
6.294262620239504,202.4047231889639,21.352587033825024,50.500867618465406
2.7603687387539093,203.05184791171163,21.394971297192942,50.85339103445067
13.545365085860649,194.81331125300431,23.405369533155245,48.52537249395515
20.316120070545644,194.91777303762154,24.550470739322364,47.59120434302133
27.277888456656125,194.59237060430277,25.579296027648276,46.868576334979295
34.26473649201864,193.04389796475579,25.58052976649356,46.62873415183877
40.09516820711937,191.43293857175908,25.96758274864561,46.88564920896563
46.76498336771804,186.49301835443237,26.156978458942415,46.85638243536708
51.99278668864987,184.42197659899455,26.530471472230126,47.359604766890925
57.09847252213234,182.9254678531438,27.107725522428275,48.189261901307844
59.36325061862385,181.29239591554494,27.959433539192553,48.61038572073468
66.76585258424946,179.86202835621978,29.083702531220165,48.94322014358424
73.56180605410702,179.5758510773723,30.09095960059927,49.67260833844525
79.55590614596167,179.81160687551593,30.63251310188752,50.80207702398781
85.23971678825471,179.20195332835425,31.214907839029973,52.411035685055026
90.75537049125654,179.71752040729552,32.27569866911028,52.90101635337487
97.31379832483705,180.04429875553555,33.43926711999124,53.32929456919492
101.06653358011391,182.35292034351824,34.0551325927139,53.37556409998618
109.99029660246137,182.46313612788077,33.95992397660787,53.807994782065975
119.37018900480714,184.62732699195575,34.45290292008525,53.201347577689205
128.38726144467145,185.39830871665038,34.49658740131855,53.35834586307166
136.515451192998,185.0608334353602,34.544557803957424,54.21921998710586
142.9973418243822,184.2576477487022,34.646282522634365,55.96004224309512
144.54075691525105,180.61057315694194,39.66700868397527,54.00732043204778
150.32597814419395,177.61169513258005,42.88005068501279,53.53112752523568
155.6102243469986,177.66154167532434,45.049328359969934,54.1357511750147
156.94776385424635,177.18633520429566,48.165638810806456,55.805566966746326
159.06664233797974,175.72804070573605,52.357662803422656,56.62610188671711
163.2708862854193,174.55276994537854,56.29444411172962,57.701545679656505
168.86085193807628,174.47567089655357,59.18576944398886,57.60666650191109
175.27873298449978,174.74269087498706,61.55786639044851,57.05704647390776
180.29410430044229,175.49912483668763,62.6763871405215,56.807299559379615
184.4589243238108,177.26472036124682,62.36385028897489,55.22986210084505
187.46967019695845,179.38612656649096,61.086554480789964,54.38621937381318
190.26833645361273,180.34417552577307,60.249458230756545,54.50888068681632
192.13630315094494,179.6231685137339,60.51726037838949,54.770665643092244
191.29138990040738,178.38404375756284,60.12331827327871,55.3313632803199
187.95189696879595,176.4041345592472,59.617206442104596,55.694716089335216
184.20091622356182,174.70454681875228,59.09182895094442,55.53293723797337
184.97050481581607,173.79913837361497,57.66311290462477,55.793442205220984
179.00600315415244,174.26452272956473,59.31827341636756,54.86795874287877
178.6787179641759,173.86064122271276,59.23074111373016,54.26298605597544
176.131060574398,175.34024116395105,60.16213644443343,54.07961548868441
175.03107428719414,179.2357550940193,59.982998444118856,55.235833226387214
171.07650611120792,177.79577678971776,60.68315185160278,56.23221689893229
168.0613535778529,175.94527730258167,60.94634227903053,57.08414294000742
167.15271657211724,176.26639195348903,59.12516423743185,58.98107889660032
168.3105848536347,176.29597799057413,55.95933049498406,61.25885569404267
170.34882288256722,178.51813999367687,51.31496128965044,65.0826286116653
169.90686878040285,176.54401604572152,48.67744114734529,67.34465443116
168.9590609355095,178.14082067784787,46.208980699589254,69.53802665418145
166.24976835208156,178.40907100999104,44.35951614949565,71.22989331853893
165.0772765478053,175.6262815083787,44.012751138968625,72.77178877378996
163.4609570471188,173.11945770959227,43.32744952373397,74.49202392438714
161.67945745126008,170.570220303256,42.684299137356874,77.532954982482
161.70119416866044,164.5111129319722,41.67079777897219,80.2740106063973
160.32861656562358,162.8491387383574,40.70300633167985,83.11942229838496
158.96076168422368,160.88284573783426,39.8981079268313,84.71177640398443
158.42442099893896,157.87821913669524,40.02566610175259,85.06585296670562
157.0994814217014,157.54312257385288,40.9748969484274,86.10878949034148
156.69593234929124,155.21900659868038,41.29668903889398,87.33366443079873
156.92733965120343,153.441227782798,42.349709958674964,88.65060511920416
155.70385073511068,150.87571885178235,44.340871581544235,90.71565160672372
155.20678111707824,146.27247938629017,45.363922255448365,93.76758999892027
155.1403222430992,141.31466415156655,46.65380025235357,94.71201094230551
156.51866926000497,138.02211561269678,46.82121353169819,94.67350229189563
157.82020702906095,136.9292303739974,46.85459043003333,93.66580443700371
159.04520617379058,136.56131264964512,46.8519497951456,92.990284628674
160.8403161211196,140.457727306589,46.317547504552515,92.7437175790379
161.10794467396732,142.5258919388176,46.71015441395946,92.06221753058415
160.21324589466644,145.23574497634525,47.81311311405213,93.43762263488067
151.5237860123155,150.82480959560587,49.30102450167883,94.17860369451617
151.91106352693566,153.88408408673962,50.76164126732988,94.365737848235
153.75429721017122,155.00722144634864,52.12174610926333,93.7169768047066
156.56040725579012,156.71679826391664,52.48641467464173,93.19409463677945
160.34920069549975,156.53002078396048,53.1786461011917,91.77104281759328
162.48703204226794,156.45146974627016,53.63494799582058,88.9525613396597
165.3522607443366,157.27073398634485,52.592388273873226,87.05878553480521
169.25185456768102,157.68045108688386,51.14320386967703,86.41063223933159
173.2624252669934,160.04749786947528,50.15325620426762,85.49565788916033
176.93787423219533,162.24633415227856,49.544642094969745,84.561774786597
180.51462412852743,163.5004938918035,49.32068961218103,83.33305723911906
183.64920905669555,167.6463296918419,49.480843905930236,81.96866940292776
186.84429868629746,171.86249129243538,49.82208516369417,81.16111636623054
189.05049074563686,177.01144168275601,50.51270025537303,80.67183603847015
191.9098016470476,180.00488895119992,52.44163666483183,79.4300338935501
195.15087007234013,183.44374269009722,54.43168399546016,78.90605804798815
199.16788092077576,189.1632733585463,56.863558905034196,80.54063944180292
201.97677303102375,190.31915046054547,57.57326358376919,81.78327805244075
205.34824781172065,195.7195900102183,58.612153393102915,83.63991638626163
208.73465724014784,194.60507534605208,58.44744162624487,85.80725473961348
211.63119433722903,195.57506402684996,58.357282623732914,87.43726348298291
213.98459048244857,196.86994269318754,58.51081996128454,89.53203545481215
215.92450041718345,198.88781473444317,57.74339084842184,91.29356929969958
217.0342545950386,202.3222347540899,57.79592166774509,91.35517254730186
218.13944177431796,204.73555051477894,57.98318324592343,92.21028893928438
217.6992472308154,204.54846356269812,58.63209236032767,92.43239458611419
217.3515945605871,202.71928442785597,59.090912606952216,91.42451883938003
219.57978357570178,201.69933872555768,58.520055988618594,91.2122346744423
219.5121081633768,202.91799425896343,59.11650691473949,89.49789755038745
218.22196403021456,201.8957399695417,60.166023091105785,87.63373856483881
215.97429812622187,201.9214848622825,61.43147289721435,85.9122746906884
215.12365584374712,203.56659394471086,62.336897231241174,85.64659981120153
215.5903330442319,203.51377055852817,62.41395802669035,84.54622432099372
215.13391371355902,207.43912281601345,62.893769003347515,84.03529632198381
212.1954553761823,208.089332071179,61.586220269775765,82.50585457859665
208.09361995496317,207.9791852993745,59.558356154328266,81.12809204424849
208.32027726420904,208.1760753457425,57.301324876290664,80.13100941311755
209.44869695948927,208.86507724954976,53.04121557491783,81.80223832683183
209.89121818992447,209.65695215859654,50.39296007560293,83.56428151754257
209.60877917779084,210.1935249970926,49.182971876534936,83.73616397871115
209.41160672977884,211.94382710145013,48.70668942890429,82.84124953401891
210.95115377782082,207.14916282207219,46.5459487711977,84.69157681866594
211.87030113457584,204.29800552661806,44.880597336834775,86.43455369823994
212.11803855984328,202.48788725025472,44.480312191790944,86.3503696844078
212.0927785637289,196.2086071041193,42.82485331362792,90.5266267387636
211.50239749911233,192.00601961020834,42.57881578790038,93.2328409454881
210.61880501231576,198.027763949764,42.31937131355655,96.03697799879863
209.62744552640322,192.5103138450369,41.66037785824232,98.62967373284998
208.4276787438043,186.52226649310506,40.220690661187334,101.59618591718244
207.64036102258206,178.93791033779053,38.4583922523898,105.75958721554343
206.5892227775788,173.86197352920314,37.6362815258283,109.0401892224582
205.7118743398825,161.27039952684214,37.64766318134175,109.91197782166265
205.1210515896896,156.39238495139958,37.54787366891014,111.95612867283461
206.492290843141,153.0104409119698,37.864501750371026,113.01413754026842
208.63925535575078,150.57791911429115,38.41269051155891,111.73077033850652
210.8584747998138,150.69904374994343,38.22893034962918,111.40708492487656
209.22795205355825,154.24338620499753,38.258101376197885,111.08639727963043
209.2159748921035,160.72119622721442,38.01209130215383,110.0018852903114
208.6695244032802,156.61773420518915,37.80958474615474,109.79752488764566
208.51215622376327,157.53244826069732,37.21053803176335,108.44113598647198
208.1518200648428,159.1197454676768,36.73974532942451,108.48006686777057
208.49575178576566,164.79272463602547,36.61941317524895,107.85657499988432
209.26257116252887,173.9620220122732,36.42899560931407,106.5409103926525
209.60149403047822,179.78173785225624,35.8689584314622,106.35084528220547
208.57881789652987,186.81676280160582,36.35652959908576,105.3472435951762
208.44598284727692,204.3215876400559,36.59201536344766,105.32933509869598
209.17020467381346,208.40820612905665,35.63212842324041,106.89732431698353
209.46662431112753,205.25058930012926,35.59526649312524,106.37082118132028
208.48107288347097,207.24392772399239,36.176848226459555,106.0608463561465
208.7846413237732,212.22415625956455,37.62345756930485,105.02656535616913
209.85191442944273,213.945358246385,39.01681920632392,104.44514523110004
211.87972359710662,210.85147132189468,41.19399515581671,99.8873803685328
213.71002279137892,209.9843913920492,45.97402100433267,92.64935700068472
215.3919009844701,211.76004936099227,49.69142945503384,86.56469893976696
215.9391495567458,212.27671747215246,51.69635071220055,82.37092894822052
217.64835689164923,210.63683963272373,52.894785941685704,79.41182974197663
218.48499371601557,207.66425178592317,54.66801593217423,76.14454110299722
219.95199391057196,206.5100967487516,55.734232980805615,74.11889636624417
221.48497089133932,203.88746178156103,56.27958973971461,73.8593964985318
220.96543760278553,201.95485291011494,56.5530119453126,74.59253297120607
222.39983391675986,198.34489255290433,56.281177716182896,76.22177928529771
