450.5,91.5,31,37
439.5459851362373,98.8869069195076,36.482026271409744,32.48823488229827
433.3745324564171,103.54559488006035,39.95362139698026,29.573621374217684
427.5689990191431,108.87642586921662,41.42681748295399,27.51992200424254
423.043167178507,112.79891278991882,40.84130465055432,27.84170479278199
420.8863955604527,113.44582929913395,40.533291127782356,28.07096666685355
415.7584645665755,114.68631222591983,39.896466271664664,28.14146680144097
411.025237519284,116.28871898896521,39.03460844608159,27.963347096303572
406.72076191499224,116.88013126823373,40.26318093152061,26.697706994949446
393.84090670602103,118.848426203744,43.465808219580296,24.527553343144294
395.57694905166005,122.56700715619661,44.931458132184034,24.00377539896293
394.4161345940628,123.34151703170893,44.18541789416504,23.73477397755867
389.0086709660318,127.02123934554928,44.32648936867187,23.54374775731817
390.65006761570515,128.1856267051393,43.49649991949912,23.492417400778507
391.46248194751314,126.36845054387418,40.130302366074474,25.9368949550516
390.931963806357,128.61238858589707,37.429458489008816,27.876883899387195
390.90400412695124,128.38075180623892,35.28770714965434,29.01546848766084
391.3280378165112,132.3831632914301,33.35713776304996,29.465117105413267
390.8934611128891,136.72178688533688,31.955260267431633,29.24817417785355
388.573183236337,142.93958627597655,31.50690830187741,27.998467501676753
391.13622793139774,147.74480570578208,31.19529826279956,27.110051652319623
390.6053659116865,150.82214362997283,30.62115685231675,27.15243734263443
388.733032447345,150.5083981908373,29.95982745836786,27.67538060853638
386.33252136381486,151.35504841716116,29.89845147784517,27.699796611348297
383.02694442222435,152.49895206957834,30.75595135788285,27.503167962138328
383.3091212003604,152.9141766702571,31.75220440046482,27.657215413860786
385.07402168729675,150.75648933733373,33.048988719408285,27.306360354823486
377.9202764435412,150.17605676983277,33.904855290293405,27.19711178323665
377.34718812805875,146.61272027937235,34.08200332914859,27.451522286282742
372.66388048330117,144.41143712626334,33.71134730976482,27.15067272183427
372.87048488027693,143.80426406759875,32.813194410665,26.83101009778463
371.5738880363833,144.67399812765723,32.75884347603092,25.581234397435054
375.29218251522957,144.4299338806653,31.460867742368038,25.761012745602173
375.5555176211425,141.1777972849824,29.29268942812514,28.816863505022106
373.7114663197966,144.45328515481543,28.158186420923123,30.429770020910293
375.30382864771934,148.67910319410703,27.125212091234303,31.612779404363238
375.02406246783494,149.77523696301617,27.15966645236489,31.675637627577007
375.2713687241444,150.4935800175592,27.264854764865063,31.56109018559762
374.1466185138047,150.01436076561166,28.55289608529802,30.56124431144094
375.2057312112308,148.95413533225025,28.813847068695967,30.08313365281891
373.1662153897227,149.67361101609964,28.309099376690167,30.236678441812586
375.3638395967493,150.22638149537104,28.87543743800928,30.102622263581374
377.1611406834322,150.85584899556122,30.134313696345053,29.729371634195623
375.8241933138012,151.48090158842973,31.594582527709193,29.156425042590037
373.1139592091865,152.09678047930691,33.047563640152134,28.734761498163245
372.177478753858,152.8161503232781,31.977362109555415,28.77180241649075
372.0703225582471,153.5050870803316,30.82451465733238,28.39235939287748
372.11214134784456,154.4644576617046,29.487841175160447,28.37014218261561
373.575030220586,156.16316519551873,27.86803672107471,29.066372210812567
373.71689402270596,157.93018989958904,26.279814735883903,30.885878481993238
373.7769868937657,160.44861412409253,25.35402489353703,31.99194242083416
374.2338493594431,163.29695490276455,25.449406836648116,32.335046725459094
375.29550020843027,165.27014189508924,25.66742326916694,32.13167062556009
375.33397717224705,166.4583933671128,25.90727863814142,31.832879740533976
375.62168597993093,162.84414633513916,26.81828213101945,31.40650997010013
376.7435656455004,163.3512972597244,27.066119975478735,31.221113643753007
377.6857236886768,164.1083163926718,26.714804358333655,30.6458967532282
377.867675165809,165.81639474903756,26.723092296765728,30.60896505613698
381.29391798788663,166.19567610447996,27.408967248313495,29.833878883463267
397.8967718638609,187.919495765555,24.54027655569113,33.69348672317841
401.46095432659575,175.31082917096245,23.7994495864592,35.235883617807886
383.3342042422482,168.11739616302611,25.772497026882913,32.22666961659071
381.83998630739745,167.80312524618392,26.233291123360452,30.37270779770245
381.45501670307675,169.8798914828245,26.536496816739305,29.465579256992704
381.4776180005973,172.65313619618362,26.333047451196947,28.876586473340886
382.1272547246428,173.18374499921097,24.466085180359766,30.830447173484288
383.45429596787125,174.4779071616402,23.317416226159892,31.477954824562772
384.1547123190899,176.77978454870117,22.262808874817747,32.702238742915135
383.9645905547517,178.617278748742,21.88443553881298,33.424175792204814
385.0407543559383,180.1898739730059,22.229457675514432,33.27921351025728
385.6163020279367,181.1347576313973,21.867921457418,33.729447061318055
385.4341880902856,181.38469265685347,21.682468146044116,33.47909926427668
388.02132596773174,180.51867865697622,23.044823498482135,31.795821887978338
390.08652009555817,182.13911031677202,23.68843302649016,31.354631410412487
391.59648984085266,183.4107206372312,24.73336484708895,30.446989640267425
389.3823061444524,181.97328355010984,27.213745279478363,28.23996607891447
381.42097422465383,185.65222722205465,28.47132523388266,26.78357943692912
381.2520069745509,186.02949014449592,28.095573387080826,26.0119080291296
381.9107138572208,186.68150969587094,27.097599539543843,25.56193213925107
382.3681490526656,187.25876007571642,25.79020666459004,25.812112108472473
383.0900803664081,188.6186196011166,24.349974909455298,26.889853613702435
383.8558292672112,190.14242004578486,23.267747028436638,28.477989666657166
383.89543097035636,190.8552873640083,22.18827075208255,30.028089638288275
383.7810544146048,191.30262076005792,21.134651984961707,31.500303739896296
383.8159651174588,191.0363860883739,20.675788201781714,32.34889644962027
383.63722856054176,191.45279888867796,19.928696768077042,34.24277663857817
383.81434467213836,189.1467218165132,19.47657538973444,34.78515043317621
383.3377542299406,189.67452271601982,19.11297081937994,36.07059830533609
382.4479729777463,188.6497423960637,19.047470948699832,36.61820999257351
381.5867112811479,189.44992008918527,19.56465705590105,35.44773561280959
381.0027523443205,189.7709478265592,20.028585006555552,34.41662738938165
379.46540601630176,190.5226815441414,20.441555479365494,33.29925160374954
378.4093613185088,192.09349542582322,22.626461373529054,30.747482431942416
377.15297276610534,193.5101092816998,23.92687106290783,29.32039635894504
376.4367582712242,193.84434495058727,24.716329371479553,27.691010111330534
375.2835347192731,194.64737783618787,25.24089037461267,26.02902177228492
374.75177313214664,195.3136149535057,25.15029381886998,24.70925827005716
373.631854459619,195.08604849998346,24.764108825058063,24.14535214225819
372.68361447304284,194.4026086944443,24.22312074629992,24.274690316187453
372.32844066636255,194.00619154445386,23.352035659503393,25.264676753924682
372.6817110327025,193.94391230541174,22.978438783539623,26.575980517996776
372.15701436228494,195.14312535099498,23.302789602421175,27.21070056978988
370.81396761946496,195.6936640959187,23.412890265413985,27.66936040465707
370.3071083136016,195.67576392727068,23.763204531628396,28.20314410820412
369.0613493169998,196.88577627760992,23.872053791235253,27.518074003091463
367.9977877475437,196.15507806928952,23.926781843858826,27.595627474633346
366.1225372427093,196.97089094132852,24.39614610235275,26.882822409743124
365.5196463241992,197.0641683915403,24.651501718479203,26.077262842514305
365.21477271689616,194.69865476666817,24.8802734780395,25.68002900293361
363.9216163086924,194.25072685653427,24.953277292524323,25.279048804639082
362.85124048288094,193.35879743815465,24.792307848108564,24.938029473292286
361.86327064513875,193.41877438357847,24.29557887582675,24.946288749635194
362.4849087773616,192.01424511577227,23.46812294176243,25.74863055703713
362.84436823326956,191.84751649023127,23.148836871295238,26.217942648397766
361.9693375727321,192.36093781379276,22.87533766838329,26.46490240091007
361.2212512685314,192.04511997960861,23.133828411092654,26.01114511731305
360.28300205502416,192.92919791972568,23.232768749804464,25.15991037584236
359.67625728278085,193.99142747743724,23.968299853510455,23.550552931638087
357.08038341032494,193.72411461708404,24.256740160525496,22.123491683541083
357.0971976440958,194.41275665905832,24.250960502941368,21.025071804476088
357.03774179190384,194.41256822169484,24.7071992704089,20.242183028930704
355.8927521794061,194.27513723274038,24.403873384472988,20.14070297846017
356.1184671948905,194.13687606119902,24.636991195053085,20.142668714534917
354.00552241447366,193.77480190714374,24.263774920925837,19.99077596791984
354.028788731316,193.79208277926116,24.196270148970324,19.669581447424584
352.1869241694648,191.6830832286496,24.08719050153937,19.41810241830715
349.4441654004876,190.367317150043,25.308639435978233,18.12979638544165
344.6629573106053,192.06054506843998,27.225092900593836,16.722503122462083
344.15668677687074,192.34667727938634,28.414496073790154,15.585894950092522
350.5435990336164,190.4377909607959,29.001636335384347,14.635152000420362
348.52391490211517,190.88121762085513,28.06301730895803,14.74196133565543
350.3045372376005,186.2464182661626,27.97500109257715,14.57753237322653
347.58488158665705,187.1619953362277,27.970510991418422,14.47157852854464
351.20574682564745,185.10460638425386,27.98388982358781,14.281545431668352
349.64180297907086,182.65912971438732,27.697674485582578,14.217953750344304
352.3081260628907,179.83114639073563,27.39741366721645,13.653658823856205
349.7392080890105,182.67431928306686,26.479621792100907,13.31268333185728
348.3895436316628,180.18735732919774,25.926906505899208,12.930269215456143
347.1943606453312,177.79731975754325,25.126663977127997,12.851352259003155
350.50676427083255,177.57842086662555,24.01721231313091,13.441285204384117
347.7047172184196,178.14855279034316,23.960961817279312,13.074697752365205
350.68174002648476,178.12009594863304,23.961328661476166,13.073687899037749
351.27863219463285,178.55231572142898,23.960772331542888,13.073243190253077
351.66409673998476,179.01985318012962,23.96009773359878,13.07255995023142
352.4835211034268,179.3352737845142,23.95967757555473,13.072017952010713
353.31120815658977,179.91142872839052,23.95962959723482,13.071841052234085
356.56605757041206,179.76374172309403,23.960186583188854,13.070848997086529
356.70646178851297,180.10360799042218,23.96001088128576,13.070614836892338
356.62676234918644,180.26095118672743,23.95990942925218,13.070346432343747
357.1355998410099,180.459242574175,23.959772039446907,13.070203626988238
357.1114140263198,180.84462460373786,23.9597041884628,13.070032734213816
356.6100705803097,181.83177996620236,23.960508765800896,13.069393684013248
357.1833426665437,181.99946027596232,23.960507619303318,13.06917311395088
357.7358784180767,182.39827332631577,23.960379391689024,13.06906347843102
357.7988691134648,182.6884504652722,23.9602528358271,13.068954993383905
358.18506995814295,182.91499121680658,23.960112825643208,13.068845932226868
358.76013351896955,183.118298222914,23.95997268633561,13.068733660229189
358.6562434152638,183.37464375188242,23.959832685173712,13.068643501035073
358.87465634118183,183.6975752942016,23.959704495214417,13.068516812709388
358.8465330433659,184.11883453541927,23.95992089563981,13.06808935419602
359.56012379405576,184.67521910812428,23.960600131107118,13.066670625923148
360.1606399592115,184.93749824439288,23.960846129691113,13.066399040760084
360.32210789142295,185.2979477683892,23.96239857727428,13.06508094112022
360.6794357383451,185.70898750145074,23.963226012454474,13.063990666529296
360.7528984378848,186.1393150683096,23.964908657164898,13.061380097535565
360.7344717621671,186.57129363677458,23.965660559319264,13.060103514995554
360.168372537344,187.09739018789298,23.966708048043323,13.059327286690655
363.3193993674514,187.6782742627872,23.974116458293576,13.05235824063908
362.7824172332025,188.24703034023264,23.986061974693225,13.04159989281608
361.86177973969853,188.9759430540467,23.997553760483612,13.033715385064028
361.8665376126375,189.33149334985572,24.001846663638954,13.032689516212903
361.5576251577923,189.9825753912054,24.005800356555383,13.030288278552927
361.2744203241924,190.54012060789444,24.0089257458392,13.027029391004602
361.24330737791405,191.0135049493226,24.011875452466168,13.024705424124969
361.36592801834166,191.47535413066666,24.01415837348091,13.023257689908238
361.05654976935125,191.8748193666036,24.018080801256026,13.0215935225273
361.4911846039824,192.40918597223137,24.019691974202605,13.02052290797432
361.1676582172557,192.92577923966894,24.020392218130286,13.020001268156857
361.81591615854705,193.69516221869702,24.02496490709597,13.019363090061349
362.2025628973786,194.2793672497516,24.02902638510618,13.019098207700711
361.52185372323305,194.4787577195258,24.02944491078062,13.019538986463635
350.16808893831205,174.5804966554774,23.133922341340337,13.668211077939382
350.97475208373044,173.05261686948091,23.13222684788977,12.980178592894973
354.16810701450885,173.68567057291602,21.29233571954835,14.228992612797793
354.49160674997313,168.201706339064,20.31278879259364,15.173272818477946
353.1343303877228,165.84528130606213,19.396808060291978,16.374435605734128
355.5486328731268,165.2661905515854,18.861946699866103,16.87743815054956
355.9787419837836,165.19184581562178,18.49405408251433,17.148751468411646
355.62753055687114,165.0127537665136,18.25280362367527,17.226723194086567
355.93015177809093,164.6178058250802,17.938187528300638,17.39556651376292
355.93197787642254,164.27645967934316,17.635320312888215,17.72938432570476
356.2534959361206,164.39020612095595,17.593931272483022,17.707193472327262
356.3767655758305,162.29733582742654,17.23301926280807,18.421950792555684
356.65023824571597,161.7308508930745,17.272025966570457,18.42893837671386
355.0009368546694,159.85543940308565,17.322232352026603,18.657308763841773
355.42026323393463,159.66963702511478,17.83057756979933,18.25278254549079
355.47397226173644,159.0484553517412,18.1988401932786,17.895821308230655
355.6161197402608,159.01402417087644,18.357972232699304,17.572389978325084
355.89524146783435,159.59233485721708,18.30225553765354,17.285572451526182
356.0563004038221,160.02625997896942,18.25231595795248,16.87098921608772
356.15698356770605,158.70721773934562,17.788813230438695,17.128462037239004
354.923316210678,156.90805163441132,17.56480177597663,17.716900114493477
355.71357750151526,155.13790095695836,17.37532810253588,18.479758775689035
355.9071086028733,156.05750044842642,17.870586423081836,18.128304004903484
355.7164294553308,159.2393364963337,19.484749016567662,16.230535668091655
354.3951845153378,150.97240544739006,18.894889500801728,16.90914263902581
354.8847397082599,148.08248912901695,18.899708927865742,16.694875181930435
355.3971504599732,149.94194281872387,18.52601702782499,16.916889585963887
353.95595991249616,149.80682616946152,18.119183034888408,16.934998336530196
355.05788396978295,160.4102631230606,15.968552778391018,20.281284143077215
356.26862650952415,158.5639429521426,14.862028297854206,22.48716064995986
355.8860203943204,154.6445597081539,14.590904821550872,22.600636362638156
356.1782173978772,153.7970495153058,14.130775457033526,22.993062921086768
355.6814826455835,153.5806064101141,14.221826467396351,22.655097221355906
355.9648828802675,151.8557769436057,14.258957842262818,22.896366395308974
354.9597936351136,151.181002133466,14.516714238225463,23.21578098007354
356.06547725440356,151.3469864133815,14.736057076931338,23.545074455612408
355.7078914248427,150.00084586151763,15.468393135900385,23.30548366831839
356.123823241795,135.05877943313487,16.45362633141026,22.018418633848544
356.22036912585173,134.99783085790403,17.030737021201656,21.090578450058853
355.9542309154641,134.74932617024922,17.64011565607486,20.173654429029078
355.7748494948433,134.86080608160555,18.214202452137144,19.2362986660126
353.94488465186055,131.86059671673297,18.549236994593663,18.68320196149263
353.73303800841217,129.55579393993168,18.796219169229666,18.11500352187012
353.9721437240355,129.01653966185913,19.044494301665488,17.713840599743733
354.5177036546742,128.90032115671067,19.399408514217757,17.2407062566051
355.596027207623,129.44693135086487,20.937646185389262,15.607322887740233
353.87294463149584,126.64997978332595,20.12245307653515,16.025464323141556
354.8083288192415,126.3991835625832,19.824020063478144,16.062597196364962
354.6774913756635,134.16378323204432,18.84056596141452,17.609907333150712
354.9084054783585,133.3237764105311,17.43118972421769,19.371317622974807
354.4623656623003,131.7286226115816,17.67516498669371,19.80977747688575
354.44739870384973,130.63658860023787,17.957082784591588,20.117521322784935
354.3662614089031,131.2201278440025,18.23684657829549,20.41717784063437
354.19094156269904,131.17639652330504,18.379704404510797,20.685583077034323
354.2453373364737,129.6730813208626,18.573893488551363,20.81252164270107
353.7980307609405,128.24813415009424,18.71580440344229,20.705471995437748
355.6261254524294,128.56483018130996,17.826756362627524,21.910202777702356
355.2537299803193,128.28658830287074,17.22177735693474,22.452621423524796
355.4594147369306,127.20566379798387,16.210139122131483,23.341929863993116
355.0751497322278,125.96367590401846,15.311943257590023,24.180468172904806
356.9887612442086,125.04437826584534,14.866299632737332,24.726183033334586
356.6607799970764,123.77335872334908,14.591830701430222,25.34736945719429
356.29000796922907,124.8885012615465,14.098767656638195,26.578342792206936
355.86392918552076,123.86091123565379,13.986916177500273,27.289603209173322
355.6207196023167,120.94228396872087,13.813766855310535,28.111542687191985
354.6703169048138,118.09202768414974,13.909716307590227,29.19506421324344
353.67589110825486,115.37404484841615,14.20862053399352,29.344262401953053
353.5339486929675,113.01680317455396,14.478198754118159,30.645369656766654
353.0334008175898,110.72112163081695,14.895743813268904,31.705082201027782
355.2020982034124,106.32256714504892,14.397144703549964,32.578210936510374
356.37041954439655,100.85242980466951,14.766957013876013,32.825183462728184
357.69104123910444,100.09702106657589,14.876355924112335,33.129389067196065
359.57517937551216,96.99397515876967,14.788603285253807,33.54753608910734
347.16308505177994,100.00697417157956,14.685212052957457,33.87066630979493
349.22221904219043,100.22641896804063,15.006303260216352,33.50461230383785
352.81669744457577,93.92627626898236,15.242545010438386,33.34480019829229
364.88113386641936,90.51320609278788,16.185720354007024,33.07346979033579
367.14192685692194,71.33433537064616,16.320500244431262,34.032109977295015
370.65429997297895,57.96494180427638,17.32834201738325,33.022310455371496
384.9956720280076,51.340932655801346,19.380520316383485,31.889113656801538
392.36973891199295,48.210863435506056,20.11747585047584,31.401095549845735
404.66589794807476,48.097549681730015,21.433948366691126,30.170745451578114
418.6522651535479,45.11327372161373,23.137763867243876,29.157104378646622
427.02381561172166,45.36304708354369,22.72479257430942,30.650734949517847
435.8302922597495,40.20328572302015,23.647571547540764,29.46112337796238
444.9751219281914,42.463317370401825,24.343708185388408,28.733305471230043
453.79587227023273,44.65869309437969,25.126846249474735,28.40853731871498
466.2184528094871,50.02377238450771,26.583980855780453,28.12636915593942
470.4819477062672,53.68348008010014,24.71668239599098,29.80980048258903
462.9074232102208,46.96013809399166,26.575363307944578,28.00457901352181
469.83051055451165,51.183159167573876,27.28922051023214,27.155556061914005
477.7364182321302,54.276602945586404,27.60834845333493,26.401738688689257
493.25723658527573,74.5174319299175,24.588959061496936,29.134577332575862
501.6310270621965,79.9919559461596,22.6543167978409,30.38817174088757
509.11778744364216,86.25888830223496,20.799785979407616,31.28414711662749
514.652360694276,95.33467763443039,19.921772977285443,31.517353150722947
514.8828721506022,83.06558806777349,19.58454414345978,31.331186123148093
520.7861563525283,88.36231721841745,19.805754365096007,30.45031899312484
524.5682711400192,93.90584480352906,19.69128188926585,31.057585455286848
529.8844082052564,100.16476082068469,19.206403846437937,31.675708277848145
536.0028284308929,108.34074058295329,18.86422911324341,31.47483365321331
539.5192367013232,115.91414861037558,18.63143898916165,30.9141973316451
543.5838427608725,120.42283274492159,18.11160806894594,30.44760554418147
549.3451738652504,129.80647837133964,18.161890501303446,30.33590625606708
554.8666047714224,134.7273392582875,18.306192041925595,29.776572215630818
556.7853797481847,144.30905741994425,18.174429747092603,29.759593564436457
561.9047420655737,160.2711681300903,19.899528430796032,27.50442426816776
563.1732959176838,170.19016986185505,21.262527633466533,25.117550717968356
568.5754615655283,176.9112212621289,21.93147819812924,24.130587077576955
570.6039483056301,185.72073448003408,20.881679925063832,25.04386731290913
569.665327017999,193.46977773298514,21.032031340314706,24.743447928894234
572.1416575884632,201.53097100146584,21.176945387069345,24.346466131312667
566.6257955343821,208.1461799018533,19.509523224479533,25.064591879121792
564.9005034976742,217.02105837073103,19.818735332486938,24.385822642782344
571.1234582002406,225.7909738078411,20.06618339500546,24.03804842444594
564.572993768093,249.31934513294019,21.106944946678574,23.70472496370092
567.0991558046375,253.33436836809898,21.457699429650518,23.811136890294943
573.8462243002502,253.02111757571578,22.25591416114231,23.511213554502433
579.8994287521331,258.9757986154955,22.57306444621942,23.187466633024133
577.7027934192547,265.66814296313953,23.324300342918022,22.472803763236445
567.2071761839757,277.98473389494364,24.09037421472103,22.45808541586357
573.1811183445863,279.12665018162625,26.424245340887566,20.742822860313076
567.8171668058432,287.93179939260915,26.626825504250395,21.11132616564212
566.4500720854278,288.53426763125225,28.1533415146383,20.279245679481086
560.9105989917426,291.67537239719064,29.18969756071216,19.733246016989067
547.5311203584038,289.6973430353728,31.471592602048002,18.235400111871044
536.6363382575926,289.4049345531121,30.89778972298193,18.419767114968568
532.0232857853168,288.26424471862697,30.26853940477721,18.666848602405082
529.1001373227374,285.52299993400203,29.97262775373356,18.75252334850427
526.8087218049282,283.2976902304634,29.031486278060562,19.043965929104456
521.2426167422428,282.52612543988573,28.352345580982508,19.219982992902953
520.2759243896887,280.41073496442453,27.62849132582459,19.411183598671528
514.105663449051,280.0404237287174,26.974824898384128,19.416212155100133
510.94213382521116,275.0218875245731,25.740151853888648,20.105288805332073
507.70170189803474,273.7264031070966,25.348975913319578,20.195416261119487
505.3699914944993,273.5240151285842,25.066855338554497,19.84708139212877
505.229011830184,271.83517482079424,24.60375839563209,19.451003119464065
504.73396616905586,272.86385981042343,23.9595871560903,19.593396438240312
502.98045035078746,266.6737011433408,23.09667946538712,19.543121235479397
503.46710499737605,266.215093811564,22.4527741686775,19.474967528023225
504.26095810341116,266.92186376287214,21.774171052138712,19.426337751139293
505.236023605935,266.8646870794309,21.228186241549096,19.40889772333691
505.4401863494196,264.2892546477025,21.02106553134381,18.970842470369274
505.20561201497645,261.2999871008769,20.398639173717953,18.953405884332916
507.72272665793264,258.55749889703236,20.42804523707924,18.546069288481895
506.15851756239215,256.04355796522555,19.846909471174794,18.334925559291577
508.55002070149015,252.86755908903677,19.488319735031983,18.28562574239423
506.77016619550824,249.14050143611146,18.792105475816548,18.538841924099373
507.14107602622954,245.63820930679483,18.42491149720479,18.546257164940894
505.48693040073124,240.11095561997377,18.380213074586926,18.252012516793478
505.86272516605527,236.49465332718347,18.03357154007837,18.44863592409038
503.76496849511307,227.0049905960285,17.7399329273119,17.882326163011637
502.0393274779134,224.22517672224006,17.51929943055278,17.33492399573251
503.6414757591075,220.92335608679724,17.713492104996256,17.266346943864285
497.59679621656625,216.31472325026667,17.34002541493223,17.936486800580187
500.19029069612367,217.06341543297353,17.621052603430968,18.114543461854097
497.46235123461446,206.85330580810302,16.790597965505732,19.434718461106858
497.4086357279628,218.43743453883377,16.59141329835292,19.214712723888496
495.3309563455221,206.98032799650824,16.605717909791885,19.134665020575735
495.13076560968466,202.77631269365386,16.624546923657363,18.664268120791295
492.6483830135197,196.26670490362847,17.737525264104278,17.41862354764386
491.52265736514164,188.96151145166738,17.39243706348497,17.167806304227167
489.1682556603042,178.22005200394193,18.92854197538761,15.448462321260093
486.729945323488,172.354615036201,19.650897722109733,14.021552748441158
486.5831478070366,170.29706703281607,18.987439630107765,14.060871224540868
485.808173632762,162.4022000050867,18.39785922728372,14.374498636322809
484.6282880130748,156.22850325741206,17.902023910719397,14.802216304645782
483.09902739220786,146.05414668234073,17.78176030519376,15.041275981888042
485.1139438423865,152.360096809292,18.018468409017416,14.56637008986289
488.8778912733506,148.5547196131358,17.98879399081478,14.583603364011227
491.10241155119513,149.47186188883634,17.86604833411253,14.511059854747312
484.169320877311,154.48151566437792,19.09107443896084,13.201066649977646
482.53571415171757,155.49696181465077,19.566660721492312,12.26106118071549
483.579509262171,154.37722307466953,18.65001185342979,12.42049415269765
484.33323111482537,152.60818968862455,17.379211790308094,13.209083538312969
483.34629888251095,152.20745029283418,16.21116546353983,14.788656323557525
484.00184918075155,157.60198734744938,15.66009209684455,15.503310127229966
487.5231183372481,161.837172341586,15.662716938453567,15.451398123880994
487.4284889979033,158.28294323015194,15.822669466170252,15.64845698227768
489.8606741734748,170.74103907208988,15.967432453955457,15.628251855408669
472.6132939054548,163.44463053994272,15.743019558599027,16.32442242006921
474.0645624209323,162.7049497527,15.72823243799863,16.359102111696384
480.3447886307466,153.01017227897287,15.711279011289845,16.33956701703638
469.8776101707401,160.14967236444068,15.872408239652536,15.955459538666691
477.5182327031783,143.9902132345506,15.475384251741467,15.687761282333557
480.83473158531024,144.84068358555004,16.285326245778393,14.653319122166636
485.75886746311335,144.24517274126225,15.99828991802857,14.70828534122925
476.1414252279118,142.90900059395437,16.60909182312413,14.316268301997969
480.6139173271002,141.33369193405633,16.22051269219114,14.964942510374389
486.2835447640889,142.3269615014878,15.623708532325072,15.695153282051354
493.0505457654948,144.24920450899833,15.250792611971796,15.95391300219876
497.7118308356774,145.94854670179936,15.359509283435123,15.965877916218286
504.73144255397744,150.56730189867022,15.861979534274095,15.607404425857894
509.76430215539904,155.6293651654859,18.082120393076423,14.353662108535161
515.9518503734082,162.10114311871948,20.342143395229446,12.672850151958126
523.1023678283599,164.81439732666402,21.259669657811468,12.063189060440399
531.8082847141092,167.27719042317412,22.260761606527673,11.911292137439712
539.4789646856048,167.74588241206945,22.90199806093642,11.75492743006911
547.7725684910066,168.03009039875823,23.533860884703017,11.448556989156565
556.8896944411575,165.93225512930107,24.238150396754705,11.152342819666341
565.3810871317513,165.34245896091363,23.788674952090496,11.743890334225192
577.5290101480438,163.9357511505748,22.450138642406063,13.400092863052592
594.7883686653537,162.4983663820139,21.928072303586998,14.997706404805374
608.6172484834749,161.02102172534694,19.87988984629968,17.83938797150247
620.7429545016001,162.10488926108178,17.80737376036651,19.831842051796688
633.1852541106238,161.0518830458847,17.088935125815354,20.696696712033972
643.9305647318931,163.2772491552958,18.18477781149933,20.000584806856203
654.0200771053705,169.1945753102501,21.359804654510246,18.048183282775245
662.9511482267426,178.05556553637646,24.792013989524968,15.771520098894086
675.498005374582,183.9949853476587,25.24947576501319,15.35750801386618
691.7628966876581,188.65222712889303,23.49156470563338,16.98742047037949
697.8027456310323,191.6101142246628,22.650592481116462,17.73550469253625
701.6322074676373,191.6028424270551,20.433882820052563,19.386478551270955
701.13596153309,198.88327985746793,20.155434027716723,18.66803761988863
700.884774231095,200.99875565063138,20.074079245377057,18.418977188804668
700.3509041961889,200.67995532071944,20.10182185673117,18.230782496169606
702.3745699922657,198.7744298510832,19.94491594664561,18.12047938003743
699.927906279989,198.85777889821347,19.911443597029013,18.002035608037477
702.0725780495784,198.98823264491062,19.880640688190894,18.017018345775703
699.1617888208069,212.84260769370303,19.96919121070583,17.912640272726975
703.7992901087447,215.399492186616,18.036970655399035,19.27485252240522
706.1147869377571,211.29650657962517,15.988517032621873,20.69571707745132
706.370057962099,202.37461464094517,14.604641052968871,22.020074608986157
703.4519912577454,186.1375740008564,15.852143785406755,21.207454686771076
705.6034840441223,185.6716518578263,15.023545143118618,21.63303243850283
707.7789673320422,188.4222113972187,14.034373515856716,22.054763491706574
707.2247406809571,178.43407490486777,13.790428064860677,22.964685539518783
