82.5,218.5,69,73
82.08422590754726,217.92453684836082,69.27132970169586,76.53179354609146
84.79036669861546,220.35710118175575,70.13781093694229,76.91947869537213
85.69229220390477,222.36831453016754,72.91447292685193,75.59633345263487
88.61309373061698,222.49371397948212,75.83630523719707,73.9055466561328
92.928131566167,222.76487049660577,77.3015369162557,74.03650843696808
97.22683257896213,223.20485518220278,77.45858187400286,75.2718449663478
104.89913792253515,223.69285024403254,75.17375702975232,79.18497160675686
111.32152490424042,225.98342977359246,73.58767485406152,80.68992600054837
112.94959557372866,227.1463294235278,72.17403432093981,83.91239931038845
119.26017092626935,228.3531195324333,70.47133587873684,85.73518345720139
124.81735401224444,229.08785440863883,68.17335306860308,86.71040750857759
128.58828316442958,232.40538825920333,69.2864954508783,86.28093053239363
130.72345488086617,236.0268915287819,72.80742751925635,82.56577176011271
137.18449832950688,235.55752868718884,70.64166252901836,81.2820116625829
143.82785468086047,231.67202650037916,68.5175989809743,81.87468990628898
145.72475203980267,232.57297887988778,67.69673469445588,83.4746532522064
150.2579968391037,234.9383198208029,68.28872097170832,84.5889773594509
154.4848823408608,235.28947322212966,70.38869809899248,85.58566316677508
163.13481508358356,231.13315162141748,70.38656210573443,85.52263212045776
168.61360041245166,232.26404312472437,69.14869607598895,85.29808246650512
173.33728055770095,233.97653853983047,67.04446112881313,84.65682738839858
177.90923046023744,235.27902707851848,65.99861334858143,83.74903248951988
181.7515733004471,235.55885076290903,65.54381324631765,83.45131534801845
184.78829883958954,237.8701066986479,65.1711501891204,82.41503923818316
189.94987560295266,239.93041370941324,64.35309119059241,81.30078527066858
193.85705699333872,240.6014270485268,64.3300520716245,80.82683783753198
198.29588036628311,241.85007482907207,64.60023152049887,79.92594575601754
201.2560956448948,241.9590657076961,65.69954726683387,78.72850632235878
203.04677124991304,241.9025992878,67.64278845639458,76.52971974457898
205.64647514299503,242.406736814798,69.04245217291609,75.53861497638904
208.3768153981503,241.77104019695003,69.67168073929622,75.41945497607732
211.15225201609942,242.37579410383788,69.82083258503252,79.18800597730404
214.1876153794712,240.50396161266696,69.85882568403358,84.07654493635337
216.0481969028546,238.7630343658209,70.94629405740227,86.85700564695296
215.89923255966494,237.78126003732328,73.50331173685414,88.49472026807479
221.17455723695076,237.7333217546373,73.92482844368385,90.98791376612498
226.40705843775294,237.86734281764572,73.14960437002142,92.11765182008553
230.49719354440327,236.91696961048132,72.54597523948438,93.39060331301619
234.51823330861018,237.0385194180784,71.50437254822879,94.48380550141084
238.10276672883137,237.15899624477382,71.35756542000564,96.2168083137412
241.6682198120394,236.19950913914545,70.7885498557014,97.18061791365835
243.1651803767736,235.55890318917295,70.42539774059154,96.86202624667065
245.14093826525985,233.43091092133469,68.33695602787378,100.42141535197305
245.03990449875957,232.22022866153623,66.98426310478915,102.7481264514197
248.65354346362568,230.56216598695167,65.33636091892286,102.35034908872052
258.536904379633,230.05519324815413,64.34340655822182,100.57160786549466
271.1555440665014,225.3613847012455,61.17439691409916,101.18291689961954
286.84354003877434,221.91825708001096,56.95396832404553,102.07761072927735
288.71174818987885,223.2207350951199,55.76951892743031,100.57529282447909
284.77501125851603,224.05962740862861,57.14488917153419,99.51658677402648
278.0546293156499,228.40271853613802,58.95270322816489,96.76278996364874
276.82989710326876,226.82676345851627,60.07326457389418,97.05501684366948
272.4457379477171,223.05738755871397,60.78465329667968,98.8873463143251
266.3627384723008,225.0266658639946,62.41862977131595,97.64641915551556
255.7543011778888,221.79553172469278,67.99820959085284,92.16410926334281
245.27993560147763,227.69388617478603,72.84341558193204,88.17642851180742
240.71305220962222,223.04775557662046,74.63373181937826,86.28327539386858
244.14989826086313,226.77652212626086,74.52185288065374,87.23034720639197
248.2777066554944,227.40240692796195,76.95394113136925,88.95927618850004
241.9038342458818,228.34785304739228,78.49466614468624,89.00206233823494
228.66699797797116,226.99445210471123,79.56162138009242,91.6049600210166
210.59086078243922,226.66247040506127,82.04937550748446,93.63100780904944
205.26567803146267,224.43789768215305,83.01327479239654,94.3480673116438
208.09820727540944,226.11253549757282,79.34608722659166,97.85341929005722
210.5172183764251,224.588875207677,71.29645709151592,101.94734724499381
194.247728469645,223.28174240158904,72.9400721437235,100.69172145206417
196.6575390161816,220.72506807193514,70.18426855171845,102.20469112119861
196.1096632865468,220.7245212790446,69.04331971458606,101.86655652394862
197.46601049114827,214.93087897232567,67.2815856434988,98.46487038085573
189.18807552563766,209.3741602287419,66.8718202748374,96.9922244558528
185.3232438649083,208.47118944657376,68.95137621256814,92.23654149321158
177.40654059980437,209.77920713991284,70.25146136216077,90.95691317192495
168.8801374379429,210.6957680642981,69.1770780496532,93.21882735297011
164.60339803391662,209.24631965297039,69.4035142780549,94.32175766962119
155.46845578623646,206.58926522732628,68.74428729270235,96.6024454813281
152.4886235448065,203.10667595837833,68.75770324422069,98.9295171962565
149.77678220642161,201.74104674182195,68.1264013514409,100.6391814626136
148.22142260198103,201.92363837476222,67.10368721834206,100.68691008867032
144.270775985623,202.7222920062294,66.1480153860557,101.00571572551618
135.40628793865176,209.45349873429134,72.21000406086975,95.97752735178977
132.61081441092153,214.83918048074054,74.32838951850616,92.61985251855936
136.69122459494895,213.0963640410818,69.73094414663659,97.79128726154717
131.64903786220802,212.77898003917673,65.98238513988946,102.97947533219082
133.31710002761102,212.3502075431177,64.63486034788656,105.4952437148881
133.7612181845874,210.55986598936187,62.56045822430248,106.10944299099411
133.56300472131556,210.26298513892834,62.35445820468293,104.54140907571124
133.1206298066814,209.80406587272154,61.80427341786245,102.64722444528309
127.56568448299521,207.4440626733469,60.273028849475516,102.99092192603308
124.94971146405435,209.41094019734115,59.34920649288702,103.51259833937884
120.92381412213948,210.670633089109,58.99301262843795,104.52285251517844
118.82640723945899,211.23563476967365,58.457679985717874,104.7643378444254
120.57009537041337,209.0651540580315,57.87411041021048,104.12512901777077
119.71054133966538,209.10891773831645,56.34628381937797,108.02374500780203
117.10664574680462,202.73369257413304,59.49828005079955,104.43381752855166
99.49539570625107,203.25050468285102,70.61105990180411,95.79490385188721
85.22924671450524,204.94670151635702,79.52475703995887,90.96078862630435
103.65968949298932,201.78569372730382,79.10526628889892,88.1376063360636
132.30735878211016,188.33259511836215,77.79408527291312,85.9137910417399
