228.5,236.5,80,64
229.8602637003981,232.92909564469852,82.50806594866057,64.99732991269039
232.03898487511952,234.3493862494994,83.53007773511251,65.76199333962424
233.71696679460717,242.21790787639966,85.72241702342606,66.79957395667331
231.93687057297367,249.23267869650988,86.97869754233083,67.9820608198709
227.2730088632242,253.28415400915236,86.38742987296263,67.95225415363134
226.7279681863768,244.0257428472146,86.14463370991089,67.67708047530957
225.62275674944448,229.92880748590323,86.69205731142907,67.42953541118911
224.59340292035844,223.2780030793862,86.67035878063626,67.21830490690142
226.70624035892462,236.94888099598316,86.01333891754197,67.88701469565575
222.60943738126906,257.3046674302378,85.9469570417374,69.09168633398231
220.62739883773918,263.0769193020854,86.42792966140517,68.2133183782511
224.0968665833659,249.6131130833393,86.69665007682897,67.21961085419544
228.02955742820933,226.78019480566599,86.83209617644874,66.25149812975687
229.73727605842544,216.69736080258485,86.98585943176366,66.16493453801877
234.15560760364298,228.9880076557522,86.45167894630902,67.34380509254835
242.62477488541924,238.6421045591132,86.41398487042738,68.46582139935177
250.95476554767805,231.64890852066628,87.06402590003574,67.72416705900923
248.4439734307801,213.1804222062666,87.49249957246079,67.99698944977148
231.8435201918382,207.50801721926382,90.2552785326444,68.13543097742695
205.02437763441498,210.31772683345002,91.87999858401432,69.29419807031312
186.14593823301632,218.07932950713948,89.90733560824714,71.9167046217379
194.9379850642934,228.7225975677735,89.90581488270468,72.66098362498157
229.94545431959156,241.81186076975337,88.68058737064352,71.23535448359507
235.46644250954245,246.52958971552837,88.04583183119587,70.55475365533852
211.5053005149868,243.83545232844298,90.36780072631299,70.43643853998293
187.93052914512796,237.9501119906531,91.72759813522015,70.10474990709102
168.21553129024915,231.82592756133513,91.29432022437231,70.13864790238466
163.80123333718146,235.18560887031197,90.49698439070056,70.1350455154491
179.18204259346516,238.34504853988034,90.0637559995931,70.6312472958497
198.6004405789073,232.3759165454906,89.90294727236119,69.99672209242944
200.25792210489863,218.66888606333936,90.00511659800304,69.61344457101413
193.35431671826524,215.57725238817432,89.32470606389676,69.87063598598047
193.58969324931377,223.11509898908875,89.14673739463345,69.4193152664514
204.78684648261185,223.62763153817494,88.63491536407238,69.4354154009374
214.31268349396163,218.8023735557374,88.45324408795489,69.22145993026561
211.4072163607346,212.7010364582772,88.47768409934304,69.06298624463183
205.55038704175746,219.4860213624414,88.4149574299853,69.08772869368867
206.66132937716176,243.79120427595743,89.85208841469425,68.35233616377576
212.59794634016453,266.3454069328434,89.61510021622783,69.55439761636121
216.49690399229456,270.0469833248382,89.72276400208617,69.25675840506453
207.09320502179025,259.46429155158756,90.9412966629434,69.44012443447589
189.70378210339567,259.49119431975475,92.96007551364856,69.5387078433635
179.9530442820613,266.4087002246343,93.58496042755752,69.17193963254238
179.34787641327455,274.1071188192731,94.40540111341329,68.57540304140923
193.5479282263543,274.35583180509855,92.85071450995889,67.10748411073587
207.22651268572338,277.6847003694886,92.72928625284177,65.73659266600723
214.07809535908405,283.20991276240403,92.95507693791976,65.25427739250556
213.9215127048987,278.6397107726622,93.46380402781605,65.9730343001507
216.14460970703539,259.3705713507446,92.86293883137351,66.74674862982579
226.85048258581247,241.4985127719675,91.9582273755772,67.57984741579801
241.69801303396457,238.30200559880973,91.11659627358446,68.69337605959888
258.15708070822956,250.5576062938479,90.47104011816971,69.56990049960069
256.4817195668801,254.6385882256151,89.92977269292189,70.00399357423765
231.8887664089521,247.56714797652887,92.75607512694197,70.21886313185838
206.34415632012198,235.9596148489893,93.09703480655533,70.45390695651761
198.34634467556435,232.11926646172054,92.06625657589521,70.32510255994306
204.9982501459201,235.48563416659536,91.56455535350642,70.18346975029107
213.73352250080399,242.04908216727006,91.28146105267419,70.63406264817263
225.73544926546015,245.98063391811257,90.99108751908942,70.98409868048417
233.87002460212454,236.90978634008155,91.99282040594129,69.97969856066734
233.44788276704156,222.1039644752836,92.086652749737,69.65615208945759
229.96031951716748,221.57686647532347,91.09900688010043,69.5387607413935
237.81936907812474,220.12925433776758,91.00957272858389,69.63542439715106
252.5944452138423,216.23071451745875,91.75412298705595,70.04719195738537
273.8434530254276,211.5605594636244,91.99100879210795,69.83025585686316
282.18628478309597,218.67037498901166,92.8976914681775,69.97021819750712
277.19413462874655,234.88542519178864,92.23916760390276,70.52674346333987
263.4616682088748,241.24758020148982,92.76245005302124,71.44537301150345
253.55094339902973,242.35938177531278,92.00458257981586,71.258871609463
261.64235783595143,229.7806155931,92.40231629752518,71.12081452686702
267.86844100910014,222.00620194606844,91.79380458379617,70.48328050806396
272.16614807832,219.83761500724867,92.22948785746578,70.50197770876258
274.2003735919184,206.848227043407,92.57668672116867,69.35389587887758
261.6554597034247,183.53947182713543,93.33217726365903,69.5998013919871
237.53213726113472,168.48629094572016,94.06405926982097,70.15679143545732
209.50783106658008,166.28557965492854,95.8474433874459,70.24870235551097
201.33014164750506,167.61680767194218,94.5539860897317,70.68946559218992
204.8962293136641,166.63262635800953,94.19750560452053,70.77434898249876
216.0710332540832,160.36006831611883,94.47521896696841,70.76757946142175
221.06913144379172,153.28239779574307,94.0983596694606,71.09762028549846
227.7357230394043,166.05794711660891,94.39850396236629,71.1378149787277
230.7068693369271,180.11990224817032,93.2672408015248,72.54627242190375
223.39041792532703,192.09435819814541,92.95928573745685,73.56379118601603
219.97476894022705,203.3972300137411,92.5056067484283,73.30074469837933
204.43683538385358,198.4581741666111,94.53458741708346,72.3826165397341
187.05455168000728,192.38712193004613,96.66908127741277,72.1336344344949
182.59343194058653,179.7610622655905,95.24207663851749,71.86479009458284
189.59803182162256,162.01486400849987,97.68952856406747,71.18704348132276
209.77365799807916,171.93608199475784,101.89984923971875,68.00310436549627
230.45077382607843,204.96070451952548,103.79408407541936,67.05140112504303
243.24682242173498,234.75402444699188,101.28659686945784,67.03448630673132
239.8631369801385,243.99845279118037,101.25384596844057,67.24031460065413
232.84181113801532,239.82969583507938,99.56651432291406,67.26921378202114
223.0305326300757,224.35161632887628,99.82067076506279,66.94276285485216
220.4827677365584,208.64896620840295,96.55383196841817,68.57215939401658
222.93417713382073,209.60192046565595,96.0075400255476,68.17236059401864
226.89014973229976,211.94932250491718,96.58085293100652,67.76730661467835
235.81934064594748,207.83853200443852,97.68779169086932,67.50556547208096
236.46316820694273,198.738858662089,99.17640886578434,66.62631794901631
224.98460102574472,193.97556765912324,100.69409201052895,66.52504846874176
215.93570005122524,199.63273644600142,97.68099498801027,70.49387491933844
218.15561178471972,217.41751023898354,97.43317429430627,71.8339991168215
242.45620808900966,226.72522159643924,102.06066515740606,68.75943848534513
278.8501561457691,216.05616555511838,102.80640704437536,67.78870123327005
274.7806604760488,206.67374811027025,102.51561456271008,68.1581198632007
249.65017820895343,205.12248699695508,104.17917843161763,70.25135437487285
226.40460563043075,216.26421474740147,103.70386622171965,69.887410669024
215.07697041701573,217.47551430322133,100.7740822509667,69.40370129928188
211.24849607231675,204.95978799290734,98.04398317272546,70.72316928551044
209.92870868416338,192.10557383036652,96.48653837200585,71.48890008556766
215.92111070371962,196.85179594878235,95.8719993399124,72.38194245151921
218.293940314724,207.80838583833844,96.05393621012772,72.4476254348582
241.57717554349463,218.43677539636653,98.33717049501814,72.12190138777173
280.606452966528,220.91883942886625,97.70970695754514,70.16455156297617
288.98215215873523,215.71412839350745,97.28986107862387,69.61886975948724
270.0978161662349,203.90604433592503,98.23728977749164,70.67466075368039
202.55068202824526,192.87502035725527,106.87474042651785,67.16892917000429
146.39346717510188,188.64140274366878,108.63737417333198,66.3377234639497
126.75704889158963,183.71213857562165,103.32053483703615,67.12503521679203
137.31824632169125,185.0820823766769,101.44098169741399,67.16086177369336
157.9009845720803,186.19836413191513,99.17818082529797,66.2245165392408
162.516020147946,182.59845509660374,97.71654801279996,66.89821299350001
172.97362960392542,181.81213887287757,97.54980512928356,66.87664494904713
189.49979449457112,177.93942377529902,97.42908164071672,66.1644001640407
206.49916800725805,177.89242442880968,97.57500319444446,66.44511170317931
216.32621862440865,188.9048434138537,95.2438008248893,69.7166490077494
219.77717500831767,197.14542305944346,94.87779914029274,70.78872190956308
225.02994868805723,197.81412228819354,93.25058582622378,70.63841623312982
229.3063278229234,190.5783522751612,93.66684077060273,70.09178780979266
234.18387793888627,189.95323248477666,93.305822608074,70.23633214291158
233.85833921498846,196.1058897426605,93.9377649383388,71.95006441059118
234.27623906076394,203.28954514201013,93.35371735512331,71.66799492964091
250.84957100914107,205.26191391141734,92.82537392345691,72.07957300361949
271.76795020963016,217.16967677291933,93.90881587037916,72.52659000522486
284.87738295314716,242.378205840373,92.74059621159219,73.28451203389176
281.7139247884869,260.91951030164523,92.80292227754606,75.30438876808563
280.04667945166045,272.286778862962,92.9847501971401,76.81179691217557
279.20540800683443,280.681662862379,92.74039627626058,75.77628325446712
276.59896255163426,272.18981995807957,92.8344555521394,75.15401203181607
279.3817084345295,263.39921459814286,92.47937152026608,74.56972974021483
279.9263391500813,250.6583387333096,92.63587851701138,73.38605330826029
278.16168129240884,226.21294912554794,93.05966635454865,70.76712030454533
281.6345022859488,194.86388391575372,93.17717048181802,71.27617525416306
276.90960445811,192.08573910946518,93.08391918620184,72.78716581354799
265.9375520782428,228.21081336561957,94.5192558642712,72.35611672750873
257.8496107981573,268.40650382629894,94.01202341894896,71.26450234667728
251.52567392075417,294.999622067457,92.83067735564,73.19407244395111
251.01421517973026,293.34820988700017,92.31707483341536,73.26346928029804
240.00728544046302,261.2733439418034,94.2218530436393,73.45417864871897
227.86406608847125,251.7195300365184,95.0937733912996,73.62119175897155
219.82279595069662,257.5046497209107,93.85870387986151,74.21339459752333
220.38229684134663,248.45849164208138,92.57579367656825,74.29354759295059
218.5627844562375,233.08284221392125,92.82104179158938,74.0879716018587
222.41937769758715,227.33593267968695,91.8559784778354,73.61754201310075
234.1622428191857,229.458881942519,91.47642842567832,73.42164796970593
237.68174901742998,220.56403895109207,91.3677906515347,73.2121941667932
233.48781584576165,196.22831489695892,92.20592764764243,72.60927398892672
226.27960160175488,164.623633913045,92.52138205270914,73.38747979830727
224.09644404139573,162.38761191736012,92.64639945156466,73.87482191780506
231.7589806579171,174.3659573814042,92.83736034480361,74.28669750277842
243.3150744492095,182.25694963801914,92.78268123084676,74.42945568821804
245.70922724274624,184.47939047729372,92.31538337235,73.94530146290067
234.35550873002987,183.4221111168711,92.98380939619581,74.52573795512347
212.44633138380294,184.9355420471279,92.60313225881569,74.88059186914599
191.39209014863923,178.81894195741634,92.1429921400318,74.11151562797585
186.1917209843987,170.70220497127355,92.30777427649622,74.24704534061789
201.58742998309984,155.5797257129426,93.81553154154513,75.28026527085397
214.62166382312884,138.2182487910369,93.6067287784793,73.75141094816152
211.25473586659092,119.74050042518225,92.97163432458126,73.67034762127705
208.09734854401165,119.104527760498,92.4717450827159,74.04020132829294
209.36578086940267,138.08811264067845,92.02148836497824,74.40468516290278
215.27091033730005,144.1874651999419,92.6267386531215,74.36454842663902
228.26254260179465,141.22615403886823,91.75682213133446,73.48161302097263
236.12751452847158,140.72615991051924,90.64012901040246,73.12002424367405
234.2485658076552,144.2857197467444,91.33849667069366,73.65209246795223
235.0801881419516,167.69978852161682,92.12208132110112,73.28439269286562
227.38672773056513,191.09007770393555,92.50397341920365,73.87695657065977
214.97360576806662,205.50164112281,92.53617666426904,74.15800339318918
208.97012241390678,208.09995005555064,91.44255648141436,73.88986806020915
207.72323379644627,189.57432616018136,92.43342429441462,71.90978192760785
199.05008422819742,158.24316068485084,93.10117843274335,70.15479262680407
184.40581035746112,113.52466382941078,93.12701941762421,69.88585372049667
183.74352469406074,100.16468877836812,92.43511721270193,70.1076177111318
196.17799609820796,119.99384702496434,93.06908311107253,72.3250984896679
210.01236968033228,143.74416834078184,92.71890131547622,73.71371519641177
229.75852561112868,154.7761997614647,92.65489221877604,73.43268191132046
246.4152592083865,155.6954732649572,91.27487000106706,72.7720492853627
244.58437092142043,147.32802249243915,90.78096734907753,71.61805579560875
241.31944756123966,139.55403226554986,90.19515101783381,70.33744585632093
248.38508855575063,148.95034364939372,89.91038182330652,71.8755630636088
246.63147371283605,158.15849375441888,90.33908453541132,71.7760791835145
237.11246209931585,161.669624139512,90.41588988220272,70.84080495507635
232.69185955085922,170.06824607287083,90.28430044634007,72.39072142771415
233.98307316092234,179.62564819004925,90.48002116208113,72.515493533079
236.32138695517017,180.3217417039824,89.86169836026758,71.32818803919305
244.6884664373839,178.7297429675349,88.7430455680203,70.71536010315256
249.88773406991714,170.79449345658324,88.66092227499976,71.05715543548062
247.18524564162303,156.30566127641154,89.17370581417465,70.18589325163457
243.441008282175,168.7816956612544,90.08575641121396,73.03241418836981
239.95808959501255,214.28422704432043,91.42374229933287,72.2332153748744
244.63428406525242,254.8518344232998,91.5728887745025,74.26608380783361
254.5273307795831,265.9354070422081,91.01136466651987,73.8169675922338
265.9278784848028,270.71541612786467,89.66146592661262,73.1181602439798
257.31772682971734,254.09514355495406,90.78500371859514,73.22301660806271
244.393459282298,238.46191069728147,90.78577002986444,72.42546025919893
246.54450345030577,247.74626287295234,90.41578556614814,73.98729294093823
259.59272134771203,262.40007652019,89.98491907675557,73.7206049775176
268.43541004897526,265.5193399109243,88.88233586368224,73.20898068094277
263.7122989149965,252.8299547858035,88.76930920738437,73.20014144937288
254.89399739308027,241.19430262879848,89.74736389611428,72.39878913191316
245.8601233283045,235.07706165404286,89.2855462145086,71.97875390765735
251.83582472080997,228.74879612941402,89.14057901451962,72.05262905023781
264.4655109342583,213.1620090499743,89.5587387836679,71.4664032518418
265.3666007697375,188.57055866714308,89.37574861351818,70.72510586686951
259.57689530302343,182.5533502215306,89.00175702772023,71.0754464488904
261.6505996240837,204.10774539336782,89.45913478162633,71.86848487108504
265.685667860625,224.99739522588388,89.02167490995367,73.60429903661937
259.2673698266909,226.51958059899596,88.27857718357129,73.03475534155791
247.3152804956351,212.0756573317363,88.92021693577085,72.97769182663873
233.41277638658255,205.30963896382093,89.93844002814352,72.42552007400514
225.59216132121549,217.3940512253708,90.06279393817454,72.50100974463099
231.8323008042475,251.33378092055386,89.98495122851918,73.51195410182342
240.65588915306785,264.26839480233264,89.39262224816363,73.9220613602385
245.17351527850576,250.57205697057807,90.49763641574486,72.42218369427991
232.76824814574258,213.14285506188605,91.66905439403976,72.06072362006236
225.0214423903737,204.30067281783317,90.89801174523166,71.50546408473063
246.9518040317222,212.5109702043752,91.74834803284719,71.78123657544052
280.0966638856115,216.62412743326337,92.2575708909865,71.54023219533141
291.4299798841869,202.9140164262649,92.53284486917752,70.18332789707252
270.91935459051143,176.09465025970138,94.34111709349133,71.10734999460382
231.7938209832713,165.71657282030128,94.04147935191693,72.13328407872632
192.60589335925386,175.66302836816712,94.85573486850646,73.64933332540188
175.7068797721199,187.58755491717605,94.05283659721778,73.25859893771116
174.12111583713028,176.16698115200924,92.78618068271217,72.29973197219515
177.44825928552086,162.15013411143354,91.88768020484574,71.69630485278506
192.55610384286246,158.95271757421187,91.92202351508934,70.91232065504212
228.2013384176733,157.33673196022434,93.31160807640518,70.43921685745869
254.47023277645053,152.38765449893233,92.49751702120423,70.28601260340695
256.7278556991731,150.51133586604348,91.7581867984702,70.05400259516732
239.9934095378809,154.5908600605996,90.68164989131836,71.063869000977
216.44118596617858,155.34047033057237,90.02266930034793,71.87632186381767
197.613606303515,164.33153017629365,91.01580317401495,73.43736356458703
189.05856827338323,183.2346312602401,90.37130159755975,73.99053639669417
181.23379315521495,195.22119976618586,91.69796536691632,74.43294007999307
160.51267263028853,202.34338386300075,92.19896419875157,73.04115004951024
138.74854861868846,185.53673608106857,92.8661129787877,73.01161190365782
140.0006309730664,167.31154378138197,91.28822096032795,72.0670875980017
165.6023579513724,175.40131729854485,92.88960327690933,71.69231770906168
189.32630004871038,199.00879252041497,93.67005541646188,71.5425795150773
198.78451620257647,222.63598164329463,91.68497763143475,74.65926450173988
195.58568145640635,234.0209914535803,89.82937792821839,73.43507274676911
185.90757898794777,223.18066474985565,89.80772947158081,72.76156966007778
176.89836773464094,215.313009642617,89.22792543095329,71.36243659147402
175.80126434530735,219.9444181850829,88.18548698791028,70.72948896760184
191.00942920978486,225.07382728627226,86.73569664188985,70.80132109481293
225.1520164065789,223.88574488182735,88.27025491431738,70.45407076736548
267.12897431690914,211.41756464409286,89.6865630926803,71.16919215286865
292.7791613753083,196.07342051330014,88.47199677617495,70.1184572058359
290.34128358939296,194.90084832003902,87.68948294264067,70.50971353369573
271.4931304233684,211.54829473836165,87.88518273782454,72.79060347292936
255.78308788855867,223.33121334493813,87.57172822614518,72.52002192078713
249.05852380790014,213.31462700874914,87.26650381788215,71.63411004421492
234.42598534435314,190.25718284177213,87.75539857029352,71.34252712572754
211.97599254352892,174.72438058915748,88.41952144000838,70.96820548349595
190.9254927861713,175.80296536040942,87.61326005994825,71.54035312925495
193.11280445634773,198.27847663913855,88.63786672295231,71.62662686696277
220.41115209976306,231.56582273014533,93.52046144466661,70.60021349354295
247.94285776949783,248.03793351717746,90.75815560446459,71.64700449272084
241.1415833660405,239.16270316464755,89.48896788489002,71.65494009707268
219.06409735150189,221.57105402353153,90.23546594546139,71.22276749307424
200.53683499185743,212.7480281534132,89.01904416206473,71.08246326102088
207.55806901638658,223.1715595302444,88.63279845645124,70.70668728104013
232.6250747229555,243.9491955069391,95.75825893662397,67.65249107227959
270.0127748472772,253.36370732913414,94.47392466698443,66.4477044884364
278.022331690881,240.3824434673199,91.34736717026757,67.35300984573188
266.49773321156636,221.96422292217076,91.1370922355863,68.7254883810985
241.65271807923222,206.2044996699375,90.26377563746169,69.64292415863635
236.91978494048928,195.04042229688125,88.4759016042786,69.86879924166287
251.92950605884968,205.2439997774651,95.41627534656169,66.42469321543174
280.11616156920775,217.338227374787,92.80410324186113,65.65143539322442
265.2653650863058,206.61782123124945,91.2770432535635,68.38268347131515
241.14889371660155,190.30707411366657,90.33619982964197,68.85394729876606
239.89514109119204,184.89370656595793,90.00028767437878,68.3489286634094
256.8837494853609,182.6239911819634,89.19185598125591,69.09627378381546
274.9568999568935,181.1317575152613,88.23797599766345,69.95628471157998
272.36777494170656,170.78538279301912,86.98675930364146,70.18516696856439
253.2771006933345,160.59496671072395,87.02013187875482,69.52542792038619
251.74075769211606,165.98177750708575,85.86963377245755,70.12035567458639
256.25650947549457,177.89876496966156,85.48348447663562,70.0662650878137
263.1407832093213,176.25769543667704,85.37485388672877,69.63629101176919
271.7727901807607,165.60861457253196,86.1430378961204,68.70138427387278
286.7909080723448,165.6963098628541,86.42780316580865,69.32340751921734
300.14835083856195,188.011150845109,86.84784729035675,71.27730175710009
305.6462474480461,202.37902903657877,85.8773426532366,72.54150722718788
297.83890091492873,205.59162174334614,85.4803589311413,71.34071422774615
291.9977450685085,197.65840776549442,85.61697150441381,70.61302978720936
279.2644190060646,190.93675933618835,87.71300099441399,70.34070755860225
230.07435965002406,190.2102579820526,91.06782063422938,70.85595718555206
192.37557734953867,200.65124209816616,89.69548777426272,73.77695983955539
202.36386154822517,202.12921591273562,89.4785457654395,73.94827885584802
225.1929970298881,185.10681870143645,90.55989119615663,72.34027176477443
241.21389173772724,179.6032921187628,88.91752919441878,71.35655268280729
237.59658052232396,177.97172831215994,88.58263353593085,70.62569273574081
224.57745202618736,181.51578446041503,87.1195191445371,73.61304278053925
233.17504377519379,202.7629882130321,87.099531340494,74.31825075382076
262.7076471333257,208.35228446677536,88.65299985616375,73.25894669085324
286.0904930933728,192.84662823614894,89.25287418973163,73.56297803943514
304.13952165510784,173.51981030313667,88.23501726157409,72.4909326005281
303.1957731638236,161.590684597874,88.04130100828738,71.00077817304073
286.69220157936854,164.75829990584384,87.72715892939476,73.03359622500875
281.20105478656626,198.84373201337561,88.05754077946466,74.03737648016006
302.9496306012661,218.63519930843592,87.97560368863918,74.26017080239299
325.2953596914073,200.64124054770696,88.27663436944079,73.67384668566727
335.4280556235174,182.4837612921806,87.03774320712492,71.41572704120247
327.7577320874936,175.29091217649977,87.16240402734154,71.42338781986633
309.32047349900176,182.3929132235783,87.50042218088768,73.16024838134894
296.48546986434263,188.39352179984195,87.43873046033778,74.9864877031258
296.43994291383694,199.04281770697335,87.29927160822014,73.61716186481516
295.63414488486274,192.98849917691413,86.79261300460844,72.31498463965528
289.4352981758786,187.72017336490455,86.04515051589956,71.59738478357193
287.66859597576865,182.4889866798377,85.15400533649898,71.37081047609331
287.24367113480827,181.09647046531774,85.10222354392486,71.34124243745137
281.4460092233298,181.4568398832868,84.94338171746779,71.83388882585557
272.2887522175052,183.18139235903607,85.18630530553298,71.82230104049475
266.40426422729865,185.55084371312427,84.62560275048459,71.82297085734277
269.22116685091487,190.45598943450247,83.86439185978907,72.14294655783586
268.72343614517825,195.5864674751924,83.9576105511352,71.83550743660004
267.5381873483787,197.57097691794627,84.32469852063456,70.60041794676795
281.1832007754783,205.45701662956137,86.4375284932176,70.561779876382
294.4019411129601,212.89687322431837,86.16247953517296,71.71467090439728
291.41282841594557,221.1789454712282,86.58932334121985,71.09402597570215
274.09380704607986,218.559733105416,89.12628423280677,70.662099202047
265.7519601306138,209.5401358155744,88.75380092445664,69.95759756896169
268.18150393989333,210.3920428217136,88.0958565706681,69.12280962155599
287.17520776249455,217.95919750076385,88.09374326750661,68.98977914071376
279.02748641908784,218.73382514818974,89.14344029544554,68.1400931307779
230.7256227757971,214.75628995286445,93.301366800777,68.06699293579615
217.678697025141,206.3919140592021,92.16005556710388,70.19408876303788
229.28201302506903,197.6407297203549,90.19879824681325,69.13772445428205
240.27620605924702,195.89885667559113,88.30399433177757,68.97301873869486
245.97830553962513,197.11929026724272,87.08620246025478,69.02068815168988
250.46574559833238,197.28719231684363,86.022807061163,69.37363610765624
246.01823897944692,201.5509471896533,86.41882737901203,70.09638957614824
240.553573191807,205.42466092725928,86.23682033887437,70.43054226298462
254.6131879268305,200.76428292261585,86.25183960234787,70.33514054979835
257.8615815474102,201.38458319080328,86.35221746891563,70.20869256412078
243.00047083049233,198.2550685330501,87.67184338273178,71.01023429646675
249.1670148312267,191.1112132890952,89.01202751413652,70.738574743483
258.56483700458875,184.6167442552187,88.37377185454619,70.06802317958315
250.54354426644375,175.08816210336627,89.11145430044073,70.11124857947941
245.65242941035478,172.19991070956274,88.21710835191311,70.48484351872833
254.91801746370385,182.24146337041492,87.47046479221206,72.11967566650641
261.28617284697054,191.01352175098384,86.89639596140867,71.82169652438714
253.515570837572,192.75485338886142,87.45047267612856,71.54432642719033
235.3543349862025,180.77403386272192,88.13880436421914,71.9459431253433
223.51303844415224,165.1113251077142,88.99183049275325,72.240265130598
