197.5,203.5,170,149
190.50391808816983,203.7239965525896,170.7324191794953,149.2397594993054
195.79911148582994,204.4825218013297,173.29986834456327,149.90107304029252
214.8515209314172,208.5959399936342,173.2309839016309,151.73355138346676
230.5805818697857,204.81722584722135,173.9361921030189,153.1707742739182
239.18949826860896,203.46147403674914,174.76422341059703,154.18600707138393
252.0432509572264,201.49878892839303,175.86825100760532,156.07228403209942
268.0118197280772,201.38695020143626,175.07256434786166,155.91238622537378
260.1179264578395,193.07406361227623,173.18909005459693,155.38170722473876
229.08693149792057,177.54486042621156,170.56438869025504,154.14137320990523
186.68648821717656,175.24848846512222,168.47046171414542,155.20889554585648
159.70656642575327,180.79909125385262,169.26555233678693,154.1446181452756
152.54331840243862,173.27459004487983,168.48822853630932,152.53682506151216
167.5344209129616,172.17675298171872,170.79628001550745,151.52499157751333
197.83406921670638,175.2081291195616,169.49234778790068,152.23288730445213
248.50469528125183,182.67918777228843,165.91340187218873,153.3923134255121
299.66323106005444,188.43323001150432,163.50860753626318,154.00959611169213
317.7879079632953,193.6211840061834,164.8526337041467,152.18290820747802
287.69233786465327,200.6971450864647,162.12650705572761,154.18983576310194
235.97293967597255,199.09544488785514,160.31631814256173,155.35460281376345
184.45131352660118,199.0466420508438,160.76335614687088,155.72518768767245
162.59456062973476,191.92584201393538,162.40373800871896,154.65177292231695
160.65170285150447,185.28268485348391,162.5299506774537,151.89291550554896
167.69595459033755,174.4368391739171,164.18513006111567,150.37088845037596
182.08999121277935,174.35568483924965,165.607734916818,149.57862289237778
195.51914383891693,174.8961193069899,165.9739951705243,150.13483474550964
202.82773052566912,175.91867028183313,167.20792271865076,149.005525618661
215.72860859450503,186.81214591260647,166.19547703630118,147.89245588787605
225.06914885358728,206.58283875713306,164.0301302370088,147.42229441146938
224.21279242070273,233.4074749284511,161.0563125127205,148.20474280247583
236.78860352773455,262.8603688806538,160.7014623018307,145.64312451476962
247.75468435015716,265.0702795685369,160.14542027063294,147.30045825222368
232.85051872866893,256.2363041195869,160.27594275201272,145.93081340122228
216.86525650354517,239.96160535596533,162.50669822032665,145.25619664623892
199.80926189082456,233.23745498665,161.99744492257452,143.382676172101
193.78951975616184,206.81380782860293,161.72587019379202,142.53724053824394
196.44140375018483,181.4013126253106,162.29022764443624,143.79957835693804
206.67770652345564,190.02633804273944,162.32860270397373,143.45569550608909
229.57645726319245,218.88152535538018,161.890876767713,143.4956909064424
247.37635657658063,239.33692168126305,164.04765467902257,146.32383181790905
262.4493353321757,249.33746979363346,162.49002457566945,145.74417381033135
255.26142441500042,243.93699172736376,161.7026326801615,143.40475099084435
243.9732670293921,208.15075449904515,161.92552719380976,144.45903697091913
208.08420011234307,180.94395817578987,160.25393110847423,145.5568489777812
166.19358252442578,171.29705184547356,156.02527095960178,149.11513269249102
137.1971660198919,178.98737565606748,155.67920626359142,147.90805665791203
128.6617368148694,197.641178930661,156.21494084856317,146.85764462776797
136.42750443214052,207.88668085613764,157.63753006470455,145.34916374129222
147.03637574142323,209.5165033112942,158.96718696701316,141.73287408133768
167.1944218441468,203.55029176124532,158.9015525252379,143.30330911380852
194.5850273795554,204.64532341282293,158.7687903985125,142.91058501162678
216.65971361843242,208.41803734848583,159.87619663779947,141.24522162775824
236.70901141435812,223.5670783486037,160.85059909282307,140.6704977818194
263.36794038849763,246.4737987164587,161.48597295606749,141.37333435934184
282.8735491134933,249.95436399880043,160.94829676584172,142.8404655515553
291.8853096639587,248.94352521652377,158.46855217705698,142.40904553424525
269.95172046274394,240.56415463319968,155.12213042079506,142.12476454513168
216.61750980674353,213.39732323568415,149.13549191834278,142.50825873054362
164.8410498957116,189.7945776076058,151.61763384734022,142.75366697888785
182.37066344259978,194.4327582031013,150.94139091494083,142.74714793572397
220.8965528558468,193.7271617992483,152.07534969831005,141.16660170877725
243.43352927389884,191.02280197262328,152.94223472231343,140.85689513445772
264.336985672458,202.14213436098953,153.1692231397947,140.09197188909732
277.6010085454861,210.60268956611174,152.536059595887,141.07004284481968
280.5660700008822,231.21068322035484,152.0384022383784,140.54825414473189
270.9181689635814,254.44300917720594,152.03441869896628,140.79082803059026
257.3383170499436,265.87709677150553,151.97523519714036,140.1892944588123
252.5247338105844,264.62237228154504,153.87167781797916,140.7464635133869
255.18436712279336,259.14818743465196,155.59016048402754,139.8800358057449
235.2475378232371,247.49335581427667,155.31414562122598,141.55939089525037
210.69637829561572,243.36698732246464,156.33178221186915,142.17980032226433
205.9496085031098,236.2785807021625,154.5108276638854,142.79291097955564
211.8576239641166,229.45314419402578,153.53819102135174,141.122760054789
224.65370578450592,222.94345931015354,153.29472122822938,138.95935813979423
231.62081936318754,213.56857376117694,152.76900618634465,137.2493323322299
225.60622969261814,181.631683559465,152.66842001692436,136.60236841192327
236.02816918753348,162.25369262428228,155.70836251452042,135.78531408844108
253.02979208732188,163.85816030987664,156.16499754380104,134.52133096677932
266.63158572487976,194.20981391684663,154.44353078260127,134.2500687357495
270.0466791447975,229.2218439339851,154.0910026913926,134.96853189483195
270.0865874898835,255.71436578070066,152.65410303823063,138.3128453486176
254.01423251542678,274.0810830980149,152.5684701221539,138.69482437976055
227.51410973178565,272.55144672837326,151.0709091403639,138.55062974996426
193.3111992019954,242.6121655472366,152.63294968236633,138.78731970623178
170.5329065987341,218.68902711383305,154.83374188962136,137.7297727204998
159.0388000332084,191.80679723290837,155.27518873954483,139.69289047185111
167.2862154483165,174.79709297641978,157.63446290505613,140.6166912272599
181.4409700178498,183.04939061269042,158.42770072949057,138.289641502204
193.17575142507428,217.11250045735744,157.7382702087427,137.24359911999886
196.01333534389005,252.78268854595723,155.53240168751745,136.79377927824854
197.1169253735099,273.75856938962187,153.460171789258,136.73389762631962
192.9629076223917,265.82467221594766,152.0796496666775,138.25105644510361
201.15068689245774,257.4298647937431,153.42219835005614,136.92117208296975
216.11820369766644,240.72114814909196,153.34793973353518,135.11850115474275
227.7259812793546,221.38516367872955,155.09372642806903,134.093009920907
225.45297978142312,220.46009546547924,153.89911834757703,133.7879837745469
217.1008020572699,225.25668977546326,152.74540532969695,134.55161240006223
215.76894769351384,215.02017049545523,151.86577432790003,135.69711151610858
203.17312975214742,202.5393120429379,152.83118149664358,135.285382910279
178.23927600596008,182.89827153235188,151.7258512692917,135.56308847368732
163.18123336913735,179.3067808725862,150.3399281048268,135.8150318903867
175.50296958135323,187.9220846261431,152.46629210617627,133.70277918063618
211.87629340292213,200.63544853579623,153.92228881118302,135.20479281640806
238.98386561488263,208.92920847005033,154.46852744390262,137.57070503102972
240.50768120157358,228.2370599307182,152.45857808852915,138.49735287873696
218.67153486364535,242.21121447935136,149.15534586204188,140.26901639194426
172.53808734894312,250.7861061292812,146.02083555697368,141.36520095707482
132.07887034170054,244.63095756989753,147.7368922521229,139.07199961697987
126.89641971848135,217.92506074598765,150.45609209017505,138.0580577911668
134.74478095337153,193.24644317389397,152.89849162967204,138.39520092485614
163.12706681381172,184.00878822146657,154.4011356375514,140.58809162499898
197.77761242636203,192.6777305194356,157.8316117952633,139.96317204065758
236.5138275992107,206.97424304214215,156.82095818296438,139.69593930786658
243.99695699913985,199.24081627258107,154.3679344752692,140.90011851532367
234.511884469877,187.3349894931318,153.4394970752988,141.50151359033552
214.47696274250922,171.76616003796,152.1507170253957,141.8447331848832
184.50172069433142,157.31750594038252,153.21206766838213,145.48809698306553
164.67625774466578,165.54995167679095,152.35871729207867,145.75473093139126
164.20989424636178,163.8191636785562,151.8829784264125,144.80410313910338
175.44535607617192,146.46537174984985,155.33322404779807,144.7272440949048
222.84357018942796,135.8100762274093,155.2166511679657,146.1531801410066
273.13187545694626,128.91932920963376,158.81777500792907,147.48169699607675
292.2665950160022,126.6750440546686,156.64982209587185,146.15458537165034
281.9921021813013,128.9243388458686,155.71443848731963,146.0690912634935
255.48551864591508,133.60243204419086,152.69748089378538,148.9406833016024
218.01169343487464,154.19196817073225,152.64713021723344,147.69616228753327
193.9837290804462,188.58824901490914,151.8905589260903,146.51698103130843
187.8880179589311,208.61155218706918,151.84466026915715,145.07976113108015
192.04598215879747,207.95867769179642,152.82775835868222,143.78969207887056
197.16709145303696,195.9872804986789,153.97607226379452,143.57814572108703
212.78772048973178,173.51205759757855,156.34252216769985,142.52573812973304
228.72039894596065,161.02398284980617,158.62979892223424,142.7331937013276
235.02569593878036,158.00001237236376,155.71721633491032,143.1765051396109
234.23279188535312,171.13343656894028,153.47031346039574,144.45427726037383
215.38711656988514,175.41287730626252,152.1962672102282,145.5889430345697
192.63886888025016,166.84412951046707,151.9192526102501,143.6113797272348
166.63513742487356,143.04167274666895,153.8658215085521,142.826629558542
150.55996012986787,131.6248459929951,154.36522089836822,144.19424340829693
127.13425003822636,135.47381589241857,155.084141386827,143.56226067884694
125.67022236271849,158.15351259937856,153.98845072420139,142.92738127249532
139.25828756598264,170.58159512377284,156.60215910856664,142.79835283564526
168.43519224457404,166.85793268545964,159.79182967081744,144.66619038851064
210.71549669614777,155.0670611371732,160.05556158798248,146.8026667614507
241.60319898997722,157.89825235510887,161.69698515584116,144.89582302759047
273.841497550768,179.12987587639387,160.00943146077327,144.74672393423924
269.7585841053263,191.4898763699718,158.70023126730612,142.89527801605308
252.13186073722653,195.75633228667976,156.80240236874,143.23913810951706
227.14627571096537,192.54784596406185,156.82134387511977,145.45789050176217
200.34910364592068,191.292713282048,155.21458860945717,147.70560727012298
165.77748108880553,191.44686817092986,155.717948774957,151.55616675886927
143.81174790498198,192.70080496804377,155.5285998655045,149.5469948860713
166.35596060312452,188.0849570816161,156.491466888653,149.23323663365807
189.52257951701077,179.758692112213,159.1883918721598,146.23137433003265
206.72473154102988,153.61570003798107,158.75969283510793,143.50394981760778
210.6112773043945,125.87526446268654,159.56141801217507,142.3200641932945
223.92450624323672,105.28986318171292,162.80199886129725,145.8219748485035
242.7373102081883,121.3648561240474,163.46360330322028,144.24179792379545
256.7630617101811,145.18568447146035,160.2821926912025,143.35394829684066
266.8270307444197,165.1092137072876,158.32784814384343,141.42271090062556
271.5657347773599,166.45582041325446,156.891694121542,140.32404452200183
269.3808111249673,165.9216261377868,155.67924028649577,140.84290423573313
267.57663857182746,167.47464961351784,155.82990731317037,141.70904361125164
261.192315150464,172.35425438288428,155.86499073274044,143.91180917017502
237.07874728518888,189.4388556712005,156.5871940597263,144.24958748953867
219.95899298248622,209.91344662556642,156.54921014193823,144.3124295065881
216.9401907162897,218.74680597413015,155.68026712794463,144.5310963227663
225.93984427567364,210.64403585522223,156.8764880395722,143.04283658804795
232.5632302397063,187.22849941884402,158.34869403966854,143.52664230992548
235.45276468116953,167.14401478775136,158.6138813670692,144.85288009628073
246.63097022325317,156.93544192333076,160.6452457040445,145.7625699993163
258.37288504403006,166.0577937634478,159.44518948473194,144.70778102245134
262.5726806601772,180.7356598518341,159.7859175044518,145.7221297935547
247.7285593133676,186.60957638687802,160.26336765656708,145.731256638628
222.76350134840118,201.0715688649219,159.5484487964609,145.70439883402952
205.80563279992052,216.09026042929358,159.13598078477963,145.02161279696094
200.8091577245354,220.31187545116052,159.4138439985992,143.4014027346113
186.99956185626627,219.6971381173495,159.22784278774978,144.28260481040405
192.90185042817748,214.96092187141545,158.73398799500154,143.9650468771623
210.35321241406754,192.5795565795874,158.23642683450072,143.7025050914336
240.72074201308112,175.49904667333928,160.88199431494036,142.57157849279707
281.4008397829217,162.57701858856296,161.45307318932163,144.33232930346296
305.2900777491478,157.494433388679,160.4233727390472,144.57356953507903
292.89748048778483,163.15086933177935,155.7351766825495,145.8079236010268
260.9336165111927,168.08392750618594,155.76109112865365,148.61364887361253
213.0787529671144,170.6311915387541,153.97003238917358,151.488867874974
167.44571964547794,178.71640860121977,155.0176618376223,149.9130382422302
154.1131888329475,188.74052765649373,154.8661951423707,149.64236322677505
163.97732427763762,195.84456240249102,156.66766935491916,148.2237701294338
185.24284555191258,189.6834432281978,157.81645926486536,147.174853692864
209.99479096609954,168.2965428061911,160.5811689003586,146.0238612934692
229.8646599401564,153.13395527247235,163.78276853769407,146.80497088544277
258.7230541446299,151.3066731155641,164.98654668758505,147.81055362806177
284.08213276655374,154.0289009731738,168.49020646033892,148.04639004235904
312.5270939333216,164.12823867588725,166.80528977255508,149.0285255652768
309.6178777893586,172.88318075189318,162.7214479287062,150.72258657317704
261.46633040594594,165.08721133068113,158.45845688010183,152.6383979818243
196.947926692152,156.41612459114288,155.4208014170647,153.36878747957755
162.4399430921713,155.8236819143024,155.10124310433082,152.31761912804308
175.0333843973625,154.26591010082743,157.64486548357243,151.29366309068638
202.80037929895684,149.856445689877,161.8340316557255,150.61349599583917
211.0400678411023,141.68972057634463,160.36555030049954,149.56870754492542
205.73711381494243,144.50083395587313,157.25266925217232,150.01197770740768
215.28310290693116,180.3611937688907,156.45181731941557,146.2957899417241
234.15593798239416,228.27719081469633,154.32778642019855,144.4264499638824
245.46896384952026,270.21623212580926,154.381424093295,143.18861087192994
250.48703487289268,292.22717982501376,155.45054766392076,145.3147028392436
245.41138916266763,288.90742347444177,154.18978979085279,144.21344567725893
232.1804778899649,262.0799335286954,154.1300077982944,142.2030393688005
215.80649576021892,229.10777923728972,155.0260910305647,142.3040709740728
206.01918248520704,202.35611625659305,156.10337451723393,143.79978661442127
209.84413556250726,180.59908003584846,159.13186935598065,145.92976863232644
238.22800672058534,180.4435235179297,158.38066756716825,147.8861501084106
269.2456093822049,180.97994092148545,159.2360834292318,148.04883566415305
291.7613782256235,186.55627292112985,157.5767839015744,147.92518434491797
294.0959751122481,197.72966532667084,157.65847942962523,148.6076220222393
284.72170719859855,205.0639801329253,157.58563273434135,148.50506868841688
263.7783569294874,214.79310608062656,158.64230473862798,149.44985481791673
248.5000203818243,220.42060725669864,156.80951631662023,148.71051752009382
244.70985713559423,216.45943628815567,156.9260953077071,147.4195043927877
232.81123997142393,200.11529911139104,156.83395204205357,147.12217541379744
217.05708642489174,189.77573696785723,156.1273810528426,147.43587459100178
204.58207752464943,172.13303080850375,156.39691408159865,145.6293755937908
197.89345777912445,148.81107840136713,156.81411061915745,146.6468079349195
212.64972230576026,148.95554770002815,158.50446433260942,146.0418407426267
237.56932412585587,156.8503167941942,159.68716086942015,147.1031288177223
255.35811939638234,175.82373531993252,161.034745041502,145.8916776610211
262.6076536070308,203.0085758980567,161.24486698885747,145.8481950826536
274.72884245698435,229.94521865858167,161.21143742432622,146.24024464461147
269.7829580019235,248.43218003083092,160.06999939475074,147.16532397530827
247.38245367037666,255.63588253216912,158.640260834944,149.68752827133795
223.1953441769115,255.93214041612796,158.46328658456963,150.81344397619858
205.19943989073377,248.8891963440446,157.34012399603643,149.80252750152985
195.2589279362995,235.9214109706296,156.59587896874774,147.7594643677446
193.60182859250642,209.299532502874,157.77343138558192,146.87069490555072
206.3273497377784,180.4735279749127,157.62803026935438,146.27836497221554
218.6796054471473,147.01758594340998,157.81698198538223,145.6792245601233
247.11042022912727,114.68171829661989,161.1605869490102,145.30397041278553
272.19064767610485,116.10180949120098,161.19271704651015,144.1713310391034
285.0866235365529,126.91980949058023,160.9950951595983,144.9210617837531
294.38007067773754,135.99463195464728,161.57586445144784,145.17394943313363
298.336727613068,152.6843199971306,160.85318006305624,146.37460188210258
285.1781681329351,168.89954639674283,161.0599493681706,147.36176306603238
273.0582763702277,187.9110708696586,161.16547271597315,149.31184339266176
253.63310927807171,204.62318008490774,160.78816102626166,150.7127897570854
231.54925318738736,217.82032057574222,160.40220041710302,151.63889375466448
212.75770361447363,226.54329500102097,159.50465915155354,152.7257093389214
188.39668110463327,218.23248328964047,157.83031134896862,150.96939353743923
156.3660961751312,197.65338755376865,159.2910898200333,149.24729020937824
151.91738004788613,183.12243459549813,158.5743767955928,149.51481975262823
180.52464617670364,170.87407912612258,159.56330523131712,147.38023644089105
213.03913438208562,153.6930658959566,160.83417165502584,146.74145037070542
231.93527308898067,146.9822582549907,162.7032101592045,146.53521416643113
246.9249367474032,161.07575795278763,161.92881982356062,146.0561863437133
244.09359745478733,177.62642727416335,161.17332223462853,146.97456968582514
226.55172810555425,185.6873075423831,159.17867653368063,149.07450791037192
205.21596331074326,189.04930707688777,160.74457334132018,149.2478014553458
207.59994837018553,191.27065666858516,161.79921836907263,148.66445724479033
238.3205008800938,192.70521698858485,161.08256632166817,148.88898384638338
268.33198210104587,187.40077503485608,159.50516814978357,147.63673131737852
280.9298271008241,176.56485506201204,159.1325296028637,144.69676820825703
292.06158646034135,164.64775373267076,159.70425601627568,142.24848871972276
309.2101723140407,157.0817728649355,159.20751079203126,140.09472581530076
320.33082901371677,150.16777147581342,158.6136373493441,139.78942876596923
302.73429372438176,164.2316104171677,158.19515092117823,139.41005334297745
265.06443724749863,180.93395875598043,156.89900724652645,140.77308737824262
243.6960905225389,192.46982282805016,156.61815690372134,143.24209638620275
245.40488810675527,200.24176896364227,155.67018983091543,142.67322166262596
237.6695857323922,201.205132546635,154.17642003740525,141.58452167588166
215.24622541222794,203.2745987574261,152.85421443872008,140.79020924369462
203.73324003306305,204.73406857916552,152.92488772695708,141.41986741286834
219.95152796298802,205.57856843347562,152.63084803043722,143.081270774698
239.0712706281419,203.65498482413338,156.23950341668223,141.15649442419914
309.3858629955579,197.106886673359,154.2152075978658,139.1257042221468
367.45133862490644,193.74395023834313,154.90926854619997,136.93030099964926
411.3541373491897,189.97673425338493,153.67034437644196,137.5453823454812
402.733965572143,194.1039232735613,150.588803775262,138.8436061193985
361.13348847224347,194.33219631731322,148.07853818746347,141.01407323837657
291.0228880416498,193.9023345716433,147.11999051349449,143.14832904783162
248.10591659531883,208.7576543230767,146.69038360146894,142.8589751742373
224.0266058613096,211.00629366735686,147.01108011221203,142.42958522240184
218.54423236820327,209.41126588313801,149.69661510043883,142.11375805081875
223.58049649955447,206.42003129187248,150.8592314529098,140.81803375953393
214.65281822867496,197.48966255935954,150.14885313138757,142.688260284008
219.72849567478517,194.3219949952682,152.9112412582712,142.22960623067218
236.28416515381582,194.30514473898037,153.24437938150865,140.88765144978316
263.380225988519,195.56640643631462,150.46852129242455,140.4846892504882
292.68356790109465,198.6638241748817,151.30671890648222,141.68360205674028
311.426735426489,192.72526472096342,153.43887216746108,143.0766864263078
296.14360905344665,194.34932130352007,154.99258218893652,141.61713424771338
273.7651974866447,192.86462916969458,150.46900600003062,143.71994309546153
224.24996182612318,188.19557322808333,150.13776772634708,140.61918740971427
177.39292605408497,162.76121251655627,149.91717740518914,140.95950841162582
149.85565412540126,144.71325001190087,151.83622657261515,141.21331229666907
158.47351372123862,123.61919547036607,155.7561279558916,141.27196199863516
168.01638538332983,103.44803127963927,159.1927311282912,140.46053900679775
155.02717741574676,114.5482838189986,156.22891111680207,142.82202085129686
142.8469249478074,163.3319895289756,153.06244042096694,143.29509862812017
135.51192130085474,208.7917569692891,151.57444104678143,143.03192055901658
142.81396877510343,238.13371813824594,149.87378180537635,145.3395486666596
153.71547101452623,250.90228626280427,150.69229641527585,144.52688255609274
151.40725626290714,242.13122301056563,151.30970438836266,145.53985523671747
153.64247836333485,245.5195910945369,151.6543608573681,143.5059150129888
166.80197392869854,247.16920094731927,153.05946030281257,141.01796292178867
177.9931039281337,225.55733058992854,155.43568228331236,140.22877944223418
188.22240202270103,190.74829832961294,157.59478285626264,141.08732247849042
195.55708069285987,164.90577642817098,160.04052637654067,142.01551889978253
208.8600969760653,162.92509588381708,158.51040628571576,141.81663838463902
222.18747381490408,180.07144724541973,157.65232542908313,143.77779994976382
232.62613781683558,200.72868958409293,157.69996042265666,145.18493392476114
222.6914151684952,200.88500886982513,155.99440495639794,144.46779370653962
214.93847387144663,179.43670303611503,155.83120967726512,144.3302905363133
213.26897479772964,152.6071720120841,157.58625980853242,145.74675309707052
228.44849054296208,140.89064051281903,160.125585709425,145.57390484071783
239.08255590737048,124.62774471901201,161.68313094496364,146.1394760914178
224.76730227786533,111.92980490046924,160.19815396630307,147.34534565770258
218.61772964893737,109.70769388523416,160.8075924217908,147.9812867433485
229.2632549079784,106.07518963295767,160.87145370790796,146.25502613626819
229.01577341399195,88.97714842212149,161.85399866418837,146.90131912922962
224.2226544861607,122.89781563191633,158.6245369425193,145.41610958756962
220.9693193048579,191.6177360358484,155.25867446058146,144.75974656290862
220.94680808129178,231.33011766068398,155.6786930632141,147.13698526636244
222.05629294671024,234.11954347614946,156.9226692704875,147.83552316179868
215.93816678053523,222.77027554159253,156.89814508306216,148.75885532607856
210.18678119775842,205.91863214138766,158.34368053084233,151.40596498720603
212.68087109700176,191.01108593836227,159.82970098107393,151.05003116339844
208.68506714256796,165.4848801461497,162.13105324800426,150.54648113893688
209.89479461076988,138.16110285215015,161.73919049375985,150.2669841827465
221.60958907463393,127.23592289867159,166.7239577977212,150.1907636606265
242.32690059882574,130.22904083376656,164.01593158161296,149.81513589132766
266.29550321992053,130.70349118825254,163.85170607575148,150.0907773233164
292.2989175459318,122.59625056932987,164.05710810610205,152.5220296869552
287.2753891115242,126.09437544520766,164.81155194543732,151.52146360524355
284.2452521032583,134.16611317580092,163.63563230504775,153.63606385816837
279.9137791831328,145.79499113161302,163.49885928848707,153.2782656034045
267.686645259426,145.97932031672408,163.59783386197498,152.6750113979735
241.2660584221644,156.03278196292428,164.8083198228751,151.39460330332705
203.61626424283563,180.32966221867915,165.4602870267475,151.1978345215536
189.59357542499123,201.90103330679568,164.80124266536598,153.13623858555493
186.14285008016518,216.09663393698693,163.138357531959,153.32038522556303
184.71669621554585,217.26276169561424,164.8936747950798,151.95398357822344
180.91833165619772,214.85751037736856,162.70366456441084,151.2489980669792
173.2685630177316,195.82370477206047,165.25714337729278,151.9700478457106
178.25980175696174,191.54271268514015,167.45331770852485,152.16726399129195
193.86876800174508,195.83585500885252,166.67508248458319,153.6249170269727
215.24952926418092,200.8495041641013,166.7874956591744,152.452212947127
242.0985233561582,196.3601871627405,166.3538698104249,153.6700499260754
281.1611174989618,189.75116458537636,166.33120532852863,152.15747183556442
326.58345770190846,185.27316120117086,167.3703750202916,151.40492528976642
342.9106718396076,170.32057233190116,168.98637444875078,155.05063113499529
329.22789762523405,157.61617648627157,168.41742695159445,156.71563124605427
305.21613302810823,154.18561647154868,166.93609622152974,157.57814268632768
262.31937099465154,153.36638058973205,163.4443190799471,158.5925940522978
226.81845485690016,150.11268580131053,166.1828762089654,159.02089732542996
202.50062136935722,146.34465671441887,167.98618768478372,160.84373728708553
195.95677770104217,148.78871318909455,170.16525990910912,161.78530287319566
182.12624703944428,149.79651053226667,171.8942209362844,161.4612242286071
176.09334216891077,157.23484348956356,170.78511059525914,163.53065854899864
175.4576283033755,161.60297360653232,171.3305960126586,164.50967407952643
192.4165697593327,165.02831938537196,174.00076775772658,162.42648292239042
216.4328752490565,157.4994901109182,176.20967670625748,162.0363007806851
239.34878302361196,148.60408678756522,178.24709333488096,161.86359882143404
269.6696407997282,142.63474912025546,177.7706190241035,162.65252821489145
290.24189932990066,131.83558990127145,179.18811368250857,163.1566674994171
295.31090508695047,110.71133274818726,180.86199181684657,161.86546317765578
274.9218571622729,110.53340583713387,180.80533653705132,163.12547857221892
264.1289572845468,120.45894323928137,178.59458363442243,166.0844718984171
274.03830654377487,144.5190976282107,177.887115966186,165.5856841166522
267.9582545568808,175.9724133499831,176.9285027463706,165.8097556455195
257.71032041231615,215.6333602344674,175.62052086154972,165.4950182486212
247.92990578413782,232.67861006513084,176.46552599070912,168.45550964564393
233.20174906947688,227.29592726732056,176.51359814805835,168.7590851564256
223.72272537409117,209.54392427167127,177.30976123096843,170.9508352883492
220.69307236875878,195.29910368100428,178.58292823025016,173.76455979793025
218.76953023037532,183.38453358399775,181.0422878690318,176.26369625354
214.8383060419835,167.2947828489328,182.98615905160165,178.82911920194138
210.6073300985311,159.07223004227572,181.85299050851376,178.26458698261393
200.3181644014524,144.23834782476547,184.03607539693382,179.81413394937272
199.3719461965299,150.42821630826012,185.5000592554139,177.6223957540509
207.95288715941024,174.17717060724033,184.90558112298822,174.87313293856118
220.9660168339763,198.48499393816297,186.89041109880725,175.44208329209673
