246.5,226.5,94,114
244.62683911241797,237.62400848143736,100.35721764728017,111.00717102540652
243.70561977951596,243.4476509691617,103.88131326975686,106.09779107544003
244.49304393773764,247.79947450141182,105.99723104942862,103.24270625154035
244.05013646422256,250.5315151200809,107.40470352295182,100.86676097192007
248.19470432246356,253.02566875805184,108.26963484595953,99.94275280257617
248.44111743763943,256.1025696237509,108.456662531776,99.16316190568111
248.41804970017844,255.2511402926031,108.9716685868944,97.6641725378864
249.20103636562982,256.61730191475067,109.09695106386826,96.8670114802139
248.62475801576585,257.3906203733905,109.3439413692671,96.4692581440958
250.9378636945989,256.6483637894274,109.96646400894599,95.93577905395014
253.04326242190928,257.198605804334,109.93024426733788,95.70971966050085
255.68521284964282,255.65275222851224,109.87249487824047,95.00673405739889
257.5178582116593,254.75716696807262,110.27031975097877,94.45477065188649
262.7353626962521,252.494384959102,109.81980689843137,94.65232268023424
265.6560156029665,252.15659326948477,110.34889483805432,94.94937761350963
265.18465955472635,251.37309280427243,109.63311925696037,95.02180721577116
265.4893836442401,247.19230522860437,109.19688312932456,95.3000493516654
272.60861215450257,243.54008942144537,110.05312978311593,95.33349154795357
279.023005811439,244.27457001156966,111.32048905280018,95.8634900282351
271.7894180486326,242.45693183851287,110.03379933640863,97.9355648276797
265.63465158919837,236.81494606536688,108.48115631380982,98.57366807258005
270.9699277943521,226.65543010555996,108.55098705169576,98.46064928723783
276.84106969682324,220.7584303992865,109.39015370909478,97.37111236097861
288.7260948634198,216.26588479768986,111.23490669011063,96.79314661837111
305.68040380382735,213.55656138529514,112.88343678903183,96.4811101164394
316.7022210981004,215.38058410142764,114.91807597367917,97.77067674090657
313.563825779309,219.07466930635616,112.97768731286104,99.76022239550261
305.89326160778535,221.9442254550416,111.58904690285655,101.87743000245919
294.06278858833105,225.59855994420928,111.47448406114998,104.4772950741116
277.31369469584206,228.33309910584717,112.10658297894037,108.88187016270106
255.67319761045346,225.7905408726133,111.32986840948325,106.78003260771496
253.66393462145004,220.95130961050052,111.20476865125352,104.26590632578817
267.7003214125186,216.9682553918794,113.01709257277851,102.23672400680476
284.41914242152893,213.4569887533646,113.95370287409375,101.02569481435191
308.3925077993748,212.53180829621775,114.58449821093132,100.92200494930303
324.16457395575134,214.2332644948496,116.09091063694783,101.06512021240914
331.13567875558635,220.66187423266075,116.31930383573965,103.40351936624246
321.09105001602035,229.5282614869085,113.3299995320348,107.12646385188759
295.4178884958841,238.70153250915592,111.26429712064714,110.68944481764666
266.22903860606567,244.3251764145503,111.31915907069408,113.8301107650976
243.26162998559312,238.74274961915322,110.80321260924667,112.07289289898263
235.39463907882623,226.63283705545177,110.68180768877161,110.6611090633728
254.75356531000529,215.4635881280393,112.01341277646236,108.14678556810006
276.14575586518885,209.75954694365626,113.91497526961089,104.83986492325533
292.05641571875765,209.95820539874157,115.55759141452408,102.4407627347644
311.59132598871133,211.29131628277668,117.18432696592532,102.12011701459153
319.9701401882364,218.3997526855089,117.3346937908741,104.16926975233999
305.31686002707875,224.85030430812543,115.99205748843355,109.50337501845945
282.7351374525751,227.7067644486415,115.20750459056595,109.21132122683768
273.66860773472905,223.9704103053316,113.00233198585275,109.08408444509813
270.7683674281662,214.26467398666128,112.88793423060079,106.53904081656964
285.61364211721315,210.19287462653404,114.6724996748945,104.78915446754925
304.73889749521686,211.0553481653455,117.14906258832067,103.04003830437895
320.5855209628711,214.88895128029054,117.99519477288523,103.26375938924716
325.39124767887944,219.57275971961093,117.10025211357367,103.66733506126559
309.92863877488026,221.81633105823266,116.24209322784645,110.29514256407586
276.6712726297541,222.9335204656848,115.62695033499328,114.31932869820719
237.58994075461547,214.60893241421638,114.44508588702837,114.4317635444302
213.80666434981825,205.76086325915725,113.4335365848064,113.64532929900642
213.14234301958317,192.88808816975444,114.11483268908992,112.01813396389608
234.3915117662096,178.94991801371376,114.98768049857145,110.85421014633873
250.6258273818549,173.02865146413873,118.2064844174273,108.3998110250298
265.9537010617549,174.54258935606913,119.79718557447299,108.3636771368447
280.7131864900705,193.15499648254962,121.17388084027829,109.49487332089542
282.40578631276867,219.36949773855298,117.97377100656462,112.78228239946489
270.9594132820494,239.29748823689417,116.59734058484892,114.21096174213795
261.09460123582664,245.56003400496394,115.33135730119582,113.51229766571524
253.48004399564502,233.4943534250921,114.16692853815087,113.0303089109081
254.4954721019074,215.77879881719227,113.97914783946575,112.90153500903199
260.34342581452796,207.86165597493866,114.39465913828477,108.56255905108316
270.6121373565304,212.63292405864198,117.68018451009038,109.17911292579078
274.2813436183301,236.43369387254515,116.05481043101011,111.61409520960552
263.7110536281758,261.89345441661237,113.26886529535186,115.53541732215461
252.06839057670524,273.6456812879753,113.70588283506055,115.59288565279303
242.2211772053269,266.59717320556666,113.83636762225078,113.88920735197311
230.3330067282057,228.62581917069372,112.86185980635165,113.10249189876981
244.1545020439362,187.22727692797616,113.1232099189092,111.70178433098224
255.4265392888873,174.70057902520486,116.49702597771301,109.9667184513442
270.69243437261883,181.01838430002755,120.01566992279879,110.08332614815879
288.2682277599868,208.4756421715602,117.777516223014,113.63314680035717
279.7139086585299,250.7007131351445,114.95697618801282,116.32053996840341
265.8137285715314,273.9831722012399,113.89132188141903,118.05062763455243
238.64767498039106,279.3171517914285,114.04711375608245,117.77753539753465
214.52851386892212,256.41699499409845,113.71874362672541,117.11666353687244
219.25516793000148,217.19279095304324,113.79352693523079,115.57061055941254
231.94994568222313,206.69647685690302,117.02033686352672,112.90733970384142
256.0498399306925,216.86228348842184,118.71326000599232,113.54854481543757
281.53490066408455,240.88218199484663,120.5712597245109,114.80498956284194
289.1673247929727,267.84743959064065,119.76650973333615,118.32838138419339
276.46799349255207,292.65833290148277,117.76644300983662,118.50645667046805
251.78638718408598,294.1287943627289,116.65629365777463,117.28699933559174
226.42885780071023,270.0971130216476,115.6399147414207,116.12753792107466
231.25810892499857,239.4551612250981,115.13914736375466,115.28329438892959
258.18444731206824,228.19235046790848,116.85349863526964,112.49806957457345
289.76013645497784,233.21201869053547,119.24829344515351,110.87808375340393
315.82792758618416,245.11298206719852,120.52784179797521,112.69761696101534
330.8410111178219,254.51394702139487,122.36340721760996,111.687620112315
327.3122691590912,265.15464038648395,120.31903871807913,113.50753648272286
299.37072086870245,267.25866756477404,119.07636854470627,114.7922308634778
257.04730635010077,266.1905212239359,118.81539118542526,114.71884417999607
219.61988626013533,256.9509013096628,117.65690281311001,114.41963208898657
178.21406513992878,249.53632628971002,116.80596265606219,115.70025536497613
158.09721830182895,238.22882490441083,116.69867961717398,114.16527759053056
184.24874902993741,222.08402729738316,118.86892672418946,111.66810293764249
218.7794917687358,204.6392395098476,120.90247298487398,109.872223190448
250.35037689498347,194.6041527283825,120.96545279341376,109.17158757979423
285.24376945061783,179.17459495639977,120.84212745997706,107.70495849485343
296.8462139993559,172.83225558694704,120.85206876106056,106.03145528032869
282.76430382526894,167.94457862626865,118.8543748270078,109.66212870165496
264.66794831856123,166.44543162660258,118.45203121395838,112.34944628511454
249.19754926171495,163.37407463312246,117.24436131007286,113.80727667756184
251.32860725099502,157.77270924053136,117.21194160531645,110.87941130185541
268.63826398259636,162.00519468956617,119.6615025012446,109.51683498462683
302.68344899289104,178.620267473796,120.46406918719816,108.69973339199728
326.9059589946711,192.10075744618374,120.08996059110885,112.27262986628914
336.8887127239376,199.32985869920944,120.60076958460218,110.31605528229584
320.14488389542555,200.95614058692144,120.37717693645055,114.05743710547415
278.2217254280078,199.09001502426355,118.75836783368838,114.42009079579239
230.78930783069293,195.81147805585582,117.38248037206806,118.0747563711729
182.93253329937636,180.58072076931873,117.86176887561922,119.71573146975976
165.80404017262373,178.6621052036753,117.61270501926117,119.1015613673735
182.7073399476963,183.0519609262482,119.87205395544416,115.7200995483874
229.00011255024123,191.17838185074606,120.73742885533477,114.27890320720414
269.29913950060717,203.276001774098,121.84482691993489,114.6564477843284
304.6697665843898,206.5462409002953,123.42987432707679,112.75443541328147
334.7817364330952,209.6687702107388,124.54198657058384,110.89494493433169
320.2318248898127,209.00213254881768,123.01072330766158,113.96268967193129
294.38729372240107,204.08802081435326,120.67008440957468,114.58438447722489
253.94315608764754,183.01926059290804,118.27013641248017,115.6886636481427
223.27332211935413,162.87484373087483,117.2021429110787,118.27195385414271
224.90666108742448,146.57905992232622,117.4004753795248,118.30421055815395
240.95112474853715,139.61124590913474,120.43734151433068,114.48040674554767
254.18718233508156,149.55656768283043,121.8981944808903,116.63479569937698
271.7080536106566,178.24852609410772,121.92240423076565,120.4216247264318
279.71368452108493,206.95902126057763,121.6089878688934,122.80260964373612
266.11514768116103,234.49683179754715,119.26579932645106,124.2166431108127
248.1841436017438,241.075208767478,120.18901811760972,124.47742113811407
223.81908247343813,236.3291117708156,119.3921285028832,120.94696536642428
218.46008115206305,210.2779723156866,118.57837569824568,118.70900761286383
242.3552895165439,189.2749494644865,119.18140303056325,114.84471869001996
260.07464482174055,185.46354874894357,121.15339798657624,111.03448903895247
273.989581871482,193.55790188621089,122.08082712500837,112.09107542799204
282.87152653407,219.0077706484652,119.9607194618197,114.75849564884474
281.0587009015218,262.02158328361475,117.39025714049035,115.55438722424877
275.42292189641216,291.4878848221831,116.38723800990142,118.11376565345978
277.4641135675703,301.55899461013803,117.59396961967259,115.5080164907579
275.0898153923448,288.8944848038664,117.28738065213041,114.37116619973663
279.8607283198445,245.13970523851805,116.64894949622769,113.4977983895154
289.30055871165354,187.30314052124456,115.9444996653684,113.15537148861317
289.17186092559905,147.65781503963302,116.0800206442791,113.35821575017613
284.3328224180118,142.98329908280948,116.6820659745781,112.49233715662106
274.13259334255855,170.82080453358918,113.99037248363891,115.38822621844051
272.9020778743204,227.0123104842667,116.34789780869554,117.26816139960505
291.2166559080328,297.5250179337306,117.3288148308703,117.52356925458346
299.76016678979136,326.19121632734283,120.46936074008278,117.2872570620856
307.25733336263596,319.6204982910856,120.82382062417867,115.31170685988087
308.80847998374793,267.1689637022595,118.67092482667971,113.70353030999394
300.4471899542434,210.16946007788408,117.18207338239294,113.51015474624475
294.43489820879785,165.64899903779718,116.68366855388707,114.52524369653577
293.0215750895446,162.3746063801243,117.33088216185459,113.49404387012736
283.4841728410635,192.13082252472879,115.44202927966634,117.420111031602
286.2776966437283,249.2723719594713,116.767166866445,120.19326368799592
303.67636832363274,293.34314377232084,119.59801259355015,122.15289346317572
308.82621654456676,309.46598150107513,121.14152351099611,121.16344740630184
300.6201764673103,288.5908630306065,119.80602027622686,118.87918041047158
298.81924681725917,242.30236226119058,118.36759112799527,118.29813141219404
301.1194259876803,195.1211462563846,117.2807413454264,118.48222632463802
296.66772962181994,180.19768883365683,116.71879060180527,116.87621834904866
289.3170929681785,186.4894054168113,115.79258721688852,118.01062060907026
287.1369330136107,231.62959212189662,114.63976787812979,118.84143799479807
285.418873713533,277.8106669599583,115.40064810738971,122.07145903400675
282.3026594678124,308.87311869104434,115.92963736314363,121.43578668145378
274.21697936428313,313.3666643033175,115.76536906068071,119.72843102209303
278.9122404514934,297.98389518831897,116.89876313076711,118.62086706397973
273.0808722609435,283.2846363701853,116.9184369203141,118.18389733452445
268.023217002924,268.3877083400399,116.0864160078253,116.87106966373611
271.3626320014832,263.9939059607744,117.01255694271379,111.84789866543119
254.60275405306285,268.28881912719316,117.40551611714233,116.22852178022545
228.63967053085443,281.5674145135745,115.93125438958651,119.72934301612989
204.2513600178575,296.73583471301475,116.01287190605888,121.6337555164192
190.301077167026,306.0726387243059,117.09377360625706,122.20543252801667
189.10313043144257,312.2306331041127,118.89906938827214,119.3448766602487
212.79191972503696,310.1449960908004,121.46176790069276,115.11367819084055
241.4017792856931,306.61668666397276,122.50746778572812,111.74165858624394
269.3775800968942,303.92004183991725,123.3419646435506,109.35247467020702
300.81416136965464,298.93305314659466,123.69037115930891,107.85371951290684
317.0647151443804,296.1027509815985,124.27509811303125,106.08226932324594
310.69662435808544,290.7487873879182,121.7620311809825,106.52094945555275
290.3403922865682,282.96975433996073,119.9184002007259,107.99462205018597
257.4850576213432,269.1823997124151,118.91803284904714,112.49521173740615
218.80932782764262,261.0916739184662,118.09965448478809,113.88790886210813
193.68430920016218,255.449543683643,117.71042095727823,114.76141703530679
183.00491561846712,251.10160247019235,116.78568837579527,115.43670677269392
194.59729774787078,243.01330517557756,119.05748997392156,113.03598507774385
225.00144005821966,236.79094010332307,120.23043322797967,110.33672756661312
259.0836758748841,226.0824343368745,122.68952726847891,109.36370156288918
306.21421976944,222.8107932786512,122.4984315447968,107.68457729200668
334.7138530029754,219.30040459813006,123.75173999838034,106.21258445804162
347.4463762824861,216.7290586846351,123.21417795168801,106.04671877465555
338.9489522040686,213.90037279102782,119.98879219128673,109.84272464752536
310.7160459845347,210.8058204764515,119.08815336692678,113.5272652298183
271.36870260780404,204.959876335531,118.52948318679434,115.07333766235506
232.39258263728922,195.37148630292637,117.30263072059739,116.44819969777913
216.97213774400598,179.00469374038337,117.67007080013265,117.30302925340715
236.9160498319306,162.73302399428314,118.82804587965452,117.09800143603728
267.72011382783717,161.29118949820028,121.71830045620067,113.32777552692737
295.499410581988,166.31416773809678,124.22299659023302,113.44056195179749
322.5381010792878,171.6314612377472,125.83314992790878,113.65903186015046
327.6761880911354,172.77130834168594,125.14129883359601,113.34779547030425
297.8102182030714,171.5769669225028,123.87277321665759,117.18261526011707
265.96892361305265,166.887467731642,122.53895156905833,120.458641611199
235.54023812872828,151.97660241794034,122.76170568590041,121.29143867536995
221.1201655694613,151.6600596699131,122.5978701678377,120.43174217469746
236.40517396906924,157.2260234866809,123.27818524728394,118.56402905684786
268.15111854403506,165.9907527289466,125.87414094598509,119.58858859294634
299.07997911580003,189.86213555205512,126.68588772848051,119.3348785802742
316.7518121014319,199.5848399706845,127.66372444276371,119.23883307004184
328.4631365158652,211.0142361646684,126.53027925769598,119.48136667084356
314.7300267327755,219.4705195151052,123.40017199587237,123.83376502734305
287.09381725626406,231.82609265014935,120.37487671549684,126.5561247692176
256.3585884500066,241.69721392539486,120.3364804156582,126.2391465772471
242.57020399634894,239.65934833788128,120.34446460922842,124.60008216282722
237.4412314566489,217.79101120669577,120.15938696066223,121.11956663637989
265.93225861004345,206.02119994085825,122.49368931280863,119.11542314632644
300.0971828728809,205.52479786710632,124.47822524758288,115.05995420728246
329.8677103864225,216.06802778300494,125.0812284480388,114.83841785265801
358.4505199688004,223.36943120902828,126.61778442366389,113.3611498266001
354.12411614586864,222.7749185634658,125.41103777875591,113.0317448847234
314.7128040967184,214.4878252707795,122.18814490928304,115.85368079870928
269.18909715413844,197.04756650467675,121.06272249073197,118.94553446677904
242.98033023594408,178.12843076510956,119.96209836813631,118.79686365465366
235.6790440245325,166.6113281384778,120.15432762079348,117.75912371748745
262.6435187922185,159.38641121037313,122.1559811127652,115.08937062911676
287.4390922147692,165.5561664086719,123.58923307137482,116.36251873319051
306.38421797666314,183.55946890221014,126.04106833957906,115.58648930763749
334.11708301452575,194.92249560442497,125.97993649993779,118.80083888782703
331.1844172993141,208.80394251731084,124.05235306295998,121.05179432047811
300.86757752894516,211.29093834313454,123.01416523309244,123.45240069510636
258.4470338843731,204.34373715081773,122.15939070583019,122.81321085561888
214.08436102303665,183.1026254303016,120.93370188260475,123.31784182838939
172.1086957108185,173.38791614382026,120.24397263155274,123.68189937840287
147.6732506130436,161.02571626946173,120.5195449865264,121.91547156669515
156.3955423464812,148.48048735119593,122.9135616783426,119.45993369094646
183.60954379102256,144.0128942676171,125.01502351093956,115.87692661317003
213.01105630130763,148.2802942936803,126.51088765052569,115.90532083594599
245.82566155329272,167.27571766436813,127.17333364069611,116.14077338045897
277.2833252121908,188.97756288933545,128.58078311733357,118.87255045982123
299.397558627411,217.3113432974367,127.73330154690292,123.03860780768122
310.9718498204644,243.9571757547914,126.99110076785179,123.45283354848942
284.6940957705393,259.4973581904959,124.52567380910816,127.53413936189486
247.9152878194572,277.47458027997175,125.35707816342088,129.48462148299205
206.51441702848484,274.00563488647833,125.83566148120539,125.26334498024492
177.05697389695155,250.24353071925367,125.04831919812943,124.50526190234076
185.10525963138048,218.72159493392462,124.50340159127109,124.32257478769608
217.83642624152571,194.37438810302308,126.89742213074624,121.83157890360077
248.87082743998965,191.01508048138322,127.66689945793945,117.87482965255671
267.06542536400787,209.54883085811673,129.28417333646547,117.78778239030069
286.372716203558,228.5404440518162,130.16515516444534,117.84773456125134
293.378993833552,254.55055394189017,126.71035632840757,119.1397477522948
272.2601097923069,264.92681185191645,124.82999468067312,119.76589022691996
244.3369043543216,260.887019837068,123.32095206543278,119.51096249971984
205.57493206404777,221.18282808964545,121.04954752488669,119.35312285003373
201.90216647448906,177.1272256761186,121.4901566954897,118.40091214974373
231.2029091950346,152.98942452083608,122.65615782666423,115.98748476670521
263.5601366711535,154.8556252184112,124.25991729093045,115.6479523672215
290.973944331347,178.84248329720657,126.65709826570935,118.53501883292174
319.2201708687773,218.12094260088872,127.45341395915932,119.36884729586993
329.11443654458105,244.4765482816753,126.8261451197588,120.05882764572259
301.2281596186985,254.420891814362,124.37288033749074,122.26330120962169
253.26328447062295,254.20477461608414,123.54527589731373,122.63939209509068
205.24819460840587,236.65877612473423,123.0537118473338,124.32037070620842
167.26134599576238,205.56553084391206,122.47781800816765,123.82995468215944
183.50819322574762,175.41671163400162,122.42437775962301,122.27758699846467
225.52540675097478,158.3415443368851,123.3319520519421,121.1424792404028
259.8918415266687,159.34659236240526,125.46815446100346,117.09113749043365
288.09704356998384,171.77682910743636,126.09444013267398,118.35562585339882
310.41942381306774,185.2213729472348,125.48541954518785,121.02275346005678
305.88103993066505,197.4205871716992,123.56809246136042,122.76393339430669
292.74681583697117,208.52474904658735,122.37931294183895,124.41934484350502
273.54543655425033,211.448923284926,122.95880261689979,126.36393650659824
226.88756293110097,190.1872546617016,122.33361663565944,126.88232609069354
211.20277020113727,170.71467158173112,122.697991219122,127.00296451015592
236.8932778076355,158.27425343909835,124.17786925563723,123.03137998853671
286.1464223563995,162.09105701408646,125.62999995791395,119.79408650585788
322.61334831688544,177.8570095475913,127.55674374006702,116.6199046749322
352.0476403259713,191.01096475561468,127.72743584494222,118.49942368698598
356.2464228316822,196.02818940201286,127.45587982094715,117.96435641323265
330.6882095166816,191.2746164945209,125.2267902461144,118.61962310834352
299.6090930848745,186.437711102978,124.49043082457244,120.77551530469833
250.31854797807006,170.5179869214124,124.01108860409917,123.30211653037836
205.62048273413245,166.98522911088205,123.97579209002129,124.58169102747665
195.45592164288257,163.9438202936159,122.87726572820951,122.09807094075657
210.01857118648672,161.93157753841058,125.91439263587425,117.87610698064717
243.73200377853829,165.80021587260802,126.9731155255016,115.61291993474983
278.7577971409983,171.54999973752703,129.3942003093706,114.51477565919646
325.23800044046794,183.41448959070826,128.6749359833806,116.38389852241409
372.41025639364364,187.34987581199843,129.45484424304485,116.32502669552588
387.67101379571153,192.47594044865448,130.3329571244559,114.58339928378605
378.35070607678716,192.6414787402836,127.51005251225583,116.10879733851306
350.5992966573145,186.42287372897084,125.18285426135742,118.59095307799643
295.7427930111521,172.6585780388707,123.48800938083062,119.2697119234067
232.17073544137924,158.57882164000932,123.06762561900914,121.95760797613431
172.65966466564856,151.9639200116929,122.80889101080255,123.7552165229894
125.88311271706212,149.01681064686733,124.27024380934262,124.85402795741348
105.43241213291029,150.0358690606865,125.24194603355447,125.05080922013764
113.85959108470846,154.337604286805,128.38244591804408,123.03079719151516
150.13270984653997,157.87610118252286,129.57292561850213,121.10875640300915
201.43873066469925,161.838420143211,128.49600971460546,120.88214895343455
253.01388581887701,166.58108472912653,128.7674675947265,119.97149057322953
305.75987018786833,172.696011135687,130.72950123711493,119.04297500223504
352.9907312185534,185.28964680707867,129.75651818941677,120.38735992471052
371.0746787826275,191.51997856425828,130.57859040745996,117.11158715742158
367.2495850349607,194.7966277825335,127.812525766563,117.40807261827104
341.4697381683926,192.06292299253005,126.08341258441595,118.24333059457922
302.9496770592969,182.8317567886711,124.21205866735349,118.03875283078833
264.191812955404,170.86433545013054,122.87388978041275,119.38047874761556
246.08140979641908,159.66094300595415,122.40450292211305,116.47255492625155
251.75916928790332,162.47563704985714,124.31378114983792,116.34289933279982
278.4054427003019,172.70638480035075,126.85289173470883,115.98083010134383
311.42040330593284,181.95392022217942,128.4427825351656,116.59785985888279
343.13566937830973,193.77080457338513,129.2408270505681,118.06435856674969
368.79944484912716,203.43540994310268,128.93135395927504,118.75360142533705
373.9941945082779,209.9381964871314,127.88531853867867,119.23261123828055
362.2495648726612,221.60472235095767,124.23210649643548,122.70547343579894
350.6346084262399,245.17468117310455,121.99679035485426,124.33518240893684
341.8241223698235,261.33613438001214,121.34847917300928,127.03096038232863
332.3671172402365,270.390551828732,121.62078296550854,124.87373414272587
324.4924084739999,248.14099545971376,121.45423351037185,122.59649495205139
306.9268382840156,204.1310993384709,121.51866246455916,121.04029079561131
288.32058051850123,156.0909247627438,121.22510118284376,121.40559020341317
294.22762305568983,110.6757954119577,121.67337572760724,120.73922109736822
289.5471988001742,103.95474560613421,122.68688270116283,118.2488732755435
280.860985995976,115.83285230754974,120.9189198207897,122.44502574795658
277.6130678343181,162.35284752524745,118.760942781984,123.236418064026
273.88395355341464,209.4466412103336,119.72244244669618,125.96525830615838
279.6589493119762,255.54827419524568,121.86731806366728,126.15119826895142
282.627885740538,273.7858961531736,123.42244285287558,126.25280905890611
283.11423775998014,269.86612840537896,122.62012454723799,123.24485710484946
280.9729465491564,238.7643492189423,120.94425617466544,122.64536829754695
287.2827239909626,182.00675651505028,119.56616876694423,120.75383068287005
297.18521877313935,136.53427842291217,120.13403534272746,120.65264428902128
291.8077774796427,124.22009651243124,120.73836327273827,119.58298717492454
281.1014517295618,128.7368522729218,120.13748022700166,122.49145315485897
270.18888809142845,173.1559783341734,117.83427727255554,123.54521458216045
263.64745424045327,220.85065363900415,118.60995121840236,126.22136232454972
263.59481468144895,267.2451345103846,118.52943780086758,126.50787055249194
262.5302767074646,273.7760811375077,119.95522811431852,123.96064480923212
272.45211928322294,242.41806602097984,119.61670615555086,122.37734337724874
288.89677493778964,194.00132024831436,118.7595145973941,122.26326412179847
287.66837624270215,165.06080422161955,119.80016976230357,120.5540137350025
301.85382099514504,160.71580481086914,124.0018243553182,116.43619032902528
306.6697408914071,163.8527241679917,124.00781243602398,117.63554526025746
284.0171260352017,177.60876120339196,122.59717224487031,121.64124004932022
269.13091609814325,184.33620505080137,123.13182776046678,121.9408107819306
260.0788104300349,172.91771229271393,122.24573414978407,120.86013844593265
269.2355163149074,149.59011304981908,123.3644627303809,117.84070772029654
280.42732762260897,150.08705791782486,126.17879047813683,118.2347835442444
290.5196408400377,174.65566411516858,128.19733672699525,119.94326283046522
318.54463480357634,200.3534160946184,129.75520936510352,123.50092964793274
326.86581411538793,229.02889027192958,128.1133933821664,125.55957296811505
312.764921487833,241.54876514647006,126.06024241901447,127.7027951733798
290.57274675390886,232.33463673503357,125.2265552352514,124.99413297464633
267.66643043502813,186.31369563475272,123.70761820138205,123.62199845157525
254.3790030392707,138.1152979687767,122.75840797519669,122.9811808684882
264.7353312950501,136.85522758060782,125.59970081971696,120.64025005821706
290.4742543937516,162.56561669650984,127.8129556965328,123.38767708764354
319.2728620930632,204.31387113020966,129.61167154180603,125.0256973340134
329.842607175288,231.72610235704803,128.78225713724413,123.82848555172336
308.1969217389775,233.32133950859344,126.31969887168162,122.4958854036771
277.92546938108774,199.83889127144045,123.70521299297863,124.95097810601041
256.5636235565919,151.97225411500176,123.01943885217537,124.63444773138782
265.3366542537065,123.21472127619153,125.24749206671086,121.42166535602976
286.6168811767602,137.3230322875163,126.02004984780072,124.16504623255014
310.00938818993893,164.61301491852012,128.33132259512496,127.32415567757374
328.3192014774399,196.5364974037459,128.32680451011325,130.6683146695245
320.3800257666295,213.20858163271794,126.50971563937556,132.16270440860194
291.41403986308103,217.7253380024306,124.9377697523808,131.20654419298035
256.00482896406385,201.46542582927174,125.56406050793461,131.26476346727654
226.65810319846278,178.66787045642195,125.21833891291607,129.69168802523203
220.7803016415034,168.4210164422442,124.95440982316053,123.66468224743514
238.51946216096582,170.79190517608362,127.0763809900462,120.11781387552048
262.08600414539967,185.0401032650773,126.71189748504577,123.43098610268447
287.12071905574254,210.13509003877292,127.4479371772994,123.76528165929716
303.4761026578329,220.1689948035976,128.37485002682968,124.61526158887631
308.09881941896117,234.27739102806314,126.83101896352701,124.00536458672259
292.64722659756416,237.91146249394143,126.31965001037375,125.50857633025898
266.44096528163334,229.07484477180108,125.600935612206,124.88579889612168
256.1669153842763,209.94399591576553,123.7563828953235,122.37817135184511
268.29052491910375,208.21535728884862,126.32916733519004,118.05726800646627
301.19413571759185,217.14471775403928,128.0785405868466,117.25113458524024
318.54902848114733,227.3635050290203,128.76295443107358,117.71408035998523
332.5811542054066,234.40149164105006,130.23485486854136,116.16310103241013
327.5836976950883,231.46051682634163,128.26273545662178,114.83010677602375
303.0918179693035,224.83742202237093,126.41493668065237,115.98424964629426
276.94687000902996,204.5942647078814,124.35728697742016,117.11593094397452
258.38820783369533,191.69214933032123,124.16094784542344,115.74134585742004
270.3028289779609,181.774358930634,124.16392944910407,113.98070282561771
299.15847540365314,180.66903347580688,127.64659869488762,111.81683915549903
307.557771513961,187.48856191030927,127.34848712612742,114.17546390423107
317.0587526694944,195.89859902222284,127.4148288769502,114.46920689536974
317.16184183810526,202.51449549132542,126.09315366587292,115.54609544520164
283.76476030634166,203.33132216419727,125.07815077481027,120.10585058868526
249.3056005361945,189.1045353368845,124.48842130387413,123.69208224807156
216.3243729558315,173.24835406285695,124.79464172338919,124.53571806577995
205.2665027540864,165.3736692652827,123.83113179118604,121.64888008036206
226.17496477219066,167.53784431358275,125.94663420761424,117.60955600571936
256.6973360682185,178.34885510367548,127.30590620296095,119.59053125170581
273.43765136179843,199.8704150107535,128.89800281917024,118.6273407893564
297.8344915591039,212.10634540855278,127.90136145654165,119.51162966721972
300.8134903406774,220.0730254398948,126.59929679668446,118.5326801575142
280.8578160536495,219.2912264860682,125.39299629237112,116.464665525876
259.9750074633029,204.74021833700814,124.29575565446078,116.59797950771195
250.5532791391597,196.13970862790708,121.87677066761538,114.85989484571388
270.5187184993309,197.49344268269294,124.28476676416753,111.9661465302963
301.8830296374142,206.24468242544864,127.01987434639928,113.53304303660622
316.800192912179,217.66787830152583,127.07252785363238,116.29693418240105
328.7456572244507,226.07382338353142,128.35828074764368,114.25960685408324
318.5552401102475,223.22990823844293,126.09690687668487,115.78057799432739
296.12252094954715,211.38717077186962,124.39977271883757,117.09346763084314
264.1979322389833,194.64699293742854,124.44816507526798,118.7639001277282
250.4488809676867,189.76013724642877,123.27620078436507,119.03841927187376
262.68809387691476,189.17700997585195,125.71544998421948,115.71622090165042
280.3950153213269,194.76922493236384,128.44857975164518,115.75128390091913
294.09119992237675,206.54217153230215,129.18486121482871,117.15330863927495
310.41824163532203,209.28060991480203,130.92667088586197,115.74911806964872
314.8565439581887,204.51151488809865,128.36597514897267,115.75495949024301
295.0255527099272,192.41508082769369,126.19291659935305,117.72293022640933
272.97074019939805,165.3178972833963,125.27640331474736,119.36432261407643
259.57939572879155,144.7407661910832,123.93354675425135,120.3433376063198
257.1823737035309,143.67330013742094,123.63599467821624,119.50425662351066
259.67538599833,158.5215927819291,123.62385562481191,121.19844129299045
265.82160039072005,184.8780143751198,124.98028491040533,122.23763134025162
268.1136592471379,198.60132504762404,126.11909286056398,121.86807832410051
256.0431344145354,204.57455711807972,124.71393509779048,122.21812583327457
234.81525657403222,205.40272109039353,124.74438255125777,121.37648496187772
223.65257621146154,196.22443667320297,124.56789887027122,121.21718847033112
213.59732276961017,192.06500643271698,124.70361899555108,119.06516558185731
233.0394565589497,202.6050392929392,125.87756751184277,120.79169089534838
265.5368298279303,221.7477239372116,130.33686913061973,118.10604542272159
293.10268508524143,231.46587336181705,133.07326927273584,120.14178102785641
317.6031708446903,242.75957114169896,134.96301430657255,121.23082093867363
324.4990589689048,249.02038251865176,134.50331031613905,119.76704425410395
315.1152273122693,247.5700910588966,133.3642429775545,120.94701917762731
301.3801852482847,239.08895692779117,132.00024164104627,120.5394792428167
293.38538579210376,230.726765977419,130.31555466473625,120.16087576148092
281.95397662121525,230.12813543514915,130.62979855888148,120.49549616713807
278.6811592816542,235.24176883915317,132.06037338540355,119.61008250091473
280.01020416117126,242.80801481842195,132.11231299000156,118.35979459816323
277.5635071753046,246.00031191635537,132.36960905371487,117.61288284019318
269.0059123112238,241.57996279831798,131.467960708146,118.42101309836266
257.83652013043434,231.94665857401398,128.86288215468585,120.1534208786357
249.7672147230034,220.38474082288516,126.34846829608583,119.66753424344215
253.7508314615319,220.56983134585852,127.91139381561084,118.97791241542532
273.0388811400661,230.7658004678775,128.51837703910883,121.58923573754939
289.2203620735437,238.25422589400034,132.17118513064972,118.28810223912454
303.17344898838724,239.7430225599545,133.50453995696859,115.9821994904453
303.02117821159754,231.0216640051897,130.61323328400061,117.40309271691825
295.41346875090335,213.87942977584322,128.16886598102386,120.45510878303313
289.7859306378516,185.751041581731,126.80287802103118,121.68712778600369
295.4418472301695,179.78055614088396,128.1282423309022,118.53632277353266
304.0631713428355,191.6236837396887,130.10125801548222,121.89998288964392
314.44322577654805,204.04020325792789,131.8887508478863,125.26832362916653
323.0162499488338,217.71986179906625,132.7223606301459,126.65719456568861
319.5412648577852,226.73650056567783,132.92791123750547,125.55443422912073
304.78293821991673,222.92274269065194,132.29781883147976,126.68562734733658
284.04542378956944,205.2733728335653,130.00254587332662,128.00293319310163
265.3123288928623,169.9556099816281,128.27690217064725,129.0237051738315
260.05091890867453,154.48550229392137,125.7953590790252,128.2939261949969
261.35589959491665,155.5180836239935,127.29999645760908,128.49525447113191
262.34785806568584,182.65409333216132,127.61602415527665,129.80992023546037
265.19223290386265,198.18983731919553,128.2541721000778,132.75640711490755
254.10287297490487,215.30476678452376,128.50932704710465,133.83510378727846
263.26567614198217,215.03885507133913,128.99872696905356,130.1664801311282
283.9328050932939,211.00950350630427,129.00232154445746,126.32972217873939
306.11991596401526,221.7989779269679,129.570185069128,125.66344728760751
322.08124936554714,230.69428648413628,133.194072831494,122.33243443657638
329.28247335421304,229.29995493317796,132.05504305179403,120.03022715809138
308.06461184929924,219.77528574173698,130.25714255698293,120.32038928670087
280.819525253724,206.90577426911415,127.32248435775244,122.24916099598462
255.82552216368953,192.59353870313686,125.87817471140548,122.91463058680156
250.3317193376924,185.16607109888113,125.60154105218147,120.64224264467822
266.44442005258406,191.527226280679,129.06679056233946,117.58070555836518
290.47156876702405,205.37150529360164,129.8872070311646,121.34131859880411
302.4106292141483,218.66180149498723,131.10320997724818,121.95136569188256
317.38272700991433,226.80644325133787,134.0381037411848,119.09733818351474
323.82683905927735,229.97518217789866,132.62651843640413,117.45906906681287
316.77278094133146,226.6999896684632,130.15620831121188,117.22058041319843
305.92524009209893,222.83739344121983,128.5785753948088,117.31445477533894
295.53008522637134,221.97052687444028,126.66355904594175,116.32650321460787
297.2256544475893,225.4332861930069,126.7336835448663,114.99286919051178
298.40633054008293,229.39786593406393,126.96360180665638,115.37169501418381
296.3959379802717,234.99206223058428,126.85911179123858,115.29443504290828
