57.5,156.5,198,173
60.99351921821727,150.45651864006362,199.38560694167825,178.812582512811
62.981878558990985,145.90743998384255,199.97914926171774,183.12549154568163
64.8918533358551,142.69602552520516,201.22558688450317,187.01927583481307
63.88303376794555,142.79014698457337,203.9598949837546,189.84853927708434
68.03043792695853,141.7391660416756,204.17727176246936,192.32644863831325
69.4385524676863,141.6923170109157,204.65418190029786,193.81199550239955
72.4008963220227,141.02287257585402,204.4044867529654,196.30652628593688
71.87282629658773,142.9158509865253,205.11944078703732,198.62052597704553
73.2992815286346,144.44370248227474,205.1210442065343,201.48107273759132
75.60112582967854,144.63452788167035,205.4371716215973,204.94381137742926
76.66160387963052,145.84544418070814,206.9661603039504,206.81590406469303
79.29713597616032,145.71553908664302,209.03334674794525,209.7149230464634
81.70768224212162,145.56816376203898,209.21723239595428,212.21297154914134
83.65616289931796,146.0463077889678,208.83031255685762,214.14196887278612
86.37252653852607,146.57228752955842,208.57223404019066,217.44394558697843
89.26308064223875,147.53470345426223,212.4887862789323,221.9343697609778
90.78365989833588,146.84267333932195,214.80617402375708,224.0401937209075
89.46567119857205,149.64911987967062,219.75171553690168,225.44296903239155
93.35815532815666,148.5077046248525,225.38907431935846,227.38219178851256
94.6372203396944,143.20438840843264,229.23070120469973,230.61132845566624
100.91479046749308,141.43358109589724,233.22609233643146,235.82152540095035
102.05359497668489,138.77542914079788,236.77253660555394,239.4633330180811
109.7604440123512,134.88384192659026,241.68968722806898,242.50594929906595
115.9569984027703,132.0218307677904,245.10706047237727,244.85718318740547
125.63320716309457,127.07990082750467,246.91117714667502,248.79404351811115
130.83346961212956,122.44843299690056,250.18666714881255,251.05569219582938
135.3543264750113,123.77838009752003,255.83998458912575,249.22841307208603
140.14494790671299,121.29441335095518,257.658118594924,249.65596704098476
143.42947909377148,119.90735243863097,256.6411387594118,249.91434537159938
149.4887566197181,116.42907079437865,260.36689160699365,249.65288392942165
157.30835664276577,112.61609325529578,264.2985285817723,249.56743754503245
160.8632844896575,113.43999606437234,267.3563717481573,247.02637669311468
160.95967499539216,117.34682468565293,270.06691724807104,241.90353537615164
169.94031326006183,114.87593751510809,271.1816943381165,239.41080902296642
171.34077413128685,117.6867624839094,270.7024638703094,234.4348355790085
179.0086174276856,114.74843046565331,268.32052407316615,231.54004003605291
180.11617048440885,112.2225327472645,267.1150793958006,229.52611348415257
176.27631797000373,108.25184607612378,267.8910502174575,227.83865877772794
177.97735689622516,105.55873590977893,267.10486072217714,226.5955079441884
180.74087144345538,103.10522476978423,267.56970155416934,224.79370368227717
115.15644856493361,91.73681111333326,262.1773290494941,225.25390440826504
108.06402715570289,97.24194603268779,257.46166489468897,223.22120224228547
88.99043148117536,84.439167708464,249.52551273788464,228.78304627476626
117.31022792628701,94.78968592219883,247.59599141138204,224.52396541370285
229.0888529909884,107.84544518381239,245.67480390404955,224.9681204897189
243.22135738198187,102.16464304614642,241.90595181456754,228.0591749908809
232.53884765296473,95.92191573863106,237.19797513307543,225.65637830128517
248.12559124948757,111.03473213768777,236.2619013464018,226.63252582238562
240.74047689716292,102.39997773860733,235.42301540413948,226.53065858294883
100.12527828942315,89.77678347387877,232.35412673094717,225.3606786279089
124.16822576095922,94.01245391471127,233.54324475784574,221.55534431133788
71.44297279191794,90.41774016564685,228.7775641724908,224.05656990516985
75.97020424261832,87.74761663513877,225.67836202472162,227.78939497197672
80.28527247390564,85.80747549003397,222.46497408585915,229.138421778559
53.04106113737319,82.49806055543786,221.9287538145881,232.46851983432043
52.92341178921251,83.67852859965467,220.5955044276041,233.89130781548215
56.891634982867274,83.75736558958576,222.11750740400308,234.28749438077836
60.751679892517885,85.96499828366052,222.72524408464082,233.67885340516546
65.11392107427736,87.29546762742828,223.99441311119756,231.9560230426345
67.78722995680664,90.71019061711999,223.76585355078987,230.34801690166051
68.60663140687974,89.3770798950267,224.84390569977697,229.67409061215875
72.79381451622899,88.3346321832865,226.22742636767515,228.0986841118873
57.841559041089994,87.93327905565408,227.14388685713772,229.05554574072545
67.31475920168195,87.25006096319586,227.52628864471845,230.98736482349574
71.49547171035623,86.90639269492462,226.5378122739153,231.72485566230745
78.45338950708074,88.33285614157418,224.9697445103613,231.77563651169936
61.43165190365397,87.92076766752294,225.41633785075976,231.3178271040203
68.34970053294012,88.08199293694537,223.86596618575436,230.94444443346777
73.16510737870684,87.37078646088233,223.32552839448948,230.5981731175961
79.58968328663339,86.2024028613705,222.55529217464468,231.0155437969588
62.92943621229011,87.53770838553454,222.63839008309685,231.36980862791845
68.57601463575182,88.1652719340826,221.22320393166905,232.6100478657375
73.29824088027063,85.98863490459736,221.22858817358846,233.13817954113253
81.23900968046539,87.3085028354632,218.92480840858713,233.1952992244448
63.55902978300645,87.42173015999293,220.1298953092179,232.40509365270543
69.8621761226201,87.45768541876078,218.69714274534704,232.7086230174482
73.0246850074365,87.15297139410976,218.42712385037854,232.6535673407256
75.18877164107312,86.8799372962388,217.81230827010177,232.2363140890951
82.05346978771051,88.02860145788412,217.57997465993245,232.0403785117761
61.95976926487255,88.36790946150381,218.9141347388115,231.19170836682997
68.66407832151393,87.71850999150114,218.0026603709511,231.47354525544372
73.56251229836269,88.58948392328887,217.2626380822316,231.5035582463986
76.80141056246025,86.4924049205074,216.49065019356286,231.83283211385424
83.09604781610224,85.29608826124041,215.87894335900836,231.847303048355
61.64045541031581,87.59744365963788,218.4956411710695,231.24213487126528
66.4691400071859,85.32812994015973,217.55736625375755,233.07505166073122
70.00875430006533,87.30184073356148,218.37120693527163,232.66755374183543
72.18160903598039,86.26184466173018,218.47665741751257,232.8848432773895
75.78793572079081,86.07145827024824,217.7628963551732,233.16742877022133
55.71074311244304,83.04699397415312,218.41497368002305,235.03378738179023
90.50766652964094,84.35820249808671,217.60796156242412,235.1970005600583
65.18207076312606,84.75910544484361,217.3938157236277,235.09381403223665
70.32911853835549,86.45205082626754,217.62884634046623,233.956522321818
71.51220176038355,86.25836593642035,218.77190502649128,233.62135070966286
75.84085874949199,85.96103652910206,219.01654760650194,233.2345428733366
56.53502999090482,85.17037032543423,220.3624771268501,233.92706810312862
60.00142034555522,82.73837423230961,219.8687571055681,234.71140416526288
61.94450184884131,85.29360766140312,219.35414060587763,234.6052412392658
67.06878294969307,85.40784414204452,219.1970844085076,234.6802281607192
71.78049466672337,88.8467714789499,219.23228867525268,232.92178924694872
73.92226418809145,85.6910622058486,217.7659545847565,233.18663939944406
79.35774122324375,86.29730831578269,216.6662932009143,232.17143166944595
57.59442049105671,88.09729755990847,217.8920733066458,232.2508393201104
62.37350748362924,85.92603140735234,218.65561944479177,232.9257619336028
65.32009740597434,86.5661011372705,217.89817844974147,232.6173663554689
68.69066294488586,89.64595418108529,219.154601674134,231.39157969761837
70.48313866231445,87.52116654151476,218.25146586351389,231.860801907454
72.17506093397023,86.24821245509216,218.87086238236662,231.55820935169203
75.03532435899376,85.2420202581659,219.1154091178298,231.66710129483045
55.54910273379632,84.99378621789384,218.9238242005001,232.87246029029154
56.842291109418625,83.8847772105137,222.36435918479015,234.22917151851465
58.57925240721099,85.5135268065824,222.34000962921397,234.39570930605254
60.280526718145666,84.01048634458222,221.56817637752283,235.26821312166973
62.07236766872026,84.39203929090118,221.80188253408238,234.5315310930984
67.49697966891317,86.69476112953413,221.90888297522488,233.9506979352417
72.58582721527603,87.62508924240242,220.75708204753823,232.78382463511088
77.08423946455852,88.62305632905105,220.22134477584092,231.3706372059695
57.20660334041993,86.30293373164548,221.41680638569036,232.45165231159302
60.14798707486577,86.5274565805424,220.97883977052794,232.86219893233402
62.6760921276568,85.66607740492239,221.14645321230915,232.84928159101577
66.37215149782102,88.25846067797508,220.75999977425732,232.39197733662792
69.24287616637389,90.17162575425527,221.42172436064402,230.27057808559493
71.83673964453132,88.24912454017708,220.20180422043023,230.70111961630565
75.0717455725148,85.44688584771515,219.26414385829872,231.41987388721583
81.77484038354945,85.176933210762,217.35712835427142,232.0209193929103
60.7859152556299,86.6368880221672,219.2919221220734,231.80404941624857
64.20064066075102,86.16167115368268,218.94301587893932,232.82942916929085
68.73777372781669,87.1003894194459,218.45929921380213,233.1782583066334
71.74816435234725,86.6171734571165,218.1191867956126,233.3770826615977
73.79538851453029,85.39091181967426,218.2790748283632,232.495251774266
80.06559697044496,87.32456635271797,217.41736217831365,231.97830453221422
59.46248692985776,86.57996028863431,219.22895945675367,232.31584918468116
60.0951967952999,86.36272072334015,219.8894577089245,232.41183112360193
62.9145004936487,86.66680241013663,219.85274182986606,233.25223835910168
66.62956325533555,85.63907155077221,219.32899457568791,233.27347771340484
71.39477875725412,89.56159194958875,218.9364505728884,232.01192156543
72.80192362957108,87.13831093253967,218.66668168320442,231.6108034123028
76.16781638762487,86.44571922178312,218.56304138499235,231.70073236489804
56.82122306459166,85.91296713415272,219.42195755376383,232.3284392321907
61.7526121619311,84.80708040723582,219.63655286372364,232.5118012976273
66.47160468598707,84.74331933685839,219.45698113043102,233.42276122686863
70.48489289873794,89.9755357497903,220.11261085879892,232.03407684460834
74.22889575298663,88.70716349675774,219.9415993405176,231.06223327503562
55.394376803040416,85.36571989986834,221.13182025432604,232.1188339621616
59.74935520027094,83.17042289835935,222.57206525735035,234.58116465856185
62.92291176087983,85.01798251968768,222.42807618245826,235.11266752054996
68.34533232708213,85.24075229434905,221.71529796204095,235.66019618945842
74.42988228790257,86.10535345908485,223.3378306926828,233.89071475840643
53.471774255062456,84.37824077425677,223.62995465631224,234.13930672619188
61.91920424920541,85.34005732136774,224.8576513544277,234.82100529128695
66.15369465605812,86.04287423147457,224.09424076166954,234.2567461067697
72.72092463140571,85.17913110809698,224.61143696179224,234.21151499684305
52.47923629214057,85.39008710677368,224.65386133929712,234.3888113544396
58.63320544601308,84.23768017916989,224.34536036370542,235.6895866373358
62.6348745555444,84.9417590734198,223.19136639818282,235.55602422866536
66.07011852073236,85.94758341413296,223.16086622262867,234.990134724447
70.15740260475062,87.49791167426916,223.6057257355614,233.80747282259043
75.53668789092877,86.26651356994657,223.23293549767774,233.86365544290248
54.99211511205145,85.85153324384876,223.90772482374294,233.4995914130531
59.020163189417715,83.28390577675579,223.8398984749186,234.99919070568328
64.33098434511624,86.19275922780932,222.27174680225448,234.5308628662288
69.36734287834658,87.79751881635264,222.0343978922269,235.25631716745943
48.37922312005678,83.68190816175738,223.17460835607213,235.16883196419877
57.87227320222749,83.33539365676315,223.68301312031957,235.0697316363996
60.329677898516024,85.43588095119648,222.7659802360738,234.61064414012327
62.59426840424422,85.98064958928705,222.92580459952586,235.05515935513017
68.79937481927489,88.59919944209818,222.62980475927165,233.20530601982347
71.63279172485733,89.5900079984978,222.46538612831307,232.4724560445517
50.236781487195174,84.61880996694771,223.32818831140105,233.26121708262747
58.73011097562096,86.26138640649577,224.6452879557653,234.08135747745712
63.651110031510086,86.20238334890651,224.32939572472435,235.03341400958206
69.25626057671295,87.95866384143567,224.29325654532937,234.1011998472624
70.98148378484566,87.13843278815872,223.74418637646994,232.78036086548315
50.58635368072342,86.36299236729144,224.65507112695076,232.38304434241059
59.59714477812163,88.18277380445997,224.6243203072764,232.3792808760325
64.46789645323942,87.55670649098718,223.86565940241437,232.80853958602023
71.42958379625414,90.70321561712916,223.69837774159245,230.8169458370627
75.17204699846279,89.13639062963259,223.49407811100937,230.79497690603472
55.82942899897941,86.13576751260086,225.7331280443023,231.20902059111745
59.02527190132652,88.83239406909132,226.63300050529412,230.69775266566705
67.52860783767606,89.48544743920792,226.9300777170677,230.1629763416364
71.70559329059046,87.91164466291983,226.46926047868885,229.74468466787897
51.446907069968404,87.95224710420268,226.33033714356577,230.4244199794432
58.06629655322996,85.98703480013107,226.30476732926434,232.45139254882147
63.8519997999972,87.78486739063509,226.73636014145495,231.87643330615268
71.98868251698164,88.19686031485995,227.81075967635815,231.05718308910554
80.26555759793936,86.49059255200714,227.45197487699153,231.90637699722691
58.5345402987446,85.78688794457075,228.22436561551777,232.51631075490823
66.83660031112296,86.89283516138366,229.0156294255999,231.91418542719367
66.98793719993543,87.28210310911864,229.22196030047513,230.8008761402385
68.22766342499779,87.28711404291671,229.03366557282357,230.31648039559386
76.23233683743092,87.19965262564862,228.34504132791335,230.31515162497695
59.89992504225074,88.50414907339082,228.1029397168577,230.86512598603858
67.20739428203086,89.23202786675566,228.96496523418466,230.63868058078168
50.52301538794741,86.6497788584984,230.61012454212695,230.93803768237922
54.96028868665684,84.954474132685,231.026373270941,232.24594258993864
60.80481920708182,86.03846814155945,230.09991598985667,232.6413355288395
64.99387931287262,88.40157952106213,229.5018565464025,231.52290157102738
69.8325571181957,85.15734187905565,228.63252057381789,231.511894223357
55.93454542925453,89.05057329471586,229.41878023404885,230.68051333173383
61.69475822490702,86.3796725839515,229.29881202494602,231.65076943847373
69.69177518011048,87.87930699130028,229.40915013907522,230.41738919551537
52.47202395050607,88.85505184923414,229.27780604066686,229.94987822796918
58.10220215495204,85.29377668445991,230.51943327435305,231.4789722892071
67.38271948241432,85.90621664397815,230.0852125079783,232.0908091412964
50.82624295978252,86.78974999437673,231.73892368617646,232.88229852036375
57.833718434870036,84.80369967161413,232.41303390085739,233.92731710412139
66.63174713334791,86.85917629604927,233.50090785460964,233.43114714229944
48.932854435481204,86.43227827010602,233.51869981162235,233.08730849722548
55.32786967065789,81.68164582610842,234.2968789894013,234.15769665334813
115.19321724128227,91.55522283118937,235.4744708964924,230.72599140417256
63.16886133541931,89.40428052164859,233.9836777033355,230.76574480911228
71.22840547018896,88.30216653874604,231.57445309651592,231.28462259524514
55.88508951145434,88.4107778271821,231.99490116083575,231.47526870171117
65.73191329150708,88.44925840851161,231.6089375454324,231.37629282986262
51.09293360469647,87.75322883184306,232.79604418162688,231.09140355504573
58.775011213660164,85.76443240513568,232.63005390357986,231.96178458022868
66.37850638977436,85.90384874830951,232.5437453140468,232.23246106155221
50.34145212949545,86.01720883662293,233.078919126963,232.09299167641547
54.82473882647878,83.0176011224886,233.26813033992994,234.3839873380673
64.51079993532366,84.3709901204395,231.96981679228412,233.95633932416013
69.14836325874175,89.40591183433716,230.9549478663952,231.68442661383307
52.209682860178575,86.03156563583407,230.90315522113875,232.7398821829889
58.40398746640493,85.16009709924012,229.7430711704292,233.42488580643163
65.7436639660151,86.97852731639912,229.70226797589635,233.314563982572
66.0247256994011,88.1200982572422,228.95323128704985,231.84205778680655
69.44592828134327,87.87874333072514,228.58228837292137,231.1779884602676
51.28578695204317,89.77156258820946,227.90217430300595,230.47039459823782
55.82109108213115,85.87966183263663,228.27275104038858,230.63021177253046
57.81421076600752,87.45049851677187,227.56949592938022,230.73670949533968
59.190952972529104,89.10217303979422,226.27274831939187,231.57617842338556
61.04737179014408,86.50613027341473,224.60562482410026,232.8194383583815
64.10094037234288,87.23833076929995,222.646624752293,234.431056892139
64.50514530418184,86.06192267281034,220.87636537794538,234.6311657467851
64.00982404372391,83.76457652678144,219.24291388946182,236.03680474180004
60.968496857445984,83.51661121693736,219.3791819247374,236.0609077948645
59.43239437068375,82.7836593921984,218.45062300513442,236.1025739546421
54.82478338736206,81.5695660443808,219.81807904923141,236.41393983805196
53.99789257362997,83.96313471428955,220.6231936511295,236.5250230373275
55.54953422274912,80.60113494098363,221.39043309039425,237.9905386972206
53.71697872068194,81.77368426433416,221.73697348066753,237.8877953971992
56.16680930702583,81.85376723181832,222.1985712915918,238.08455247615643
55.18443610831865,82.3168700904423,222.0755522337602,238.74596665961192
54.03558834696767,80.72183172606513,223.3537180561829,239.52850616645767
55.46522168784146,80.63076571248455,223.33645901145925,239.99530413581093
56.88762556275354,82.28907214636172,223.23499246913937,239.3289288283288
54.89839386526944,84.33028221469195,224.23666233650442,237.5357576349972
57.87394421667511,83.02167719352758,224.56729228554855,237.028578267307
60.854359631642225,83.43874400203559,224.90136854866242,236.19101035545626
65.74664091287987,82.44784079740687,224.15899176957336,236.85488380134242
71.40441172407057,86.87879898644987,223.7445464911861,234.93859940415243
72.99065834778412,83.15334536006793,222.50375740731033,234.34998162487284
75.83151178218077,84.11842471463359,221.12072083041767,233.3024393164602
80.62370887551256,82.3076153373551,220.831139799882,234.4627574595212
85.02484110078782,82.03625480043266,219.42391586141645,235.19836230800428
58.45759951868442,82.10498160556665,220.55429059666818,236.3934282289863
60.321994961966695,81.55478985051121,222.09408157732165,237.06701500476413
59.540097783096826,82.15945686665223,222.9590556421117,237.46704178657663
59.278600332715854,83.23485589093497,223.7962330925887,237.36919388182525
60.19791793470185,84.02784980413827,224.89508262982764,236.97989411141077
59.76511114193967,82.67021892519091,224.85471467467207,235.962132702649
60.54409234844849,83.75560168494117,225.5916321749845,235.9608985285159
61.35941539089738,81.25751867798806,225.74782474079015,237.21129313434108
60.85289057839947,82.8255531415821,225.57277569673386,236.93542818855252
61.91124259585223,85.47989176202542,225.43278663050967,236.10736084146473
67.13971788848723,85.27973483740865,223.76825071046184,235.75257700345384
68.99796078269355,82.87904763360086,223.84601898660912,236.13544574242928
75.63677046199395,83.46734350323095,223.50432892640922,234.94781952473568
54.226259189892986,84.53567938649562,223.6196324764705,234.65087778254411
57.591676131406516,81.46473417416365,223.4478458155809,236.18457814754618
56.58861060143718,81.15022097888433,223.1808221399544,236.948749010227
58.937253939805316,81.81897004899528,222.37457769573155,237.34298466898582
59.495739788429205,81.54774430942098,221.78817292925464,237.63071245023366
61.58160442915381,82.78719545799436,221.89956809467432,237.21394656475377
67.04029936358971,82.29377491970354,222.23996783761893,237.20937786274044
69.73889079941094,85.413027466638,221.98811539505363,236.30574453782293
67.78078135403696,81.18534567001016,222.26379082495563,236.1648413845576
69.9669342995115,83.76745328893784,221.74635239235008,235.08351379623838
72.48511977275115,82.1756218243149,221.21224070032633,235.51591763696803
75.4012237901544,82.83344882412118,220.86461032131206,235.04612262850156
78.41590942565915,84.04821495511985,220.04559337845808,235.12994681372408
58.90749877148802,82.51867799900855,219.62299207937846,235.4637549845984
60.706029841452576,83.13672396127444,219.29507828921132,236.06472291552774
67.59361890084985,81.72958030011623,218.80621132001394,236.35447434345025
71.38066994442015,86.25700027780948,218.8344012937254,234.30868237314064
73.55251299378426,83.01830632561092,218.6490103495687,234.43415634855216
77.12230202311433,84.0735664233061,218.4578771342008,234.02986142915515
57.14628799667908,83.38761987112713,217.9050223745713,234.86360201762488
61.07781282501006,81.02980230695994,219.7220579000993,235.3393503852476
64.09336770497166,81.357727307711,219.18932594016388,236.0998613580573
66.80520159809097,83.08590194595877,218.13676573220283,236.1051474327428
70.98311921202301,86.4208507688413,218.61677549793006,234.98901651442523
73.57013878998664,84.63225742833134,220.18554611449426,233.3632603472396
53.87513644334658,83.95127053053385,219.58091808682713,233.7920321741647
89.1377061810156,85.34404275480489,217.68894969303204,233.08486997926946
66.67009164780185,86.0013237801304,216.97977720916657,233.02363005309962
70.38473509070714,86.4491154036042,216.44707912569365,234.11770134716767
70.70146993667203,82.88010414363957,216.25721372424925,236.07619801489355
71.08912198482247,84.03383353017972,217.2977542829853,235.94589187548024
70.69696122672144,84.71436432539667,217.56215848990314,235.80608081910395
72.16588691966109,85.91824464912332,218.17787904349223,235.8252360556686
68.93957528946142,84.94504072969374,218.77303989773313,235.4358256038173
67.38363185502115,83.6785521719824,219.11246559069508,236.73752584946612
65.95735082624586,84.23372101180007,218.4624512970799,236.4720645188031
66.41752382787134,84.900723775543,219.1145766740627,235.94928088891933
68.92577381986376,86.08085247239629,219.38214908921725,235.71265544940587
69.7763342098462,85.56919148282373,218.76608234920752,236.314483570452
69.06976857711602,86.10045342137406,218.29734847089193,235.4691711037546
68.14714414957233,85.53008286517597,218.13387764328584,234.25130563923122
69.49820601662756,86.56199587294563,217.25863007265804,233.75138307465778
72.3694169766446,86.57327436112784,216.9868001745661,234.14592506751447
71.3777190206665,82.84887875122098,216.06050832903023,233.9179470307364
73.66292876142757,83.54094167566033,216.7343925508162,234.0020041032673
74.68910724390467,82.0150678714103,216.35552873275836,235.2271882342512
73.59571130058399,85.09685089766884,216.7966538770749,234.00805682452585
71.06968413931271,83.28053134319171,217.43038468277175,234.37834632791981
74.34477171620628,85.53264642187624,218.60595806795556,234.06158422246116
85.40862760376524,88.95792602641987,220.01657064891674,231.75396324579577
66.50495600268303,85.51347459061927,221.0406954672921,232.05131910506788
75.58940307525839,87.18878594833724,223.14128298107693,231.4358464884326
59.01524145145969,86.82288360133404,223.3470479401001,231.43739188316073
99.25644302706723,88.17093095810867,224.0373971692561,229.5823412975526
81.88726998392008,86.99641440125293,225.30285049431996,229.34177194086612
91.57249379259824,87.91334036755258,224.69255760108473,229.24881599482384
112.51958325849637,95.23924374750814,224.31982108261855,228.61922889281067
96.16704358143673,94.63084371472297,225.4627361300972,228.05030622583706
77.66349626551234,91.95904851541965,224.79516340354755,231.19549898803012
119.5437895054953,104.67216485955194,225.2035680124488,233.4266588015966
129.64412782832983,115.21997448860267,229.13160688191647,233.84611331974025
117.28570443998728,101.40428358333466,225.841236251375,237.87214082119425
128.0396807290339,111.85651495761381,228.90821004962453,238.9780159022258
116.26343128510996,101.10001786942308,230.1886885975066,241.30810678881232
139.29250991740963,117.28748468877754,231.94171907704788,243.9844541254452
216.9285776999609,141.65843326078397,239.39196510374222,236.73661368309251
234.1468481583359,140.42094059601942,251.89984404783206,233.4733325445735
238.44551725361865,137.48591379796372,262.8469928567783,234.19475170693858
240.12244491187872,135.01662697976198,269.53686255399106,235.26874471208595
234.55655154995307,135.95459707052586,276.40611847416193,235.21912601321657
231.1816611324181,136.001543749725,281.76143791587555,235.5657918632114
228.73030597506198,136.70332852684763,286.53297406855756,236.22855345711372
228.72651611529054,135.366815882108,290.1531874932396,237.73276384905574
226.94640186432906,138.17242810040216,294.054600015205,237.74594288918252
226.0352736122423,138.55483355995779,296.823334945835,237.2051408431763
228.3019967395054,138.81745817381704,298.7837994807985,238.08284214074163
230.41941875965534,138.05664363222644,299.60475587842586,238.36623372373208
235.97282574113282,135.12086382390333,300.3098611278122,238.67480219810534
238.48437275491176,132.00902999173212,301.62742767230634,239.91433614204982
250.25302189344708,124.5466544118826,301.25323631357065,243.3294570985018
261.7463116509932,120.27214127686602,298.58468238746764,245.58295352615824
270.57585705597796,115.32087447674681,296.5083733691852,245.91899218468524
283.38350208006017,110.4102077058569,294.32124303476587,247.60385779281026
289.743087588912,105.31480745122855,291.67133929001153,250.27189552664584
298.2440595951013,98.91142686662391,292.4963739611045,252.63181354857727
302.0834022666686,93.7025823878916,287.83027807262084,256.2789560697321
337.04045148011954,80.88192821800567,278.4279632455724,258.42522923799515
337.46098966608395,77.80517566312375,270.05888604203955,262.79473907702993
337.1951932481864,76.3788260714415,265.24098966579857,265.8026972288669
346.7917483270874,65.42842328203034,263.88182382867524,262.6970712280994
346.17145044368334,69.76059088982973,260.932528257135,264.25100536064514
363.26648891570125,59.568623958189335,256.8497167855113,266.894777328174
358.34020973541953,60.913806648129196,254.3352364192681,265.64718588647327
358.356177569134,58.45751004688091,250.7553278342824,267.5744840316731
358.1972313305978,58.33742493595696,249.38967722530293,268.24396579722406
357.097010832242,58.860495072683875,248.3463433311148,268.3787102426652
359.78416780532797,60.00862255590576,246.57568138537007,268.6482857453529
359.4447933551111,61.0704624113296,243.22213124405584,269.5514982197164
356.65779169364095,61.29241271321311,241.76275739643336,270.5230946805398
356.5324108301493,61.82900086507078,238.98326380572877,270.8436357850047
357.3504594392949,63.43978962177519,238.57962160261997,271.65578687114424
352.6251481109048,63.81288363099662,240.41273584799274,271.02334273905296
349.2738041826235,61.82347776668297,241.6154403938558,272.7323423605941
349.3098100722003,62.81123493061011,241.46333232518674,274.2637335884649
347.32241131333353,62.150911487276915,240.69988101784696,274.3739314947999
350.65199472029144,61.92645284161796,239.60510152540343,275.0073044639847
364.79892208626217,64.59953401527201,241.53861419458494,273.0523607789386
349.19059961119797,66.61818873751588,241.481205571105,271.4056975537044
340.9009113243124,70.48798145228156,241.48689554514465,268.98779791518865
337.43583182310397,75.86454830150052,241.6512054340971,265.64833380293237
330.0483131229364,82.41374290444367,243.5018434585167,261.1953332002565
318.7829894969521,83.92045830027516,243.73978326724807,259.8404678106245
306.7160445438283,86.35499787055454,249.81657097012663,256.0539769850758
322.576269029437,87.11589495572545,248.6712238513261,256.4607622643876
308.8831237182428,88.32792229811076,249.27372007063832,256.0973898763699
294.7228821970555,97.69160893724808,249.03599464743672,256.36192371784625
303.32572847877475,93.1010332342587,249.1849201565081,256.91240934471125
286.55417050290305,104.45096439030215,251.1819335844478,252.97138950088606
271.66713643961054,105.96809148597447,253.94530911459717,250.26641333159228
258.5029413443365,113.16150535187415,258.6660390115663,246.28554377545208
250.27082340914555,113.76272372407672,261.3706971307884,243.36661723917683
237.53235303193463,119.29813085413795,267.24730181038115,239.28264370399944
225.2199956244341,122.53025953122221,271.00612040040664,236.50409916416197
187.14010430789835,123.31416276569846,272.61715883181796,236.1241689197273
159.1478277760472,120.71770370680336,276.20824876075466,236.1351498198051
150.62098669626067,114.71864327708813,276.68015906974176,236.25609248709688
128.87057484560677,110.24448188823165,276.41085261357887,241.3325189978726
123.68920835887803,106.42501791116747,273.5379479222414,240.50036044992575
110.52176642709415,110.9003489298735,268.7209763170592,237.73804575214382
92.36640509173623,111.62520414982852,265.4944141367008,236.45709321282945
85.20457665350577,111.83921017385487,258.12909472531993,236.41016241806693
75.73395797147072,110.865748060937,252.287056485142,235.600682720868
68.56210412708545,111.60945007541304,247.08851067964983,232.5191364933533
61.74838312242653,110.26980352342419,242.53593521765418,229.41376210541816
57.887787239837024,110.40555643944607,237.13952368083125,227.36694504176123
58.861258153398026,109.08048964793807,234.05185743316176,226.31114696126406
55.57729707792154,111.19968751640434,233.7315564128806,223.45300740032638
54.05112567857097,113.254900706812,231.97433462112764,220.89650248061642
57.92558973736763,113.76328706630794,227.7690621374607,219.01512850716134
59.238928285831435,114.59109978919719,225.4515752840157,217.23716840228326
62.1458643265283,114.97897401796487,222.52793242778066,215.8448558497276
65.33804526072764,116.66911113059506,219.8274353913064,214.06242682119117
66.61460255872962,117.08793663773433,218.64925105786807,211.49634637022896
67.64456710470196,117.91059096467743,217.10554474090583,210.30187887497124
66.78624581368582,117.85425634320859,216.4862748568889,209.19534607628293
69.08092354498702,119.34213920058046,214.9726342208704,207.77420360773212
67.95762563742328,119.00300199438341,213.74568734572077,206.29683336489856
72.35836737888832,117.21599233773581,211.8558521362587,205.48940917767496
72.21311345839335,118.05380020908518,210.94175260973307,204.3660022162186
73.03077082278504,118.11372866664664,209.76567369814367,203.02017872833414
74.39335650554403,116.82878783335349,208.1801631678918,201.7421592890397
75.82435462939199,116.64223082395782,207.25048000479825,200.8793005457232
73.3331210795435,117.96737371305528,207.37038730911559,200.48787726295063
72.56018865382337,118.17376756270927,207.24889233160687,200.5293430881845
73.64353248908805,118.52704772632647,208.3302050444546,200.59946108469583
73.29287532792847,117.8427744719023,210.62756366876044,202.52930244723146
75.65239177165623,116.8340743460533,211.33545691732178,203.3102725307776
75.2690308093047,115.89982016949767,213.74653747697357,206.22913238440003
74.49486999577053,117.75956164235424,216.7172099875258,207.28554789526038
79.09380884062881,120.5604337423299,219.4288362345768,209.43468679772604
84.85592042670052,120.19772736498139,221.05537466674247,212.41754298046263
88.8527815935781,119.79931622532762,224.48795715018701,215.74351097739103
96.4850284624364,121.03692366837126,228.2060073577829,220.60792764876834
105.3517788384383,119.55630811335745,231.2194720141043,226.1363279482491
112.79257739344541,115.90039877681654,231.12281371634595,231.16441778336397
124.57222735205805,119.03843289272544,235.90106110136676,234.3174514955159
137.48654709288962,116.68900570960344,241.73769910078272,236.95668810396268
150.61203241092795,116.68476470307556,251.6072080484463,241.08862039625427
156.36534816773565,117.97648534102657,260.82625783976255,242.14178247575995
161.2950329301059,122.31701388949176,269.15585315877206,244.6555333851162
167.68989743642572,123.89608026073856,272.2142238546895,247.41635024665703
173.75332807184293,123.93811915174703,273.12230521080824,253.8342961615395
181.8769625992639,124.69132209316595,274.73239699581006,258.1959155815886
188.1746053267658,125.93918454978731,278.90521800137753,258.4245721151843
185.91536423410207,127.60367047034003,282.839625868296,256.75463393019913
190.83336604010208,124.15226280456542,284.05241128064904,255.9409804507132
138.8918258540423,112.2080042945176,287.88712129144045,255.78917802805984
218.3540349679524,128.71811185068532,286.0338547970187,249.2692375739275
134.9959708916112,111.48517814658598,285.15101444384175,245.94613784955783
208.30879934414898,115.90172588772579,287.6984532418912,242.82531501132118
243.02719513870122,126.02573357581991,282.7715188305211,241.27604917736926
255.2350281996168,116.18886671662793,277.30994664179536,241.1240973946546
263.5303140667914,104.81762893160015,269.594781172705,243.8538452272834
276.3008095368604,119.9314544494223,265.41718783083354,241.76061077183928
257.6958884639321,110.19450168052887,263.7830625389461,241.41112725628142
274.5572547833558,122.97038316827073,260.71121834309184,238.10007358560728
277.50077153998046,111.5854010286844,259.43071835721673,239.73404199991177
284.73922418036153,103.72526267876694,255.29019975705765,243.2530943726593
294.771302340547,104.61258044299063,253.059865687053,245.2989093885692
285.0406123389955,106.95367130131157,254.3799454887399,245.04511626750838
301.1385110752295,105.48773302534818,253.75207633048092,248.2838617898293
294.9809279819121,103.17072192681817,254.52096165621484,250.08501922553677
319.91371614195657,96.71627898693717,248.78649266644817,255.44778493852021
304.09579996223795,111.04610114715754,251.59712399133952,252.6088612906869
328.7680850117334,100.57915026249643,248.6548861982568,253.4000724014398
330.3520379038914,96.92693222586708,249.04390070393399,254.13854043804687
333.05561431382444,101.45866130377904,250.19746737411924,251.04953906933233
333.72915476884623,103.9687783885536,251.65406378455594,249.86332861384875
337.46843541251917,103.4637654488141,252.03453131343326,249.85936063403668
345.2290097318813,102.42488648458374,251.48716616775096,249.56024602297714
348.77371956338015,99.89807144889039,252.42397540947746,248.6099483866917
354.98800292090675,100.7153452846216,251.34963194576696,249.0768010905955
358.4898217416658,102.35288956605082,249.18624288899613,248.53910280750696
356.4659670793191,103.51272833109942,247.95407741205386,248.25437744110604
355.09327620794267,107.18075159978234,246.99694522162494,246.64886545726804
354.06948642757834,106.74743788974894,245.06257688348887,245.7561568826144
351.52894840187776,108.11361741441407,243.46422864900137,243.87982120450377
348.74743306144103,109.25583671451827,241.79418037327076,242.46060142248308
344.98095509240204,112.0878239242032,240.03255966645133,241.24556823388713
338.859979328281,110.12505001427392,239.139599657523,241.57320111958737
332.14230491275504,107.44374005172324,239.92330378184886,243.4209847333484
324.01801867429157,110.88649190112366,241.23508960716444,242.78655248764204
313.7953145713143,112.77908901771761,243.56293456543835,242.02466605474712
311.3042330325383,113.64126775505486,241.76343517884848,239.37972622600387
303.89398654980926,126.0576055635382,240.88921455177734,234.87809957449127
321.00666007513246,136.2737250278297,235.98515847097946,231.1958396650733
306.56151539481687,125.54415101744186,233.18325766132267,233.784870498349
314.3960920017095,121.65632489270996,227.21104105489815,235.730442238627
298.846369614291,123.42259944627118,226.46618079128302,234.21792553735784
306.51254487417947,119.63102389377354,222.26462670400124,236.3633644498177
320.02332357441827,137.9407015965528,217.81198753167305,232.1335125232631
316.0831702350879,150.2038204727736,215.88961133374687,226.84889388092896
304.5453188622881,143.17946203190894,214.4176742325447,224.69215498262892
327.2377950538837,154.87671459492822,213.78844008055466,223.16020631410993
81.5004107184154,94.5846300817219,214.25893629055378,222.83074771601085
63.56088431817943,95.24037302110874,214.6882477275003,221.9040353598526
66.0342553044286,93.65648335493083,214.80227102142044,222.56147519368852
72.91195106952426,94.13805489316147,214.734722813983,223.2008535367524
75.98611079973767,87.94284484286538,214.12720297132353,226.39072451167317
82.29327381401866,86.35780572399567,214.0909342318851,227.59540884854133
64.12481534477487,88.05775637300806,215.42545554048985,228.584810757914
70.70979614494169,85.92216728936651,215.04849797610592,230.7709330971026
75.73865180811481,88.18262231063791,216.52640733915177,230.1301182980138
58.40832745910899,85.97335175277074,218.00287863848177,230.9591685232452
64.08768700497217,84.72778624754788,219.68962883081304,231.9690836990733
71.24317335126197,83.7372216009716,220.33170675163674,232.61169091561914
79.87456034581125,86.28289132243228,221.53808902779699,231.40461546500734
64.6774666682212,86.78694239588728,221.54018081718118,231.2702369442341
69.86661943029564,85.82741597163619,221.42601732947028,232.2666955434878
72.31870087682697,82.88064262207732,221.00298932791765,233.66175477007135
81.96906109443162,85.30710730311534,222.7460673393636,232.7819105730191
90.67181806793522,81.58421287444983,223.35307132143356,233.951940687064
70.09639268860303,85.17364011855307,224.44930324464872,233.23216498761485
72.16475159390102,84.98251155742595,224.37613352212648,232.5368594200879
83.542984318534,85.55513866651037,225.99269968907146,231.3080726450276
62.09335699102931,84.37855273600555,225.8351496870984,232.4490891639352
103.11540751459125,88.31756683675138,226.9199014842128,231.29509622550506
58.297661386133925,87.0848090839597,227.8571134066548,231.03663106588152
68.99936761422015,85.10654810973975,227.0522956160097,232.9048256064845
76.12874476127278,86.14019887188047,227.96894587054945,232.51625325872436
60.31458965156003,86.44030711077727,227.23746910267027,233.22461241111876
66.70932476754578,86.374627849078,226.84812151321586,233.6506720935177
69.55678665831809,85.28819499334345,227.8320984503602,232.33751247158224
80.20555416024229,85.51835582625493,228.15392723130185,232.0950142664574
61.714652051797216,83.40472421161334,228.6051032438463,233.6037942861306
69.4603658466847,87.14766627899651,229.41694027199125,232.05663228500075
53.83116038374199,87.53067727151026,228.4649096085212,232.03814755526042
61.2799877902149,82.36597517738201,228.0946653027775,233.43824952794074
67.26013974727738,84.92806551770519,226.71859085795188,232.70803790628486
49.13209873534302,85.48457953410761,228.69261035130302,231.77499456223887
57.90135256763037,85.26605864059904,228.920290354575,231.37630138583896
63.76278792668924,84.79046326417546,227.21029614707737,232.2917341127419
67.28006029876035,85.3404198563412,226.01982755955137,230.98494204278362
50.58839540751063,87.03474601075368,227.93890487012698,230.40392218024772
55.26498197917704,83.73077667561918,227.8148081122922,231.8002367050089
59.943352947226344,79.07167819930793,227.73535938145483,233.9149996671529
61.93833476955572,81.41429651405818,227.35141666422527,233.724854952783
64.58382694815421,83.2370561091416,226.712904803061,232.70348913824176
66.63195474100944,84.71805524444034,226.6934810349775,231.4570591717062
71.3568468624575,84.19777633492058,225.76136456246712,231.18207989567583
79.25431169950467,85.6790375847129,225.89140551520384,229.88791751018877
64.3852577187881,86.01740830651924,226.52855179145632,230.5400288392888
69.42276776736679,86.13903360151906,226.7798294543087,230.18921114012159
54.33314337093097,88.22232565144334,226.58885806285417,230.69784419191487
60.091245204450644,84.44740783323499,227.03550592016785,232.53663265578518
69.18215933198293,84.90433796033015,226.59021750580152,233.27034634950135
70.47704633875054,85.3098680368999,224.96553746256507,234.17616091502794
74.1238934103741,86.01191403678233,223.99132326163974,233.8753046368512
55.71494761410786,82.95111022400133,223.7441857098851,235.62108924147816
59.90948583053131,83.01612209735984,223.59045321014366,236.90676581119027
64.32795830988047,84.88715393026128,223.87414233042483,236.56780931167768
66.75244421653647,85.72659147482304,222.82208867087564,235.92239948878188
71.7411266087887,85.09127973832423,222.2351991595035,236.5169118596753
54.123055059808905,84.56810243768605,223.43894784828342,235.8082613397206
59.81206852137299,82.84294703505472,223.40825292588767,236.28804258870883
64.09784915845441,84.76211484685953,223.67290857829954,236.3674315744742
70.85927154997415,85.9519224989898,223.33952073495732,235.81295460067327
73.29065931528672,81.77464512633549,223.7210670274523,235.857294349644
56.820938743163225,83.70971650938557,225.64949704804206,234.92075105558973
60.47788880811905,82.29527815645488,224.99734961893608,235.8507022186197
67.4043747610097,85.47318343979141,225.3322172212114,235.16431094058188
69.0693984098663,83.47749310802305,224.8396204278012,235.260569314461
70.94140513752828,83.30065016515488,224.6935672061656,235.42584250407424
79.11145101764544,84.35593141779182,225.20596491736683,234.7286997223111
89.05727730914462,82.45403298893551,225.03738629371904,235.44917572392936
67.54950062307397,84.71993001491515,224.66889501864355,235.37448778540391
70.75061368398269,84.8633583691223,223.7205925990661,234.96431785118386
77.255872533283,86.43848181365334,223.7556538570695,234.26732709234028
87.76285608750379,85.93319188691427,225.76628010189938,233.32811575281
66.43664000524987,84.66034258281772,224.58168376298926,234.94322623482054
70.34379289632406,84.33226932046901,224.1401816688902,235.54232360800796
75.51909055699724,83.72178599815555,224.33585385700428,235.90800049538313
55.76410655445508,82.97234094797182,225.15567827688352,235.899782265024
62.44048877347157,80.56004594154871,224.40860574864058,237.42505634845736
70.0844684141002,84.8208721915105,223.34065436380666,236.0918971003343
73.29087476129672,85.78728980100942,222.63740778574663,236.0283150399058
81.26324338581637,85.16214396889387,222.3819128996834,235.82187157001215
93.41649764329448,83.49966200970667,223.95064661800356,235.4801212969498
69.28024997363997,85.02941721540618,223.43231706717586,235.0590929793618
71.5232431972568,83.73898457186169,222.91499526609087,235.19895375175656
77.38023143218052,85.42219115173457,222.179578290262,234.59861358052095
83.28818761121447,86.57452198459842,221.5240081486858,234.55705516148208
93.56294977382998,85.96862832227451,223.90651736227312,233.32702114938368
73.12323332031468,88.60173757223956,223.13441523512404,233.1747796048674
79.2643209918391,86.30574722048677,222.386205002854,232.78225322448017
92.5225622875019,88.12348283922825,222.3519516443165,232.208050078199
71.4108968565125,89.94820528397825,220.98169653827773,231.33719038424036
73.86908947794697,84.97846014542235,219.3494986123033,232.89828844180872
81.33000704588639,85.82172702160938,219.38454213853385,232.6650216676985
94.33984947757199,87.88297488368661,220.20659120765777,231.7036601865555
73.20969662755742,90.42471189083646,219.53871239840956,231.8910182340234
74.58077290889645,86.66815501081388,219.21531155234527,232.59862671834225
56.570969064474184,85.95821231103366,219.69892375779136,232.75109504465286
64.60448873796659,83.23923392537606,219.66355402750577,234.02979821870855
72.7776571193428,84.72394408825727,219.90839425144767,234.5437777609576
78.91041721739174,84.88894015484455,220.83005743547676,234.03143986493419
85.47840528342357,84.57759180064244,220.94108485871095,233.35298207905282
63.344135188299106,83.16744118996297,221.80430202039543,234.09155651093727
71.65102035883086,83.9963822389885,222.6782197439071,234.08621640793473
79.98192168322032,86.93336472028524,223.0697217673694,233.78464867739692
90.22274316212771,87.30009248547849,225.37745030003313,232.43010356933556
69.80734369202291,88.47586766220759,225.46827807935406,231.93721415223294
52.55272152194084,86.78765686970185,227.55095915657876,233.12876716310197
62.0706050890939,84.84780741272849,228.80496024126677,233.74668295403234
96.46927279806744,84.29456189482241,228.73436279939392,232.86869694669264
76.29258348022447,87.98464452165808,231.01160770705252,232.15410385946416
86.56451264513396,87.58346592222743,230.44001271341517,230.7641223532626
114.73211018120837,93.87528953143976,228.86555219937182,225.98624076365263
66.43481044566221,89.88078068126401,228.45421600151883,227.5587001983181
72.99140746238552,88.32444949732293,228.5891613494809,227.61020009442902
123.44319223287144,94.65300971687213,230.18431769962234,221.46363778368755
117.94417101251436,94.1241885067841,231.77689406062458,219.28825250725413
116.68631126503362,97.26355938794254,231.2870970265028,217.5336515797456
110.79259802749036,98.54878009023928,231.71767097015623,215.8992027140811
93.45545213274947,95.28896120390814,230.6041896273138,218.4994247743868
77.37356496898016,91.80045632188447,230.67089898292858,222.0977252221805
64.32351026549092,90.55859861983495,231.66467179627912,225.26050704588096
73.94991890844724,90.70933462761539,230.93121600633816,228.08745681376735
117.24852827041659,98.08495473547967,232.83941415251667,228.4076458506633
72.8038190525894,94.59602136945088,232.87171588895228,229.05311226076043
88.60467906812872,93.63143622947997,233.81950299898693,230.7561407898897
69.474266644283,92.36295579406757,232.6452768823229,232.15912591646708
84.28103081215173,89.45400329013435,232.63328052900732,235.06653325892825
67.83312373951657,85.44278833995271,231.7346534511331,237.3653384530232
82.81839499393108,88.16766858747278,232.95398749870057,237.18574626242645
65.21853307708592,87.05991207801009,233.10101128966627,238.0172834178951
76.97715945807096,86.73796133512764,233.78737371629484,238.1650231447603
90.47957853820522,85.90944018415126,232.33007431335054,239.96653533373126
73.69771231643765,88.73796854898075,232.0643580569345,240.8441751830518
83.38773189712745,87.48662417664079,231.95422970793283,241.6950517319538
262.26321317384355,125.22529794198539,241.17067438106312,233.4423135762646
262.22717921735705,124.73298112992522,246.00138258334272,230.58960613020977
258.8159271493038,123.59984153734194,248.50200161050162,229.62418632550816
239.1135821104854,120.31956959076717,255.1786567149938,228.72541110397265
229.72599087464334,117.33618745614726,258.6181448736286,228.08412836469807
115.71034879836671,105.03764100596777,258.9383389382912,227.12614275858732
107.34180255692382,95.63234321282862,258.7209750918313,230.48092493696768
102.1270265914547,102.12864730878758,257.0720138773228,230.85100385595064
108.41740985970114,94.60939644361116,256.32242123761944,233.00223942724585
107.78561035005585,89.91734746977838,254.6213069218728,237.32400474475395
114.54100569585627,102.5456700766851,249.35604063670505,239.23639067412898
122.96636958557514,98.49224933794693,253.55322926962083,240.87632417354746
132.30974276178836,103.68778224789929,258.4168407357979,240.36032797186783
146.72005263778038,108.30886213553286,262.7230367797123,239.93193467609288
145.8675178982967,116.86821826348111,267.0892667277348,236.3987250447081
153.58879277736398,120.41449501578953,267.1448582583576,236.4562650955417
157.5741198481373,125.5144310166138,268.3732798156635,234.39269318086826
160.98524655899416,127.4391384698539,268.58148961263873,234.25450759872888
161.76308889887466,128.12808768574146,267.02273501217957,235.654972394798
160.7401416545197,129.1812063734243,266.68657803299396,238.7957204549182
156.411469593931,133.60404558338746,264.97756530450096,239.25681522072182
150.25241183325036,133.96049703015723,266.21901113286907,241.50308290709256
139.63964480976,134.7216383626918,268.36717358255976,246.0907789178657
123.81845308575896,135.31459546944137,270.2451393822464,248.98286954140272
120.30781934306304,132.4472370048967,267.72663674129547,255.380649758227
113.6881373991572,131.76978798820437,266.6590424305598,258.7893340693827
104.9108690255874,131.30000943372266,266.7686920164445,261.09308235285323
91.6162700448312,130.5201313253047,269.06993946220985,262.19107721428907
85.12320340086362,129.4246789412126,267.68422559743505,261.7067846195735
79.41031741416813,129.79605797776668,266.8420303467049,260.24265823362964
75.4788793236385,127.87024562604864,264.5496111557549,261.31933672429716
68.54885235307378,127.84794835592922,262.3031015287691,261.8931867143079
65.58522912938008,127.37346258560913,257.12376438088063,263.24592372473757
61.71042456222878,123.9112650273567,249.32587671952894,265.3134014599558
58.40002213865891,124.78845024175644,246.21196229024045,263.74881469371394
54.03195392954893,126.7685249483022,241.5861125481821,261.2188320019664
44.44965356831102,128.22659964379102,240.15295020913447,256.4153884377481
42.628750503534036,129.94285922280062,238.41663973102243,251.03306974207024
44.11393462660814,128.86806222466848,235.2256763038859,245.8827198143843
39.70940241069914,131.64863578548503,232.9337771431746,237.81155124461583
36.607166773801524,132.83056982543812,233.7602553101278,232.08900506221636
37.601249425188456,134.07652778259884,230.6675262942802,229.53994521009855
37.455077836073315,133.4873777091642,228.41997799111095,228.17236503927984
35.41478507854143,130.50533832532062,224.927644614268,228.60156316884442
37.5669442643846,133.01853651016117,220.8726365721381,227.69968233261062
36.48129065546165,133.99525609399274,219.37542023995044,227.3435280780105
35.37354576166359,134.4834911048413,216.5760751467177,227.05357118220985
33.21168029123771,136.94488311189798,214.8863974266808,226.12745979840656
32.70429001553934,138.28944543007492,214.63740215257704,227.6300594624372
30.87514864554116,140.07402883477357,215.98078425590043,227.9875956292667
27.650717654947798,140.45228734072597,216.00109980840674,227.4902027473725
30.900931540470822,139.75481805239923,216.06911962723495,227.7938770761317
30.270419326685925,142.664442424958,216.08235407582373,228.64083659822606
30.588154548049403,142.14105001600382,218.2326521420079,230.0148955002256
27.888879058497764,140.0304170414563,219.95564240829685,231.02433679378782
30.423997420812142,136.52974189765212,220.57811179176136,232.83652864175997
29.055717593494478,138.6074163339913,218.66771500261007,232.20436669115497
33.63593249631697,137.74199313129063,218.88315971631323,234.76859117310966
30.300330315071378,139.72252705343053,219.4709604914631,234.22155841069326
33.03924721315275,139.25207255191845,221.28614694371345,235.78688638764018
30.467514272967307,139.1571919658184,222.3058063474913,234.9599025885649
36.28100014523574,142.99416185339578,222.3292805410648,236.46608804992138
32.64152980787179,141.92701247566862,222.93887345273117,235.48164600833286
35.137772814477415,142.85041183390692,223.5424968297787,237.28286279097125
35.990820282321664,144.39626151538226,223.70821185350184,237.2305208518029
35.90722979908632,144.93943036498374,226.32733216437865,237.03252130119387
35.441334022348684,145.6337767320492,228.40272930772056,237.31751197198543
37.2906784841812,142.71538406181585,229.22281155562536,237.61407800550631
39.380542481694846,145.86254673325988,228.27543700946586,236.61881968303453
