336.5,165.5,26,61
332.9248972944417,165.28306629101468,27.12156704823213,60.08652591029736
332.6832029977576,166.524397991742,28.189233450266528,59.585950001785534
332.76863880754854,165.95959238214164,28.831419789764354,61.01582519207661
332.0859781496509,165.7415465688515,29.58067262316067,61.64919926706783
335.1243583954278,158.91809217284072,30.63444010478189,63.721194080512774
332.3752673180346,156.40391239194452,32.35369779438878,68.2337796306932
328.5316100475392,156.1727588319273,33.765147257407364,70.33630631993393
325.44347221154914,155.95793196008796,34.373180379491195,72.27890774217855
322.3574679142873,159.20289596071763,34.71305425035149,73.65553447801027
324.0312863190553,158.32811627165665,34.521793087406635,73.4572407677533
326.04388335292884,161.21657566100046,33.66272193302021,72.09080773354201
326.7544323288979,162.71244056782692,32.36197316476067,70.44976387398304
324.7962351075302,162.02922932748152,32.23430165519501,69.46439759544225
324.92569796004005,164.80461907260627,31.660956859427543,72.07399560763419
326.38501645608085,162.5351890272495,31.22863034937103,73.13287427592344
324.02182115043666,158.31548505383645,31.22175889858667,74.18773641967942
320.9822422089318,158.97013149294153,32.50783502118992,74.21559852594345
319.39347433921944,160.55217092996583,34.64727552479007,71.22570851910619
323.531111312695,162.22693354619798,35.3713063492624,71.08949638936406
324.7120554442828,162.3947472736755,33.83679141191151,72.2489668100041
325.7297684183071,161.30646794984347,32.687227277884865,72.30855634908662
326.1486316814064,159.9043316949371,32.55070284624112,71.76933587412765
326.3347048204405,158.599098353655,33.1321483321462,71.28393468445368
324.288516848655,158.3216627150727,34.11133386319593,72.03885053397164
323.8003081181306,158.94898613583814,33.62211507088767,73.58460394955137
322.9101783604533,157.3302402323313,32.574756225722865,74.31109989169688
324.3879632924258,155.10384716174372,31.4915059409024,73.27264123993382
322.2240339718065,153.95503776815573,32.54694751365961,72.487475851237
323.9314827973474,155.68590019902905,33.312863175108184,70.95639371352749
325.3616398833121,155.5090265591345,32.97233536105854,71.91628214331435
324.7122384487633,154.39659236924678,32.915619769882426,72.16400675859393
326.1688729293435,153.2130877459826,32.537882329565534,71.48441184862816
327.9560823660462,151.09140398064102,32.589444548613045,71.28034829181739
327.10407740041063,150.0539643438917,33.04369802446274,70.73175415947804
327.4176091937899,152.8601631704113,32.795087483787675,71.97926031884727
328.85191559040044,152.1970909774955,31.396017789969928,73.65261389004074
329.10887792986375,152.13874597833333,30.423067012792025,73.97121931640748
329.46893439715126,151.2313249038246,30.096470171709484,73.10748571125927
326.11604346774624,150.62276565995361,32.16163656726266,71.98970620400617
327.53093320907925,149.69763101622317,32.959149717653354,69.9674357327848
329.5073977516367,149.98152267815863,32.9333482322546,67.32500188286714
330.86419703807576,152.7930224271097,31.543326348142998,68.89987359315589
331.6859405648423,152.47132213955064,30.811453772244306,69.92537898232658
329.94481331563384,149.53995952676485,31.011981195084473,70.52174917020896
329.192981392097,150.01197451040196,31.1519045979747,71.03431402772574
329.2536799460812,150.25725718205376,30.657536432114455,71.92677826453834
330.12188664396024,152.30159348297744,29.993577965708223,72.48238180481138
330.9547887689979,151.7235287139688,28.59610592879625,73.19592262608327
329.64460664723185,153.1045999348409,29.316232373637604,71.57615505750036
326.43913649299196,151.6460765127418,31.20083458168402,71.14520590522343
332.61723310670504,149.51210763766764,31.067429211313506,69.26610948712829
331.7131694706376,151.73615709166674,30.425710454166797,70.88393474676315
334.52023924298544,152.61557681943899,29.169803407640075,72.11511580475322
336.45251997943336,150.89025171958028,28.3918465299286,72.66621008291605
337.64741603367924,151.3378529308476,28.298858611118785,72.80668020581444
337.6388173181421,151.56931159243874,28.321161602838526,72.31586230231538
337.6336931251929,151.6729669387785,27.56961434874514,71.54631297600322
336.8840050534509,152.08825275771903,26.879505180721058,71.47885281025196
335.308290489582,150.49644225390907,27.448016141344475,70.71998991589435
332.9284937930888,150.11499223426293,29.126049399443165,71.8885949005125
332.4877108694273,148.73129035810962,30.16972018122026,70.7940115388665
332.61824628149964,147.29119574707067,30.467642040962993,68.36239837370681
330.57356008844374,150.97049538853193,29.79039760578573,69.10100329915834
330.2247670167912,150.90379787234423,28.909257099806506,70.18418505419382
328.8190555916078,149.3909462745264,28.80389923995284,71.01285460610686
325.9169990791021,149.8594832761607,29.340502804515154,71.677221509363
323.69714491237056,150.6308886584628,28.963976549355102,72.58481419667835
323.4738008989129,148.94929860914846,28.47438748476736,71.61504990214908
323.7912166357251,149.16352649992413,27.85925121116894,70.23180954847322
322.09236790815817,148.9030340454581,28.822255806653175,69.13743348213977
320.0559871012593,148.59022634727933,30.350154911677176,69.95400001723216
320.5328522408511,146.7919095223125,30.80987082046645,68.1484224778958
320.467765797853,148.2335779025699,30.12563790755062,65.98581781023837
323.01202748026344,150.4887977446544,28.47064511180639,67.98489484207275
322.46068364975986,149.91215053226284,27.79159771021428,70.02251983755369
322.40749038497404,149.43278828480362,27.82176878634006,71.28007627216934
323.6067256097033,148.78425465935277,27.705049015897615,72.64019784626751
322.2177067764777,148.28133671302078,27.365915871649342,71.70367166884785
323.1859873729518,148.29276775461898,26.164306532453367,70.08747860630423
322.9873384521698,146.52211264906055,26.156429969634633,67.69210039426437
321.97071057519025,145.53650441475503,27.95515572171491,66.66186036377562
321.81808734102276,147.66459958774956,28.46653101082683,65.70600685555513
321.9548791785742,148.04648014402125,28.27854876983563,65.01534858975344
320.9588337397497,147.91366354004404,28.001170386315106,64.14255859328584
322.3035590211743,151.63263721238263,27.424438405619323,66.30137867414581
321.94541896951483,150.17129477609103,28.366990376690346,69.09926559157364
323.20285769890984,149.33572520970554,28.631664185524173,70.67789824114737
323.09486069285725,149.4055444372402,28.475039671408993,71.91653589577349
324.9668347877882,149.14511094853287,27.849018794398127,70.96145990386592
326.76640614159874,148.20989781543287,26.96140558010893,70.34252106920538
327.44226975907236,148.20301641612363,26.836379962402567,68.7789418344376
327.51627943174293,147.98642619892138,28.345279619594415,67.86032051579795
328.8927447506679,147.1736468959147,28.287295986062745,67.2418522224736
330.6464510079339,148.2206167231417,27.88444003204706,67.54040414707538
332.3558126931222,149.6821084308223,27.29988199637208,68.76412397496979
333.73770229255126,149.86636992433154,26.928435351377356,71.39158554224207
334.23994726062597,147.2764836671832,27.091894018858078,70.8875702338154
335.6520679788972,148.38661711361826,27.293112348703485,71.3218162231779
336.34226255884147,146.97244299776352,27.184303884920965,70.27089437813565
336.7585286097412,145.28021880638784,26.981244336851532,69.17549342235554
337.7748166138592,145.38184951756025,26.709174243303636,68.21510376133274
337.0424562366499,144.71102967882877,27.42485189068941,70.23209195907464
336.9599064761522,145.05981521286913,27.66069006254325,71.7627454069088
337.0718312305757,143.85744462090773,27.35352239471205,70.68954984614167
339.14752291469006,145.40815021295722,27.74262583907492,69.24381621903429
340.6181143069788,149.425215152893,28.136483862221446,69.66861254002941
342.25910799888766,147.9954007812579,28.59174394544476,73.1090335315487
342.38211235463336,146.7269550326774,30.210416239431197,74.07367454328944
343.9101350215481,145.1286285012216,30.298392178260947,73.76124052047712
345.65485503838516,144.09537428879304,30.908869556391096,73.45523350534708
347.9327085968133,144.00552893496993,30.02236405200733,76.00089506298417
350.2609196285406,144.42328648273454,31.327520834530542,75.67845829940228
349.7998822429137,145.04633070450257,33.56877490227779,76.34917297743297
350.52664573931884,142.74407735988083,35.293113414686076,75.81167851463789
353.6856990599659,144.26585458441392,34.800048067489925,76.61437078493208
357.3399663315203,147.2772305218872,32.787967954007534,78.85686148658468
361.30346776190214,146.1699448784729,31.825692018140124,79.60077673608262
362.1955626848225,146.691407169088,32.865259582348855,81.4747957049623
362.66051212436355,145.5622737876699,34.143300328053066,81.69338151000424
361.14790329122314,145.48536882937506,34.4342376465098,82.69412413581102
361.83570248320365,144.2660173402714,33.658080910078404,81.10308010474103
362.37754158752585,144.01310859710844,33.7488305683697,79.86919429345188
362.1787251663559,144.87126998551963,35.2158279584391,80.33260360090375
361.7204145874259,143.02097604400979,36.229565787801675,78.76849488587051
359.24274182826656,141.16210468893786,36.96885257504126,79.37343842838128
358.06019708646284,142.24674815416313,36.629582288827635,79.34263859853198
357.188808100318,143.0231723743627,36.65389624420284,78.86223888860155
356.9953366226446,145.23330164355332,36.62837329936706,78.23258136531129
356.8809350499249,145.6309854615048,36.76639687208103,77.47362963044338
357.7281207113841,142.5710253644283,36.7398415920627,77.80244026267624
364.28251534525964,141.52599189527504,37.22576267434833,79.08188653543249
363.43189156500193,138.6523183147688,37.49296253588905,79.37836556671476
372.3695043637173,135.6107625792478,37.246708038311965,80.16579556116375
378.79938097591787,140.51879971422125,37.22830823035356,82.10217128053571
379.63352605982027,137.59392958820433,36.671495079951406,83.20250424115716
380.1463206038519,136.5503438946741,34.52473618636145,86.20908543971434
380.1133560821535,135.3591432179735,33.196583041152024,87.98264436061665
379.1217370316877,135.27561133260792,33.83613301170487,89.39395735601053
376.29655474624667,136.44832037242577,34.92451018253201,88.54271113420873
374.27432274586,136.16504501440744,35.012274335130314,89.74239699018757
374.4210212628429,134.7131670742109,35.69980453009217,89.72377528421586
374.7706532013908,134.49363528234784,35.74098811460139,91.08147811059112
380.6612413102756,136.69798616963595,36.33870956376286,90.57945048266708
388.33118926381763,153.26421969164517,39.2454185761125,83.9515763341565
397.4970403471044,161.41079315011612,40.97887525353306,80.46186855753437
398.7709446608621,158.36819920170242,40.44241725773161,79.08713652485739
399.92557216131604,161.35838827812643,38.44632583533394,80.56792332333382
401.9915030841876,161.05994745875236,36.13610495791355,82.40705731193547
403.43989694115675,163.26542680984545,37.56655961839544,83.63021287519118
404.1511827115026,164.34351300740525,40.22947496658923,81.41465922605424
411.52066303096626,163.67587535635846,40.06899790920487,82.13091782120429
409.31404560305043,163.01338742059863,38.73814459212393,82.54452496503995
408.8419952092259,156.3769761652066,37.23077977308358,81.9256934612366
410.2529916536806,153.94657290810292,36.873678317889926,78.63847541642296
410.804169255087,150.39580881735725,35.99961315139791,76.9677143217913
409.1064172788041,152.86220799566883,36.21833568802437,75.90361003216947
407.21563961153305,155.47388707743923,35.563081005934364,74.97965029086986
407.3823163348737,158.4056588371403,34.031837635203715,75.26506259345872
409.18921870319747,159.91930525478415,32.251667275082,78.56954017824546
409.6020752596511,161.62975843588515,32.55775922446875,80.02678857068216
408.89841400524443,159.66510915260335,35.08982114177518,79.16616060831507
411.4827080112132,158.29213670853144,34.676271391251106,78.35318320565686
412.22489870573565,161.50468107107721,34.21223521323529,77.44356736951187
415.2941638741389,161.29225901529406,32.89797941637627,78.22000697224902
419.2867421035266,161.44071039401354,32.172625299062105,78.63956152214882
420.36340962586394,160.92329000832598,34.30886392382106,76.94205742772496
422.98614302689356,159.88529190751476,35.759091568325566,73.8493162178484
434.3239845995939,162.4042907548525,34.30556304023435,75.5891944234415
438.696451150962,165.75750948122905,32.788525197355426,78.6010558827367
443.2471279977717,165.38128941034336,31.768106028272115,80.25693834771594
443.7906235028349,164.30562188891886,34.11259065748902,81.41295277241234
453.0180843844384,161.1152039863853,34.06085759972634,80.36742034093773
455.0315794024436,161.40586894876947,33.70150467347237,78.37558309481165
456.09095989557136,161.5462620301766,33.38919786888803,77.60872465993509
459.19179135026394,160.69263948690798,31.868933828063685,78.29656867301651
461.22588023224813,156.618738373196,31.71811112467268,74.9916025746348
461.1153877633798,152.96818337206204,33.12824305795384,72.83103502563318
461.97842855347005,152.99056295537073,33.456700442998496,71.90247010721527
464.33717988684333,151.8098668139247,32.732666537696005,72.63316847760122
463.29475455130614,154.79260813544866,30.805707859710296,75.4093612114454
465.48380334280677,153.84150946161185,30.033625720510987,73.82077391403848
464.8816314502903,155.51293559238633,32.066717493291094,75.05928342311938
464.6173208254643,153.91825320475857,33.41721902391465,72.88182118726651
464.21812252314146,155.06570913727165,33.80584212978674,71.84696581790686
464.35840829445505,158.73403770062765,34.07035810346735,72.34455675714335
467.8442966127513,158.88296042168446,32.78856197377188,73.05569242369518
470.0243105568282,157.86336951969065,32.19242816673379,71.15583499733614
467.65194373036775,157.97398685827937,33.53181590290659,70.2099377182109
468.70497611138325,159.37769836107628,33.11779027299384,68.74013067941397
467.9590545769213,160.34478302773388,32.02470864404181,69.50910708851514
465.1772460481452,162.2012829799569,30.93606062972505,68.17138565696948
462.51023240207724,165.51968348561118,31.055683338883675,68.95452416363578
460.50963532686717,166.5767703563605,32.46802746794154,69.54219892906463
458.6940343648971,165.74721091181624,33.07976084596796,68.93657878159308
455.1940394146765,165.39022852530275,32.18509027353924,67.55886636574678
453.4410659698233,166.55137527255715,31.245386108863354,67.71752513411636
454.2348897672438,164.60650654876295,30.76259738929699,66.55986782920236
454.8989883991029,162.33431720702953,30.59231607540024,64.29831112982617
452.733938012056,161.42835705541066,31.131419582724618,63.876839432865566
453.2363948105189,160.62446614532496,31.35374452167992,64.55725034716082
453.9521583547573,161.3516102273427,30.39146250938266,65.80323522008212
454.35470847431924,161.8283514010633,28.852349308871094,67.68007180040583
453.880713557339,162.77360286631026,29.403173397334903,68.63990899785684
453.2581060173938,162.81358636516143,31.290113957781713,69.8645130326786
453.94184448461044,159.09742135061822,32.65678934039555,69.15434027703603
454.7563970882957,157.40160281476386,33.08627883669931,68.36554312175497
453.50327400507666,157.535408675012,32.29827308434468,66.56069626045822
451.60962682412753,158.25530813721514,32.25096699763456,66.80037991528322
451.75312088343577,156.84051154141935,32.44459935264133,66.79831975032266
449.8517374088866,156.97940817282935,32.67067991944601,67.98270018783529
447.53166222389626,155.17910113713754,33.70207017094219,68.06047209041095
447.45762239996094,154.88872078011852,33.57896981493134,67.31131894984998
446.174219285216,155.9442996780717,32.317060720019384,65.72104024377592
445.2263173828576,159.65895774170804,33.53239322365744,65.17434302061702
446.63773740979207,156.37827781430525,33.12415044266144,66.36865794973288
446.96055199917794,152.6850088381304,33.98758558063929,65.51698045561042
446.8966132119329,152.46515418043626,34.008770133176185,65.12958633500553
447.2680768364126,152.40900672284968,34.25225976053282,64.58981996659024
445.1877842985059,155.28656845498182,33.16861504279769,65.62481901132865
446.7475533705799,155.42364006391273,34.24536786849825,65.33811530667332
445.40729823321306,155.3637263340365,34.92545161239401,67.20518807816285
444.7713812455422,153.47589128638714,35.37679993624262,67.87615379342616
446.3791563665347,150.22834264980654,35.18103366795148,67.1644844612102
447.08002662664313,149.77186847909167,34.677007464579596,66.56431107851121
448.8654643123962,152.30353079359517,32.252164784075255,68.87981640555887
451.7903873331621,152.36438261299645,34.025431421071396,69.50329492331909
449.7891181228852,150.37602960024432,34.847177748348145,70.81854460231153
450.84431736255226,145.85863047203242,35.59573012236185,69.95681556839108
453.96556894815944,144.1790902764832,36.60317688324582,68.4472278801133
452.8607510835903,144.27939039011122,36.92791943344437,68.57894980332611
451.8586129913392,146.00332588941774,37.35151465156927,68.21376427529412
451.74223958122553,144.56890923626787,37.78129387872276,67.14559706851706
452.55614886605827,144.42305684274822,39.04876306120877,68.5193525366706
455.0782737376562,143.86519042878936,40.024001175831444,70.26954545617917
459.937789715883,143.34694682244626,39.3195642511162,70.27517665556736
463.4286821737049,144.3261865174843,39.34171371886471,69.24187054811458
471.33237786594634,147.69891651301714,36.91882760629347,71.19732017161184
481.50815710357284,143.3415837383264,33.71812324175824,74.83470519960056
488.1040763617299,135.12782158552525,35.59404805399641,74.55745464863544
498.7161022507199,133.2002896511177,37.42073747169505,71.95937301345268
502.00524744619236,130.73511059293165,36.91753462805245,70.6016685573456
507.42117241122173,130.347132095203,35.85023967541066,70.93047645488343
511.9972703574486,130.52134574101865,34.92912956023961,73.39091280308368
516.0115494934129,130.85419094727757,34.45725959702686,76.20912627545354
519.1757289400379,128.5164415883038,34.36492412983289,76.73558858593034
521.4482937099411,125.71618737527018,35.16405337527405,76.41315008206594
530.6967749368848,122.51249132967216,36.118800668701184,73.57068331706083
530.7435934244533,122.78968471546838,35.44844107164669,73.27741316934684
533.499271328955,124.28186166629939,33.65456687580211,74.44773618189994
535.3536439436277,122.08278113827646,32.20007527232649,74.23403314797999
534.2366283901007,119.12273204975632,32.450261860719124,73.66604748560374
534.3017360727268,120.0098603186967,33.83616561797212,72.09406299035511
534.0564141328579,117.82599414630258,34.23988669567892,71.39968729528736
530.2771297580149,117.68641643211208,33.99930116374862,70.26097661286668
527.6186375741839,122.29413525320467,31.928377072700883,73.97395713016637
526.4016672100619,118.79190777157615,30.19614195865979,75.14888185431818
523.53555030947,117.68265420724003,29.755853691820054,73.37479211829007
521.5341805026046,117.22396550556422,30.09139703174707,72.63306290943619
518.7248116926397,117.08465676272439,31.442951347843668,71.36572497557545
514.5762011081146,116.89329033917942,32.38793672282672,68.84215727792665
513.0773727846329,118.09649785166674,32.94824858028513,67.5724507509531
512.6454970021068,117.13679491001841,31.73703633727752,68.57279789411076
511.7102758451366,114.70416889229054,32.29664209764427,68.72316946310532
511.3110720829243,113.78838077319975,33.04074120015906,68.68654837939512
509.7670726358343,114.32586897239844,34.13439419094237,67.78335326759499
505.412225341894,114.66936188943306,33.857482180922766,69.09534259126346
502.09336016368235,112.21152648083199,32.18221281200416,70.00874032573245
499.68630255473033,111.8125911235001,30.250585232056682,71.60442284659817
497.9800852381031,109.34285427172061,29.43888208226062,72.25496756456144
496.48342993552615,103.87835325141316,29.653935317419375,72.32374869605768
492.45405029643223,101.81189669779388,30.314952324183906,72.9722677298099
489.5950719634383,101.22796423379307,30.72350652435152,73.04934381656398
489.5428458432325,100.1194922143803,30.227240564556276,72.77854185509962
488.66918308466063,98.21736582888695,29.62508712166276,71.23444076332385
488.80423006480385,95.699202928805,29.373593750040733,70.6841934395559
489.7240755745084,92.47121507866359,30.329306687998596,70.25725602719832
489.45021748726447,89.55240218520727,31.569501400046022,70.35490397750206
487.6187731279685,89.61256203516386,31.99297518829433,71.6821611580439
485.52647946852125,92.0137341408435,30.289591582811326,74.36106532543829
485.4714619210494,92.53831939013901,29.439312523130095,76.06203525539037
485.0550514361119,91.31788592359267,28.8720547195065,75.91860953826026
485.7535230149771,89.73535462464369,29.393158274651512,73.43073281654762
486.11055730239065,85.201988203588,31.013852988322355,71.15732626962091
485.9619146042672,85.11382317308147,31.964742713201627,71.53706931047519
488.8937391585394,86.79864804458266,30.826458289715774,74.47342599905241
490.9108126263304,84.68417604406432,30.29983179137433,74.89731199761718
492.4988335698159,81.90721795887646,29.935934899139205,74.78939297435886
493.85105673895134,83.11460150992848,30.064569091034855,74.02881510126636
494.4862835472467,80.2692806421629,31.538945367556273,74.17558781824283
494.0964709647422,78.05192931440781,33.982572474246254,72.4669103086529
493.20596646484665,78.2522350797476,34.473800499649215,72.50856932512488
491.71950935410393,81.35544507714833,33.19585212271548,75.66550973529169
488.34854222427316,84.45783321625981,32.72296265953767,78.75119976566249
487.5754566677674,83.94718120212195,32.30295642822696,79.49701893399482
487.7372495500447,82.72250019606089,31.85827119907706,79.21511492438842
488.49399277691265,81.92278073364764,32.757237681513644,77.19775664042889
484.8630855374731,81.95629282854777,33.55113328755939,76.77598533406294
481.33970393528926,85.2821958850396,33.98657742683319,76.52237067310566
479.45608734435433,84.7935862366055,33.45867368014467,77.18971069679765
475.82437182025706,83.7906065079672,33.53973406564995,77.08812453983171
472.1798889370448,83.08341024273783,33.81186318885557,77.26626547765434
469.21684515242003,81.14976548002778,34.77871222889972,76.08999354448679
466.03087359888195,82.17357738179425,36.14469105680105,73.93055956338924
462.82033545687625,85.72832900115634,35.95838504329665,74.37282319707107
456.1828058330412,88.76483392949108,34.9003611381958,76.3393822414636
452.3613156614464,91.1811411658559,33.843605839905905,79.99981071459574
444.7552840714722,90.00649269269155,33.353212545550065,82.54573477116729
440.4099046063781,88.90801313949027,35.2146057454526,81.92417237793609
436.96127012533924,88.42867480545752,36.21101439792953,80.78430039525999
435.85921208070374,88.85759296873961,36.526789179560396,80.03827145229272
434.9591538835866,92.78531986637805,37.08441623587351,79.0910613131743
433.8320281968702,93.47256866044053,35.140065409751905,79.56793477493031
433.19581251982015,93.69770233775529,34.18320651688854,79.95075486460621
432.1697870598064,92.84998717854091,33.95756774155772,79.49695017288788
430.8481102506564,90.44568117156113,34.771756974062136,77.17101113856862
429.61365764985896,91.87078377863402,34.81152852201626,75.8193450145794
428.4951815387372,94.7836096336283,34.62221526612565,76.02046103530373
428.9690953444505,94.62173318768454,34.23663552705163,76.2731996272025
425.4944502234494,95.37609323069668,34.462981986247456,77.22403635918664
425.2676018351335,96.45477699305665,33.46958456083762,79.73862966515517
425.66022480586946,96.0575121371328,32.73224649707916,80.2267662602903
425.411941576955,98.52773142889606,32.050222299581314,80.88638909338977
428.39159901164743,95.96119717864994,31.256332730794487,80.52838780018084
429.0352659332271,97.10439542396364,30.934805312252912,79.56187799397117
427.40592349819644,94.52998584149576,30.099367295656496,78.19654701623725
425.54840019739396,91.62119934093876,30.091682068571956,77.02186671382341
424.35045143420336,90.42062302158298,31.111852895123945,73.46752733288164
424.1296238580887,90.00135468420692,31.387172837149304,70.34331953322275
422.0276749393634,92.96626961766655,32.359338544549175,68.42413314851174
418.9418085133848,96.77075620969183,32.82647726122201,68.469579863448
411.8008069469329,91.7277679789499,32.809047639609155,68.50947573563744
410.0533933177024,90.37805692446383,32.791674780958935,68.0442109263509
409.98378238171995,91.27936470164953,32.4339348804819,67.16288219334487
408.0363359517374,95.22599447148379,32.88095557858182,69.12211117143758
407.90659209665773,93.25041561320003,31.909226500449208,71.99523877859957
407.67080385841615,91.86573061720794,30.44815944417936,75.65799745914805
406.4587229185522,87.699856000278,29.77966566518533,77.92218888127086
400.503463266905,80.86216304314033,30.384065049656513,76.46753462678402
399.7063365503981,82.69827106758127,30.547236710819757,75.28276488603811
397.1342528375228,86.98196918757323,30.68117025748097,75.30000056591504
394.81989446449177,88.53028917861987,31.171441149356056,74.44769575838231
392.24918584505815,87.92318959994832,32.30952243546443,71.95139419856233
387.2413597974054,88.28378610519567,32.314310272957556,68.91876262758177
381.58247846719587,90.40361791217013,32.05182791537118,66.8624297879401
378.7158022189015,93.4434575992932,32.12937053265697,65.72508601931531
376.0739080522517,91.82905722627916,32.391598673848364,64.59177567372961
372.6398947402624,91.73620219385026,32.63113198880602,63.32760573465826
372.77130810462415,91.88959333697693,31.94338786019921,63.11527687262026
372.4649256800967,91.69324610987948,31.5000943024243,62.97812602947856
