269.5,75.5,34,64
266.6563230856365,72.20567258919434,34.42502901869893,65.61717922041503
265.9552197823908,70.5255776139476,34.369310186309406,66.63124714446502
264.0223900495576,71.12451183625723,34.90303734568611,66.23030275446844
264.39218274591235,72.22915280969661,36.04963545326649,65.62861076768793
263.80035145045514,70.52606894961018,36.8104370939494,65.64098228234016
260.8424134009082,70.7965976099012,37.64890535612926,65.48699636263893
259.83547340787425,70.24033469794705,37.546046545962966,67.22452832582566
259.76265201006737,67.1089059633293,37.581128872247405,70.47086839431955
260.7886513081157,61.097060264985586,37.01084798187739,70.25897553197379
258.6478042194516,62.3875416158041,36.239648520594706,70.42799780996627
256.41835532045525,60.38994450752179,36.70544662910378,69.3750472091786
253.74965106188708,60.65506447072558,37.11180818350207,69.41057230600254
251.70521302615396,63.031156328113376,37.956758683526694,69.55332992118299
249.50717947253867,64.07552154255931,38.65306726109421,68.63689422819962
247.25283564850218,65.59813068924291,38.418764892229895,68.15221661094937
244.22742511853605,66.86406681908437,38.18825727403104,67.73921604010923
241.994083127521,67.99569803625917,38.23499220134311,66.93850567637732
239.72318253379174,69.21257374245201,38.09377279706581,66.94478173934868
235.72727760582944,69.83032533649879,38.47057954401214,66.67848756662455
232.2003432489789,70.23673155392149,38.355077606468114,67.3628817004971
231.7115613286224,71.36210292157992,37.70766803085266,68.43036744838031
233.2070828833805,72.39586786340126,36.83797377921611,69.76814843395455
233.8409871740275,71.2282253355556,36.59694318063389,71.1467359064473
233.86886847283816,70.7927971032139,36.6619796998029,71.99994827682745
230.87441389263086,68.93643502078447,37.21705144642962,70.90103885480276
230.01633297944448,68.66697778627008,39.50371686529356,70.1034735407734
234.97394717816215,69.60314866374274,39.00957287184993,69.41594945760389
237.7772277788958,69.24834130779642,38.453462472232,68.37777168712043
238.87508745945777,69.5064684810792,37.97499131247827,68.82863923968283
241.26301238733768,67.4102439565025,36.52895446025851,69.47831551890826
240.68847397693304,65.66234289714345,35.726831391884744,70.51612794493838
239.12645835675144,66.00704962122472,36.048640380355856,70.96660421387787
234.6841888134426,65.41026924291829,36.9379998138058,70.25201179418306
229.96881574723835,63.17424992084145,37.21990122728121,69.38826695673885
225.3630747310773,65.40378181371545,37.22601044923951,69.57211746618738
223.0374458529638,66.47836772320636,36.85096586782006,69.1632275867121
221.6469279972835,66.08420207987683,35.29227942265595,70.62526963682558
218.2595140941697,65.63225438129463,35.84061720813163,72.21682340353115
215.25499408276454,66.0003233396096,38.87716286715715,72.5592622901086
216.77910196455605,66.35865874202047,41.03096536452993,72.63424964835755
218.37722428167592,66.20953934500535,41.86912596176601,71.20852434727212
221.16922160369214,70.29021867612977,40.833719593643025,71.56246071370983
219.96046907277713,73.01369852676275,41.40419270452239,71.82515200579101
218.47020972328102,74.36900031761593,41.10019149270224,74.2499043734865
222.79630461642142,77.17665644529575,41.059549176514246,76.55284983144473
222.5681980395206,77.50876208945391,41.23938381793334,77.28756611251775
223.99331563838913,76.585026043061,41.11358442647073,76.61703664890709
224.94985100764995,77.8326087488074,41.01345929227342,77.35503221000951
229.83512594170264,78.78044992213597,40.08779906497617,79.16120766860446
232.3887647719515,80.25308053930277,38.7620014784073,80.37367701364707
232.94994924230053,80.33050965338539,38.64160414014908,78.46330797844448
230.38461067717884,81.20677316511717,40.24767289675049,76.14119610848434
226.3910881720243,81.27934123096217,43.138761104691405,75.18396856663426
224.47243922625984,80.02616377434246,43.42701367189479,74.7357026417084
221.4062115074292,81.44725867062374,41.89926946737464,74.6112617295322
217.6935917497793,83.97467859967995,40.8503621397179,73.82314836525524
215.02903602931556,85.434980332355,39.463743390368265,75.35565130325597
212.35102479627542,84.3471473298249,38.70110302228108,76.75726146973126
209.0916766256272,81.78695105262885,38.88938649889249,76.58226103401105
207.95801710494777,78.68663545260715,39.539594214987375,76.34607792588795
213.17710287547152,79.03580494695223,38.63396204161562,78.49015045529471
212.99713686357657,77.05903432601843,38.265084708716074,79.76225992683759
215.82848151904085,77.39803169921474,36.48897467291872,81.93890471062687
217.97453207476076,76.63574538982755,35.70706857833991,82.47976030507493
216.37811825409042,73.30728639232663,37.23022861809516,82.17583759801987
219.14043091200116,73.98096441871084,40.61865490749828,80.61628364543304
223.05713690215407,74.10331911992412,41.42664517176034,80.42530973762011
223.50852525089155,73.79835479741638,41.570690664570115,80.52631133538297
222.72236621516996,74.13165211851322,41.24961402737988,80.06005607011569
219.3694682744921,77.01665815482684,41.36796274229273,81.41500680419013
217.25377302898215,81.25099812608897,41.884321371053716,82.76788295297446
219.42610621113778,82.48212263663723,42.23277977786066,82.39637198996815
220.8263192952477,78.22346677049966,43.09869682176846,81.97240240357874
229.32911814326377,78.81787151471754,41.28027678381739,84.58768269976517
228.50342626834964,81.02238467721945,40.02975976536558,85.90152434045959
230.2540080610448,86.30559882499652,38.258893745435486,87.42521159208562
237.98484599369914,87.35146856020404,38.78805116259754,87.10178755612645
238.69222406115594,83.59524582062951,39.74211855597371,87.89343740386681
236.11614326059987,81.77946339497947,43.80536492824217,85.60399414512051
237.76685194893673,79.2071251834919,46.090596015771325,85.42601107560299
241.63352693975446,79.73257519124512,45.59493314503674,86.58674450392894
243.6700794747233,82.01373111025457,45.44454850738052,86.6114373274701
243.72036810858123,86.56316148571537,45.24128882054345,87.47563504822818
244.7941301084308,87.33308603151724,44.455831208974494,87.26489765191407
243.5086274516175,88.80600017486051,45.648518928072846,86.4260465895775
242.13389925519795,86.9024797289281,48.426740729234204,85.26796287435613
242.789218437234,87.34854404244648,46.85747176161021,86.30244269057957
240.21729252177317,84.00905976157311,47.80516995178484,88.24951580554895
231.57608021321676,82.62028100158129,48.49240642802849,90.58951890649192
229.1889879491661,79.68956473754379,48.87095630494577,91.69680247445339
224.13909326853917,74.63263117687441,50.07699356811611,91.34175556380971
222.89844544045638,71.32825081563311,52.81902300752674,91.1015082029488
222.5379320177865,68.19195026935705,55.55918532802522,91.44672015060348
228.61205743932854,66.23312181954027,54.97002509926002,92.4189782427114
232.01640455545214,69.48999504225921,56.1734282257164,94.67860444742001
237.30233571933022,72.82823657668429,54.682749331492985,95.86321585336233
238.3972177927237,73.8313118492926,56.38558095268088,97.15450035338802
239.35685774431576,74.42822218797224,56.951827611233796,97.59019043633607
240.96731080208372,74.76129300021674,58.3124129660348,96.244670063907
244.48509289277746,76.32317479097567,58.80650138016736,96.03077162330405
248.04111908367264,78.17041003667126,58.273859551355464,97.48815183229128
250.74369244804873,76.41786145928003,57.849016110109396,100.02059309470162
252.07992250680286,73.6196350187123,57.39627516412521,101.16499147525725
251.19090354004808,64.36707182883299,59.12107908669992,98.11375188821899
245.67485270772485,61.41881172958814,60.34142366363887,95.78525835379853
237.59841714197117,61.003439438543786,59.32482877646946,96.48601088297453
229.68445722818393,62.095981388368145,57.30010082267191,98.09061223265442
214.68494989104514,63.267916011311414,56.76611836560183,98.44020512017548
210.38754844819454,63.21973205730915,57.11828266335135,99.14931914767921
207.63915508181015,59.927493347892096,57.21487761221513,97.1610588727267
203.90878291721245,57.49218556512288,58.99049229892392,96.62929969384984
202.94996804613083,52.55624568696812,60.687645652155865,96.6963603431037
205.1218676957688,49.38322510877039,60.18814137775176,96.33534879182704
206.83739848647915,51.58662285024654,58.83299274875416,96.72943755570091
210.73542136080763,52.522061148694405,56.4389235854854,98.93134347528468
217.54479984859495,54.50109432887842,54.818980239061155,100.34651806264003
222.6329986804998,58.4986386211981,54.73621622698484,99.92183114654927
223.29594630052176,56.61848562859041,55.5650322334314,99.07838165767406
225.0286708475304,53.185168141441274,55.56670092582161,99.64129186619475
235.18645300477053,57.1015985666743,55.05536253297219,97.56924663615106
242.15522555084368,63.930220975287284,53.598815480071515,96.40251848152275
249.97075795547116,65.88502012067273,52.20670807590689,95.83830717271596
253.73560488975892,68.31101315007407,51.27508435198466,95.35711159548066
257.497066882392,67.376202622862,50.29990702504374,94.5290896082941
261.8046031537511,68.75262153257628,50.302463533533974,92.46761029554506
270.5511765312162,68.57727475512274,49.252781057778634,88.84357359723253
273.37519497756375,71.43619269006966,49.09914705052047,87.29263502424422
281.75586087421476,71.38867353064202,48.04879376521408,87.70933183518781
285.76742288150643,72.45073854179998,48.25958317226164,88.6518920193996
290.42627804058793,72.47661942504035,47.55477644906935,89.62126820572342
292.8426087488006,73.73835953091415,47.00817822691886,88.31152965409392
294.6641946241117,71.20449758736376,46.62985470856592,87.19437948342494
301.3140348402216,74.27989149961043,45.97984296988865,87.62682692275607
307.0296187997958,78.33717418640383,45.21623467445856,87.34171740167781
308.1440559566399,76.76748772022302,44.70704281583322,86.1499607831056
305.5392643345711,76.48804300603517,44.25682743783945,84.80956143794461
303.3744580803503,80.63719398043926,43.1418522387615,83.87461941726754
301.25464197113024,81.00913532697597,41.86273760432691,82.10976244574411
298.2953544294067,82.2937008070269,41.6640703515008,79.81347207492715
295.0492374930386,83.38858524728185,41.24434600661613,79.74765606001782
290.89632893643727,82.72040832901699,40.20128330567081,80.90794795337413
287.95161912535946,82.47076514013678,39.380291856049105,80.27131559467674
284.68688943967544,75.3993021010894,38.04789381317151,79.66978156687549
280.54228206213503,73.78412540984498,38.02818293959025,78.12298241106478
277.79247241036444,71.64936145282444,38.210438980954926,77.52609291711636
275.7113411426518,69.56912337274083,38.20267187618241,76.95161615064782
275.0553999622585,71.07390346053543,38.21933112009434,76.96112612352663
273.5473552650611,71.72260489458715,37.72981624736867,77.08970108154168
272.6026404684415,70.1744695216836,36.91453678756838,79.3520447324124
268.4111440314251,73.05159052751955,37.59255024189291,78.26654537744825
269.5125717987104,70.27976443235121,37.049824850488015,78.12112400516286
269.9226816811856,72.32420693130933,38.13639975278142,74.86447893310797
275.92027219715766,74.24313192383505,37.81191879407956,74.89411399444327
277.3762493920193,74.25213946611959,37.231325459730385,76.15399054576899
283.6648379675688,79.88021795005812,35.74937650382188,77.31687044312629
288.9745190792084,74.38187954929302,35.31994042800366,78.41056930123608
288.04203179103183,68.09455262406605,35.96615403710207,78.71176371718073
285.38750366703647,69.3080838529749,37.3319751261725,77.08878174566063
286.5950953898225,69.38366876840942,40.028749707486384,74.18703398815587
290.5915622027974,73.14223145660975,40.155665286553806,73.1492262768553
292.56190520143576,76.28810559857348,39.759519217713276,73.81200632468443
295.25914618552054,77.50631027841558,37.59139804742591,75.13206359212121
292.8500607171451,76.23638483632106,37.55460186686716,72.36343850508833
291.48780701303247,75.90369244725389,37.51710728382041,71.86052992632723
292.5216619160785,76.41385732855223,37.87359753571184,70.77835033864633
292.81855458209446,78.43815551684447,38.96347116116124,68.81542419483466
293.0086456731227,80.91170117218903,39.43239684062361,68.92255880577642
292.76272328368964,82.20261840528991,38.50172348537259,69.68894111165412
292.27196651530545,81.13946861556889,37.54510557053426,70.46091933050809
289.49010476873644,82.03682804646434,39.810316128033875,70.0730549790245
290.86792742228727,79.87602321987768,40.93509007523522,69.26315294396541
291.71343517920855,73.52472500367412,41.99180910805404,67.5903183155815
298.8236424948707,75.40624888444701,42.36717294200074,67.23533563467842
300.27406146910164,78.48444387059418,42.76587146013733,68.18970253646856
300.13866669059956,78.36513648652898,41.31762777586945,68.95144855593409
296.9974217825634,78.88016033782179,41.42941465767677,69.72052235241006
295.9675880105847,77.2663639787934,41.90483961931295,70.07099695981012
298.40984165235983,76.43744637305946,42.795610427193296,68.86849157603262
299.3331326896347,77.62824228887264,46.69745240583573,63.774797092810196
307.08401247147924,85.71413119393029,48.231818025252096,62.4056897615157
306.8121927104853,86.24376564230238,49.673561380438485,62.537125210474656
314.3826687956831,80.1503196153223,50.75015948775291,64.63678753573606
315.7686058423111,79.64806385582607,50.47569664556505,66.85058932076552
317.5976027568128,77.04922019642633,52.014202164248374,68.68655035553789
319.0831244545161,74.12376795076128,52.657127618023864,68.29907107687899
319.6469447539561,75.90488272536903,54.32531703051161,67.03989586039663
319.9965396261453,78.21585210740984,55.02194897669262,66.82372358343659
321.9341626893683,75.6270480092589,53.46254881658578,70.01817080714326
319.4029824657282,75.1850958410297,54.661466366069305,71.28047812178349
315.3725874647408,73.72964634800942,55.2154466565879,72.76710659715053
308.087564668647,71.18328875241238,56.850043602230045,74.36752914575122
308.9111702419807,64.34036928237808,58.10959195606621,77.7013783397261
310.4268729032656,62.19106537034165,60.25899231663239,77.29893445176282
299.9407859166539,60.61227324880688,64.08562986712631,75.28106026358846
297.0124899135019,62.26240697229808,69.02629881444366,74.19114023062278
307.8990050212877,62.29879759280517,67.02666985924805,76.33260621632368
311.26027675032935,61.87469557906393,65.27577700159802,79.35628822537355
314.60800340422566,59.378435320790025,63.17912435298508,82.72090766465085
318.2758399829929,59.29177689673844,62.5863358313759,84.69982181805187
320.30432764551153,60.11623377785322,63.403233740133786,82.92371454528994
317.1837835219436,64.88511908990534,65.09104306423507,81.8578267413151
316.0330155757256,69.42100693273353,66.297996041365,81.63483550237501
316.97629293869664,72.91554143622974,65.59816073299488,81.6327149855254
313.77898000193,70.49533487592753,66.78654404518788,82.55638268185922
313.8007805837057,67.94496824796703,66.68915196587895,84.34007883221992
311.2248462731806,69.16286144880699,67.5390052823637,84.58021315540876
305.65400531273826,71.68151149280239,68.68520952685688,83.76358710535132
301.3992956913075,70.23852692194839,68.38862996753332,85.63924798137327
285.8723811640342,68.06111457748784,70.95422736314435,84.61515020783101
277.4210018586462,56.46621974437313,72.19085876902538,82.00020278299597
273.75077698990503,59.52226040156524,74.12576660968764,77.84478257376769
269.8148811084964,66.86286667329568,75.97032763291138,76.72846947488688
268.2941783266615,66.41625353816116,74.55289044221718,76.57538663165344
262.6412366973985,63.98494042553789,71.33450555041357,75.44790627425836
259.5842863756435,64.68156062157374,68.47831818885763,74.72658487041453
257.3328680430421,67.606777643612,65.41195195412763,75.28635762107675
260.47761099606913,67.43296298134695,62.123530825447844,75.83839939103285
269.32862628556717,71.87502276236324,61.160069506095326,74.35565178487184
270.65149815245195,69.24376843474397,60.28010812858787,72.76636572041433
272.228298072783,72.0825965082489,60.45162444545764,67.96790568079203
269.7059014128742,70.91829218210643,58.577554945603566,67.10282498676348
268.8706498579133,70.35584133995202,56.72872946131757,66.6925863951171
268.63012635174954,75.70425348091129,56.516517413262264,66.29723954544956
268.30521185058535,71.53082866722374,56.62672863871987,64.5319981083715
278.1875598014341,73.60028521222081,54.1413277046738,63.03201867697723
274.16930541980116,75.78985065950364,53.71118455143579,61.87415095265387
273.17654845795454,77.76802895647529,52.04686026597681,60.11642802951745
273.5230150893452,79.54722984285596,51.232495592882785,58.340451779560404
274.14606023025965,80.20835340364506,50.083636840707015,57.892919986198734
278.6363353035688,78.92732988009072,50.191625817623816,56.425548564832056
277.37537022789786,78.89976537328025,49.63820639964505,56.6409490293302
275.0238989455112,76.37550422830665,47.846148125184996,58.07542999084721
269.80248170504507,76.73158260290033,46.07075903433987,58.731507160803545
269.2186421957076,77.09817959872723,44.114641828420616,59.32107017484127
270.8220988023613,76.85910295450506,42.13895625145051,59.43697498296564
270.5324731734398,77.7229526947821,41.18643823362821,60.112104672638615
273.6544879752564,76.9172876831098,40.35680205498286,58.940605411315246
274.33893808374887,77.33590331040934,39.55623445051239,59.319273743393715
268.3902364832081,84.32517132474635,41.441833070905446,56.923713102292936
271.24359367816464,80.28772936824303,43.9899051723864,55.17135702506519
275.7356077260611,78.49401610422066,40.32028013369184,59.49195620821554
276.2258295714281,79.79312605537264,38.101793253909136,60.649668160159614
280.2054144139784,80.47841866009219,37.07571377876946,59.36026115394567
281.52042037276215,81.97135617166344,37.003691696941175,58.23503571652701
280.0224800266989,81.38978697220006,36.520820014418646,57.72032732609374
280.12987341491333,82.0554368035275,35.963376536186466,57.21998686429792
279.1544585977372,79.55917246789576,34.78567471454521,58.095952215401496
275.73905916526047,76.7601280560269,34.982575798126554,57.141774441391405
274.00670755926234,76.45247142541172,34.112084899252366,56.143728012909264
272.3732593506262,79.85103823133059,33.364517891842084,56.19513852186008
270.3438260154632,80.16645334952051,33.39043225351323,55.646049685543304
268.8132751766056,79.00234322656216,33.69634546611012,55.01820666089114
267.05807887817525,77.83167730089822,33.85363466369401,55.9140027332197
264.06394713592533,78.0122653501149,34.21676987899836,54.3012901462533
260.7116815153709,78.00776082260799,33.54196428615334,54.16209438289916
259.02671153465565,78.75203305501951,33.29625597793051,54.973351267716026
257.0100809718528,78.68685667107147,33.86961934695968,52.978962242933264
256.6198358245858,80.49748293611945,33.33229529136553,54.36496383652505
253.85222735264534,82.18928328308208,33.83326245268415,54.71454819547151
246.0592551018888,77.34446840667258,34.629305220798834,54.702033325487776
236.33548056271547,76.70346276668262,36.44578893049312,52.20214372274675
233.03742648563025,76.68668735096912,36.73105981583424,51.5234350231526
229.88423171060487,75.32373352008376,36.86933565738887,51.382393126665285
226.68449216805797,77.01526258051506,37.228738009847184,50.80014558128793
227.77829882810116,76.14442241858745,36.560979354563344,51.19665481120239
223.84901668603453,78.44355463548149,37.75662840889922,50.30920461500891
221.3806424224151,78.82400800741567,37.753599085033386,51.167872179535934
214.34164170158073,77.76239754420989,39.056395868193796,50.912816996252076
214.0403695779297,78.73858156399228,39.36272094540234,51.76825950165495
212.76522283507688,78.27188519045878,40.1213401747832,52.23661454520785
212.87345274604627,80.21734551841178,41.190007277359186,52.74286538664684
212.52093166603632,81.42904049192245,42.477637275552,52.607927111225834
211.9767820485563,83.14457754309198,44.03739482636138,52.573108502050815
213.84014277634097,82.66899030573515,43.90652050061381,52.82661966957455
210.3466015718652,83.14707103607074,45.65326029253042,51.04949166713622
208.32825438099437,84.6913182882484,46.59951797726586,49.76040404888169
207.7705522702391,86.37888166277051,46.70555854750075,49.67723849292217
207.57236645581776,87.51819158969295,48.01041022452307,48.924242437447674
206.76516894527177,87.37153376972563,48.9446925260792,48.57873605828213
205.3442380869588,88.04894755513229,50.03990903053172,48.133054915577034
206.72882421007964,89.07475164846312,49.52524527962082,49.32687552949823
207.69546463466352,89.95310084500517,48.17614925587345,51.9837623224188
208.34492780414763,89.65175151286826,46.650473422233425,52.71386616821975
210.69653091897783,89.64703905488588,45.3432213246531,53.47668348254189
213.15487953239614,90.5771249946024,43.95493143309784,54.19721819948337
216.6652511426666,90.48817305294712,43.50972350995072,53.80988944824955
216.05805475851366,91.93469279229609,44.35138462242048,53.76568853728537
220.11134250998927,96.48546466450591,44.700341193443876,55.04113511116407
217.71091193578275,93.35617195626995,46.28847026521204,55.370243312822765
222.4602423594768,88.633450272566,46.331482124427936,56.50598857537226
223.17333361634684,86.52008420441513,47.35783237893739,55.833849289860055
215.02475432586462,86.72781435885649,47.875196266908645,55.42843578343846
