478.5,143.5,80,111
476.22292357104,143.23036436151034,81.717246186396,110.7424694714831
474.3675610304487,140.29027710929748,83.00425138461344,110.6613097473932
472.6926242875405,137.80823905219734,83.43914493573743,110.64092216988206
469.77918518783406,135.437861105197,83.87918469902367,110.40435214759248
467.09395937942287,133.61643487857475,84.40519537880378,110.45201002266619
464.91090313274094,133.99831612828217,85.79847137772188,111.0719023560913
462.9663216193404,131.59094208943418,86.77115314803791,111.23997484708684
462.01961786088765,129.37613058432225,87.10432480697992,111.18234514506094
460.043306873274,128.61612852556578,87.16776612195937,111.38417525801914
459.5049925689737,126.6847717780778,87.32720423840684,112.4496873579603
458.65433839874146,126.55902192029116,87.11990855303058,113.7105978124786
457.65459189152557,124.27174102374732,87.40258657265025,114.02633859497666
457.65238562031846,124.55215676037193,87.4570128323285,114.38923129622697
456.8209118121383,122.08809342843097,87.69389285797521,115.88180226362148
456.3730900598015,120.08764884619634,88.30845024561974,117.04314403238453
454.60718709509956,120.09093273763636,88.91691537759925,117.88962904443781
452.7339477829288,120.04258412005129,89.36836722276593,117.72012129661198
451.24904622958854,119.64312847605095,89.63932828080144,118.27133833069117
448.14278425808595,120.24366092270364,90.21487550490409,119.16028551090261
447.860406433768,119.48361693385493,90.45786835332335,119.77487003677582
444.43054348804833,120.75092313109333,91.1694161441767,120.64190115693222
440.55784663808646,119.25263960383282,92.17968048771615,121.07817143754274
437.79098745842396,120.11640491543034,92.82789650863174,122.31437567953627
434.4074755138114,122.52839208297692,93.73939013586352,122.78930814757423
429.49755163468416,126.80686882878538,94.26468318372979,122.009179130292
423.46474475501,130.62276407405406,94.70789189089311,119.54441849739015
417.7311685937103,138.04538417845578,97.0446874248571,115.92444283784212
408.11329604045625,139.51943439922826,99.8353718013848,114.39632220701182
397.23904805873656,144.3065171691434,101.1210667852099,114.71488642639785
390.2743363697262,150.9641043675379,102.22294404354068,116.39583152881536
382.23323179170796,154.47817783051758,102.5327666486738,118.10500359547079
368.56512586660864,154.6549811322746,102.70529937594767,118.9522044441586
360.04141892633965,160.21192059565618,101.81858163417118,120.28134156964151
350.4375495353919,159.8480310630409,101.801672894094,121.5733678258244
335.5387651218899,160.33068084537166,102.19356774038513,122.57696071626388
326.1186023731762,161.07468592716123,103.7370125157667,125.21154014085003
314.2849293106613,163.72022005071227,105.64406468022514,126.57177518506879
297.56813179155387,170.80115334836182,106.1775857133131,126.28999930327063
289.8084462228692,170.88638831086521,105.62648222604872,127.89084721788636
275.55595551957254,171.33307725488694,105.54596863752482,129.73164811135229
267.93170440080064,170.52199716284036,105.84845074872575,131.31472435267446
262.46799688927706,169.93220492736702,107.16736624479542,132.8614096584677
256.57975668095327,170.0448486271202,109.3357123917286,134.64710524922626
252.21584433574984,169.36855982315484,111.71953388160448,136.71966005718818
248.4873402894073,169.57011286679216,113.70517175410518,138.25818182998282
247.86896455026076,171.65822037781246,114.93477409018514,139.4124984050797
246.99836600428347,171.3136481639063,116.29616847828231,140.41029433979278
247.274814524535,170.57438285241074,118.02798327554781,141.79394928436386
249.18842690208015,172.0737943036716,118.94960457453467,141.85659879776617
251.27782607808095,169.98273851732318,119.38886013564951,142.52486111204018
254.9750491881431,169.04432731589347,119.03074509228306,143.78351790267885
257.9497177728874,166.12439113559213,118.47414626507947,144.1153736769778
260.22407529752275,163.01789353830446,118.78424783949669,144.06849071298385
262.0946831123871,156.39101725450786,118.71265892256707,144.9127298070663
265.42325593755936,145.47376581195596,118.40003670209302,147.78710009329313
266.45089960801266,135.34043180960822,118.74787345519584,149.26118272506378
266.5568847767007,124.09665404229432,119.92104222552393,150.9223680204338
266.5253440562213,112.23960441909605,120.43834470649324,151.84623746946704
267.4276685181659,100.50558244791458,120.08452481168726,153.25725359505753
266.56171233565067,89.18311609598821,119.02487485791585,151.2367772107755
266.0819576691341,79.60882598672151,118.3015627979359,149.1823316114378
265.1767453250388,69.77023483375457,117.66658200288077,146.41601721327012
265.49532205451806,62.97054591832001,116.43511098849467,145.47651278858504
263.86329913711063,56.28455056900685,115.0692649509035,144.74113311062445
264.627099464156,50.45384296353525,113.66730889124364,142.7060065353738
263.58939185996303,46.544262952572865,112.18982736157726,140.31523518370238
264.9829863897134,43.03398386181624,110.27650033019847,137.4653423917049
266.58611073316354,39.4012652902877,107.71163862907696,135.19122875351198
268.3352931930623,37.83768261672989,105.59866112993382,132.208197510204
271.13215510203077,35.44027947378423,103.09143557249486,129.2905380330033
273.546959521305,35.07235772600585,100.86741159379443,125.96133664864672
277.3003560102489,37.29340160569298,98.3863063104562,122.40804605323578
281.40317102432306,39.13876319888176,96.01239663448078,119.56317112916824
285.1816376935517,40.01265067167403,94.19611394986256,117.29048537597414
289.93706406160976,40.56472259737916,92.5193628906874,116.15640362209842
295.8908026785105,42.03408953553601,90.64160024123646,114.12614079366298
302.51864594347006,43.68707851343575,88.95085321021872,112.80754262721592
310.3437902189842,45.227213494427666,87.39618386085054,111.77997556897965
317.15860230973414,48.202149438187845,86.18109615548595,111.32804851330744
323.5471018028555,50.42665431122923,85.18041476567886,110.73077269018304
334.11915175105884,50.92076155169546,85.15749444996061,111.5220408123237
344.19984145000325,51.016041089454745,86.43028482135891,111.74261925807207
352.326723223756,50.979886471345836,86.31096646428306,112.51725699742175
360.4674706188498,50.965883121834004,85.96792058004036,114.19415681435008
372.58799110941703,53.87668584599376,86.39121675710894,116.62093298071562
382.3452639285695,49.06785871769091,88.1058390570364,113.07909855934281
395.68039268878016,49.06499963061769,90.24197229894422,108.39238099206469
404.3740664799247,53.15023546140113,93.8490247410692,104.22957353414161
418.2766249648132,57.744646222842974,95.14375175017403,101.37484796615294
432.5628533576631,62.49748679219391,95.78301066271645,101.9906058075536
446.27731316070674,65.9292530665398,95.80563677196125,104.1766957945674
457.44072206510816,68.85076840385507,96.89502341567302,106.72180961303988
465.533682772695,72.1064287596677,98.90866598060194,108.2345176794908
475.8946023718887,75.28409285638222,99.66624839781508,109.50155019239111
489.78636414425137,78.98910772742683,99.9321652370009,110.92111601609778
497.0666022592327,83.56252393945567,99.97917573189164,113.26811904125884
502.7038128003082,87.35376010915033,98.58830433998732,117.54662673574406
509.6379391092908,91.86730575377992,97.7658509773931,121.77322425874073
512.9567105102816,94.77421269542558,96.77418839773213,126.89730424294208
513.3336922528426,97.73531353371621,96.71663300558575,130.1690017210239
512.177064085267,99.40042337613397,96.41381573233849,132.17607184636904
507.74526997978705,103.54977399639071,95.70142947888195,135.69913745918808
502.9923811442119,106.37495883143387,95.58626408057418,137.35807584116475
497.307177095854,108.89677474142533,94.88769482133296,138.15855117221332
488.0221087496284,113.16524617367419,93.71259607066901,136.01400189673538
481.3561742484675,118.36629522186557,94.192626007439,132.67193807540755
473.7014859605781,122.32745741543033,95.29691492147452,129.8038830020903
463.0777547638145,128.01111952023342,98.15995119805842,125.46207434881953
454.8812725348143,132.29617445715473,98.57382878014333,122.25426105624524
447.5835466216243,134.43886851827443,98.05544622541984,121.02517762722789
440.6167704114727,137.34874973655315,97.82114719766393,120.05496210000274
432.1036836667596,140.641791438207,97.60208905867219,119.3672308428437
425.30781551275277,143.21840059312737,98.90828192491338,119.5723432596265
418.9813483351073,145.14635109121747,101.23490040038243,119.67699614795256
408.7922487971168,151.78776774745168,105.63993968632434,119.58465451181468
403.0485615073953,156.18809173521822,110.18115490297448,119.7342972162132
393.55142374527315,157.74617033001573,113.01371968808304,120.94568328528523
387.33912288151913,163.77867726660781,116.1986077467678,121.31091481157614
378.9788640729327,166.90655299479928,113.95188026201197,125.41573140176301
373.3423028288748,167.84789624653143,114.12487552997399,129.56300505378576
367.71273079400595,174.84558955956504,115.71588395670634,133.08339601560922
353.29341253823276,179.79618329009878,114.31037412120675,135.98410369614328
347.7065340945028,178.2916263555594,112.48663631109599,140.57973334948562
340.42505070787786,178.05213105264215,111.88799057366464,143.55469038979894
332.16854863212734,179.180028980779,111.64390320294882,144.28926385344096
325.13720587068235,179.64987767176675,111.3313302800991,146.20004106748905
319.0642210933184,182.78868107655376,112.00441184196818,145.60785572474242
312.7354641101409,186.86284618949145,112.9185147441751,143.83462372732163
306.93826611214774,189.66019942100874,112.80491341807891,140.44075225383477
303.0742704060222,192.5047490302087,112.46039697205367,137.48605974510588
301.4981168247494,194.4844261249675,111.68764791549833,135.10409348455093
303.47737478120723,193.58988280041245,110.96178132890715,134.1899940985048
307.22996690559955,193.77542961079502,110.76969026554734,132.2916301606621
312.2452596186013,193.02209505140326,110.19293937323518,131.41293784641644
318.82473460774327,194.12482537145337,109.24808927898451,130.0171803775694
327.91725319255767,194.5699881241872,108.85060398923846,131.71421358525177
337.33500447288884,196.48176165047408,108.67810344273633,131.15958886162696
347.58154512680926,202.1172130586344,108.94485260974895,129.271591051715
357.4762651802363,210.01862496971353,108.92226583541444,126.22379595422717
369.48055288189255,215.55260635408348,108.96480737546132,125.09445279913473
381.5922120549606,216.24723813904077,110.26044616738673,125.75992679712175
390.4184774686858,218.57766122362437,113.68724959896956,125.21322924474532
400.9933332405275,221.21632504486104,113.93402243028618,123.60928221559901
413.1114879399774,225.02990145374582,110.92596925697231,122.99274188562242
424.9636043086503,229.10806655736096,109.18070563583743,123.00585194786238
435.04740489044696,229.63878090684216,106.23276237019331,126.18545298827982
441.2249034203156,234.6948721966363,105.02914775674503,128.28438243109144
448.5384897146399,237.85587589910122,105.01994086633864,129.31627498191114
451.2590149986597,238.79288025226424,106.68090436308782,130.15484171122353
453.46529151295016,238.5806888021082,107.77278210538097,130.8376654338985
453.6538820169685,237.6635665997099,108.33392888665094,132.74702808238942
449.3675915828016,234.75379093606222,108.02922761234564,133.90054375752413
445.95580982880136,230.72164045473508,106.36982946568303,135.0769519970949
442.8979852382756,223.56257901609837,104.76008678195785,136.45433619638985
441.3709281569261,216.30978019107192,104.4178212354131,137.42661628052477
436.28680725335914,214.10284005276336,106.16888298120665,136.8754835299507
433.63156031462705,210.9368822259372,106.53788191695944,137.61682778009956
432.29283449701853,210.89884998590355,107.50184545021729,139.6966843076675
433.0324105271141,205.36171359481892,108.41352772153859,143.60336218016877
434.07545516814207,204.14746579881756,109.34551199829008,145.65707783252003
432.96469842619234,199.49709267794748,110.79179108096346,147.88927730225706
431.96785485591363,195.0438396842281,112.66617062900971,149.5183265292893
432.2662459589943,191.4262319772498,114.35198691833173,151.33749770801637
433.70348509852954,191.01749494455356,115.08100924389072,153.55537408091925
433.0408077158898,191.34685025135713,115.77562992313361,155.94427851858165
430.6552170036797,190.47180002778688,116.94439292485475,157.56836650632482
425.21390493022176,189.71528636455292,117.79092431359201,159.12332899354882
418.3694244299163,189.56851885269268,118.79873583147585,159.94884435298178
411.14037098411,189.04703194411425,120.50476752777593,159.16288159329537
399.9953319647247,184.5861971872938,122.67233274916373,160.61937547827418
387.8934629331645,185.00012103006708,127.08790285879286,160.04310871652328
377.77988430490825,185.0211002954315,129.62264106318136,159.96617687735045
368.0072641935626,184.40193318165987,132.14332989427106,159.17636912949087
350.55870786916756,183.5451793436001,130.4109564590768,158.48986669666266
336.284231431752,181.2912600629535,127.8277319810027,156.2205365071929
320.6433692643137,181.79078429113977,125.65557219112344,153.53747575700476
305.737944789932,181.61715699365507,124.70196725194744,150.59274770121732
294.2633016625889,179.8971664591034,125.43367461869417,147.27780733401082
276.517305993065,180.00653140615304,123.6935645173122,141.59228056491153
264.66882923212165,177.28522804134076,121.25798210475068,137.21392438865237
252.36342939754354,177.23955207803067,117.53015681968328,134.5615171599991
245.2990909929298,174.2720657559504,113.78118432165982,134.900766651999
238.36700588748198,173.2915113435881,112.20293357308277,133.76340741146174
231.9550418923536,171.5584011309092,112.22064150871306,134.17976378309334
222.56123226349558,170.51390939928555,113.84913448469078,134.54662469632996
215.4595933994629,170.7552080855205,115.59782618370342,134.90322281374344
208.28552656478695,171.6859618162542,116.87003593337761,135.8592827007563
200.8228998223937,173.74796776401803,117.2301744431885,136.31836587892857
195.1069347007861,177.86892748502106,117.54331405987786,137.26688089279412
186.32254009351752,181.53349503500104,119.13363247210789,137.49228642698944
181.05113604082362,185.51072695165095,119.6622012662774,138.65962110900944
175.3928162347464,186.6284437250057,120.90370755476242,140.27302422268508
168.308934056642,188.747941984818,123.3907763772188,140.62940085674703
161.34469022475471,189.5073182300482,125.19037972550262,141.13340637333613
157.99793222870935,193.92821318091188,126.62549956891174,141.0185966809594
153.80804554619309,194.40611287128826,128.56115014265396,140.8149331730475
150.33146350152617,196.55467619870313,130.28249650966725,140.42236303105042
148.04809786489886,197.96625309418943,131.25294077082162,140.2003044396628
145.36520801698572,198.47496188658405,132.0126962013586,140.37918259309373
144.95057660948686,199.4482109847948,132.6945216524933,139.72420749561786
144.28408246572107,200.39895387982745,133.3686949733463,139.32713233005663
143.14893007015118,197.79122544749862,133.53921610550475,140.03181792014763
141.39224319235717,197.17267669651278,134.0136215364315,139.61710596815513
139.6405113918747,196.2213781583873,134.74180776122154,139.29171027135004
137.03593408241056,190.73537875237628,135.02903874275964,140.576251045042
134.811715494189,187.16470459914203,135.9197612185039,140.59515424500415
131.89067367732582,181.81656074214803,136.59776661660408,140.41676620825973
126.11226249643683,175.6056202281043,136.07270745524974,139.55402885866164
120.89726940411641,168.14077200753104,135.30426262487592,139.072133769962
115.54659759689766,157.44562916812575,132.6116128616279,140.45191567985165
112.05694159981927,149.2943660374916,130.83923971326757,142.00963374409844
108.86528951373239,139.8962983958263,130.10120218011906,140.9417057644896
105.33194637650796,129.37069644864764,128.68488006986334,138.78939555972585
103.11764911576276,117.38474437121792,125.92889283476192,138.43557797386262
102.08406754531678,107.87131404274132,123.80060948441243,137.50872616743692
104.45314375345995,98.37775799355018,122.41151259676684,136.9930306486317
104.84503412293377,84.9688086630457,121.00102281383957,134.84825421503615
106.85677772063946,74.13923031333854,119.96951378691574,134.95066347792704
109.1369019400953,64.42131630882594,119.62778026728505,136.49331826917881
111.22834298874417,53.36523835656173,120.15742115353834,139.97270554272578
115.96276864986709,40.0662082039846,119.63130264226663,141.96831070871988
120.83563447206771,32.987870364743415,119.5628237673356,138.6759450206251
132.2033996412661,26.714932212944916,120.86898425535486,134.82857753454925
140.64971860651195,18.217849560866142,124.21244175332993,129.60529174312575
146.11710577727308,14.548082781848173,124.33742655182232,125.91769803523151
156.01702844190893,12.862909087405733,121.00390507508969,122.36439468253924
171.9417329613499,10.897159825914116,113.47981341902022,121.1122489107837
182.1015744439517,10.56625087727511,108.48004908632397,121.52085945232403
194.36096859170922,10.94630371811023,104.26322650430988,120.84453960258205
205.64220771415563,11.966170087672666,101.43979817091609,120.08080307164809
218.37144139738564,7.213206877530709,100.02755158387502,120.4392046582528
226.696463355552,10.402488882858634,96.94157073974692,119.80905277986014
237.41736439486348,9.700521673055377,94.62301390038175,118.87925054137034
243.29282204432155,10.30152216953379,92.73578230202716,117.79966443536496
248.9332288377238,12.079210814746382,90.43288829377494,117.2394279358791
253.2307652926384,14.62540546212292,88.63014326480503,115.72212690368401
257.53714306915595,17.372947170549097,86.80737241483389,114.45058045506286
260.3884345659604,19.30187666631101,85.53653399672555,112.36164307723227
261.88116906718085,23.173512792585868,84.13288750881864,110.33255844675287
262.3420614753285,26.069061929506702,83.43436598602813,109.18953289248518
260.8466435410046,28.336248233979262,82.56800099369872,107.77579460093813
260.2320869277763,30.71283148729883,81.88958248187397,106.11488249455229
258.4856509052696,33.160866339308825,80.54053415106344,105.19996890129585
256.29861996292703,36.485400545439624,79.19788928297142,104.90436032408674
254.9501724920715,37.3011159523925,78.22369409864494,104.86008509070162
253.99348765465217,39.83552160952942,77.96485284170564,104.26141947878983
253.21836542252566,43.67722086426575,77.5829803206376,103.9150237235286
252.69118374887785,46.05955347324249,77.50025286574055,103.66247493776507
253.28808012560054,49.252721632213024,77.65389642115595,103.32447894041115
253.0086016775576,52.40829871414183,77.65781569955841,102.60691312875691
254.9087431048075,52.15898973574956,77.56483136228577,101.98107050757667
257.8382555329955,53.18283899046994,77.36384702943887,100.1021903676437
260.83013483390675,56.18311036312756,77.48719892795206,98.55969358180111
261.8083120577292,59.701125973437485,78.06892421892401,97.24917820361901
267.17192407374984,62.04818967717262,77.43918096080854,96.14136380541082
270.4560024267946,62.49830444475617,76.7580739297068,95.56645978909023
273.0339723737219,61.412759616125385,76.62729864003927,96.60011639428882
277.7060064145596,58.9603740751927,76.63499523731886,97.72224177379212
282.59220069198227,57.239052698225024,76.75835482090127,98.38258953909528
285.5060906306481,56.948594969680826,76.41493849947788,99.01371143016533
286.72252731815007,57.29605107268484,75.80034212585485,99.04387399222371
287.91745544491033,59.15873159892044,74.83194137484445,99.05562522345917
288.7478896049191,58.73370757693763,73.92145839885534,98.80065643984148
289.4365217192016,58.54185352048103,73.35497898703231,98.42472129609041
288.9695758610049,58.89551194856396,73.51459438725975,98.74148900794823
288.40515015120485,59.247755080884815,74.10161222731959,99.1780580888418
287.8829261903152,60.20755992746339,74.5835847658172,99.66105512137739
286.21279896574856,64.0781519987092,74.73899758210742,99.60814393191922
283.81120103845166,67.0561815978703,74.63357880123375,98.96086206590292
282.4023748647137,70.5273765313028,74.34648194598145,97.96155405481184
281.73634390754927,72.14055966332506,74.01727073847648,97.21775295533337
279.1307890460743,74.57217689453738,74.41534020492614,96.69152935335185
278.8757093039994,75.6465215941059,74.71840896854165,96.27555699141573
278.6661253933475,77.41892443018733,75.18021202578089,95.51720575841608
278.2991366526675,79.85157603926137,75.53844564117402,94.73849855238348
277.9815837570163,83.63926352417651,75.94248106299437,93.84117314691477
278.6267823941765,87.38744211448922,75.74043301181096,92.8521716562918
278.7767691700512,90.71669875247618,75.59115381543015,91.97295859317799
279.75145268561636,93.32543835124791,75.07596680558584,90.95018965030371
281.52258410102826,94.68856691533567,74.43995826629641,90.21728922684011
282.87562910665633,98.51429305123561,73.88443697871892,90.31024842354608
282.0600555025251,100.4181644431556,74.33235390610524,89.39280901304289
282.47464385621095,102.11907261503185,74.19833448823853,89.29455030364404
282.9566021184442,105.280218816219,74.03520910814304,88.99982290371113
283.1081422539247,106.99526784538601,73.69452081717446,88.83203272768608
283.73655531593573,109.13326100950184,73.37902768904397,87.90556612906867
282.97418132719156,112.5552271597167,73.09642073946925,86.16052604055304
282.64096853843563,116.36476824884639,73.21108838527189,83.79222539839594
283.8293412175415,120.44921686580955,72.93543965715648,82.06379123057071
284.99072316821093,123.96633289808085,72.50704261620736,80.1106181450625
286.1106497001971,127.6680092825369,72.40313391869017,79.14800119310598
287.96289179489247,129.42482260002453,72.17305954794872,79.19383114496853
289.05307794881367,131.57833385468885,72.09354664371648,78.7319784182784
290.36030419868655,136.61726718962956,72.4162219725688,79.68502319401463
294.8534299339769,138.29340002462556,72.19288134488366,79.69906430579148
294.6690770477607,140.6381678622484,72.55714429186823,79.56962155657119
295.2037900706761,144.67565697983565,72.89531769519515,79.63454066789322
295.1970395361941,148.02557497477375,73.56861297554677,79.5960186886372
292.3814542121463,151.96237563990505,74.73071032804913,79.46854925534723
294.50897202101055,157.52395303312898,75.47712286477004,80.50243697225632
295.8240538551762,161.63022037807343,76.19238527904983,80.92620141566819
298.82744297061754,164.50319705486532,76.58513745893374,81.54920319742986
300.01466573061583,164.0577966871406,77.11089874321274,81.78518074886591
301.9058184123452,168.31844431931555,77.36853850533385,82.15210627156436
303.0615786834962,171.66257828081245,77.63977877388386,82.47986770648072
297.9819401265437,169.02881214171657,78.07249243411451,82.71669644005581
298.0030211047783,174.99582301443667,78.3563750967287,82.7041014676869
298.30795080599313,172.77813236115307,78.56811756197492,82.79997137975334
297.21684569980766,177.97170372008028,78.7324196780323,82.79615423868113
297.02412243468996,176.54522294916455,78.93034744770574,82.89377615801507
298.0146555442924,175.7623770315686,79.13884474130303,83.05224035782335
297.5634158757045,180.67842409535902,79.2739931339407,83.0254488501766
297.1690015140286,177.76219070662148,79.54845940287821,82.98229716985745
297.93819517410157,176.30079483771198,79.67887601301487,83.00906515737134
299.14944823657817,173.13313393532192,79.93175989317335,83.27026596376885
300.1954883251185,168.64021556592326,80.11450147436291,83.66980852837183
301.49206649412554,165.00316393535473,80.22731470841603,83.87136053905115
297.1743954140875,160.06223577082332,80.49582985738384,84.02623665876335
298.43255616208864,156.29572764507068,80.63141532854452,84.08122508968148
299.76909294821564,150.06798081555718,80.60639349502964,84.04226722588135
300.1357072514991,144.52438776677462,80.35978480800112,84.08854355629558
300.3633427409542,136.95089904447354,79.59673436794557,83.81829516319023
301.16421413117644,134.11278008724605,78.62488429437215,83.73831321375361
303.5408178415207,126.67105408769433,76.90774245214422,83.26733692153623
305.54416150255946,121.68781834555173,75.25035599142545,83.76534355444204
307.2991138441558,115.42800482526204,73.79677030656956,85.46906025566597
308.6654942660948,109.2956416018334,72.86036101470108,87.13560307062627
311.31708784187686,102.79946208067828,71.9784051329734,89.42326545766306
314.36192105223813,96.89989291856442,71.44421537774771,90.5421469383239
317.0264209281822,92.45111323931906,71.3321097756399,91.11902472485417
320.08383262176983,85.81679869083793,71.4100606842715,91.6502776087427
322.1435623506104,80.46858209689874,72.13491341759985,92.3953777506616
325.1170444572296,76.63785258459573,72.57844736567736,93.48235910269071
329.06913363209776,71.83301552767966,72.87825423017449,94.12650758938662
330.8490498896902,64.71541038812757,73.43674504110041,94.4631048924166
334.20676627605457,59.08899377378461,73.85720179855356,95.04449608924216
337.86722285302994,52.77005056047586,74.00024357013992,96.12851994414335
342.3242711954505,48.46020698654699,74.11724715843118,96.23473739595616
348.52824410238213,44.40528796998055,74.66822373073731,95.98275806916473
355.3862811948435,40.69369890311979,76.28637329306802,95.43522258746877
361.6510765331078,36.94029373782976,76.75429161922492,95.58966742427441
368.0272876783588,34.778507952446674,78.08620274852274,94.91103410002106
376.6762363547246,29.433926036479427,79.23597728604985,95.8257228342993
382.1712187706638,24.0766488783484,79.22409225000888,95.28850045530989
390.59435915262287,21.30639430351785,79.51788144763857,94.67219598345
399.5715418330926,20.22823397452236,79.50121635830561,94.47967044431267
409.0328061692218,22.799630108444653,79.32103158863518,94.17336976124592
418.525192632989,20.58441301308178,79.93667865926969,93.37671883844628
428.21862997464217,20.600363550150647,80.63865208997697,91.7337809868122
436.8765447710198,27.616991977156843,81.01979057583506,91.54322985942335
445.5307135933535,35.95099718858256,81.06696364283758,92.32480249016078
453.9772731340844,42.08779900754962,81.09608767966189,93.22753514067881
458.4520237057383,47.492290139240566,81.26264488596333,93.57091474710893
464.4782052423776,54.59542935048897,81.87607999994071,94.42901315566681
470.46585888837916,62.184397403779556,82.52673973369443,96.71340691358759
476.1896506294241,69.14872568613482,82.42054400032286,98.11692178900157
477.502290036097,73.51027226344027,81.32510482187229,100.17226338780863
474.71634657780186,80.55329633006707,81.50959778704654,100.41817211795838
474.53463836547076,87.58322318747254,81.48389387136149,101.07222659864303
468.1326008090826,95.05529341928467,81.79437481452108,100.80437855445237
463.98716671694916,98.35501341532061,81.5740516306849,102.06538167761485
461.45575018891293,102.54506673485213,80.65352534990441,103.65249153025103
458.36410356769034,109.0894491003875,80.38012065152319,105.04717101304749
455.8270958383653,114.32260912797585,78.95952389322376,106.27249753379851
454.22071635994075,121.36403950916605,78.05685058765216,107.2580762550607
452.7939922118109,126.87747821492344,76.96210223436053,107.21041351181984
452.7469918151087,131.61287831482264,76.10499290317688,105.85858036829588
451.88388191189813,135.62069013578156,75.84775216405814,103.48520154220445
449.875017487248,140.19526750521874,75.80246126085603,100.85052262577881
451.654283829384,145.89302710664492,75.59511818992631,98.36992613715981
453.30236103484924,150.6324075513502,75.1362082896465,97.58473157007593
455.383330341331,156.87855766941456,74.1023457531905,96.98469856112007
456.9258021097251,163.79667115558505,72.91906265875461,96.03857397525371
457.7788208348531,169.8405057040035,71.93916636326468,95.07053759936406
459.5703443899477,174.19021774762498,71.87748274985587,94.57027694901073
462.9263695868793,178.03806944783165,71.83938445865383,94.1185878117505
466.3191973757245,178.82172479362072,71.29127103336818,93.95537205463583
470.1525834007959,179.80682401225982,71.39386381705717,94.31769147967759
472.5797708003812,180.05805604962617,71.41175531045857,95.13565386902569
474.2730028608401,180.79222759189832,71.67352508007426,94.93434006991228
474.91066467215313,180.9437653329698,72.01878773350259,94.01244207275853
475.47857984622664,180.7913970115244,72.30431036787664,93.71759550708836
474.91038560130147,180.075157909312,72.61620825094217,93.8014388724553
475.927314234892,179.63543613900953,72.58470083727671,94.10518689838128
475.4108316806511,178.9364286899186,72.44115918802231,94.09396631911554
475.45801686504984,177.2157785479543,71.79410320082424,94.52558251719823
474.5549274111876,173.07557173640134,71.76240698075645,95.16753741151389
473.1852102319046,168.54636357776687,71.9703383772099,95.03490796767441
475.03921820842885,164.19137754807727,71.04346871207954,94.91973239826945
476.0312706166692,158.85697627295434,71.03806834811343,94.80944120614467
477.4179121072221,151.85355743594477,71.41147883510158,96.27028316788358
478.7352409401193,147.94221455447337,71.76532987063162,96.92267989121454
480.52731281486814,142.15468536020205,72.33446637931267,97.8040784973475
479.67865536705546,134.2055289080488,73.01678248133601,99.59448696744994
480.383404375796,128.54402242959148,74.18422166249384,100.21869793004083
481.7852295004967,124.67504512667679,75.31065540318943,100.18596352525009
482.27076058343,118.83301635112304,76.2843244728271,101.29514238373065
482.39901956068434,114.84155018430272,76.67883580708715,102.01954028591376
482.8654817864989,109.91997211257329,77.28550564809865,103.50650384056647
481.82268707400294,104.85704011059504,78.22609664188491,104.70582937711575
481.7156944854553,99.04745222239013,79.37631390897647,105.59408722292252
479.88144284485895,93.52422845904134,80.6534817028035,107.03014790117041
477.2898935313799,87.84947181238618,82.74894195161826,107.40289746919997
473.7266271991266,81.52444031374138,84.38564126117495,108.09925086413361
469.47332884697676,75.83648609822819,86.14694911659763,107.54006827648323
463.28296378323887,72.82440188488648,87.75807265380246,107.62448078657118
459.81277974208143,69.1823106752548,88.53238982516753,108.11382668468586
452.2087660443682,63.568868222560994,89.12651703596265,108.13742637278833
449.0985368540994,59.68612816463921,89.1918674414942,108.2627788297879
442.1073979024499,55.83645842518491,89.19373476892645,108.26403824583029
426.70118230777246,48.320888967046436,89.15434596621598,108.12962502282501
418.8916455824848,43.18619038550647,88.97581962431077,107.49539574394937
409.12188855064153,42.09333789520489,88.81125310633232,105.96163451514091
399.1583486862333,40.41224288400415,87.86955460638902,104.48007024600797
391.48719596606406,38.95361996003844,86.86792312656141,103.76746236850605
381.4263072627909,36.787660323710085,86.83336851711658,103.47269935966861
372.6074162667473,34.11472367125596,86.34947120317351,102.41651692422042
364.1179623323393,30.057597794497994,85.66980210665751,102.0500300379048
354.98945154716216,26.63665327396344,85.30478960413579,101.21372598662772
349.1823714986532,25.515081569700357,87.23801574882219,99.59871199883736
335.1912492088057,25.07331998472997,87.30467385695951,98.357346271836
326.38600130653583,22.339340063677234,85.73130697534205,98.51348131535748
314.68985743853534,20.72619738750025,83.36313481144072,97.5205517514822
309.74847189656816,21.544501598749385,80.42680646910544,96.80199981702104
303.78656074458644,21.074856397275177,77.86553088793707,95.73996938104123
298.1960496502301,20.79380462107465,76.03315013780698,95.35803513837546
291.646873404598,20.697325459369367,75.01087808683482,94.61992986935209
285.3607932421991,20.70303160377449,75.02811726142514,94.2747067444651
279.4951858706699,21.539880273316484,74.81809741586048,94.37465337587062
274.7220366139506,19.858139881340264,74.87717325779033,94.63671280362189
267.1647263570526,19.31759309077529,75.42725481589787,95.99126185555224
262.89906758761003,19.080563111835176,75.67683502720733,96.81447980245758
261.0942426635775,18.501920055075345,76.02448550660475,97.77314047061134
256.67425666005045,19.58409769009458,75.96782055076825,98.64174895331945
254.93568097595008,21.02173275311425,76.495008826165,99.19404583243758
252.28060011237793,23.337735960661078,76.58350469408691,99.81323675544817
250.8231705767061,26.515386529723358,76.4975214325906,100.08008889948914
249.4437366776309,29.177216393268303,76.16385230447148,100.93320939624569
244.87852078541738,33.106423155957245,75.67551444320762,102.1158401060973
245.14556060080594,34.77014988063471,76.23415913570317,102.0926435727885
237.4419746361911,37.13065341360174,76.90393768572144,101.81128561192646
232.82401148567646,39.401803453375265,77.39275171258078,101.22970821723965
227.40297683792699,41.83982311156319,77.49686877571887,100.05481001986709
222.49979957368623,45.179877293906074,77.51745288794066,98.63349930075017
216.672684428005,49.07974731244893,77.82553087370006,96.18891711583731
212.43921112304676,53.62841956685965,77.4535206507308,94.15103801534107
211.6583214313971,55.03589433675451,77.64848613594361,92.46260171827291
212.60619109470306,59.20280453836427,76.80164014181305,91.84207772847502
209.48995825957257,61.841732086150074,76.67379335022099,90.18658763076718
204.32977863140044,65.74118447601793,78.13741260870147,87.50462954826655
200.25693567988088,70.98850420612214,80.09535007958115,83.25403677613797
198.28906053027248,76.65878720313714,80.98165188865515,79.33196643716781
197.4440260493447,83.21154716786617,81.40290247206224,75.99936330153298
196.9650743369681,88.38141299703167,81.32726135641022,73.79827109327522
196.75101215749777,93.65745853358987,80.03193135915731,72.42929311830333
202.46440335115702,108.22728376296996,78.39581364469035,72.48414453637422
201.97521545934526,121.03950968855585,76.90678911589015,74.27474319179424
202.5425891469631,123.93270035633387,76.692539396523,75.06511118103678
205.70056241360996,130.52366273719903,77.50177882972099,74.66283138543196
130.8427222782458,124.99839778711492,78.07198180552749,78.47397091237019
130.10327762445695,126.41257936145718,78.32809267358333,81.05876808778235
129.7579613749091,127.36230218700582,78.46656270424566,83.08745163285207
130.91616475914577,122.24059042716098,79.19274393130152,84.83770346064722
130.53035370991074,124.68553021516615,80.08188790437818,86.13598573461248
130.69540521943387,121.29683134909156,80.92768188755205,87.90721986965471
130.4562497520292,123.33995927924204,81.45214264990132,88.8291226931306
130.4907230482429,123.76941632928424,81.57114790538479,89.83710832182122
130.49465057043363,119.96159501553555,82.0141051411814,90.38317707007668
129.89255663714442,120.94898856231282,82.50197857275462,91.39397590448539
129.6745552241798,122.5684365018456,82.81898612706075,91.72847599290336
129.20625358859309,118.98428647897823,83.5690444583586,92.19531663083168
129.19066028392555,119.64908359443359,84.40384502843659,92.92087457773164
128.7683822632134,120.07336992483923,84.57312514803932,93.47537618144672
128.17344461353963,120.00263684260376,84.76810731374657,94.00256617518707
127.37825961843305,120.51036020402138,84.8449573015946,94.12422444044998
128.15182154403578,117.61390424898647,85.45908618743442,94.46947781170142
128.05412529752607,119.0609875069271,85.76811175432023,94.73528634770005
122.09814117774421,116.82914824836146,85.43236022917446,95.48185065470255
124.61616866887617,117.58066273370031,85.25728051241347,95.58414726366811
204.3018473019493,114.98359282051133,87.09135232341563,94.18848959325041
208.93540346172722,109.91872409525307,88.43725041035398,93.1957943350267
214.5290996247531,104.32330596122885,88.18953150806934,93.25289399266254
219.24958763121572,98.64226654989281,87.975551916958,91.35187028390153
219.45228503170978,93.23946880557004,87.82260537675405,89.31252463332586
221.5528659583813,87.99654951050951,87.73668981933996,86.43623878039274
226.3341615167601,83.18289877828859,86.81442710986994,85.03989865853086
230.02881715092468,79.17821057092007,84.60281636110255,83.85648313448617
233.74548116612468,77.35705843010018,82.28233041367984,82.93940211644333
236.33010658604954,72.92583764912388,80.48850372048234,83.78392509166497
237.75290100861113,68.22541356009188,79.12567816576444,85.85929185493404
237.77754975371778,63.71513426835183,79.02501273330734,87.57902102786116
237.35158193397757,58.322183525492434,79.65894094235352,89.44673060378992
238.02851726945715,55.43334855100681,81.22747813691862,90.50647595788202
238.96422106204074,52.541148881966855,82.80651358115517,90.89465032037599
241.4061639896733,50.81002200150534,86.0821946051625,92.13933949847431
244.69029168256873,49.85127352571273,89.82469781006986,93.32443692680133
251.90676769536321,49.94723110671595,90.84443114062103,93.49802278117329
256.2063878433329,49.158250585580085,92.01341937556545,94.75742814054745
262.95114486014074,44.934904189634196,93.25056893142735,95.99235135159816
267.476434788842,44.297825905973305,95.87184023216685,97.20752859392347
272.81261988008725,42.9114746145219,98.71042109185169,98.75613750121288
275.87666744638125,40.677045190873784,101.50797655588231,101.3382195435851
285.11499971890055,40.14661975748733,102.84422209079976,103.19355407200962
293.7984384648572,41.26450869708147,103.6998082066745,104.74850237766631
300.48590524411225,43.01840483162196,103.94104267032029,106.0466016224098
308.2508182509129,44.56153385308371,103.17163173392841,107.69278881950704
314.95344978589077,47.506364203018606,103.65547255343802,110.26177870862651
322.09597495190945,50.3437127195669,105.09479889986743,112.97671962261244
328.89302444411493,55.38884651080966,106.24747744994131,114.85949929659665
336.55944037050233,61.59363620660979,106.73079340142682,119.25456925802374
332.6074130228444,66.46781684898207,109.47211644925125,123.49987557581825
330.52041938803285,71.42883379997836,113.46462739407761,125.27773943993893
334.8443563655724,78.54816062184011,116.11406712918408,125.30981962952842
338.9566618104321,88.52845350262078,117.891223397973,125.08340478166336
343.29498862420854,92.32623967458919,119.8312403789406,125.24904144880443
346.2285868306986,99.56088426495225,120.31578527989481,124.46943236756563
352.81976150843406,105.3470202282767,121.00983401097179,122.69677534722774
355.3571437836437,110.53316144715775,120.1868642756159,121.14052722648225
360.4104738496608,116.10457351927508,116.57530082708394,120.49127531735503
365.52902889189045,120.96084461425562,113.07808847059098,119.61009871272108
371.84870969645124,125.0169114286486,109.2892241072579,118.01412223420368
377.5978628386861,126.91965406406135,106.66120285696786,115.9221959948647
383.2905082776887,131.25014404973462,104.55385368275918,113.47232899959236
391.11010158530985,136.32332357723743,102.7575625753293,110.86462713300224
398.97406747817365,138.43172005676962,101.56581796153779,109.36629425694571
407.65236234148364,138.4427454700313,99.47652407232013,110.3797725670801
417.512410978906,139.4059168483388,98.22713564452121,110.75420724576782
421.9273106330444,139.69381599884284,97.05433354007141,111.15654244438208
430.0967385330948,140.86666067552974,95.7037828318285,111.27748498035153
437.31508635205853,141.23547519978126,94.83997270720667,111.59898588523285
444.3227519401915,141.58134653207136,95.51998359484453,112.10394796594534
451.59882364513453,142.75488390895265,96.11450194338134,111.90761335881972
457.52979981764315,144.69478038835743,99.21835083737778,112.74445419670207
464.623353513888,147.06452393819944,101.79604065558144,112.89993608352924
467.5743782061912,152.74016281764818,105.21923235984221,111.6336411966411
468.68917255704224,157.19280764754524,110.18752678726005,110.89362806425171
481.8114316813048,160.60338565730655,112.30005657340294,113.36177105595962
492.82931681421906,164.32459871763928,112.7589056770812,116.02062991606807
504.5617674731179,169.49904448617747,111.88022033218388,117.49725698708492
504.32802088269193,174.97366210658055,114.29388145889763,119.9913525110493
517.4444155701829,178.65150001085152,115.08854836748523,121.03083451653323
520.0729317857124,180.03340522070425,116.36706176238435,122.38770729003454
523.0907894807543,182.9183323602155,117.62219796531804,123.8931611431837
524.069772461045,185.55131594522442,116.83192478523154,125.79355387459404
522.4526048621782,188.27929934320804,117.62356984891647,127.7573344312269
520.6167037032209,188.9339784801348,118.32581726570811,130.38259844512362
518.4519416354349,190.09330661676512,119.96846343535309,132.50879881553973
524.8251935980916,192.99177637043846,119.12759915847712,133.1514712199668
519.1876625446838,190.69903935693657,120.71098035708954,134.20718178681125
516.1270048150888,191.26116804036454,122.38376228127598,134.34297674329667
515.5931511769579,190.6582372446596,123.3251265158791,134.0688788467915
515.6729389906644,191.33435222274267,123.07621804712946,133.0364989181866
507.9914758967928,191.67636708369253,123.78355131647677,132.87445496555867
497.41937585910046,189.1527430562026,124.22520622584585,134.66161648413106
486.19579293806174,184.98485239636832,120.70114823674645,139.73637928916645
470.1460880851696,181.5401575706825,119.53793129458154,141.74724749812475
454.74964204334503,179.58411453512437,119.92689080681956,141.34573112173126
445.9630720883903,175.14155925303413,123.61132832415093,137.8465919987169
428.2643522115427,173.40360780359268,130.1628551444965,135.24231711363376
410.29219195301346,173.30979815791568,136.27350218438215,133.28799390391967
400.1410247883467,176.42700508725983,139.78415331669405,134.11561799002502
387.05061219695546,176.0356860404888,141.47088746554107,137.9337432585549
380.8580758712237,173.89800440215404,141.10237144055193,143.29040595939586
376.773383500855,172.05600505582635,142.18452835993924,147.45072497837953
369.63232159210276,173.65819987615134,144.69901110993885,149.21657020864018
365.49810331438795,171.2056962891346,147.5871733695616,152.093139052977
358.72304812081444,171.77528188878753,151.38592858550498,153.78193955052478
354.55591372849165,171.69221570778447,153.7424623275786,156.33173723578835
351.0218212373544,170.60678738795048,155.9923847327961,158.6831525420432
348.66912336269064,173.3684814127056,158.17183839495024,160.25024815799932
337.03101456944137,172.47399136143258,161.16403841858255,159.09275585415799
330.5155603811345,170.195484689094,161.9924350077817,156.9712528108957
319.06299867512024,174.2474201916167,156.62678167115305,155.65335916943673
314.80073289033794,172.53423680947344,147.73998397130848,157.97946329181647
308.9068296259992,169.50361692491254,138.67285771495176,158.55464577944417
306.2783906202549,168.11625216016895,134.05039078625475,155.65578798669623
300.78613106803186,169.34461230240225,131.93334262232923,152.45140134328187
288.3541708692785,176.34909801733943,129.44721113995325,144.72881878746148
276.3082247227245,181.32204042631034,125.45163051741174,139.55223013880067
267.8721165624737,181.68237603286508,122.29413606826007,136.0010962315231
254.34722283416014,184.30854430287752,116.49611850169383,132.85476941325416
248.2465433765932,183.0700196210905,109.92215164168127,132.33866472790857
241.58480625575027,182.25025858837785,105.62596073749305,131.36698240757642
236.45299370265565,178.76534648541116,103.66208206713202,132.5624602618863
229.81410711377117,178.24603860072165,102.60862222030383,133.30385687404637
223.39087424835125,174.94799167370516,101.76404695840682,134.62587760414743
215.5487109907366,176.66785015525346,101.79347006177088,134.09979637179424
210.19719314169825,173.7150517562165,101.63620855678363,135.13026823853272
205.84661233220828,171.74168014470794,101.24620940153264,136.87975441961868
204.24237917587345,169.62651967766192,101.27423552674804,139.31422555360083
203.05307655606103,167.08287486485838,101.80406192249318,141.1697086625606
203.95061715509195,168.12461249189272,103.16275975427757,141.07478430990486
203.59329957063574,165.82813239856472,104.93774522207153,141.21837458918174
205.96797315662775,165.32695116975523,107.72151248337605,141.05451113661394
211.74312352032427,163.07305884899353,108.76227620910798,140.49729429040542
217.77660238867858,162.4334015972579,109.28419519664254,139.6654034544449
223.55052020058508,162.08396827594265,110.55508420509273,139.54197526579946
227.9553899554692,160.11558245278985,112.31160407947975,139.4862346860003
231.2497317381173,161.24587652436915,114.25368604763085,138.96838693552667
234.0875943928216,162.35053046377493,116.72054744629114,138.19354267690096
239.96816382673603,161.65080806506188,118.41154652554474,137.68633228195188
243.33343055249756,160.80200981142494,120.21497723112617,137.04579426201934
247.88761244711816,159.63398772325564,122.2516530002956,136.30941021188696
252.44960080251977,158.33787245195634,122.7157986573513,135.64907465531869
255.66224156151236,157.00425879099177,123.51033954613487,135.09691992959466
257.796928594256,156.05383810904567,123.83794700606884,134.74886040313655
252.42029058997335,156.56099370407676,124.0759832990579,133.31930180253852
254.55996114823324,154.16155047847525,123.28909385032378,132.99310671458747
250.96702350138412,154.11051979126444,122.33504700199316,131.41394290838323
254.79527992438014,150.2789523289459,121.67592251888566,130.8647002848025
252.75742341190949,148.3162956085344,121.74670409393687,129.96879523502494
254.29914142207411,142.89037491892583,121.8059224925529,130.53876863328503
255.0962686323815,137.80128497218436,122.06037276763968,129.80258371200966
249.90479352774705,136.9299584097777,123.40881427176946,128.71951390400744
252.67396854973578,132.66021329889458,123.16734733402369,128.32365275400858
254.40405191857712,131.2590862567301,122.32644853686223,128.0112685097853
256.37597074364714,128.9970493719436,121.2202528411442,127.05003744689978
259.6536452332426,124.84599853024649,120.40000174708513,126.47045673435892
260.84519847750926,122.67839883577207,120.47825428259964,125.45537393107752
263.63405916171814,119.55841567410422,120.1450149545872,125.39593706380043
268.21032119531947,117.51805760470079,119.01822006676679,125.42494021280018
272.2583199916834,114.68167445681453,117.0902818230991,125.7207681655246
274.68658161479624,109.08876037095695,115.01296127653458,125.8531247719932
278.0026799441803,108.06649579779855,112.4932481192009,124.92083869461612
279.4216227360328,104.95650127457392,110.74430506326675,123.08534201566255
281.21649668937073,104.44284670992494,108.486200618772,120.87056544969381
281.92344047782643,103.09970071514206,106.82260005312642,118.58765873549366
283.1718833532183,102.73902699332953,104.88153858212789,116.85791894271433
283.87755629418064,103.24901517923745,103.27411298411677,114.86412474558111
284.1516890781556,103.39523154058782,102.40647720599614,113.05866030176526
285.8804577876669,103.59514301513147,100.83948813540034,111.6854725822655
290.25881834493356,104.3536511413788,98.736244212792,110.57510699219303
293.92803558833793,105.06997637319509,96.69088004229802,109.2845987200897
300.3275318628972,104.54309397558218,93.278348751114,108.45550130504179
300.30186250596404,105.33896479411669,92.29740022495191,107.45256212482853
306.68632655953667,107.9069221767618,90.26259439411287,106.51111395041968
306.415912811364,110.50607957490551,90.09163866015336,105.52490871986711
311.8802099134271,112.3706508054842,90.2245354686005,104.23005023049623
315.7444891383089,114.33212855340636,91.0018115983047,103.18085066650616
317.5874025951962,117.24239561815486,91.76062913567142,102.33603122054188
319.7410142260214,119.84360463102237,92.7789726426673,102.79725226341039
324.12839566324334,123.49977453368712,94.11199880783518,102.9767394691893
329.1153001448798,128.21586991744772,96.05701499409844,103.04671354236632
333.43590436880874,133.0951829553451,95.95783592703887,105.14289436659595
337.36427464329006,137.6596793835842,95.29446333614514,108.10537318217587
339.3947402886002,140.08346944058113,94.79583725754573,111.81092035700038
341.61194063189765,143.83168933019016,94.90722772009019,114.45844057686682
343.2506416304142,144.95203101220264,95.34452379930526,115.90765689584047
345.8417737827757,150.1989686840657,95.45011082820048,117.26746883849131
344.6770865127838,154.59416860300672,95.98434414809148,118.41449079931533
342.6461110999832,158.2323543141156,96.78929142793153,120.754605926475
340.654928217032,160.20310491957946,97.11780830734406,124.57959088345501
335.8032314577262,162.9522605029025,98.67862083993273,127.9330110171629
328.14490604532546,166.96798444408876,101.75785062896767,128.38439318239782
321.31334030530354,176.0307613803842,103.918454872073,126.43410366832748
311.96853554943135,184.02539672094986,104.0280682748086,123.48547000349257
309.85484968365193,191.5736588424526,103.19558311473531,120.528877439259
303.7587193906424,195.2957023443676,100.77035293232174,119.06325885355035
297.23033706825913,199.9683869332829,98.85345043231285,118.97438801251178
294.27262249264174,205.01547335686084,97.84528367824367,117.18107461664984
289.7442097526141,207.98254190848465,96.50087548520335,114.88681888585398
287.2605458323018,211.9711574994482,94.57090689714755,113.72655089972767
288.1074203463317,217.0894974955662,92.09551906798978,112.83311450642967
289.27747404109175,218.30275953656195,90.14768790594395,112.22073432054108
290.41503473742887,220.9584832088629,88.45646791860412,111.59446620949015
292.20738346434723,223.76527275369068,87.44765337644958,109.58999532944462
294.6461293610138,225.81508977490734,87.26124119966309,108.20615823449054
297.335941682011,230.6298522551253,87.30135771138572,106.2997463340522
300.2197428125978,233.00470405015798,86.77253642555388,104.69159018546935
301.1051642157702,230.62915033619464,85.82859332652652,105.33922204271734
300.7949038861756,231.73403110426074,85.63358130138957,105.33843367591194
300.74084534651485,232.3023839959321,85.05033284068338,105.2745625035082
300.86616306872617,230.57774015266793,84.84158381904389,105.80243152319696
301.17252580287175,229.91823965158034,84.60762569212812,106.41592488930192
301.89896594508787,229.78898425061703,84.52678699075706,106.98816777884065
300.93182783492523,229.91995960465127,84.34264284860978,106.82118909264993
301.6255257518182,230.17253112121094,84.53544244176473,107.24862575570906
301.7454209189435,229.49522303282916,84.59625624231214,107.4882586122364
301.3375363528053,230.37299885491637,84.47986547392341,107.04690343546156
301.35184362799873,229.81731631479576,84.52769351538251,107.4588019295898
300.54045120414037,229.10999135667515,84.55489826208598,107.12684633035099
302.205504970001,229.64476674030212,84.34416858185085,107.6565644763661
302.12828612305566,231.03300824418864,84.10649333519177,107.15180473900934
301.69241759631046,229.43667695508867,84.08405116371421,106.87077513848308
301.53206658516046,230.18298557441338,84.13890958597943,106.54727582738492
301.083995178157,229.8480503837746,84.44853613888567,106.77511911668253
301.9147203716011,229.49872757797795,84.34675953816074,107.45239308614816
300.9642997902221,229.81305466579187,84.33294441944746,106.87364322718409
301.6700809660376,229.2347610370345,84.45322573007854,107.70274513194421
301.472235695517,230.73063305680753,84.42467553296623,106.66999929567574
300.9904985768693,230.404973522378,84.40556887006943,106.36110971013113
301.35156711399304,229.69523203786997,84.32766687034194,106.94334351933425
301.0417801371484,230.15016203294124,84.43067103080688,107.01655735979627
300.80714902474983,229.3249929305506,84.55978117077669,107.3765680155968
301.7206382209891,228.69825888200012,84.6293423471992,107.87083983126466
300.6134095578913,229.38695888775405,84.80038984902342,107.49567344421513
301.6091793743463,229.6593673420745,84.73816935940872,107.57739242806082
301.7848318546629,231.07464109457393,84.52952716237104,106.88649646000346
300.70819369069585,230.40050773894518,84.58239255204228,106.34042909342591
301.85702090347,229.40987896767615,84.46213275501879,106.55912126158958
301.8541190523466,230.42955887908417,84.43165486784682,106.19263374368988
300.4015252922218,229.75927557727192,84.63406452554767,106.28197308767848
301.13032771932865,229.6964955960077,84.59551084168305,106.9779587394273
301.3877564673676,228.02433429967405,84.46017796399248,107.75241968162771
300.6409353597436,229.43857478410598,84.46845717264867,107.55201741187581
301.5164135185566,229.67118263111115,84.66190879493354,107.55312261997457
301.30777381088603,231.5278377448853,84.72045458605476,106.63133251113973
301.6647152925143,230.5364708482611,84.62100693793033,106.27177542609218
301.5236195628056,230.7707311722375,84.22463653106432,106.00652715062358
301.5257390894452,230.7649434179646,84.08248647097685,105.97994798261281
301.7082406073453,230.41725632696674,84.01446965744374,106.16007601173072
301.28778575103274,229.91945569498807,84.26788553318916,106.64363660100165
301.41430217381145,229.38272605087374,84.70987693956965,107.11955789484553
300.7559337624097,229.9239759058642,84.56884067296428,106.91206408572444
300.7302579499785,228.1938847178092,84.70765974474989,107.57321162792636
301.11465941591297,229.2562703733828,85.14480218546251,107.82367134438233
300.6519216544115,229.9722235428958,84.93640555709057,107.27747548318531
301.252319350775,229.72298101397055,84.91991225596215,106.76529762771332
301.6228902278804,229.05687308841692,84.71105166210586,106.86722640377789
302.14647492973745,230.63978890820977,84.97745979116002,106.71381208062895
301.5264560763219,231.5153466526806,84.76876094956748,106.03829435474881
300.85998218847095,229.49718965924848,84.65582259016796,106.29409743920829
301.62276662099003,229.36394606215845,84.84787993915722,106.69019618514993
300.72666578566367,230.49850397057094,84.81135174187474,106.46464588002846
302.000120681158,230.35053747614782,84.67716120061135,106.08405077267567
300.93518727447093,230.41194945007544,84.66769118956849,106.08278698861635
301.3133659148202,230.5131284286122,84.78052752239913,105.98783672808798
301.3832395353139,229.54295178986226,84.76449655382541,106.65860511140754
301.57212624943816,229.7694503048158,85.18129148542884,107.01284147469278
301.23312532584737,230.68835583586105,84.94851534656067,106.77860754959568
300.9380496901941,230.4806927904093,85.12849427461319,106.10167041875843
300.71895446891415,231.06879770784963,84.80764215611883,105.65539718360921
300.73706264367894,231.04642111964537,84.63671689540881,105.7434293521938
300.7612690328298,230.64634556619404,84.51839208581416,106.13404040191412
300.3054000721614,230.5233610501743,84.76655906665646,106.20586589607464
301.0150940461241,229.85026650495905,84.75440602588128,105.97440145924529
301.26894127034933,229.93007405555477,85.09172847415553,106.46944187420152
301.2771261876156,228.37779505059615,84.89744524207241,107.08055687188116
300.84096626575206,229.8949554743454,84.69005627117849,106.9448890547782
300.962253571742,228.68417838318476,84.62308662846169,107.34495337847218
301.39877418134506,229.57100480466536,84.94575594907336,107.77024987251654
301.4005959440452,229.29639447357323,84.99281886239334,107.70379043616722
301.6234414679655,229.32640969024078,85.0275516524529,107.51101248679603
300.7317198192432,231.0572446684527,84.97228261526456,106.24256481468919
301.77294083170835,230.06373467039606,84.7262508743767,106.3929889178963
301.38342470472804,230.63890281785143,84.6154725662035,106.40231618099185
300.9536860243231,230.3464839298701,84.52077809063725,106.26461006170994
301.30354068771305,229.55475464383136,84.32623434079208,106.72230080675342
302.0919685533637,229.28124351701123,84.42545728666822,107.24572708281909
300.9626938697969,229.57336806910695,84.30809708692252,107.40424149791477
300.8999887682859,228.36778003337884,84.3773063572332,107.53937224695281
301.50543610541547,229.12428716060214,84.67356078327768,107.79728434882179
301.53238732374945,228.7773050093822,84.8645647720858,107.39578382563153
301.07698507646717,230.42197712617028,84.54731998839117,107.4567828194418
302.1209379770399,230.1295275947018,84.42013985233817,107.03442930841172
301.20191643236853,229.9447138488489,84.35063582540121,106.88424302410137
301.65984675185814,229.63815357063328,84.50873823249599,107.56184311039021
301.5385020843552,230.31937061791183,84.3322860067089,107.13469380921003
301.6358229438274,229.5943450924899,84.26772522610369,107.38841276300036
301.47260766473704,228.17602705468943,84.58434704463721,108.06754332636378
301.416606042178,229.13357724049905,84.94475367503682,107.87219920035758
301.2171473853313,228.2758269836994,85.07037701671484,107.69298476244168
301.2585527792792,228.70764952239097,85.23008986921316,107.68433839282987
300.37178912385167,229.36563823744703,85.23547293015221,106.9868252538135
301.4575750770517,229.33150688277496,84.95353312957958,107.14289742153262
301.2586523425581,230.3760370417463,84.7103663471896,106.6256354281749
301.3815607028077,229.42677074209678,84.58139910129933,106.94178332193044
301.320281637947,229.81047554798022,85.0020625602958,107.22507628203246
301.12240691699446,231.13296028798456,84.97504227687816,106.61737901691328
301.4177812917186,229.5693145363739,84.8209443400558,106.78676737339086
301.9582592411946,230.02124896265667,84.89844560109981,107.15668339669506
301.41203346924885,228.84330340006431,84.58094796152729,107.43439039407212
301.1901840528711,229.62396704361512,84.4652393216724,107.01336683793518
301.1256291010434,228.72589707273585,84.49280033753851,107.32667220213327
301.1663014847033,229.42898444675993,84.78912404036294,107.44763556806066
301.34648060277084,229.99385868380497,84.49775777822404,107.03382232422571
301.4085190064448,229.50665633907732,84.42574851146205,107.05586936387786
301.4318744282122,228.81144738768666,84.43481507238464,107.27372359459343
301.5990230604792,229.3801716943304,84.7692452057693,107.57302575092118
301.41266324340546,229.60870089118228,85.00357440314825,106.96576582795291
301.2790636446636,231.19299218614896,84.65349556117657,106.12946768855053
301.25867036640796,230.06145269336338,84.85582828839935,105.97981216560734
301.39137713190274,231.14939346093598,84.76662374524184,105.7213932178187
300.9675289275426,229.55198991426064,84.98578196264359,105.82320681332084
300.9828884693899,230.34005791792714,85.3384585209913,106.26997281785918
301.0293175016259,229.16285690125756,85.12538315556777,107.03459607026114
300.80404461124283,229.4737925415742,84.8136339882328,106.96003347302323
301.2929356167098,230.17538552349163,84.85849959654624,107.20669501666524
300.93154927545777,229.82406031950615,84.51680484893569,107.0239416723092
300.58929893739514,229.48588365717092,84.74377949690464,107.15065356660173
300.87870931515135,229.6756973692369,84.92640676709564,107.22308213316568
301.80754855565084,229.57139676132317,84.55356176502421,107.39098366586333
301.6068131880369,230.4526257759174,84.33549025915573,106.74043168831068
301.0739758043335,229.3288954348352,84.27149106873782,107.00429902578662
301.66388974582907,229.21770968204444,84.54224116006606,107.60775399003018
301.3901827024642,230.28593691340745,84.36738380438246,107.15515351118327
301.08134917290266,229.8855101551141,84.72855893421288,107.36859174981203
301.9422570407579,229.34396297278502,84.58600974665907,107.19653937260314
300.79950374598076,229.5369633203221,84.81066047073493,107.39528736288895
301.5249088914927,229.55625272697142,85.06441367820793,107.62859796795388
300.690162302821,231.31765675300227,85.21256708141962,106.07234205422074
300.54528644823756,231.07380980743739,85.18350165191461,105.58125209944896
300.836616957561,232.03323257709877,84.83917359029718,105.2590382062825
300.95976195949277,230.15246117695915,84.66375313654247,105.24644041017203
300.4187209860728,225.67873869152265,84.70713664855276,106.42327028018437
298.82568587074843,223.2788048598722,84.82351355225131,107.6719373152047
297.95652843699037,219.27814142476117,84.82079820355042,108.94553105020333
296.5416161523583,218.43232951877496,85.27649729216279,109.51645188022687
296.5081036100302,211.9478149023346,85.40040994013694,111.03791603437224
297.74661610137446,207.14508156698804,85.29518323434974,113.13878551802313
299.4457130571119,200.76392589381123,86.06842658636354,114.95408777776791
301.8389598812468,196.93657459212454,86.60661469697435,115.53558014173083
304.36362011637004,192.21041824721024,87.16648373707335,115.31645366072206
308.55517669613465,189.0185244840969,87.4766364924611,114.74976978573414
313.06301423862584,186.2521844820486,87.74281031494948,113.46898943979414
317.63657943428484,181.7363791908137,88.39809767875839,112.5087024392561
323.4333342911366,178.74855034191268,89.24798739437622,110.3460678244361
330.44014238446124,170.91853405848127,90.88731767989489,110.37310955420173
336.9340874981025,163.24162604932948,91.43974308066419,111.52220889007124
341.4973384977883,157.31277394788074,91.22185523992287,113.02749037873531
348.1236077250084,151.82332966554276,90.70943481221607,114.10894947716375
355.2169912618381,147.18992735336153,91.94342503225784,114.44273255611603
361.59654025641623,140.3105092105114,93.05946151118022,115.2798416613353
368.73073000031076,134.08979921293985,93.84064829231207,113.64420763273574
376.7755949689134,131.32316440955202,94.67773338806563,112.23638808622164
384.00044891375,128.2469552255525,95.79484087467428,111.17858993200383
391.4811872727662,126.70463469882846,96.52529874221318,110.8511254251492
399.65101934099664,126.824601387179,97.48045157657751,110.86841553534845
408.6269105058633,126.72493440121987,97.35743320863618,111.39999515517397
417.07664974321875,128.05295879999323,97.18488725956004,111.38915900792631
421.12630524561325,129.29542009031852,97.62310715381888,111.65946184727392
427.93652333377247,130.4719860316199,96.70441982546188,112.41762065795422
432.68648406698014,132.90121142206846,96.07735545285757,112.33705817509181
437.08293100812307,133.39918778727224,95.63092572767624,111.53523929263608
441.89552452900466,136.16822386976915,95.11325497467027,110.55096008113348
445.32300739665436,139.17097738696935,95.0420521711946,109.47697732346649
448.68872840787947,141.2975525109028,94.94974932415944,108.42222280466459
451.35171757748856,142.73578245256977,94.50401953154163,107.92002716159553
455.11355436226364,145.57595340839333,93.75236201042283,107.93092699112879
458.6585693679322,148.74647816691694,92.80964750125244,107.53582750536208
461.542718197987,152.65613657197287,92.1226648817312,106.93400375250124
464.32884875796776,157.37114309434722,91.85449092378754,105.81905799901227
465.91476758437,162.8186851676095,92.33830078723366,104.41585522303214
468.08911644354595,166.97645721946117,92.29113009219722,102.9583042452443
470.87716841603174,169.7548361298353,91.59752107367834,102.12231296883813
473.74399599633244,171.54070954763088,90.5881839405732,101.44239061711842
474.9891010660139,174.65611589461426,90.4556431546954,100.69251254305522
477.92567536966976,175.26894794756384,89.03801183940644,100.46759719070369
479.39402851261747,176.63104887924663,88.94618565757595,100.0794236648168
479.4412826917636,178.88259956144648,88.34505736901636,98.79922412155355
478.9345494401076,182.63714614192844,88.11143293662118,97.73656784260871
479.96641930864837,185.75757674730374,86.48855123581937,96.51177890511244
480.0305086825468,188.4871678553787,84.79930025768354,96.02259075710833
480.4621915321128,190.11904409168716,82.76536847655069,95.00475179004556
479.72824434200714,190.4369392023199,80.65985449151242,93.93405735106005
478.4516599792802,191.5286460017419,78.88860991740584,92.73714014112826
477.8323041082195,192.2277572284572,77.40605634351766,92.07484598474053
474.51482757495194,190.586376298561,77.04553983989285,91.17769146269703
471.5350237673517,190.4541119750708,77.08994769847106,90.67478157875546
469.7677076295656,189.42788074286864,76.75812275015096,90.44421567897822
469.8734167153061,187.67613522194432,75.51903765228602,90.62762548684864
468.32962514303097,186.42140234063575,74.66518808237404,90.86219677352886
468.5353408207013,186.3143520851517,74.0720342499549,90.96390871836059
467.40463705739126,184.92410878846488,73.61493257933984,90.65865403022488
468.7269428299458,184.84669933798747,73.15497026328043,90.40408540228334
468.0081392966539,183.00303365260842,73.11059378742203,90.07484811230536
468.65777253919583,181.50256275228082,72.982142531754,89.67733858468299
468.8006971135303,178.75983874412435,73.62848970218826,89.64248478214827
469.6153569479844,176.5872655000885,74.1171486061255,89.54079718284814
471.58448867882316,174.62507646462964,74.29537503168561,90.0947366780212
471.94619050822666,173.64246361999244,75.25569374970198,90.53217468190135
473.88723696568394,172.1249965572565,75.40752493757061,90.8639757011415
474.92115550240464,170.62294658324544,75.83304003888813,91.27671794118635
476.07993598509023,169.95709044019296,76.11764572619641,91.9259878006098
476.24604535000293,168.81459613930122,76.4217149239986,92.39720908843604
475.55943933345065,168.02053349770847,76.61046095273147,92.84211287408586
473.64177768880273,166.50047965603864,77.14850559937292,93.67367749521541
471.8021796528842,166.74656886579268,77.42550407179893,94.70088489037407
468.16776755850015,165.37658545243497,76.95158619895216,95.73240688333402
465.4013141074879,163.51171827681017,77.9755080584045,95.57484884948231
461.3367160901927,163.57817963740476,78.9747526159442,95.52763945522412
459.9875652734875,162.25954308510978,79.78951779133907,95.99769149047816
458.9124519655931,161.53822702398338,80.6912296356664,96.50488277439399
459.27965039205446,158.72793258394177,82.92243780326675,97.90502316051968
459.6645937462281,156.41807377046234,85.97021309557562,99.52061233136286
459.92682264560847,155.62417234731538,88.5749497948771,100.75438301880511
459.9728924971185,154.18321818183887,91.94711787689118,102.20357927166367
461.0194400422168,154.79661367367416,95.51350478895287,102.88929498755517
461.07009284773414,154.74051226793708,98.84068051832645,103.83947735415933
461.48881486026596,154.76505198676927,101.44139095226245,104.29826870983753
462.18617231800044,154.48421940237114,102.63103663631131,105.38548031017521
462.8260709730046,153.4419535681117,103.29828167230373,106.68662688071363
463.18769034329785,153.15376363336856,103.23399415461387,107.8762626682259
463.69900096686945,152.13797656818946,103.10013454706562,108.1389155425187
463.2233005770523,151.47047823723344,101.34500046418162,108.42719766013447
464.40748357356046,148.74390927429772,100.03043302749316,109.6657774614637
469.4468942485445,146.30545330377976,98.11150185239075,111.59332950870078
470.71799605071874,144.87664376791915,97.10258732294005,114.03892098299463
469.79646225824627,143.47600244354072,96.91203025883712,115.14650057636969
466.5260436604246,143.15085066143874,96.12969011683398,115.50082639909378
460.29656617982715,144.7576933418549,96.238185979213,114.07704336770638
454.16837514596193,145.6933582126617,96.27898806037113,112.58704259628662
449.9446133377235,146.8530150068437,95.19035216146708,111.42730411263608
442.8031926685949,147.05566850827893,94.08534369198514,110.37551106583555
437.6276595384001,147.39045459567095,92.72642040464518,110.46694012033772
434.75542244641423,149.6401176898574,90.85887838759767,110.35219359047309
431.7183683183966,151.22555408367813,89.39235248835948,109.88211025443076
430.5763777670804,151.31575030361046,88.42246453429024,109.75050640306014
428.50642651843646,149.80166442819973,87.07211978197478,110.06692979229413
423.7064615842231,147.42283411348615,88.72820056364003,109.57758591274907
386.70643215096976,144.15763148793172,96.87832962057645,107.03536123526911
380.0815494586324,146.88568743656967,101.4488128168356,107.50770850547366
374.601110634295,148.02485491817396,99.78216513592056,111.05785092492496
372.397433987908,147.28007645973418,97.40392253483468,114.81237385285195
371.528291158899,150.31306726068854,96.34138521960139,115.37712240307332
370.9004748525897,151.18576545826488,95.9418749288921,115.2462690882505
373.1469205474814,149.44388007653882,97.73151527738992,116.49232031587502
373.9460958134456,150.0946429144882,102.67129836667732,116.56037002125524
376.9426756128782,149.6774947304617,109.21343997630818,116.7869389212945
379.16317274179386,151.24017136230174,115.58394245309607,116.25838240863675
387.82321866396705,155.3323658624219,118.33549634544397,115.92208501072184
385.40963906574376,157.59017449769982,121.50333292245242,116.94450551711302
384.30928171483214,160.07646386895465,123.57206248144857,118.47941025696426
383.568838501812,162.08557906932003,124.35554082738778,119.95317519085867
384.1395392100907,165.54079238087252,124.26390928921792,121.21303951471415
385.6708810292522,169.06256324702574,123.74021328746113,121.66504221600148
375.8183939021984,173.48505099866492,123.55808159979625,124.15357425056493
375.91229163609984,174.49261353562508,124.7690590869341,123.82246111283231
362.2310033135757,173.77685904539788,123.72082716875003,123.5809076495535
347.96841805045426,174.90817155194924,119.28868034269793,126.75275615100767
337.9171978563836,172.60444653629935,116.82484036584904,129.06366782934117
330.53958002171123,171.35166870139068,116.15359860294285,132.80349407182086
317.15190806582336,173.44163016717204,117.04533083564141,133.3245880431817
308.68445197652505,173.1909034592026,119.48111657991183,133.0468972316159
298.2142370203272,176.14729306101995,119.89921143981731,131.2941278889736
288.306739260527,180.18326293014997,116.87327983539421,129.01929155571236
280.6765405997784,179.06272940445183,112.98739114614929,129.07370046311144
273.7664774089374,178.59484498501809,109.27996969152755,129.37210193423448
267.68640208328355,178.6915962617762,105.92536223278886,129.37337472365954
262.3709245458886,178.3792783445783,104.27977369033025,128.14316026584953
259.02536539502756,176.9159925967286,104.3890214361746,128.2182682052593
256.182995014736,173.35981248999832,105.43106724665404,128.9129028556705
255.26714088209334,171.47909801933542,107.23252632980444,130.15575183712687
255.42510242369792,166.17055180952482,108.96647445287888,131.66826337753668
256.4810002924691,163.0637701291722,110.66441449033036,132.43845639598723
258.8311234427772,160.27473484745832,112.12624752397326,131.4646623353916
264.9650245293496,155.53410107766268,112.49508208483724,131.5453933378125
271.2898245177903,151.65490290446849,111.9946501224822,131.2499929160124
277.81372335545507,143.6939152861798,110.41108870661307,132.09395091778757
285.2348158005616,136.9972120226251,109.49410046404411,132.08671600355171
294.65611016994205,126.67310531765482,108.57847553143549,135.31107077091414
304.5400596980297,118.00832617350598,110.31155113041157,135.9327776492997
306.44650306942526,110.81700943520707,110.36551023379657,137.30784467387116
308.4386334354312,103.32136767608154,111.27896220930424,136.3378406936481
310.9333222674553,95.83738727655728,111.93300142681727,135.6716633853968
311.2124357487365,87.92218132544008,113.20049227107111,134.6162339180023
309.3153217192003,82.64004350288995,114.83430491914797,133.2040882069014
307.38009938921545,78.30600387382833,115.41935491053857,131.60074889355246
303.720398908779,73.83447392345869,114.95531623518104,130.4647625449021
300.37119761457825,69.46958811386233,112.97569929996192,130.09532819333066
295.77645788611665,64.85257337488486,110.13753364580106,129.65532450630758
292.94146317285345,59.93970674321996,107.59937506970294,128.82694113908317
288.07648701624953,55.22602352641003,104.41749075876538,127.42030221686807
283.81518613500543,51.71425203209413,101.15058656269639,126.68975632686828
279.42040759799045,47.94423048971247,98.78961091425319,124.34445013794996
275.9915116713163,48.25354862199285,96.26855087703751,121.824387319663
274.13249500248577,49.44129764757596,94.32661869956189,118.9151492844613
272.08974816403264,51.15506132158898,92.53672566153283,116.2856576772876
271.031141097144,53.280965631784454,91.11889870148389,113.63816648357817
270.42226647306575,54.96706290472774,89.49917384189801,112.01934067300502
270.8693191360795,58.03587900192568,88.30407617602104,110.80404887167555
272.3572973049984,59.21354919359527,86.94214042419705,110.12209768473224
273.6212587893666,60.462456797612276,85.95815799958905,109.54929005840904
278.20776973497004,61.78220891861411,84.53221595762531,108.89511389467533
282.81764309730875,63.152025561813474,83.63909505692254,108.96825312071252
287.9602662082473,67.82640374351148,83.35567226033848,110.18278449230186
293.96141015529975,73.24888220144666,83.88928448220031,111.09546746138021
300.02533851633547,79.61275307372426,84.40376937389841,112.66389404415656
306.2163061720046,86.11609609629531,87.27252166174227,112.39860776402912
314.7988880210375,93.27483705936507,91.1679925767136,111.09656010302633
318.88160936828285,100.17085228494487,94.28645777254272,108.25516079352931
324.7828101621718,109.83892007041548,97.13251943397131,109.20091609172871
328.79455417991835,118.6575677950556,97.60862608689382,113.14839656713109
335.5054007577281,126.94606905701039,97.6637252667845,117.15643318201546
340.8607987171356,134.45629482627524,98.84417614362383,120.08478649883244
345.8071097877532,142.59047061092056,99.83944291077489,123.08540160434649
349.6276378172034,149.03198150106547,100.41580456885447,125.93915426863674
352.1826807190565,155.8810313198875,101.25889621723562,129.19382295679833
349.3610977035688,160.27732527869964,102.0303486099053,131.72513812297535
348.75951456780814,159.44025548072977,102.6910832884854,134.39055326785
340.5447368175797,159.86425900335394,102.2279137980976,132.9453966120823
336.77540415397823,163.70510546082795,102.15803715981586,135.63313996117233
331.67810774853615,164.3553917417539,102.63525230804133,137.45000118571267
323.0297617402259,170.0729433978567,102.79470296113647,134.35517649899532
313.0088310816823,175.3804315566955,102.26773760280872,130.04701818974058
305.030067181817,172.19839617131822,100.5697745272951,127.66000463279741
295.3512217097012,172.52182218754564,99.25428203036464,125.43256414037396
291.93657940123035,168.7545709824906,96.84043119503573,122.2405479195026
288.3556477931895,167.8109288680572,93.82225119059743,119.4450041988455
285.11851989155275,161.75703708249245,90.18580829391982,119.29961012715276
287.1886380641193,159.6761794226507,88.78828826119509,118.88308505224396
290.6633888351138,158.84294387889685,88.14055168426356,118.20824420814154
294.8531778952472,160.08728999529427,87.01459132751593,116.41817676506153
299.90617999422403,160.55713468612768,85.10293260380547,114.458614956408
301.76127997273284,159.64042492004114,84.54958274635152,114.16333876218638
304.94899129962505,156.49162727925457,83.39971980402328,113.69375264727516
307.8246051514489,154.4345590619439,82.87294602646202,112.49766359514113
310.80302494390617,151.09894652222278,82.77257321171962,112.04535065731048
311.2699991279672,147.49543775834093,83.53090763950365,112.16689417079193
312.2218999059087,145.39338280580037,84.19761074899547,112.17054173456444
314.4629500473285,143.7891489225734,84.48448143249496,112.0833289780997
312.14689714829643,141.29477907784582,85.09467131793087,112.91864345088005
310.0053802156129,139.74747371308393,85.3004885580843,113.42572952792273
307.9250687767352,140.05222801992548,84.0909422730895,113.211913828964
304.9591332684918,138.4300204789954,83.1872291259104,112.83745555305131
301.12839129218713,138.25173704886222,83.00182310583303,112.24622994286251
296.8907887762156,137.6417199388454,82.9265873495072,111.34835353934574
294.71694067344123,137.92214775560961,83.50744047453524,110.91422752830056
291.2065496961738,138.48847609534712,83.91644798448998,111.51123267114457
288.92855799761935,137.60996573084066,84.49010964240213,111.27868588192325
288.1992214525892,135.59158111823092,84.36200790641264,110.94607510988928
288.59326461491764,134.64014683878486,84.62180378104316,109.94945712703341
289.77090207508337,134.48466970388336,84.4845187822815,109.45394320807375
289.0300543338125,133.4515628700361,84.69916685958036,108.88257052055889
291.194012646943,132.99935415934965,85.18237980332665,108.05334190673737
294.5650147018565,131.06231055313214,84.92166031187733,108.91948429686101
296.3116481962929,130.32613460447806,84.91593905168804,108.71835842527115
296.78268231732505,130.6073278027651,84.56146680886458,108.75800570341406
294.78804760099484,130.2388303460134,84.01791029471711,109.09057285011747
293.23384915250756,130.22223261688777,83.76465887054002,109.11762164270623
292.21382581645537,130.89796188136714,84.075627369007,108.73133069578256
294.1107994014699,130.30527781905744,83.82204827911707,108.77472687463933
296.0388571102347,129.89666602693055,83.72802950503538,108.16265587271147
297.9265073559979,129.28418338478116,83.45370748335753,108.06891583665197
299.4774439062686,128.03860552648234,83.37003478030755,108.84367689039256
299.58833421404955,128.22158340819394,83.16361830129252,109.55915931075384
299.5338035184335,127.73832594993306,82.89781726004486,110.17412022093748
299.4362135539432,127.47824220131382,82.98103936330509,110.46088986182124
299.60856915327287,126.94923449976685,82.94680869967613,110.91855858045933
299.2943118822625,126.46688704454512,83.09045164559889,111.12454721925437
299.9206730801286,125.76397047111644,83.34496477690529,111.26693558480832
300.13394588005156,124.60764106103564,83.8461236901324,110.76963618544173
300.8073962642138,124.54215456091376,84.23611860223536,110.24440460442482
301.8241452999998,123.92330162890015,84.42111542278377,109.87899967819934
302.09444198038807,123.73606673923976,84.22102518839009,109.84235381115782
302.0443225342328,124.1687796213192,84.21061065792777,109.5842822707271
301.99277429821956,126.25032815290817,83.84408767700084,109.45808763522251
302.86078753632,126.69817448545612,83.83131933850296,109.27543860024973
302.85554606037607,127.26211641637119,83.92981071652062,109.20470402945811
303.93759071614465,125.80531054239857,84.83520563883961,108.94879325352335
304.39701899533173,125.62282418150342,85.33202293243232,108.8317278052144
304.6689707194003,126.8503981524978,86.04894905220445,108.70149884859244
305.64298029094175,126.71386144136244,86.52961700476365,108.50982224916709
305.8833500408532,126.85848842642416,86.64077499258114,108.58158446313521
306.1490676768208,126.97918994387179,86.55291999045954,108.42739539896073
306.55274066205743,127.21037441760197,86.58141585453134,108.17412160173268
307.0800331306924,127.17686682099851,86.66875589456387,108.09152207340296
306.1377854778126,126.5842509074753,86.93139868319557,107.54198443691027
306.4880638001267,126.41274672493756,87.24925605910568,107.41966285689828
305.55951669513485,125.72532120199565,87.47677394367278,107.10669072639816
305.8651209814367,125.44069066890435,87.93706483796524,106.86160428701129
306.30590248993144,125.10448458538234,88.24233710997709,106.48582419140578
306.7738475418993,124.86247352225672,88.44927845078172,106.20779092062331
306.24676386882635,124.90675514659645,88.71941828008576,105.88539897831555
305.7472375468828,124.00086711281614,88.69979488141605,105.98993446436374
305.12937536429934,123.00277607236094,88.50417426062103,106.26436449773536
305.39633496934175,122.82944004128231,88.00658482285962,106.64672219599578
303.9082940491554,121.1491386326972,87.74932926088859,106.88944228458934
303.3907226939529,121.08036519795836,87.8742379968368,107.15355523630618
301.1646615272473,120.36170252297055,86.54027901616115,107.47685094036198
300.06559546928736,120.35205198256047,86.16602033732688,107.6048879699832
299.2138198988749,120.01556750087204,84.9800074408289,108.28024050773782
297.59564322094735,120.87966939707961,84.7470574271618,108.39640314655892
296.55781647332435,121.28191522544793,84.667477062392,108.54674434170903
296.15017329733155,120.81273794822565,84.31905961512989,108.81811129821125
296.0957802799059,120.507076615442,84.38174468334878,109.07900416064552
295.4938912167636,118.91386283415326,84.10324827731533,109.10141666852026
294.7062040852618,118.02802027939825,85.12150126346341,108.63019306182849
294.20976350468686,116.96464934593827,85.79204297926066,108.33403615936979
294.23124520597077,116.56685962440385,86.20433785673177,107.81793063635129
294.68655686143217,116.75941237506458,86.49124863012898,107.82671533707526
295.4348538070263,115.44332867427057,86.5944707036396,108.61029462964686
294.62167672603596,114.01986496241139,86.34479918889286,108.81582195456457
296.0661892288669,114.15039824777914,86.5410555553013,108.81639441261669
297.162905338589,112.691037728119,86.62417720510467,108.53780047429109
298.2300787107097,112.23242267603365,86.68733617337233,108.51492901453126
298.7819968356175,112.07619488707125,86.33847554048857,108.1277382983391
300.89134112648486,110.12705021508316,85.59875748640287,108.19180270296897
301.5393012294843,109.02557711421389,85.60456993974387,107.66273234129197
302.83179032037293,107.38780675236197,85.73951668472444,107.69886552562815
304.35717426002566,105.44137257043349,86.29434558619596,108.04672213068078
306.1263686754867,104.35939479270988,87.54437981664474,107.30072289982735
309.500068898107,104.20338736948213,89.41794056067425,105.71283742909075
312.55993752929237,105.12484833211396,90.92839653179342,104.9042231028948
315.2322741463865,105.61828724321407,92.06088565875021,104.335502560186
318.70143732366495,107.8125407742928,92.26277422423725,103.72525549062803
323.9347279983765,108.16671820688786,92.32021879186735,104.53376039525907
327.89317169098405,109.76849482170708,93.0473324137323,105.13870364084036
332.8110144804681,110.73648818685172,93.56930235997169,107.16699084014704
336.70454477341394,111.5012141497673,93.49233431863573,109.69551992856756
340.85546131318,111.75135905892759,93.24472334603716,112.03537307556377
345.64281838299854,111.93282332556201,92.65945203171746,113.87324734533448
351.1956199166517,113.1599820181172,92.10036061449662,115.5842632312507
354.1710096223528,114.02515656081356,92.99273801766955,116.56232870045395
357.8241376625701,112.4545166342256,94.75564812070671,116.80291370652293
360.35277034587756,112.48028497511851,95.9925202319665,117.01065287837098
363.87045907859925,112.56179042232162,96.86617606501557,117.64795128438742
366.42973451671435,114.37028881002509,97.60585911746584,119.0095397522056
368.16279124124475,114.69069285370249,98.73583455466603,119.2283815614725
370.33615213594305,117.396547709994,99.53353148170001,119.43051481306185
373.3178607987398,116.11484922329423,100.14675619254454,120.66734067955068
376.07199035920735,115.90658089253475,100.19098778282157,121.92154921702333
377.0941043525653,114.71087733319813,100.29812149997844,123.26011145368514
376.2555914291963,115.24676906914273,100.0857611696534,123.79692681011167
376.7858251804511,115.78060028592381,99.8112400363149,123.46967524090269
376.02365309677094,116.4549888286182,99.00520281024262,123.29867401534668
375.6465855008954,116.90426845054492,97.81931946733334,123.20289927399949
373.6148589551183,116.92439296054697,96.86243831511322,124.00742080472324
375.6178738968095,115.20382462376466,95.74627383013778,123.31117020259207
376.25473346507977,115.10623302461845,94.83715985216463,122.42155732983193
376.45917408470376,115.75905200424533,93.67356221658486,121.56844057552658
377.7254100728809,115.96384211058817,92.35901698087693,120.67738703615785
378.2609036972299,117.09218072622528,91.51855814642842,119.30086608349387
379.60030987167704,117.26052487777696,91.27347258510126,118.37171267771795
382.5527072911669,117.87471458813819,90.96304286605559,118.32027691677789
385.71123407726344,119.75250268804078,90.73715912799946,118.95745813274418
387.9487892674591,119.83645755930236,90.96635153538892,117.7850457361454
391.1820163053246,122.21072422227111,91.14416358819796,118.18086293892495
394.4417644924115,123.44646194645196,91.51650481091741,118.17680449228749
398.85430875063594,126.48647776568497,91.69642117728114,118.10811299511786
403.7317590163155,128.3958094307398,91.19389910966711,119.55602070993007
403.15798926820224,130.25321363664423,92.50523950110767,119.12928750678515
408.6126786242146,132.52283841405495,92.8785956599936,119.91096032668906
407.96860187293487,135.10386691621287,94.23982297438221,118.73686246887286
414.7942128754189,138.0281035929087,93.94508347521236,119.85193014636495
414.0478964374198,139.62689431373497,95.26030141240318,119.51701912631276
417.3200180074633,141.58559772055946,95.44188835044113,121.1864805987966
418.37727160245794,144.547700754785,96.49507215280724,122.9258811740223
416.94667460078585,145.28572271905912,97.33518947692166,124.33052567435283
415.16680628585846,147.23101688060896,98.80153611883087,125.59992384722482
412.6712840240782,149.74495595029427,100.23898986785528,127.07035627380269
409.362942053969,150.85311455872426,101.97539188287226,127.21321163956904
404.67408871752934,152.79038950762884,104.28788439864704,127.09159285977135
397.3435758271636,152.57070960930469,107.99679798150257,127.31194143906399
389.78979872060347,150.78351101495025,110.3416711872376,126.88314143462709
384.89819159780984,151.98223328619997,111.934800021753,125.95858238159147
377.09735801811877,151.69601477135748,111.6168991193066,126.69850446958408
370.9269217824743,149.08585254865687,111.09655313814191,127.96977872692071
368.34800818383786,147.4748218620186,110.93463288744724,128.7507225750966
359.7138952423369,144.89477224000123,110.64807018097164,128.10738315564862
357.98508328752354,143.33838298309115,109.89677933382343,127.78595685265057
351.1793878154489,140.60412818571803,108.13762775172773,127.86227646784354
349.41438168269406,139.26292567985303,106.23586206313578,128.71874599659475
346.7869917463023,135.285744996636,104.01251064166871,128.907283998771
346.38974848434236,131.40506901131238,101.15968786230499,128.4016033461272
343.88200089555784,130.39715086584906,98.88760064241309,128.12456601606692
343.3448610354428,127.84190788379084,97.22830048860436,127.81986938969874
342.9734078676741,126.04482667026069,95.93441311534062,126.37831623677246
344.4904126711182,126.53180747281678,94.46610570838831,123.89746338104995
344.7211561127828,127.09676173292111,93.41578066502112,121.60993633819723
