76.5,79.5,64,52
75.47444854001003,77.55986937792001,64.89295913140383,52.05029756007796
75.63986415147417,77.37930596569564,65.21933807969822,52.4123207249374
74.52842424087288,77.00509674638329,65.51036830201622,52.088904718562404
74.23052119249988,76.83011843428363,65.7700346900048,52.01901427159089
74.02527568647639,77.65342473273829,65.58509318213906,52.03003259509174
74.67263363976605,77.2039223731578,65.64761568746313,52.17129741271006
73.99911001971446,76.58454442894185,65.36421589749887,52.16562788514919
73.99773016664517,77.09697048043526,65.14976236039138,51.93844602733297
73.04558634955715,76.66072243676624,65.23387851915695,51.91729551680881
73.15527245068262,75.92737930996961,65.31081969214064,52.221193736916646
73.57450937453761,75.87000948217224,65.22338242880792,52.296519739197265
73.2665909469685,75.00014941303824,65.28500522363959,52.28239525866794
73.81673055745416,75.50507718474881,65.13381797358883,52.17160538859808
74.05860250488547,74.76803645417158,65.28591747491305,52.26629684845555
73.70379261501758,75.87022834525527,65.12385651810709,51.88474207439061
73.64708077927594,75.17868951395019,65.26982335333696,51.897456859155
73.49401923377121,75.45811134271807,65.52247567258667,51.31660083004935
73.30994361544833,74.85743350189031,65.35673612544566,51.35777570459122
74.33415402987048,75.99333904774863,65.35896112484843,51.5052453803154
73.05474253175197,75.8705313947267,65.13146248107081,51.4264761460398
73.7119225192776,75.61934490588791,64.94061870799248,51.506469212771506
73.65283508287605,75.86633559170679,65.13390305515654,51.08636937040535
73.42485210042578,75.64127119558566,65.10083573825395,51.02808645715369
73.42160573816933,76.09657235008761,65.30355152802392,50.861755009298605
73.20720880465554,75.83466947175673,65.36664321299699,51.07089765379683
73.18522076037061,76.41229639819169,65.27902915872075,50.942104448509916
73.31180176580492,76.19898370905815,65.38394568722362,50.98574995693445
72.7049356213752,76.22886091744527,65.33581355233123,50.729542281765035
73.86280816816051,76.47596835269981,64.89101105138144,50.483570579252365
73.92044031766783,76.21107609920605,65.01496044252852,50.54345629611879
72.91158751091737,76.5394108575869,65.09658381211005,50.232485434008744
73.05911700154799,76.77804365878478,65.07868589261258,50.145571901944564
72.89964387580727,77.8207520361276,65.2757103216653,49.99416374558656
73.07455914334435,77.96089553339475,65.0986651730343,50.086764124022835
73.24816571042498,77.83946514753201,65.26128108321505,50.031573896106885
72.69016593723144,77.83643739756947,65.28182331415721,49.860969320248245
73.42580704201474,77.65943918167585,65.20990569523545,49.64822631207117
72.76096345875857,77.60303088676827,65.17695009670261,49.58370553852405
72.81187668247414,77.25718958884472,65.25111555698729,49.31017656410822
73.7494097558656,77.17880225484818,65.25619126449054,49.16006101265131
73.45562858906837,76.99251836698943,65.37130101715621,49.01264752330077
73.24341555089154,77.57578040956255,65.46664505153105,49.16782508400563
73.6616507346104,77.12894863778709,65.44795499996931,48.834469317559
73.47971673129334,76.90410956645475,65.47482961032127,48.82861482000495
73.17600135054855,77.18628687333872,65.2214256540603,48.70647397996445
73.31205464438148,77.26388946610763,65.19968360840188,48.62392670739621
73.74433824884237,77.13146212905531,65.19442261572001,48.5844798513781
73.09646558692111,77.21333124209171,65.26626809825395,48.541512377735245
73.51285143873704,76.74378808008746,65.15537796305392,48.60967828205075
72.85041838470923,76.58922209766797,65.30646088801173,48.584871976082475
73.446899594753,77.04108411131475,64.9566394872685,48.6370977321141
73.02678256955184,77.36364919354943,64.95675059951469,48.481858143053685
73.02708262053105,76.6458675130871,64.9542580366969,48.61799459071693
72.5691211607038,77.12829402918298,64.92732088946067,48.36435675656517
73.13764982980766,77.69680942599997,64.57671888448584,48.262234615236785
73.07121209920606,78.07295577681167,64.21449116528056,48.03667459679516
73.70463088196306,78.51861245414048,63.99626178362736,47.7591907356602
73.8829681304664,78.05319275779001,63.99095270386271,47.79617944419516
74.05681600135043,77.75834583430367,63.390673696790074,47.55388370481457
73.95263941975544,77.37543734123147,62.93329197285695,47.3835849492292
74.84454514388115,76.3594046179339,62.197008433884406,46.9923224730033
75.01115037392823,76.27041383451723,61.782347526350094,46.4635939396627
74.5885029173308,75.53490011095957,61.810984359920795,45.68761187101569
74.46602312957495,76.12750655228997,62.036283684217366,45.150503954041675
74.57054339793409,76.06465455326347,61.95445525468065,44.813117204499875
73.68709478401306,77.09906269351029,61.85240318843245,43.96167751378131
72.69033361993158,77.39093937212246,62.455975002755665,44.2488508943423
72.22816024560495,76.92058501434293,62.064714918904656,44.63499799491112
70.88257923497765,77.53086027588424,62.73233835068172,44.56757180425649
71.70395779324645,78.15224895808855,63.20515988557236,44.54804745155136
70.47604825436382,78.16676578092564,62.94191639658041,45.16784880925317
71.67256934622755,77.98124938611625,63.324245525948044,45.23009446160201
71.0112718127383,77.04186378548037,62.996213337486765,45.06207244044637
71.37370344080811,77.82720113620968,62.802527363680525,44.97557914310153
71.7970179549514,78.00255608681249,62.427545538362565,44.61010667640234
70.99930985893413,77.30943703075386,62.22395383778846,44.33149574562715
71.79660196416928,77.65870751728917,62.60790802129244,44.62861430271932
72.0844613516081,77.14401774259015,62.303368177412665,44.52338057658941
71.88266045760287,77.24343705118613,61.80549483391144,44.65293833934511
71.67999949816254,76.924282234073,61.32919628608293,44.565247366557664
71.73202028302234,77.35992578203593,61.67569084822219,44.55780979131511
70.52843057483113,76.84569933795926,61.24846055085948,44.501219249140064
71.19989065637779,76.91594594230385,61.63763169540623,44.622267347423396
70.55917206134106,77.7477892967845,61.60663778844906,45.062566186481504
70.85003218311994,77.79806860420652,61.3191692848701,45.48792307513936
72.14260455935636,78.80647822217398,61.09661627586651,45.14025466851962
71.94942375942763,76.8450461295854,61.00991217161666,45.36122910035509
72.71314229822278,76.4818115572245,60.7149683753908,45.47960128787017
71.5938174393761,77.08272016298801,61.268525882314535,45.72733744681892
70.8990722915062,76.92321071232458,61.18047127429911,46.15044997428734
71.18004180416547,76.25301529838534,61.24356431627947,46.27321566102202
70.99237501744437,77.1922783302482,61.6690245801392,46.64048603932817
70.4809588657227,76.67709155828064,61.94855251174873,46.95830590332018
71.06426775296771,77.57831714566075,61.88903343587474,46.577117350439565
70.87362260131783,77.59779522312431,61.7149450637137,46.712898082729005
70.74967385544704,77.47134971350853,61.65793174665361,46.73433417821158
70.33896119649462,77.76372699009868,61.77079552490849,46.53541625609095
70.83987223925243,78.12535821984729,61.572824388203465,46.46864930812555
70.44409525724006,77.09500706078504,61.58915819651223,46.74136403641393
70.04589091075954,77.99479466704241,61.708153843113266,46.394150765236766
70.46059737506364,77.48533217448119,61.700671442192146,46.36853594113222
69.88796453885377,77.33709503617911,61.81715677346352,46.45952891201795
69.82264778450958,76.01702470083325,61.657456027648635,46.25806534992161
69.64716226340828,76.35258578578595,61.671895341345156,46.42736008828035
70.04752570356176,75.40643752426521,61.88202723522337,46.3421179064497
69.88804543836585,75.54489330314422,61.72223041397832,46.431496351752976
69.3815178175644,74.91592791805053,61.80313779505418,46.05048404580663
69.86488197143073,76.17252276918428,61.99632529218448,45.87971849782073
69.60359643284588,75.23689237344371,62.05103966416546,45.43836127210524
69.23547725005183,75.49320577121121,61.904661569430196,45.20021923017894
68.7158409252525,74.08549506409729,61.75593187108271,45.264249710416294
70.18498872671702,75.04486441285363,61.463089244380456,45.4377117689766
70.78300713531601,75.13938484759161,60.73555649841812,44.81170105301359
71.15177044920875,73.91984715120705,59.949862403515326,44.900924122250615
71.30198536373771,73.30724153569662,59.36818188900399,44.89548755091859
71.53308513949887,73.4498502648137,58.9835848431656,45.263878951269774
71.517657419774,73.75701602714736,58.89468979779117,45.60465761890133
71.22460788955033,73.64075843431311,58.41004219800597,45.384527323937036
71.6280095660145,74.56052061294174,58.73115732690438,45.057417779721476
71.89068293525645,73.61125584212841,58.92081950289116,45.04612783759112
71.62262162731737,72.95266078629668,58.69775483763758,44.485361082036576
71.43365497183586,73.64894801999218,58.52082350359631,43.89635342811451
70.3886843802546,73.95633496065349,58.80020636766703,43.79296862350162
71.31373108251884,74.60958513950496,58.84237005752182,43.62397332027257
70.40315955832756,75.12170985710625,58.739660066162855,43.33730191947091
71.5191728106916,76.51213088040687,59.01456605845932,43.458415239004324
70.79528239052846,76.5163153732341,58.86555503534413,43.39646150260816
71.707354435354,77.77538604666839,58.95300104502775,43.39222425043563
71.10731743191768,78.74302337718083,59.23876978218224,43.07664847151371
70.9500794096244,78.96345532082384,59.05011932473175,43.52398933762659
71.85460090300846,78.2172245939534,59.03939031329779,43.54532471180811
71.37809682634051,78.8503254062831,58.8508629460801,44.145311255674414
71.56270556006649,79.68774233250733,59.143636299989694,44.593819917264064
70.4926167730321,79.80123966301299,58.68583361320948,45.10924014797254
71.91430446631479,79.59981976768081,58.91635654207377,45.52550300242919
72.10016583884666,80.65861611951047,58.59082569425328,45.809729051058696
71.7341178322693,79.1260537739427,58.54433949209885,45.858693254065564
72.08758631063043,80.74804752813094,58.09685240477093,46.265556041709615
72.29380205846113,79.19602517243875,58.20056256217042,45.757469872738135
71.85560470610336,77.93868045022813,58.14114735658856,46.2007000237939
71.9247402173173,79.71386143347726,58.87051283594981,46.4573315417927
72.67575790512561,78.88050424308356,59.261297222563094,46.647068574252465
71.8975834503872,79.84839810467984,59.46374116950024,46.94031098335361
71.43442443631939,80.30403682065307,59.72044065067311,46.974772284221956
71.94959501243852,80.73810900221979,59.88500895182688,46.832874874099076
72.59220272392727,80.43711513717267,59.890573477083926,46.67928432469806
72.51823118963293,80.28954228185259,59.74416875280878,46.88759234128935
72.7447895107631,80.01443313720893,59.404367812033115,46.89051702715642
73.6134093182709,79.48872773014115,59.39854311114868,47.156032076464236
72.8061829171384,78.08871547868428,59.42064280786863,47.36685131433283
73.1644845808641,77.89102492881727,59.325425352781295,47.55569618064169
73.78525220684156,77.03980396871174,59.34877910267266,47.66963092540722
73.98627798368531,75.2868562488836,59.37431368723362,47.47385118844302
73.35629745289062,74.51014822328241,59.51953986074623,47.48461606319272
73.44346822323067,74.15451933606877,59.44651355019728,47.2973343540728
73.27193063414883,74.22544611813933,59.711268210224915,47.0965350298008
73.25982686819773,73.7313877809777,59.76191128684144,47.256716127685166
74.06607391588666,73.70395232848806,59.80428281398403,46.90184384285274
73.84668832074809,72.96174913053335,60.12579965765208,47.21209786449458
73.03743092800788,72.54488330557191,60.14154137279709,47.28193292990664
73.31755891956524,72.91570394419426,59.914278658649025,47.43299947736897
74.08315601334706,72.71873170961443,59.90912895903858,47.42270894114993
73.52301028333034,72.681857482042,59.64088611159218,47.19971933796613
73.63735152785615,72.4092385107603,59.73454700179966,47.36498056091169
73.1949070512075,71.95542020526608,59.74971102576424,47.57968373169171
74.13057178207183,71.54025053919189,59.86501891793269,47.579184383572766
73.91554029060082,72.24927314747622,60.10973029069098,47.50670019453096
74.57734784175425,71.8030898730413,60.18540801503664,47.4691106052668
74.23993176533331,73.39500551301929,60.14795816590632,47.53353767759049
74.06493307200104,73.2109134323794,60.14735083960775,47.75713828579446
73.9173919417494,73.19203831131442,60.077975194818535,47.35951504283608
74.22831091101988,73.59614594311417,60.20646412814952,47.22857150298384
74.76024692705657,74.36797193143288,60.35334315274727,47.36621277547667
74.47360257603395,73.26132723177861,60.31932906987275,47.495305368831225
74.36565960665786,73.19329203268339,60.20938222444909,47.258975989847684
74.98951463828904,73.33461366814893,60.36219630059102,47.37729039270464
73.46380486794311,72.68827569065792,59.99251427115348,47.710486300460744
74.28852579210475,73.33444042604596,60.13999570259247,47.58243116459218
74.44917173717674,72.04418232889742,60.190755856124866,47.602785053057346
74.5056386719375,72.54898765264144,60.1185019107934,47.36474657821105
73.56838795585028,73.20056752285512,60.3787080987509,47.22655151368703
74.10607902219881,72.88405689074524,60.18214227264488,47.091387758413674
73.89806429855713,74.18281351718898,60.721284294147935,47.081426337725304
73.29561319011759,73.87963059851906,60.61461324404398,46.86104964519606
73.0605257729222,74.80693388856128,61.28232709503919,47.14712147087336
72.53352652940123,75.40961931099798,61.5072403512538,47.112200240524785
73.09008456109335,75.42675760568608,61.209156948830724,47.06433945458105
72.94413779196582,75.24111064152088,61.279694989248725,47.071655026788484
73.27297705263078,75.27363392091024,61.312117853035375,47.1194300171869
72.81805793908248,74.96718856993934,61.31928754442259,47.178247981434936
73.53119335975083,74.58698664554122,61.562323696570374,47.02717384723329
73.00992450018038,74.7243333487547,61.246363676873116,46.897413843344616
72.65636310893184,74.63923313848963,61.284391837235,46.717678106409764
72.74626900933364,75.58545238048706,61.57687326434238,46.77404412013372
72.36526955691826,75.15947915616462,61.75740173927586,46.76364105858575
73.36929841212896,73.63090695992071,61.80355874481212,46.84415118708125
72.0709576084834,73.52356307393485,61.999324729392036,46.750899936273505
71.81396309876209,73.1276889047101,61.98388496875576,46.788421947780556
72.58227755870892,73.1681660892189,61.856002291385295,46.84954046499152
72.56295098962761,72.82127366409348,61.754976817196514,47.09595660400921
72.3623797399355,72.59262126573498,61.750424086811975,47.246030600336
71.77052509033362,72.36480885018295,62.02536157309994,47.215987219264655
71.77388470191278,72.26124651666183,62.01288906888102,47.56124311737648
72.44690700615213,71.87122757686633,61.71203014556008,47.59729439036957
72.16104411348718,72.13465417467515,61.96693855785264,47.65402127144643
71.62799766343232,72.31067776617529,61.91845285326417,47.64993298102999
72.1415279075647,72.09885248125067,61.905546560784956,47.606004692742104
71.79060930454143,72.60389951346681,61.926480153264116,47.6852378444582
71.91833000625661,72.784960843392,62.10680499972885,47.520512863698315
72.07981146012231,72.93442158885227,62.21962532921631,47.41899675576862
70.81059095246684,74.21750415607667,62.52763884094145,47.68114878669455
71.39593710053938,74.53737991808819,62.36227365031852,47.66158067093187
70.80847959446388,74.51743060274322,62.53165246385352,47.5541089482807
70.93609190384231,75.29432213589767,62.6945777038098,47.41209431840368
70.66551009704955,75.4475216193268,62.61215698731337,47.46792833465777
70.44852585623696,75.34061817467034,62.67444011303682,47.64178505807307
70.08438020637584,75.47260912788104,62.90950807343985,47.619716768308926
69.76404679262407,75.24243939230345,63.10133553450737,47.38360129723769
70.54937099505808,74.85533140217336,63.0981424213874,47.5769393773743
69.49200181483809,75.41671809741177,63.19022195690672,47.584684900166515
69.69033870200875,74.24911784820762,63.11077939065143,47.87322306794737
69.1417294547208,74.03390081036773,63.18864938306818,47.747696011577595
69.19498846760256,74.66963298051945,63.24646119903767,47.935654617250414
68.98381591373688,74.54891443394389,63.268036000181816,47.90300583107567
68.31144136601391,74.68427414508929,63.26912891333861,47.896042862775786
68.72476582587782,74.33085261027887,63.28934213092844,47.752154201935525
67.81655014780537,74.98181821481896,63.55359701154845,47.49812605376843
68.32748757471997,74.8222977282679,63.44430813145888,47.57732589351447
67.53062060979619,73.79356074952277,63.65191077468534,47.969486964766624
67.25827949952614,73.62971466805632,63.850177564918056,47.74243023491539
67.41211218306303,72.89205703762028,64.34603496348072,47.72931451891979
66.83515214715294,73.15466436574494,64.03663585290495,47.664682923650346
67.33263296493985,73.14384982373056,63.988820633041584,47.92111368752869
66.40127349696424,72.43223570832677,64.05119355210897,48.101727768288974
66.60674510836344,72.36366344308496,64.16568017416681,47.96654660421161
66.10914829283604,72.19212525704948,64.2770946966973,47.941417250135856
65.89250436075702,71.78691494811176,64.34971554077288,47.6736376469496
65.31593061799248,71.95116981157784,64.66055295531044,47.772565434084136
64.37862067348814,71.7800699437483,65.01462378540494,47.84148895991197
64.70500469185066,72.58823229204995,65.3276860747602,47.74464699512782
64.29093987819417,72.7537504478716,65.29269747077664,47.41155483593285
65.04324410819746,72.60553094233435,65.34263524776198,47.46173937308269
64.49761113323594,72.9805576127194,65.49399913050055,47.4161297850783
63.73464486402975,72.02722804691837,65.76705646005826,47.69351323709202
63.10851350947774,71.5836716179709,66.12256794416761,47.817471290280395
62.59277225142443,71.87899701222278,66.4595814852071,47.702183309288884
63.9307133706898,71.22850960302291,66.11316105964937,47.74596337022709
64.0799590480037,70.6126675307361,65.92472695468683,47.84377262161223
63.01491648888398,71.22509308326033,65.98914635103296,47.76539230170475
62.894853999186836,71.00532100205636,66.10271797377976,47.48913820533128
63.57835913607809,70.38210821574398,65.74836868022186,47.5535835256901
63.63693550908779,70.47889410777242,65.77826393072345,47.27041549992066
63.31787815326971,70.59393451903169,65.26500072602356,47.311157530252075
63.061139723217806,71.08260087560066,65.51435384831532,47.19893640654591
63.15751174901434,71.02521288330674,65.74830672307762,46.96472615289255
62.66515539272819,71.59915747696651,65.52181955600362,47.166597140324285
63.49992124771396,69.8963641561742,64.96084733528227,47.24759810571566
63.400733739005084,70.073748674942,65.07886459995963,47.34952849912261
63.1308167711837,70.51092469387365,64.95704465929776,47.31286943725725
62.855301772877745,70.9530183898749,64.84733946599498,47.26521189621451
62.910633614225205,70.88429011880413,64.73765857716299,47.304650805394786
63.26939343813658,71.75604947292804,64.69890166327654,47.32438614358707
63.66163204298473,71.07673655428417,64.70288566192376,47.57325133882313
63.92253662137657,71.82789384030372,64.63930416937232,47.607372370879474
63.90396820312179,72.14516236728494,64.62179744195566,47.50741733576928
63.080279331135245,73.30847004635672,64.48454691387218,47.61526667069516
63.45784097456561,73.69794142034714,64.47334025775638,47.74498826845561
63.88392593595431,73.2208251830285,64.25053393141835,47.77139529219569
63.359461541454706,73.76134798376204,64.48070953752952,47.6778848097853
63.89015680364163,73.15268287818972,64.10947672466156,47.785859809672004
64.68445713241508,72.13973772798725,63.85426582617838,47.83556383459475
64.6184196166427,71.72139937702283,64.0510509681491,47.977975409341575
64.2209821299338,72.57695600088275,64.20434804211087,47.97391224668951
64.65445670912834,73.22843820674328,64.28884625138996,47.78078143310533
64.50413796765731,73.47872534553215,64.41790842648592,47.694315908731944
64.62278542260051,74.72834804687912,64.43758085253893,47.7021667966264
64.70053095544503,74.91506917687852,64.48299868615715,47.5296549979151
65.15586870482625,75.85380889590377,64.3233159623581,47.35191990362223
65.12241867959978,76.08831600145288,64.15397362909255,47.133149296707174
65.53723634207655,76.01190074361011,63.90735964689336,47.165221159705666
65.58508761193698,76.51660744694902,63.80345694880742,47.337979693831365
66.41217424431453,76.41550516626943,63.56102374867331,47.080684687443444
66.23453475733196,76.48784322071685,63.558841031735746,47.03862778694405
66.59840570732726,76.11909855051188,63.67249760929946,47.03869293254123
66.34250951460598,75.66678126468318,63.701873573567,47.000785785715664
66.93877613327214,75.12186208264056,63.53683631649744,46.98601632929004
66.4477393524489,74.17137924329977,63.28043646276916,46.824232383719306
66.72277185600194,73.95937290277858,63.38976691197719,46.79558334186319
67.63103647590998,74.47816244737737,63.30737985641859,46.75949579929646
67.50286762607166,74.11672037827904,63.281848979091755,46.695189917408754
67.65487253543694,73.81956014482839,63.42419536749355,46.59725315879661
67.85951684854155,73.05797200047024,63.27371562232874,46.742069772105495
68.23219775931189,73.1125884680616,63.24944101811898,46.44915402268232
68.92143266134474,72.96616664279013,63.120499860522386,46.418044402313086
68.76065047839606,73.08667759024686,63.164804340154944,46.25380088946251
69.40495340994701,73.32715124421696,63.08674604346692,45.99787063739143
70.14792681860139,72.21466905727114,62.70372977196505,45.82466597060315
70.60276447629674,72.80816635873252,62.599645861012355,45.879274026905854
70.10220022389188,72.43300069533151,62.60896636859536,45.943060458535754
70.40762574810024,72.64894046212285,62.53790386435664,45.56169701251491
70.4407173681102,72.98530961847395,62.49943060203805,45.44282347690089
70.26034815895679,73.92137145867879,62.31708106105533,45.26482771378093
71.52418087190163,74.15597767122767,62.13915661722129,44.88477991081117
71.22048583616137,75.45372754248586,61.823680165435974,45.084543220281475
71.56494547625287,76.33060750933763,61.598784028306035,44.878828683382764
72.60610429069453,75.67653739394414,61.51682903408151,45.05482553591199
72.77226230475031,76.49186879594868,61.63865006303594,44.778660403030244
72.23586781209015,75.43054649769121,61.56999484211846,44.92318526859576
73.21344335640826,75.36389894243526,61.50118079533709,44.793749095204554
73.09077843839324,75.1558749080581,61.392559147402196,44.77037559961829
73.66538291655107,74.55711289593093,61.022959394425186,44.79447490310846
73.65136376374574,74.49833618155998,61.10137258419424,44.778956074808434
73.93406224345695,74.39465559529717,61.255619813652714,44.9390065895348
74.11406630119875,73.42548628229696,61.1312076397127,44.818953406071714
74.54937288962083,73.72748579996696,61.01455805253683,44.71946089910925
74.74279169944158,73.76405473369891,60.68654596300709,44.68791495160396
75.16337838050687,74.92020692363909,60.69946043046635,44.433598976951274
75.35060016969497,74.94789338922152,60.80705222077111,44.255354512750145
75.84207159379957,74.87404135466105,60.550980565017184,44.514650606435865
76.00772729299574,74.87974848804734,60.46234523099693,44.4346912142384
75.92232578084041,74.97024447038085,60.481734695393946,44.29916359389406
76.07922552429619,74.73014672487386,60.10121744970764,44.21681724244742
76.73358596302704,75.53364171877539,60.18163932393966,44.04795739494894
76.93738395815122,75.95230420919245,60.21553323881025,43.816606134665335
77.16996014101593,77.4034731812345,60.103119849559405,43.75263183804216
77.85071181433675,77.14697891503084,60.152085677302836,43.598558803142964
78.46768198663676,77.84913507119899,60.01252952612321,43.33121939501201
78.90084918030493,77.71617362590814,59.76297190317973,43.116436279305155
79.24020137261071,77.34023878164916,59.756082317876945,42.847553776279526
79.31831009342237,78.00375777453439,59.54835995136025,43.04830466799625
79.81245523695864,77.91861625700459,59.459861501026296,43.22537931286095
79.80901670891708,78.66676652279384,59.21364945698694,43.13067198959543
80.41544850707365,78.59152231032428,58.98357436384386,42.98587605388735
81.41511211517756,77.60654074012236,58.885239183501795,43.488451756470766
80.48541493934954,77.84363225024231,58.36331878067175,43.38861502228929
80.60361650149083,77.9952432386041,58.51767578011888,43.21209749998769
80.92459664794978,78.12410945000735,58.45801382561421,42.95204031326289
80.89764516978923,77.49689697423452,58.49078570229136,42.804825803291244
81.04648045713486,77.75485899090651,58.66451640180435,42.904008650612056
81.37340120379324,77.3457493229207,58.570160582392035,42.96281957221984
81.55359580603083,75.51535741904905,58.70065443026593,42.86809281134437
80.85727273530516,75.24190628696269,58.500293841637614,42.544770420842546
81.7823360936828,74.21565033493715,58.28192593397198,42.33686343298689
81.57847549457905,73.93967931781434,58.46660233440136,42.098924774273684
82.46323837739135,72.91976604192448,58.39020706194083,41.94687229201104
82.18038559431997,72.68872064751298,58.553685643582696,41.84306460280288
82.52562976993957,72.18114376127029,58.45164295579566,41.62063485726
83.16197195000122,73.64221254293034,58.6221714624555,42.12341093873056
82.69518428833348,74.31682522691928,58.53524600663904,41.815985354459336
82.50949647505354,75.43398262337745,58.453807471421456,41.94854692529728
81.67148352226667,76.82324497866219,58.43514684497461,42.16290112860719
81.75383734975611,77.37065158090253,58.47431464227576,41.96364985764395
81.6516926576482,78.60256404255219,58.569430996830405,41.68861024890457
81.87803388442134,78.05864355013156,58.02620291133901,41.808622840763356
82.38851869558046,77.70311141941372,57.80567634226631,41.728890166640724
82.39681247453525,77.221979166997,57.703504568536886,41.502082300944984
83.34796630084615,78.63988698745706,57.429283125212265,41.29942105226728
82.48629417647552,80.33175483954227,57.94696536185329,41.5830239577923
82.781265324722,81.90322434656393,58.29013318327263,41.75351358411459
82.73245078093697,81.97006164738909,58.35478132215611,41.8988012369885
81.75771410462566,82.31132720555085,57.99406042085721,41.7204704599823
82.92245616730148,80.28447262057068,57.72992396701437,41.758192233702395
81.88661347684804,80.60575457884676,57.547849248510225,41.37391127661146
82.2409775941108,78.38995189683371,57.53392055641177,41.288931767438115
81.60345172341685,77.37692831334962,57.37529927362212,41.19823393928909
81.91679596538047,77.17284337463198,57.581277902045336,41.0645089636093
81.47200918396533,77.15400991959777,57.781962378629146,41.29355615095376
81.88867610014339,78.26120305843259,58.19865775254897,41.56784785179974
81.9454589221445,77.73792301295386,57.94751572221423,41.20462684439141
82.2901932339589,77.96338911468618,57.76230519480353,40.826540226571
81.96585482451185,79.5113958756625,57.77577763890744,41.043307323285966
82.03827002750575,78.52148117328886,57.79682023890588,40.73789965413493
81.89697590585173,78.19407588681469,57.59373869051544,40.3207066241017
81.77935510645011,78.32764956756307,57.50154783568631,40.29340657994293
81.7873055273454,77.80664531136281,57.31681372322677,39.745215860242
81.60582101533768,77.74627839921274,57.2888535847399,39.89632941388759
81.74961505334589,78.22349381966069,56.85814386386895,40.00820707137429
82.57197927258092,78.10016514784124,56.19317303238207,39.85778354653058
82.98289777880441,79.32049201557159,55.627079940738156,39.01177709939233
83.05563512533077,80.27268437754873,54.698462263772036,38.688655679194774
83.75395769096872,79.71549039396075,54.421391321682236,38.014833015953855
83.732275779234,79.60536680422713,53.97898187978986,38.22073770483743
83.8538156422722,80.04700863734239,53.7870117806027,38.125796156870166
83.64027934789347,78.4671314146437,53.54710726183529,38.17298770744636
84.0629736512828,79.61299899879336,53.4534147052237,38.02396799324862
83.89456007912639,79.37282555055576,53.18930341016733,38.27085106592849
84.62347100683365,79.17006154621946,53.189622047192074,37.575420369652676
84.60225436478453,81.91225753699882,52.68023606640157,37.771671469759
83.94941881713503,79.73505520245467,52.662559235560735,37.98112098061364
84.73121838028618,78.55417610267693,53.20844907333924,37.83464372560978
84.92945544638744,80.3391645748879,52.86413514459359,37.73247335887035
85.49436848119626,80.19490421379041,53.000570056535715,38.05650935964313
85.61980196484754,79.80796127216283,53.28753904485295,37.83798881503803
84.6434965998017,80.39179974312262,53.85503403226126,37.79055148855884
84.71745283822725,79.02716297042899,53.559390891991356,37.64589100341326
85.28970628000351,79.95181376519379,53.81189314273144,37.80106023907897
84.20193409551271,78.79313123515249,53.89831473949623,38.1102620854317
84.43259294088145,79.78589852948467,54.13549780120782,38.536011943483665
83.9182736752029,79.71490284499964,54.3131990852886,38.58750123660276
84.42478370678054,79.13711252625554,54.47608639556166,38.53229362412147
84.77651843469592,80.64205313546184,54.53937627572563,38.81249557564602
84.74916660341208,81.07817514738454,54.57638414254865,39.021749817067004
83.56014978653776,80.6459790679472,54.68759353084439,39.04203816277034
84.06406841518924,80.9534925148381,54.95668171814441,39.12084366644943
83.80835985788323,80.72978558492092,54.9796695248188,38.87006594312724
83.53973577393467,80.14356688653949,54.74940280824403,38.857788903359015
83.62672465190548,79.88648513696921,55.00201874341303,38.89605720630017
82.93228299441878,80.16837821648815,55.1159769456621,38.865624972013556
84.07417041962768,79.99557641550241,55.06477894232076,38.94510197109693
83.556578378253,79.88836718681314,55.36732281825631,38.91837043672476
83.362545992691,80.70144325950982,55.25609560315326,38.599460207987896
83.7898284553764,80.20311122461626,55.145111078726224,38.14977942532751
83.2052245587154,81.09740471944322,55.02075240667038,38.07075807516944
82.81988231991136,81.28114339399872,54.76964709507864,37.49206481276268
81.85147352365225,81.48999698970846,54.31243673921736,36.984367676050745
82.53918006559469,82.0161208795912,53.790285126127145,37.365514209143846
82.27159350850832,82.12820940194021,53.361397337704375,38.31687904219241
82.48584770352286,82.99055908164478,53.25868856186635,38.58758821778693
81.61224054634721,81.72257239632553,52.978799213726816,38.68893405546643
83.12210221958617,81.97278921262098,52.97473329217566,39.2583455032512
81.9350711307414,82.13469265770446,53.311070736512505,39.5572654111418
82.59092268897554,82.31125798442052,53.7738837256961,39.76347094316501
82.81137513328969,81.31826994935298,53.47770581382007,40.20597663060965
82.23267071240463,80.81991144175224,53.09486244688049,40.392453138685276
82.91529671907713,80.12089822410792,53.113564362482926,40.31616953349998
82.63877416736764,80.45663166592635,53.23376053554301,40.4553078182057
82.09291356039756,79.60170354125364,52.91512022108657,40.38381941537523
82.0799122030656,79.60458898031247,52.87670638565064,41.14412021446552
82.67707211337594,79.28974367078806,52.94783811551366,41.24561908823312
82.72684285842374,79.57778057919992,52.759795872373,41.70103023291911
82.3211268483378,79.54678306266466,52.768508955147865,42.34611324673684
82.12097832363634,78.56562951409305,52.923611837652054,42.707868261818305
81.66419785953927,78.24587679348302,53.0583321047973,42.42175350478854
81.80741946258242,78.50905209695259,53.341176675658026,41.883389518364986
82.02681454956426,79.31786982238452,53.514313474560396,41.423667513927526
81.20501866759383,78.14323147485311,53.64026083313626,41.347471234213124
80.89088774427807,79.6881815234385,53.89206722374932,41.30587140330821
80.73966521007797,80.80187401432647,53.82961331248569,41.04248509687865
81.87738330132888,80.4295203073781,53.87706621956823,40.78781764428979
81.94976913122758,81.24849626830377,53.93896466522811,40.67204651810799
81.7180848670188,80.54618098300315,54.15618644021532,40.70127511498486
82.61868763099238,81.55701454719134,54.75191947466136,40.96497309128378
82.3942723904899,80.77286780246143,54.83734517504002,41.259423292321976
82.92688587641331,80.65364125471818,54.884495131522655,41.399185088250796
82.75249926071163,81.48862206025645,54.90081195299484,41.60801230602406
82.67850664255293,80.98395755119432,55.04097312135453,41.97212593203555
82.40809297572844,81.39484447680752,55.142717862277784,41.991961022364194
83.22665794958608,80.58153642341783,54.71022270021465,42.03420496632466
83.42404184089403,79.69302451697122,54.89939137046433,41.90923753108709
84.18961599421033,79.50501981465229,55.02753731145903,41.750657704710704
84.14162328438707,78.67017816904567,55.22694258634254,41.845081787244744
84.6729209974589,77.94265881176031,55.201223361828525,42.14646068125883
84.90838087247977,77.20134343232188,55.11754515412612,42.258750496799195
85.92807178976116,76.98274715767685,55.18015068147129,42.08362822579962
85.12019657336074,76.78651845053486,55.12364667110347,41.992040581594786
85.46864543524566,76.15028154527388,54.948043660353946,41.96309775660342
86.69530670505074,76.25676038457476,54.76553124800211,41.74998215239578
86.84911002174167,76.52036937510061,54.42515615649229,41.786203719359655
87.75116832357828,78.10508742048708,54.4580327702873,41.78920458117768
88.12703082954854,77.47132809100118,54.134956826225505,41.671321752798995
87.99708976095187,77.08042104438553,54.169553552537806,41.6951681355353
88.16371792878877,78.25881700541855,54.487156751604445,41.8500856651447
89.21739869527087,78.18209567972815,54.3471701394853,41.786554400829345
89.82658861089581,77.05549655404437,54.29512016892267,41.64434712126735
89.76137429716381,77.13546183375503,54.46840855184311,41.606598662857294
90.67681446498261,76.84186082083156,54.31649271186438,41.43411952348588
90.74199337239574,76.57439490759124,54.191931204270375,41.49800451478243
91.36793361894189,77.45704051101686,54.00344609215189,41.74165948827481
91.17495442787295,77.06582182083555,53.943939386399144,41.52705468952976
91.321905772702,78.01508279494632,53.92622611338798,41.6523607709408
91.9738693619091,78.01745126383022,53.33439956001196,41.45538676893064
92.6699488811053,78.91406657361134,53.78662113876126,41.56052355430614
92.34767337337598,77.91059189230558,53.586269281180655,41.85061858304011
93.26258183959835,78.27156713893663,53.50799551298914,41.722174843222675
93.73932399588483,79.42146268072051,53.66355146073113,41.574172232784186
94.05341573294709,79.43853408198189,53.44467659895327,41.6207075430663
93.91216081345247,79.4749998218628,53.495133918025005,41.306770389299935
94.959669186481,78.85677432098794,53.335648788178894,41.31122938474776
95.74923977858187,78.76555246781467,53.17822560534282,41.08264098064167
96.13538196336586,79.34293477926788,53.092348205798935,41.24589348286494
96.11712695273313,79.21916503440892,52.8841471856139,41.36491129175096
95.70388490735732,78.83836320774495,53.198763812776804,41.21350953345398
97.1294262155861,80.65092139992363,53.011388452636396,41.30645769568171
96.0165886927806,81.43725965331647,53.33363971208406,41.219245046546774
95.61812974441892,82.20766293261212,53.424094450676755,41.024265709825904
97.40026623502015,83.32004054587509,53.2165004321818,41.048796181236966
97.75179017943984,82.72592015626523,52.98724041732585,41.253487723205396
98.33827829144302,82.9562306014858,52.52204789235512,40.87308047637474
98.11400236564245,83.76272064193867,52.524279210203815,40.471902043608964
98.26867949056174,83.48070912672011,52.445878549447,40.35390649599356
97.76970726176822,82.51570962878588,52.10094597666142,40.14448736670941
98.76308364306439,82.44122488933829,52.06170131076403,39.8896829715602
99.06268464058624,81.9586925138163,52.123489553910034,39.88658590123882
99.60805493985688,82.63055310585722,52.40497221338724,39.96367660871276
99.66923944739162,80.34473889649554,52.85084759595798,39.88096523709189
99.83823408535368,80.82672145790286,53.00457762554915,40.00387090380512
100.92554368940435,81.2471163287717,53.167360284360655,39.94179283866506
101.42464936603432,79.71538136928483,53.28448046167172,40.1973022473849
101.60998647688152,80.54292111517168,53.213016609564264,40.299536960780856
102.63916313928964,80.80288267189596,52.99809070441049,40.25693618734392
103.28511396221657,80.61352278149255,52.916148923173004,40.084601550063724
104.57992124146435,80.70181696141316,53.107157323814434,40.22776138324811
105.85326413431372,79.06959159239918,52.93819165568465,40.45099050262371
106.77344488638987,79.46815071385484,52.88690659901923,40.33790320978183
108.24204812114054,77.62228680692395,52.80834938336309,40.15738928818522
108.43182332049737,78.45654571226795,53.22281856453682,40.310982964885824
109.38914286158797,76.95189734043572,53.39756952179958,40.30127560202867
110.08223655773236,76.93057671196217,53.56165280612367,40.247346359734415
112.07172001239124,76.79410070640856,53.58486313527027,40.054129251960426
112.17956289036015,77.09986998193861,53.14565431388465,40.032660054480786
113.02406142854971,76.76258364801153,52.824587411379426,39.88740170865546
114.0651488709593,78.06338027052449,52.65934785122912,40.037794490393445
114.79895914451451,77.94911524980158,52.610209726947375,39.81481398324766
116.92309189306646,78.7636416503719,52.34459737086522,39.91618522862345
117.64075576867484,79.06330345651003,52.28247504300356,39.920010493967865
118.31488935261511,79.25595981090757,52.56626053511141,40.100150718484265
119.60660768182203,79.27936382809962,52.4422140401192,40.12142536688852
120.41052654281998,79.85131522174774,52.492901546623685,40.131869284075336
122.4372309415439,78.82484608837005,52.271169709167296,40.162063848895876
123.0002095014447,78.3847412202028,52.1684650765483,40.07571202936796
124.33702497539721,77.89642552768125,52.1585907376063,39.94400636969519
126.04371953378663,76.40553282656745,52.403777155648015,39.8349016027791
126.87374377491787,77.33290542014714,52.292609012054356,39.93535649172294
128.09173889291682,75.87687309120068,52.1928309342596,39.98402855813942
129.62225775558048,76.01592497011862,52.17226523957193,39.98178162303266
130.15151661492936,75.25645108302575,52.16736774010477,40.02536948053137
132.0807308573366,75.99245427275666,51.95909932952436,40.170759932582
132.246775890152,75.1229351027892,52.06097163881913,40.251999267008514
133.92305261180226,75.7215573947723,51.58091122415939,40.43875546124053
134.37274594016546,76.27187256922082,51.591546408959005,40.35862779884406
136.02103316461475,75.43186600379805,51.50256301688417,40.46974034451503
137.03258253260515,76.1757642780098,51.5088803651929,40.57187337678002
137.4511287709634,76.45142771156645,51.7788217372389,40.31810890023257
139.82806531654768,75.34282343673229,51.67977719450178,40.289541035029686
140.03175492546234,76.31710092605553,52.08984444693306,40.10704104429061
141.69528444132965,76.49211836618466,51.923151473548046,39.731662013891494
143.33028261727242,76.88189199240328,51.670754227497476,39.88946592865622
143.5724849788432,76.74763813926404,51.89678835189772,40.18589261632293
144.21886474099918,77.09372527158115,51.82000971499879,40.414096261825875
146.94495005515543,78.47354019521043,51.51390861335865,40.69559648048527
147.68018057457252,78.02161089454572,51.26783224001364,40.47045537173171
149.2236584327874,78.23935958068037,51.241479188531386,40.181833693856504
150.13518184800674,77.02628251823019,51.191322091407265,40.48393052581863
151.89233284062152,76.23076787179862,51.17570689664396,40.46546775515944
152.17202289432066,76.59512119646689,50.853896911130036,40.599551571177805
152.85617485871902,75.61625296702769,51.090046426814226,41.04696665134833
154.69515912281943,77.1532704735397,51.64303445302623,40.73713542517427
154.98355864612213,77.18012848064583,51.31497846367181,41.05205229379549
155.35486980635153,76.4151434352394,51.60240916273668,41.16677589794453
156.57976762151623,78.82959688397732,51.18644965873479,41.24648458961056
158.00729011917488,79.66813025752623,51.44731304774059,41.31071484911979
159.65202813013542,79.76275907968372,50.98574816435406,40.87138314603369
159.6288086034401,80.33775495871875,50.954003171893454,41.29145974733862
161.45219799391052,81.26937962939537,50.79539286896471,40.55791333166743
162.35340949896187,82.87958764473197,50.75170670769317,39.95120651234372
163.83814310214848,84.69280326787398,50.79922467931377,39.45572309435255
164.89984874331358,85.17931272953521,50.93493600707567,38.657846131412555
167.11470938783182,83.56916241012799,51.18018582170742,38.79036152623897
167.44395431006572,84.25785115822814,51.18721914866449,38.56991733768636
166.7808299778253,84.1185823624763,50.9214269167296,38.48831114848171
168.98944833794002,83.73488082697793,51.51647113750974,38.704031687644814
168.999759840636,83.53527824756664,51.55947229061938,38.780120543977176
169.36311037683583,82.96478606936074,51.435824609199486,38.70193111136463
170.5435557236072,83.80972746479097,51.636812120002425,38.590671496125196
171.833531470242,82.92902298866042,51.8499833951349,38.71640859436711
171.46850987736227,82.34529382517897,52.08497513731761,38.83258964147621
171.72501409531594,82.60884896286218,52.19444327916905,38.79368026904863
172.84694087746274,80.62611935907285,52.61949449621697,38.976900993198356
173.49385486614247,81.11406174805197,52.33911428039316,38.98306532279168
173.19247727472452,80.04627684060465,52.131416107916706,39.18556817353683
175.22474858254685,79.859853098291,52.411709250481294,39.01937139718543
175.14229700113412,80.3864069094406,52.68185798861555,38.98031604672921
175.53604660416488,80.19871516471068,52.465546457553266,38.96985014973542
175.78712390413327,78.48722584779023,52.6469664149209,39.34112461525659
176.0703147341084,79.14137922249304,52.561795314577175,39.29739477777725
176.87557987346943,79.95902370653457,52.40332752345732,39.22733713293637
177.28682400912214,79.07936576659903,52.69617006746717,39.11367110687028
178.85741800287295,79.76156929299027,52.735544099313714,39.18159597375787
178.51498207356076,79.55955440953909,52.38298078394976,39.18529111422403
179.5512923459544,80.47612832260398,52.669071720256774,39.02425682588263
180.32181096095297,81.68273231044242,52.87349094739773,38.705013665345525
180.05390434274636,80.18530385783188,53.047851544708024,38.659176333811224
180.7556853134812,81.42646221313751,52.775205841069436,38.684325701004525
181.70769337632987,80.5580711796692,53.28781068514448,38.95263075721422
181.86794778432238,80.3965604867288,53.12073166049069,38.81895745072174
182.11748403913094,81.0144924740714,53.00152938679357,38.78599007103777
182.56233712882997,79.83476683383168,53.25913286830708,38.88443428097584
182.61636357296146,80.05119330659741,53.49446063986273,38.81233335175028
184.14132174273936,81.03800190233507,53.6445443479906,38.82121230266237
183.84596477865944,80.10169233849197,53.495506281540656,38.88373004046361
184.55363610877063,78.60262300468769,53.23978283346882,38.85937486880825
184.6413326119462,78.92134848297216,53.33391654716466,39.137264693451165
186.11720010542152,79.81812644510514,53.62488785904219,39.08303906093325
186.22995334267435,78.358841636867,53.540576428457996,39.13463241627062
185.59633168927138,79.80733309010293,53.7090983502618,38.952392170321225
187.9252193197996,79.51239255669185,53.81515947302496,38.92798013869368
187.5812387695255,79.76078494771579,53.74082932096005,38.95084480265636
187.46386347941296,77.99586331269593,53.43933145567429,38.834176756396666
188.56411578119958,80.08792621871726,53.72848353888392,38.936945265795664
188.66672945711488,78.95293903329596,53.91053340277249,39.10665127268562
188.14815465348983,79.66936607523658,54.039544138829655,39.06169396500372
188.38169040468637,79.61725136966429,54.12999260876094,39.263852697377764
189.9434790561437,79.39868412499985,54.25448721479711,39.28473832873164
189.24098524527946,79.23778016102747,54.16222714060274,39.508544277384956
190.28013092795607,79.42407675081877,54.133506574123444,39.17041214902801
191.39884527922595,78.7574652842538,54.057954073213324,39.414030704411374
192.02474810651006,80.1266166071868,54.029443511227775,39.22140619727827
191.7829620335838,79.20813047273134,53.77807709516394,39.53923059326439
191.81439622319073,79.74445038190716,53.39350796416861,39.56806255664342
192.11535587180342,79.80374084114912,53.229305091408456,39.63095842489216
193.32174482743469,80.41714785771269,53.56576567120425,39.66922806238117
193.39294800329571,80.07583958316431,53.679833695206966,39.837690058064545
193.841445500847,80.29559859829297,54.06375467567513,39.84491363857268
194.66130749271417,78.6674197747297,53.86436930354351,39.76553429572424
193.83485661231992,77.71804081098864,54.10427834849645,39.84556556438524
194.84300629010622,77.53411749226697,54.180786047443505,39.903281873888616
195.2463306531242,76.52715906625849,54.217769185001615,39.842289277281914
195.2122494782932,77.78468668116983,54.20529928018232,39.75629116873607
194.55181619014505,76.6573258185432,54.33558691894808,39.70193038590219
196.2210955491633,77.92247686456423,54.29997858314425,39.93428665148037
195.7933796313109,77.3687770114775,54.22564662490375,39.882804097331245
195.8289708373424,76.96146345794513,54.36315603334302,40.22725641496728
195.77074249898837,77.21767622641305,54.033909114174364,40.35512918497343
195.64849097118838,77.19864802231663,54.298655479212606,40.47401098904838
197.60112154603218,77.400220853075,54.178372957683564,40.31759043973145
196.45973322511304,76.09347373898561,53.96996560332127,40.44500092195382
197.13548907133256,76.73360089434621,54.22311013036464,40.48635932695373
196.6212145431606,76.9537377978448,54.15470138393609,40.404609663652394
196.9747154495822,76.19065848941523,54.05675026222067,40.20825710821691
197.10098693390916,75.5568687665457,53.914640246209174,40.34126357116787
196.86307228275246,74.82542291341252,53.764631030379846,40.41589384001814
196.8812592921643,74.89323827653858,53.82301550724465,40.432638960867244
196.4375250092755,74.59191033633448,53.90915702328999,40.464230130658386
196.67303998951152,74.27577928414141,54.11606278230802,40.42369544921307
196.25107690493704,74.7481972727257,54.102619647753684,40.34451721883634
195.93079878018568,74.60148428862745,54.11775526727823,40.31840659049621
194.89750131863033,73.86748813910661,54.19263189815257,40.33461547088248
194.93095658869902,74.88786719833115,54.33839216108525,40.50276447981378
193.93790926418075,75.01662367847786,54.514150220308565,40.39382181866893
193.73599612424175,74.96009331532977,55.263482751044876,40.286328059048
193.20870415441718,74.90994013971374,55.21755668951147,40.34968558411605
192.69303966048935,74.97382771189555,55.72955624869434,40.13871303232797
191.7173355475981,74.51467722032291,56.10622060755637,40.13781586007012
190.43550559041074,74.49139765315329,56.14870895210689,39.886132842672176
190.78417347156375,75.78191187654221,56.42496970307219,39.776059290913864
190.428614108934,75.099059854849,56.37089103205331,39.84620953085634
189.93321655975808,74.86331290291619,56.3114525278813,39.92790968109801
189.57098875562414,74.90252812972152,56.12998292185858,39.76351081502847
189.65529076426043,74.88878811723824,56.07392848521966,39.834773793167955
189.0513582576219,75.92194537128661,56.05709221313447,39.70268734770091
188.27428837305007,74.55959997387104,55.6126198168271,40.10690041845672
187.86356750758898,75.19529740176618,55.7097399439742,39.98158581817486
187.25505624093782,74.87624145531171,55.892281309483266,40.22256877145521
187.20160366264645,75.55943441102774,55.75627111884752,40.42575602400936
186.5975182156835,75.26373454672485,55.77779185579863,40.27765165372293
186.47612356462426,75.98047185885328,55.85924081694516,40.19624879155103
186.11577397877704,75.21867947409125,55.54178157189153,40.37514097322261
185.90480957786605,75.62058669719949,55.76379129893971,40.50570652187537
185.31170131946175,75.30972854772051,55.8469886974393,40.29965526988805
184.45707126445842,75.43766869692666,55.97162141753816,40.35062957715047
184.85522925777823,74.42412486558014,56.10830379010186,40.475276095853964
184.53698960357178,75.87120844997636,56.192448789890506,40.2430711977982
183.5978527396452,76.03501643883209,56.28340583778915,40.20406487379809
184.6692105981796,76.74138225792841,55.89158776667063,39.97474244962521
183.69162864741594,75.57731250028095,55.96485600684391,40.183759698150695
183.73524753960208,74.32682309962647,56.438524275061,40.33479915314622
183.13840380290398,75.12651826852806,56.48219842085863,40.13887897391999
182.8386733307912,73.59165699107221,56.84877606072665,40.218229109474386
182.19376421265292,74.16936832533136,56.64087775094459,40.30964143431851
181.41502615623799,73.4933326718164,56.38932178121679,40.498478030655065
181.9140539381055,73.3072256938768,56.30005078579153,40.49098166987624
181.49933140885128,75.70844178870769,56.205558225567536,40.161807021870956
180.7900132284271,74.85313456069102,55.96002193703232,40.05501410829066
181.17326553950363,75.90173763151819,56.39334629723246,40.03498978273739
181.38549494016732,76.18983055496187,55.936672802179984,39.45591124979593
180.97387551398384,74.18437030732983,55.936892626837,39.726333679111534
180.2834087660176,75.16105055782566,56.08114275408661,39.95749366113681
180.0405286417993,73.31558168623357,56.16526824977282,40.08635412046176
180.66937089952128,74.91099226196594,55.99092163735162,39.79915893411541
179.86294512014075,74.8470612907958,55.816649992835075,40.006067185449986
180.11895099065865,73.95081483239471,55.66684515787955,40.35526998784938
179.98813221556,74.34390462084637,55.72134934041918,40.67867915320224
179.4277454131571,74.11818586455418,55.73822108212681,40.475481892055406
179.99437828447049,75.00341815391624,56.217424058982516,40.66630350050321
178.4730828723163,75.30641613147822,56.1783038294426,40.53411634059295
179.34321181048327,75.50420450888629,56.15802500088394,40.64642581672239
178.80890308369482,76.57785415831529,56.59800484259484,40.49912818679445
178.28520861218453,76.02623034723884,56.37810021318953,40.54953104614524
179.27074953029992,74.60723312982752,56.722474528921055,41.07643906472336
179.03146378178616,75.68580344971258,56.25874910374173,40.81419791244867
178.648050789376,73.20004920055715,56.679108606876405,41.26719845330103
180.36535915401515,74.3929358249692,56.79924255852151,41.45336133500061
179.11540348402912,72.45769990065374,56.38863978220637,41.61703725276911
179.26405606526228,71.67830575380704,56.2852073695455,41.75326676197765
179.441800280166,72.62148652746751,55.82143715597847,41.921560051311346
179.22691236256023,73.54262603919888,55.59948269219406,41.14540403657665
179.14735693598203,72.93199495477417,55.645989270004605,40.97475338747106
179.3209366313418,73.66593005918932,55.958070065499555,41.14225796311036
179.11740807481317,73.24736653502463,56.02347591770396,41.56709723973793
179.6135278056797,74.54455568951508,55.54789553695315,41.671665645158285
180.59972712900293,73.57567197018918,55.28560183262849,41.535886674203134
179.3165895855716,73.95934957687896,54.93866128228413,41.502446968616994
180.31521357066114,73.07665557206758,54.77160885825523,41.37535889639163
179.5931657642095,71.74625037360462,54.99996998934701,41.584933283719735
180.16713044335472,72.06400446078646,55.535726887465216,41.82057095381562
180.62603439294134,71.36724500848422,55.34088273865437,41.94340919245024
180.67646086979727,72.48185286087276,55.63381988098706,41.77999653866803
181.29925334552115,73.58402305722962,55.65928216407452,42.09175035371801
180.18945209492495,73.69055560241551,55.095516077773,41.634792623470794
181.7751583274216,73.86552024237855,55.348302001833076,41.7734584716041
180.87540938350068,72.42976600680858,54.99627606116842,41.912731511072906
181.82442772263786,72.06935105915245,55.382697304875876,41.77290890003368
182.41210701706976,72.81168839144797,55.46595575950727,41.63468253771163
181.41597843544238,70.8589751842949,55.85692889566242,41.50144079634761
182.54134414624428,69.1372712125042,56.47879826789709,41.56637426597574
182.30114616867928,69.9421793593838,56.29008171949854,42.04769538142678
181.96589336989624,68.18797658451972,56.042012864664386,42.257491912829124
182.77828898204328,69.09949618473468,55.77476677777571,42.27879196391745
182.87099258798443,69.2164433377595,55.812453865329026,41.98813570388809
182.69421658588922,68.4959327886284,56.09544991434787,41.653159282657185
182.74626153993484,69.19906712614706,56.054169942958865,41.13186562373695
182.39893639266117,70.09128622408608,56.30553828893978,40.76592963942965
182.28017118306053,69.65400847865021,56.068179876764006,40.96815939997758
182.45031278730494,71.05418621693977,56.34559700663884,40.738478581220136
182.76132656209884,70.75248941610641,55.999361072298775,40.76966383795049
183.76115589553854,72.21932487362308,55.985873650994364,40.23463546289518
182.39700149341672,73.25126687679887,56.13966901987418,39.91337407045047
182.54434770760204,70.82565540254686,56.29180677477113,40.31541450857849
182.54027644588044,72.21332755332017,56.706082324099,40.214207084091825
183.74939077139422,73.4964014535213,56.38196702298598,40.12422577042966
182.84010687597572,70.6006928779916,56.4206166200058,40.40723818973857
183.25396728898508,72.33256460967668,56.42524777658067,40.33854191417359
183.50953632215428,70.71074626366169,56.36671975591371,40.448814882448694
184.00686898783238,71.23694085983584,56.31497487095338,40.675018038199156
184.00888999628845,71.37200903539879,55.959850231036334,39.85201022139026
184.76252916732787,71.7952516274457,55.90193667033719,40.1537315096933
184.2710159571692,71.57362485816111,56.20416020893686,40.04694897553144
184.8498066885181,71.65704432912216,56.16594670335422,40.322763004161786
184.7706443530325,72.32030240394133,56.12813658354725,40.29561869309312
184.3431586397102,73.00132956619481,56.22834428777212,40.12607854972321
185.94232536049554,71.97095801089094,56.358366635385984,39.9153744786293
184.93249374373593,71.78540090480708,55.79506497174946,39.726313569966486
184.7448311643766,70.08847684182244,55.806882740445886,39.85613791511301
185.33214898889145,70.09997134599153,55.84035313237074,39.80129848683626
185.35198968344372,68.37693359615616,56.37684492956839,39.956807065272855
184.69962015314826,69.12282663713864,56.29000376612211,39.86609455832774
186.73779685848817,66.50217221212755,56.02796472082928,39.85570014602083
185.47530167120638,66.93814707321539,56.17710417948405,39.82972522681604
186.04322293294487,67.4942591086567,56.12893794270444,39.9966794176903
185.32767365751528,66.1708267770749,56.68307258012297,40.05691755116034
185.3629588997218,64.9923151392813,56.47796419025526,39.90761129030951
185.12310130489936,65.65606136020318,56.045127321203395,39.74881739773639
184.24587963052457,65.10889509508095,56.29379760247863,39.79841151607748
186.07207243651783,64.09070982852302,56.11734530386182,40.102808997168495
185.11394307404058,65.05320847284165,55.9919878274156,39.91024252422794
183.85083241944074,64.76461053236952,56.403339303622715,39.87965186895546
183.4261443227167,64.06781312032533,57.06240610664506,40.06806986275212
184.49228385487817,64.53850271366262,57.18608822205544,40.21520619617334
184.04122310015782,64.51575761083697,56.93892024270369,39.983035465707474
184.1983835249855,65.5304473804903,56.63537106622107,39.79585596721806
184.33377428773764,66.45706145605065,56.12762971079033,39.890560774700276
184.0529022969044,65.72863176728475,56.03930260795747,39.890208419367696
183.5568783949101,67.1356186669336,56.04042259650876,40.0059371404405
183.28265770719895,65.30463143130382,56.580014421892436,40.14940675368307
183.92433783059747,66.90664298756107,56.22970200615392,40.06250915233801
183.35998908083343,67.28855748185555,56.0602478934002,39.58510283363658
183.6393328327456,67.81444501602579,56.248390793380594,39.81725258333505
184.11726227664172,67.6951265385378,56.04443794291901,39.8872645560732
183.26950949736042,68.57317475211607,55.80642044259032,39.843828322359954
184.3428632710758,68.77219783028676,55.88927541614038,39.52595018972407
183.99377173203655,69.36641125054906,55.83059960893064,39.50976944771785
183.2181998213111,69.87843885015717,55.51835095811442,39.510897330128536
183.56416114552837,69.9384264243682,55.66333819985469,39.63496074865345
183.51241002616118,69.60670158235774,55.64742659334801,39.41999997410959
182.3824156231471,70.08525779939602,55.40762186986568,39.29315598266382
182.94321635198912,68.38091164988866,55.451124920581634,39.81681991940437
182.46559560422503,69.14603278555994,55.162667461527604,39.68071026219754
181.78332395641192,68.85958188034857,55.34188120068866,39.80986508861531
182.16112036854815,68.71074742390334,55.274523540104866,39.975713799632004
181.58821847558488,67.45665136051866,55.55656512615272,40.19857563083862
181.33783648644203,68.61656145794515,55.626013682380304,40.19569407467275
181.80699534415842,68.59562119385856,55.618804024446455,40.19036984759929
181.48029302147492,69.07149709856097,55.632971861990235,40.16292866279393
181.4664467517619,67.528385493739,55.75938774592112,40.44979445819228
181.76420506629404,67.78638535125731,55.47178906939442,40.448863512610615
181.27984964778508,67.61454298688685,55.63309973942394,40.44581127378791
181.43136330582698,67.58571538685159,55.42724446010713,40.376821534674235
181.50411338071586,67.77419285934664,55.43622640676304,40.23801150896038
181.41519889281793,67.04854081701434,55.46663318807798,40.371080911541846
180.74381668715054,67.31532190468367,55.46310021610433,40.21316243656443
181.64601462102513,68.0788719076785,55.65429706171122,40.32597575111614
180.80577834172314,67.84582249473641,55.71777738513144,40.28479220071097
180.42050444916998,67.92522736952245,55.97955083008506,40.30985459953349
181.57048264113928,68.70772123326523,55.888026882135804,40.28254869005634
180.661070543969,69.33158140392685,55.905495714537906,40.24933676300159
180.97169818069776,69.23748299694076,56.18115331387166,40.50435691792617
180.58162495202325,70.18987056498628,55.983959907443555,40.46576148650128
179.8711771438747,71.6682832623896,56.02461949411572,40.388116999897775
179.95653968641435,71.19560248075844,55.99617649266696,40.358280115455756
181.0151008864883,72.59836312898756,55.747167967908126,40.32384622706333
181.27591060753088,71.96946989908164,55.43962644554463,40.41327340724257
180.93704649824707,72.538725153938,55.26653382470713,40.25364586595562
180.44613508386124,71.63000657060044,55.26318438175032,40.398304664634495
180.2253689854825,71.50940586101443,55.38246731498274,40.45986316808082
181.13486526949288,71.63927457917754,55.107853981275966,40.70287505559953
180.86431108124546,72.46891397895159,55.1173080594653,40.85701547888314
179.46040868676815,73.07102925452676,55.36525357260206,40.74770913923488
179.17774615058855,73.1094202328064,55.60284816810505,40.584565029383896
179.67466574263835,72.69018788867672,55.65045662347075,40.68364029808758
180.3232482714768,73.49530742180822,55.778464609998544,40.63996412283105
179.4495605865055,73.72350111294467,55.37964337616613,40.364642732079034
179.64751497174612,75.07941974892998,54.9183185452968,40.385829342020656
180.96810841450048,74.44425178113333,54.82079420785329,40.53832880224163
180.69570835946968,73.1116868683637,55.09493096709433,40.79854901703261
179.6575517830728,74.74924201668662,55.25967476296975,40.4963341042216
179.7988482988727,76.29851922375768,55.52652885060593,40.487337099365995
179.18986999259292,76.27093072977038,55.88845994617869,40.628389158925756
179.36634258818904,76.7053721363522,55.958000255560535,41.041452766431675
178.11009559005714,77.01251483496466,56.26155446109864,41.21818072923024
179.4942133937284,75.94734863575107,56.407672939678385,41.16325593123104
179.21098278270392,75.61854758129041,55.86848588253725,40.88082746535377
178.7358343871575,73.38933623687439,56.259323464187936,41.11132723777348
178.8501655606505,71.49722334396063,56.573123823767794,41.25779309966606
179.3847734250293,70.19016932438537,56.51826458896011,41.53017578939032
180.2804482838767,71.45463583203966,56.266673076679155,41.746938603473204
178.60829063497096,70.24766583939001,56.79683017327297,41.86058562002249
177.56248281350855,71.46192149315797,57.23723693863431,41.94212460927001
178.42870916603633,73.0114335366329,57.09409249545005,42.12796804742088
177.82397652703045,72.37017953033566,57.14483918749382,42.355495424372364
179.1972855596748,74.06662117056291,56.86754690307362,42.697139016552725
178.13516011344217,74.48704511750358,57.1311895754385,42.915036626097006
178.20529272594487,74.70384236898948,57.794581703357416,43.11374846048175
176.25563465277318,73.11336816713424,58.23837197460925,43.22516971499182
177.8912846930603,72.47898340201091,58.481654289588604,43.11469324876324
177.71066993840824,73.31863596320972,58.369236621673345,43.03097335337828
177.91048770211898,71.57803281859695,58.41697224927542,42.98155429928104
177.6563628641969,72.03193389664975,58.89041781563567,42.93277452209697
178.1678822794022,73.4571245356153,58.35719627672326,42.57903440322346
177.1303024276989,72.34022667521441,58.77554426595748,42.519690189485445
177.797393935862,73.58660181360312,58.64956623429616,42.40963630286001
177.93572584954657,73.74521334695083,58.6451569335422,41.91032521870092
178.92090302934474,73.24567463642137,58.79967049005303,41.65886727084046
179.67619570706466,73.43781231888244,58.350555166351484,41.34135448738596
178.27417958521295,73.70437870772632,58.42600860413145,41.19766269323204
180.64008598898306,74.2040217436183,58.136821319204714,40.9484221593967
179.88655533688802,73.7607678773757,57.9012902886475,41.01861799603458
180.8482146857923,72.76871779353401,57.73473957904386,41.18148238777038
180.40501887269727,75.08732991934694,57.94550415244999,40.802215594640614
180.21210595818258,74.48239435098812,57.694997231158965,40.76615188734123
180.48412715685456,76.16285831143097,57.742038837263465,40.754631400919045
181.26554617236346,74.54881615466479,57.88316265545831,40.93458424853953
179.79090195369335,75.84768190261408,58.12083767612678,40.74934264369319
181.29496233949212,74.50625078059915,58.56180595482222,41.06112901911651
179.9420624624701,75.39880261153337,58.462183402805444,41.03027063846753
181.37093126292305,74.79505752201165,58.79186903111707,41.01667085836639
181.1120449582293,75.32383391007335,58.91474963339211,40.905684723573714
181.75174687795533,75.47887205053236,59.01480791685722,40.94584459029782
180.61304962060373,76.99720256919069,58.78637118995272,40.98574238133504
180.6253252690061,75.79118231015423,59.03436830046419,40.97537813332521
181.15428066876075,74.88245017207083,59.12591257145047,41.144866845488984
182.28221462235052,76.92130334751778,59.07194300068144,40.6918717696958
182.3418759177214,75.50610154607458,59.077619873497895,40.689451142388116
182.6518671535462,74.40368269171759,58.7333977842622,40.95807154305767
183.01977718381025,73.92260278125491,58.97938507484645,40.85419561645495
183.33350694040874,74.30418327432912,59.08154482625215,40.937628248699475
184.02567931169708,73.49103962586172,59.06291546815881,41.239522988490116
183.3892086431693,73.23235797180897,59.233097205528686,41.115712457026504
183.87885822466072,72.31128523048594,59.562879358540094,41.15206405825626
184.73969825307424,74.16284053516918,59.26025786303812,40.906321584342024
184.82482193633365,73.08656221727094,59.27167132749392,40.96838764053341
185.64226033173304,72.88335706688783,59.22650822936022,41.178494156452395
185.98132424053324,73.17983424285973,58.990775085584126,41.31560014348257
185.79550130454874,71.85803217797138,59.352381995896764,41.58245380405151
185.82777326867793,73.54019362720445,59.24743893347926,41.64033516164313
185.416358342727,72.13901809231092,59.78113100471481,41.677677305038586
186.33042870595722,72.51314603184356,59.6592449989422,41.819724620496146
187.35714166539134,73.59187220181235,59.71005735178721,41.58753842721843
187.4489751581375,73.2992709633792,59.450308918991595,41.539587823144466
186.89627294644822,72.04329969570936,59.97978829020414,41.663877007654065
187.84164620864786,71.86792213269139,59.83332448827803,41.88223007127394
187.61601070169235,72.19668190421206,60.43658968584859,41.925063733436616
186.98986310383478,71.625627438961,60.860840467043495,42.123386340868194
187.5786167989866,72.22221802811727,61.145490326190554,42.345178063899965
188.06776341800503,72.87996078073118,60.955138067157584,42.626727489854986
187.627487621157,73.00563480363272,60.97505002910543,42.72039398639316
188.83111685245092,74.21934114530372,60.74710570302272,42.87737122805422
187.60780620657704,73.53299535444972,61.71838221766326,42.73770783978388
189.3093350401163,73.50058592414669,61.71095085711855,42.81755148720499
189.1503759665643,74.13651825599531,61.493621678325354,43.05416939892431
189.3961069366609,73.6121713960585,61.54268732030066,43.27694241777101
189.19068773613682,74.31721590724305,61.97781855917726,43.215237775742466
189.53892635901332,74.66360424777878,61.67826729923739,43.32273212891174
189.89192919573352,73.77621577898603,61.68744661238834,43.71215049449104
190.01075247268244,74.30785498938428,61.84022341597723,43.82913344721442
189.6855252592012,74.21530944320637,62.58120680048543,43.99884889653299
190.67383620502312,74.53226325710841,62.52399454152439,44.41522088603847
190.7686224540169,75.25515441410153,62.95554303285948,44.550714154365785
190.85188964781213,73.84250913771874,63.17555898234524,44.753801357064205
191.18183374090302,75.15968669097202,62.94625415397448,44.88557216799234
191.4399463392357,75.17590634070854,63.181636136950814,44.92677642624663
191.10038001927052,75.65386782042519,63.61378605340664,45.04424311620451
192.15447502367294,75.28777933847023,63.742488744797114,44.97008469050033
191.9443189004952,75.53386331008917,63.9407688911904,44.97299659245248
193.20771518253082,75.25832481036883,64.03026618116881,44.99492096013351
193.2510488141828,75.63941057874911,63.669926992796924,44.974190971243615
194.030426761579,76.30588065688046,63.937529654752,44.85013302761977
195.41271097122134,75.45628824209463,63.85926532787453,45.148462435171474
194.77190059602208,74.42485470496021,63.781068811808865,45.40153532189453
195.2508277217257,76.14325597257896,63.90005567635315,45.21971144342584
194.5961528818278,75.16989579694375,64.59183292935296,45.55455304198781
196.39708863199127,76.06705045564632,64.60039143123856,45.87943942427444
195.65405426324412,76.24020514746205,64.77178614891935,45.92307915377356
