70.5,51.5,107,87
67.82790966910324,49.9296892425252,108.51111562883456,87.87663635793666
65.97892447976781,50.87557279058269,110.47603625717733,89.06585790737527
66.98832068927867,50.548013396146374,110.54639498218333,88.36054490589603
65.91622497144769,50.72397110360651,110.98129805915691,89.22479324543896
63.71201912954575,50.503673095551655,112.02905491202819,89.64700700842336
66.49214287649843,49.17387122243497,110.72178574301296,89.39421503894323
62.657461493877925,51.22412424065298,110.4488281614217,90.0524170026903
63.440044391007326,49.53826129435089,110.01852371722241,90.33616763169891
60.662037104996514,50.54230678062028,110.03711801641688,91.02914863677549
61.702930721303744,51.29434681673486,110.89790909953729,90.61462239755414
60.45889000065918,49.828395530422746,109.9526273415924,90.07316180909133
63.00066089709055,51.35770748311302,110.43964171251751,89.2997749776091
61.988767959430845,51.913193563936616,109.80304078707093,87.92095024137504
64.29731305182227,52.04000682305569,109.7376593005608,87.90033304661463
61.618208514879946,50.766934513664786,108.28110959682702,88.11289526412081
63.27232557660551,52.08792906704238,107.67811834561405,88.1448770950945
61.06077470890199,51.71410074135841,106.78746123092344,87.63086256096898
63.11305025845634,52.756234282573175,106.44829266011979,87.2417030577707
61.32536065562658,51.965786375410445,105.03333592446461,87.28338151922904
63.514019193650235,52.52774203559112,105.66182767867853,87.69395458531179
60.324708077831566,51.216348074890334,105.1349742938608,87.16876396247812
61.753108409430936,53.154772270017304,105.71978611273298,87.36563078218512
61.479690760190294,52.487789904314596,104.64946478642025,86.81626826787826
62.188714056531424,53.26002659269505,104.3661996735735,86.64099690890147
62.93657625178874,53.138390032389964,103.6695887354934,85.99371023699302
60.39821468720437,51.4951010755045,103.21995039920805,85.83015768811747
58.73414806926465,53.440361565932236,103.21169695448447,86.04729938502689
60.13931481076912,53.46509013620441,103.88634548517791,84.80497150836041
59.61335373418417,53.75601607903625,103.02081196513004,84.52280951165089
60.32014323274914,52.68721648549642,102.07552517452591,84.04657622497567
62.1017418486053,51.82913374380543,102.0727582311284,84.3928053613499
59.884426587546514,51.93433988402785,101.41007010395398,84.41146660538016
61.45389864029785,52.87876371629473,102.0441186093827,84.51159291602798
61.46605561539626,51.689560739296624,101.8041025724988,83.89735742104958
61.18829476437587,53.329419151752724,101.99446973996126,83.91676912854705
60.096671324751256,52.17699766411635,101.9800025288632,83.77782524430746
62.12829711994511,52.77388044605848,101.24359777647292,83.48465325923867
62.340101530542555,53.45674141723063,101.2310366523453,83.73063375906355
60.50989346622235,52.767540840051645,100.61901663901793,83.72524692380513
63.86694223469625,53.285917246577746,99.9411434673045,83.35571410720526
63.267148562583074,53.24413046953975,99.95432348387888,83.43078922823521
62.54618646817865,53.386262707999684,99.46668713058111,82.79778098476909
63.47634109613996,54.45314479010529,99.51987687234677,82.62015209353761
65.35803070081403,52.9570710148135,99.19159583423276,82.35330434955027
64.53552142352625,54.177203171989376,98.91391303001316,82.55715643687088
64.61208694512452,55.637563938048345,98.74806175305585,82.22422920864699
66.69149789476978,55.30263280147828,98.5598292531031,82.26231282435074
64.31958954455267,54.085621715725935,98.15871272981295,82.71842292748843
67.07260058011701,54.16363427195587,98.39201665889789,82.49697095129861
65.88087622933074,54.234442222125736,97.55768119413437,82.48813874701429
66.36513133096356,55.15326079141649,97.69313055126301,82.84089481789017
66.78535368971318,54.65884737486655,97.79698392231435,82.29053445807318
64.74858791114183,56.15130443855401,98.35114492357937,82.3042339266608
68.47880156958186,55.27963227759421,97.66807566181406,81.89798966368049
66.16094199448871,57.33604127940272,97.21585936430748,81.81347576010009
67.54841608853235,58.32453950493121,97.14189231635692,81.59125721736831
67.72088117435467,56.81737470472966,97.68599772725469,81.08960991194866
65.7849005328034,58.5812431989299,97.25987856602129,81.14071246402975
69.09869055124729,56.878613852221264,96.71914535759421,80.7589406989967
67.23598771613513,56.874365525186604,96.71721581320365,81.52049757473807
67.46403041740001,57.38857447560436,96.12310801768568,81.443646966116
67.79841009796779,57.755607092808354,96.22853234709808,81.84710359469172
67.87792587805329,56.61338738482783,96.72636703934941,81.88644155877898
67.14371019638081,56.037796694523934,96.85898178091398,81.3844164717583
66.86549956878551,56.21143387734415,97.24989931069507,81.8674867830893
68.58349683301458,55.673220412163204,97.2698068818463,81.70813740825253
68.32234325924463,54.43772300111303,97.24390644834295,82.11574126012277
68.82874535753182,54.96338810477723,96.61488276100206,82.66362787160388
68.833788914368,53.837691767420864,96.24579237169684,82.27452906072091
68.80431855909224,55.52408875427893,95.82332973141828,82.32093383845437
70.36691713623237,54.15589917586093,95.82605511208064,81.72709062705
68.63094116282649,53.26325417296083,95.35911922434346,81.18661883780626
67.20179621641239,53.19821931276603,95.58939717526187,82.10621591482047
69.02952415147107,51.0954597384804,95.879934967025,81.87351599295715
67.72089906614642,52.589931025869625,95.47230901996801,81.19271417287841
67.94999051643,51.47367645307085,95.63405078389819,81.8061095155661
68.78174507322848,52.614839085850626,95.0718618178156,81.90376266835678
68.62005337776999,53.547611345736684,94.7370686077995,81.53434944951087
68.6046463046023,53.411138240338474,94.02296041421866,81.77195262425172
67.10093758570744,53.60228197673887,93.56102656035188,81.95083847126752
69.56908811756934,54.91365728192014,93.39695659861783,81.55499034579879
69.06955956184811,54.521096524700724,93.00423905567185,81.01611174007465
68.60685679456287,55.8958221270485,92.32624245248599,80.9194651484925
69.93276048249696,55.98508524772613,92.37665050973854,80.4846538953689
68.93365042046858,56.516684574648934,92.57425842256787,80.22313419707825
69.44326023087682,56.90149210667538,92.15241359861878,79.84235623210068
67.86236748998658,57.878524265644174,92.63349973194953,79.29078586786792
69.55123043982186,56.905810405120256,92.50820117183282,79.15268244763463
68.75122735114319,57.27803825347583,92.72102106035655,79.18632634742389
68.67121048819479,58.669975092775644,92.64132363836802,79.32371517149454
67.88349238048602,59.13151451683052,92.74392443222337,79.02765501349404
69.1566696712897,58.60407192915318,92.64951897018385,77.82808652979111
68.12779894684583,58.06364876883508,92.1028049480328,78.57748635179487
69.14834427480788,58.19396109593582,92.38833296352593,78.17896337167329
68.29468516023728,57.68701034311153,91.91594819545949,77.8855724159266
70.4430162136985,57.77826760181675,91.71929791409858,77.34289087199639
69.02550589687796,57.6180742861248,91.43150150824991,77.69885497195433
69.38261973007981,57.87803149518846,91.02550766919873,77.70592900053951
71.53033794955266,58.36209246179128,90.40279285462742,76.93657495289963
70.69158063003306,58.13754656204215,89.97497678802392,76.87107029014814
70.91424092585139,58.100187914577006,90.06919750049875,76.65779457121963
73.32907939272746,56.9240287189744,90.10863544254005,76.63738056153068
72.87640075308786,55.4397216552479,89.46575146415171,77.07606219005179
74.44088558877809,55.95055352059664,89.86037569535915,76.91150288001623
73.63152411518877,56.23657881018926,89.17393621272822,76.77795365886323
75.21117375672765,55.10138944817004,88.61304848970906,75.98440520928716
74.22076851822747,55.13411657243575,88.53787375438336,76.36357779872456
75.56900273861528,54.734144867622085,87.96131007015376,76.69545749623184
75.20845597324114,55.45750582126571,87.94001094171472,76.85146633998218
76.10444587424817,56.050215592467524,87.82790389093664,76.50612658197187
75.78295425176192,55.47116916791943,87.33223087732605,76.82698302664912
76.77496152486304,56.253029836533756,87.94469360125017,76.65257693695617
76.0751516651646,56.805337290676455,87.66723924590187,76.45083876340435
77.22711291536689,57.22478649841592,88.53036376927048,76.00702711321473
75.95263120754765,57.18543307856214,88.45389064049061,75.60438448469108
78.66343180365052,58.89738823707311,88.43609327366329,75.36060131152901
76.50006179872983,59.38900341729418,88.58449904735967,74.13892756155192
78.09439980793077,60.7933056526599,89.16688492623561,74.09116446044938
76.29073636372148,62.33951315415459,89.23520248199733,73.95666357145842
77.73240149391201,61.889012854128524,88.93502332368232,74.0868203080233
78.25566629188371,62.302620141553625,88.89192838578944,74.2995763695409
78.09066632762088,63.16355878034314,89.6400047401059,74.12134328179647
80.00178184376351,61.7871581511193,89.37392104478047,73.57808779280762
78.80663270098347,63.31230816206336,88.83107070782775,73.5359972378537
81.04955339883061,63.63120881920883,88.99962060089078,72.94259009629083
78.98563270691581,64.08080167152728,88.83588989075676,73.26398163164416
82.65852636073504,64.3866519518928,88.5085294782599,73.17527469512348
81.99470726935053,66.40392359544916,88.11694606907946,72.92115671814565
82.96325002679052,66.75767779415133,88.30621977851892,72.45106569082225
81.70238455722695,66.71885076916581,87.92413091822286,73.09785683719834
83.88400361447015,67.20188821643941,87.4311656785686,72.60394585828527
85.38900106421372,66.78903479444402,87.0058623035871,71.41402007288153
86.85538023466702,66.75050065713464,86.70298820569194,70.69889487511489
86.50878451211847,66.40656359968949,86.07926139689043,69.98155849501008
87.35088254850292,66.54542421564753,85.82851065855604,69.26575546215635
88.58316647322054,64.8079862693199,85.5159100961844,69.07494379377644
88.77916787773194,64.61507272608264,84.86362158183363,69.25470617917063
89.32707631178636,64.05670584716071,84.85428866910809,68.9854817422818
91.32887044933742,62.37150711183915,84.0667576945736,69.06081142575454
91.17422391448754,61.41861350209557,83.94459077114934,69.01426424125
91.5231480642826,61.04076166783729,83.66941840897339,69.07848202796114
90.57877703656816,60.52458690302442,83.50046793663128,68.49823409207174
94.59272841867688,59.93943485323064,82.9914064390459,68.40788541112647
92.26278546488759,58.588267654705575,83.00915863385595,67.92715749318941
93.58773194252913,58.55201386150604,82.8485137159111,68.32333099650819
94.60165289538412,57.34755264445721,82.47618080525727,68.20420324635597
94.83617676587886,57.5039083335152,83.0227499580361,68.45798615430033
95.5182478532053,57.53559446493461,82.99543005473029,68.62107592783273
95.42907012874934,57.20283999667561,83.05717829211197,68.0979672772612
97.29530546784326,57.4857945482224,83.43716870401205,67.91116398051832
97.10947296302099,56.602234658561194,83.3047162247955,68.39750547099949
98.35152937414102,55.69267893591724,83.37644890159413,68.91026513539597
98.38641390346653,57.14400343611599,83.54469848977939,69.09143743169038
98.5601341885216,58.35256903429382,82.98618227100384,68.5588564491485
100.03682922471523,59.50934420830116,82.78883229489952,68.40219267874002
101.49145047705079,60.692634624295636,83.01562094104628,67.05034981042752
101.16045534382883,62.76675017913868,83.45689504397416,66.70229198336472
102.55268838365919,63.6048946664463,83.15329515808479,65.68376315202951
101.61367756820917,64.40814063589453,83.57828048069626,65.13404094179364
102.55620093966446,64.80256560880554,83.58255065425143,65.11894076470561
102.9030220625034,65.64575031071821,83.67219533770414,64.56555599909436
102.71453336847387,65.19067712444229,83.79161286005007,64.02276762967233
105.16892842752236,65.40275261475318,82.93333362528438,64.48145150079233
104.54829064499691,64.74362685646497,82.55811834942342,64.1827089940457
107.16344525875623,66.53248613484766,81.66479804783862,64.25531287456668
108.28923324070438,65.60377406080258,80.84669781674566,64.07465537669128
108.61592599633676,66.23725678562849,80.75374688533013,64.19445254605803
108.110269424003,67.14364369484089,80.55473300076946,64.23234072065995
110.67559197436208,66.71703818291726,79.94482888592164,64.17809194903218
108.70581997294298,66.43926846910125,79.39658230419566,64.29358751002987
111.69616284083924,66.18286625079688,78.73153940211284,64.4917915683637
111.88210896346115,67.12174555917437,78.65210661498172,64.84919973970987
111.76485040631475,66.75983252460594,78.17479037146356,64.66090725473144
115.19371191469398,66.6989256003782,77.63210174420095,64.77682257817987
112.61567319053091,66.9317844731469,77.63835266588525,64.58271187400142
115.00687997463734,67.52726415166369,78.07169074562161,64.4399615881272
114.98351261885338,64.88439257769868,77.0239239618282,64.46969658786387
116.02135228493185,64.36667458006728,77.18419939117638,63.94002464149915
116.2879384973626,64.8417665986692,77.75910175059373,63.64812884472806
116.87491373764047,64.55503229416183,77.43688978255405,63.28414799848155
119.4253287609587,64.31277154809132,76.90493409504842,62.845170800494245
119.27496421000401,64.39440834788165,76.91696944109272,62.47559756812589
120.13446413272692,63.5238888384163,76.45035664246085,62.551492620381794
122.455137504553,63.766715795783185,76.46856676450086,62.445301901448794
122.00631078264348,63.168163053662596,75.64875397315903,62.291188327653174
121.8180541799914,62.73600313227217,75.03607379858418,61.960821638413464
123.87652854915336,62.17802431699689,74.23853419226407,61.989529155476774
124.10005724192843,61.80299596732606,73.78219890696437,62.64573063026866
127.29568920298419,62.01417718086633,73.09984020488456,62.47441855623836
126.91002732334388,60.1247613470657,72.86178886879777,61.507260901177254
127.44602357798149,59.97160098168306,72.18201563475867,60.857375369830876
128.7528367557506,60.36457760758419,71.69089518246447,60.51992930777929
129.12092203854934,57.43764183549231,71.79978299842443,58.38159618582536
130.19819896799487,59.93542998322504,71.80563906690156,57.43130511527444
131.34005862056682,61.2780900296194,71.43408802614668,57.815950146615975
131.54576550797313,60.53462303315067,71.15341015531244,57.73820451690328
131.5130875707439,62.52750421684444,71.23414121739143,58.63552883088171
132.84737343897015,62.191774449913446,71.30418022541524,58.92532513170194
134.08791268260586,61.42287223045149,70.87920449082937,59.22127037300928
134.71574133103383,63.03370742950679,70.39754456040178,59.47231463745056
135.751024475569,61.84438665956598,69.9798634699246,59.63955495319583
137.02536400087595,65.1547418638614,69.8361703240043,59.878330170825684
138.80009465097183,64.2963170557691,69.75837035308194,59.59647285017405
139.01683166694687,65.1531563127667,69.67678071601598,60.01420803437526
141.13390388633945,64.66263645844717,69.0028274317108,59.32788362253093
141.03789168241664,65.82504387109084,68.82671775819271,59.059285514009936
142.4108217041018,66.49920375775805,68.45299144666446,59.317510116095114
143.1512772529972,65.59570756941021,68.12400233640723,58.82486589038908
144.76434288276883,66.03001370750357,67.67381793240901,58.21136110641082
143.86436690003887,66.0428218349897,67.09449672167568,57.8390006419106
145.7093675162731,65.97709026081074,67.30801202019785,57.01770833906613
145.17493276173707,67.72060193221724,67.16926663058823,57.35487847388376
146.8194130951787,66.37624868012944,67.29836769695085,56.80422083087308
147.46968354339054,66.88207784773866,67.62421642321543,56.72413207191805
148.17203633904447,67.42681794977756,67.3463453436645,56.93572458455323
148.457938757095,66.60552296863148,67.20499491072539,56.68083095958035
150.17248152846997,67.29005590935839,67.3051523603766,56.49814987522281
151.600171038824,67.45358186985199,67.0170998853839,56.172660052276775
151.44038060183118,66.9916516214347,66.49195759433428,56.25005555754184
153.94559539791484,68.1962154472098,65.88956089630148,56.47587735171613
154.87151767851338,67.1705275754468,65.39140540962069,55.93314284476909
154.94617731556775,68.57214439292511,65.71381127155358,55.79385440787155
156.72453716649423,68.47463130014737,65.53208441714327,55.81436485434375
157.03124605437912,68.87898107922211,65.88470915998919,54.92645918714733
158.03859430476408,67.80438822603952,65.50972809234004,54.73869912134147
158.2188905251046,68.28323123313672,65.44818327076338,53.87329420283066
159.8025868908797,68.06043523605524,65.28870198292347,53.641959524534954
161.7069635630508,67.69400863903402,64.64745318760774,53.030815359301585
161.35560941409253,67.2281840476607,64.4196238444759,53.04241314615511
162.4657404408494,68.21538685030174,64.38967489177696,52.87091131227352
163.22488490552107,67.55483237915281,64.43084254927139,52.896356540162486
163.7147668245064,66.9657130378074,64.76007455423441,53.435700545691134
163.79526025825038,66.86432797257181,64.58575586462675,53.76752562484986
165.0526182837478,66.76667021096691,64.93244518625158,54.23346191136152
164.9411442126182,68.08978913302886,64.72547116502429,54.289879382636784
166.466918094807,68.69726480026422,64.97382321715976,54.28619921496753
167.60428898890518,68.29241450289173,64.58888877244634,54.71041645538245
166.2570063098767,67.5437525557141,64.97679991564434,54.30455951210648
167.06218715114574,68.05200618060994,65.1198038689781,54.34803933049106
168.79373150143272,67.54772607299165,65.3922841686483,53.97933290029614
169.3559617765398,67.64349184547493,65.33384160377807,53.963044300881464
169.07747913450692,67.60542787085792,65.7737649423864,53.72150744804102
169.99696922342218,67.89234679325541,66.24943601539509,53.37626895787079
168.71286661742388,67.82586281338418,66.56168553128573,53.149504200337645
170.6802660041157,67.0127960576473,66.90861168771166,52.89550217561756
171.09287300302685,68.92655069008546,66.80130285365433,52.687875732777954
172.06334344439472,67.57162607718746,66.96344224359314,52.29086908928075
171.86741011582467,67.7925734148134,66.85457814778829,52.16919178501581
173.9598935139329,68.9519852454934,66.4384230543001,52.194883208876156
172.9733681468353,68.19426603119254,66.78707841801193,51.91871950277327
173.85287012684088,66.83269105058744,67.2455856350637,51.43534080034823
173.5430034520882,67.54848899829531,67.53950068432192,51.78563815825891
175.90013746871247,65.44268281616053,67.0220381282157,51.89415737525064
177.5518575089806,64.61646848768567,66.53442732471802,52.16938304452948
177.503084792881,63.35626466387034,66.67106984251237,52.18534537775277
178.54271275226725,63.96248448307718,66.8714863080019,52.39185117104837
179.74361389653032,63.58501586980516,66.37986673393807,52.6854947896422
180.03224833742217,63.802113815687896,66.15386212031419,52.803455107822415
180.4416215464818,63.45607962626882,66.01199582342605,52.82960370592938
180.47386419383525,64.31795248787196,66.01304409221385,52.79154659756834
180.87185885111916,64.70084190444521,65.89810340931407,52.842762789102956
181.97240398573885,63.68084726206256,65.98404479061794,52.358326805695036
181.90663588321948,64.01773562882204,66.13471616906683,52.400459493620005
182.95565802975847,64.12798557452655,66.40725374129954,52.220789443258525
181.94569059689096,65.06964294324428,66.84884116250026,52.25609350407898
184.00322834214086,64.45814798916793,66.69179398849829,51.884127848686454
184.11040280738706,65.46364332113848,67.03317212261541,51.745762058860336
184.02238866444443,65.56091029829228,67.46882524732968,51.84879591914129
183.62885760853834,68.33577662390789,67.64527931785543,51.763305249416405
185.49184617485753,68.94946187817767,67.62755890671357,51.95978515801401
185.3023691152061,68.93799183489241,67.40433147217583,51.822733801427304
185.74493778966334,71.18055523043381,67.3817620844773,51.73930846069244
187.29441402137505,70.62127742048584,67.22647202606794,51.72383040062621
187.25397094729337,69.28783666049196,67.22285656502511,51.605584042424866
187.87787145998112,68.13696523900592,67.39529439215048,51.95006413095665
187.87272133220193,67.58876970489183,66.90457046109773,52.30163025325817
189.2319485521246,64.42026447540724,66.88525394735407,52.357001136269105
188.98549623904597,64.81190899775147,66.88190725863288,52.247836272851224
191.62620048851485,64.02532281794947,66.51879748100855,51.72431535509622
191.27562193864685,62.82911169942602,66.54659465022928,51.724644410533024
189.96859815685187,64.51374545923527,66.68726260185025,51.95607321621665
191.93296465079453,63.84212608158928,66.44467635010993,52.08318672164596
191.5070687477759,65.2734705694015,66.50181146221183,52.43410410359597
192.9757398373537,66.37563020631086,66.41466111464496,52.54816089407779
192.1227245099944,66.7156140029889,66.086499922516,52.778863104341106
191.56984678920546,66.22760078895601,65.77284203592315,52.582186504681644
193.44961444894258,65.35259416183526,65.26006303168022,52.55163449708235
192.18826064487305,64.98304566062293,65.02641416208182,52.74497927220061
193.55272406404242,64.66195040626758,65.2811060600102,52.04006868857276
193.4644513331146,63.04253304027114,65.34895522505471,51.95104854881577
194.61721550534966,63.650227150493855,65.32605064843739,51.9970247883618
194.7984295257544,63.0542539892604,64.83055453781229,51.843580433376616
194.77157708918554,64.20542370374727,64.45691514835002,51.87131197684549
195.54067155591468,64.30345226386795,64.18510843229902,51.60439553614239
194.76054797196804,64.8291836917641,63.873623603656,51.7971201546009
196.34293874847344,66.53300409289605,63.71066428384531,51.84369750152217
194.5868590870688,66.84703023433488,64.22438810937062,51.69756692126789
196.4486964185221,67.7928250263605,64.09960375102943,52.05110358462262
197.66335077778328,67.33952196466599,63.69050076866741,51.87117079714588
196.4652813609884,66.44316829591314,63.864178378654856,51.74036627189677
198.19144293205716,66.81427462536396,63.80016328476566,51.53233097591395
198.34562081762414,66.64251043608343,63.62668622354395,51.381239061096224
199.40679963146812,66.83018940051328,63.437653171280196,50.80244659041504
199.28670876399445,67.51068808601016,63.486083530433106,50.67127757711779
200.24704314448186,67.07826897062338,63.582222087192065,50.440159243941764
200.45995034541534,67.97922173444115,63.220209473118764,51.102525261716394
200.92818262581824,67.64409974837872,63.14888260857915,51.69327673192673
200.75051129839719,67.28122323865495,63.52470267755241,51.86900404985147
200.62005090369706,68.02403148242195,63.83983018471202,51.401543375534644
201.14009540683261,68.13462591446068,63.46002081005562,50.98076548250263
201.47774158224075,67.22581235676644,63.61174296510249,50.92888325855855
201.96646771894495,69.22898215760189,63.84007918485051,50.648363959850904
200.94766505277602,68.95972170276744,64.22683958558596,50.930974830571756
202.98997516034478,69.4794029490717,63.91843969210365,51.04015879525388
203.12452406322967,70.04603742832334,64.34631163387725,50.780139129124244
202.68299240361767,68.67721130966986,64.81657562453564,50.48816666588496
203.58166756069411,68.2145294452585,64.46953923612587,50.69389300075625
203.37737258412113,66.80396469012867,64.66536127533422,50.531683201323546
204.40372406136154,66.83228072003217,64.6006115068886,50.741311705843785
205.05101332607762,67.69905406174472,64.68532486950812,50.74658021082657
205.88452871542808,67.95759818805317,64.67148279625152,50.80496169049421
206.66666767256294,67.88679328199376,65.26598378785033,51.45743343584441
205.4638275506665,68.6758217695274,65.54811337818558,51.28874485658246
206.76889505955435,68.8500888996167,65.69236788486973,51.11657525666695
207.35673828048715,68.79629832756774,65.47412313058808,50.81069841107217
207.98557758996495,69.31635771841216,65.31174649737311,50.419687860450985
207.75898634786785,68.52783578193655,65.64038927843659,50.160105322917914
207.97541143353072,69.40365870683361,65.38274502327715,50.171299744119864
208.88190237638327,70.45253022118307,65.27818675207399,49.68106060641215
209.11705130386886,69.31974502790473,65.0823898631749,49.51898054130869
209.59907533553772,68.81292290832765,65.24776792154891,49.39296466045246
208.9161320769342,69.60039394723873,65.49601394345571,49.4764095283548
210.26913015968768,68.97251368111304,65.27449505951914,49.56428785655039
210.30588384012194,68.60714741608746,65.2973896210554,49.67788921299087
210.84148846100686,68.38303554831823,65.43832761515588,49.978770475260795
210.4986629887045,69.17079169802396,65.45153856733285,50.57332715511264
210.70357180371178,68.37773391747794,65.70247847897471,50.47178321417529
209.9363132342496,69.2920733967375,66.10220984652918,50.38666707322969
211.68993445078684,70.72589671210005,65.97888641408028,50.57406366302461
213.37570246654673,68.66026770702001,65.52033236956001,50.72442353132372
213.0533817421308,69.59410381182852,65.6698651543561,50.11300992861743
213.70984484727822,69.5732132662034,65.85106252213285,49.59357132763744
213.12567773547147,69.1352916230422,65.83502765852714,49.422481797454395
213.53200632123054,67.14028977903138,65.43475833490939,49.51785004655697
213.46253540580165,66.97513135168019,65.75137809516856,49.339201885847984
214.78209397274594,67.5656040654887,65.57229461644658,49.30633537668799
214.92936522035924,68.08117051940995,65.33604669688141,49.06978131911481
213.68355759511806,72.838964801374,65.23359961902513,48.98798105474725
215.3989365560423,77.19365567488396,65.01363137765766,48.86211256761503
216.3712913369996,78.10041457729307,64.9692292326589,48.59641151618429
215.19563167561665,77.94518511846408,65.34531023221315,48.430017689024524
215.75597182617096,76.81186757935444,65.4419996067408,48.47197806555312
216.51410626513982,74.27300938543438,65.3662129875998,49.02151719204071
217.64352983291408,72.61482915979855,65.10948324745226,49.19141091128722
218.1022248765346,67.94960550842498,65.12672027593769,49.34484672416619
218.61959311775644,60.878160892720366,64.93791663479499,49.772924630502175
218.58761155349282,59.74486295287277,65.21702493401085,49.598063477040014
218.51075783323324,56.54586004257473,65.43694264445801,49.435265884244984
218.70661767206104,58.604725066638125,65.74827256692672,49.44651265801761
218.87832142255706,59.20777068205646,65.42017302789785,49.41597999422806
219.48622234086906,61.60064726312437,65.60895166517369,49.46011326855463
219.32696368643545,62.42725439893618,66.00885017578497,49.5544909692821
219.75824586930725,67.04897580759256,66.09513942198748,49.689333559989365
220.36177531937415,68.44546757032731,66.3758985245545,49.73332560901328
219.39766345050168,69.28599504353275,66.70605140239033,49.81719375830552
221.93922615934204,70.66461089071362,66.44011520132341,49.98319390407744
220.9135867020654,70.71092031245988,66.28801019329981,49.5242943558482
221.12942156412132,70.8855259786285,66.17063719160005,49.60024635215859
221.81126227035747,71.03971511936317,66.09297772698844,49.2526508035038
222.33981751768854,68.93896116944558,65.45539181256656,49.379458347809205
222.52913967278357,69.6155132927372,65.72852417378611,49.327171948477826
222.6226015924551,68.6379405615707,66.04081891755006,49.130642901762364
222.7446455219517,68.97366222357162,66.14863473554355,49.09188273568137
222.7256461963756,68.31525973111746,66.24131942638195,48.90577066927436
223.06461652593254,68.13867354127565,66.5749593537015,48.66814687633913
223.19665941624663,68.88240663039011,67.40525931621451,48.64109892244494
223.80225435230292,68.45547680484945,68.25906664029941,48.21845036143671
223.83874432494707,68.21265572377015,68.66566396814154,47.94252803041599
222.89334458106597,69.12078961588527,68.48523495172282,48.03979274168441
224.0921393198522,68.62737310271376,67.62776309557219,48.05517585643305
223.93962664856056,69.09356196303546,66.88889450485924,48.297695091279756
224.71631032976117,69.87172405883052,66.21638908045774,48.733711225998846
224.33713530639702,70.20090613603101,65.89542060377909,48.79855460495739
224.0565536091758,71.63222138001535,65.78113105060493,49.17760616960099
224.53992405108397,73.23353284832898,66.05890999653865,49.45316936349743
222.7602681526177,73.10274644747025,66.1048467496022,48.946586053974485
224.81123199867957,73.7515451585369,65.93568978654339,48.9045081411567
225.29359398105845,76.02913398169903,66.11842628244844,48.732923577260415
224.77210363331764,77.15771084299944,66.08174203232765,48.50241170036273
222.92065933519456,76.41036478448108,66.38613829230064,48.40170157664628
224.19887647713472,76.45470080831818,66.18080183060968,48.60263127219335
225.016085741482,73.11940185353322,65.91698602885147,48.86647850274714
225.17949366521106,69.57925539431069,65.92347175538508,48.9207842729073
224.35049101224,69.65665194317407,65.8693345938284,49.04886924625028
224.39726153341883,68.72846745151048,66.03410607483576,48.87796385938397
223.68950164432385,69.80444494627248,66.65200621219856,49.40169475242831
222.32110023055935,73.65727307353315,66.45025952114233,49.2289869918645
223.09728165880225,72.48598769471789,66.41875840953725,49.35685824273537
222.13379780017993,75.25179329580048,66.84952401553764,49.259050598919806
223.49703616938893,73.57086675129615,66.73667876401237,50.08911772296264
222.94755619296413,73.41466087403762,66.41896207635142,49.79313527190946
223.02530115218912,70.93352464252129,66.30687907654635,49.912998124193834
223.06420800121933,69.97704957499367,66.49513341981056,49.82873906792676
223.34149338081386,68.94043405663652,66.35186475031263,49.980592207378486
221.95483250566332,67.63771282352332,66.50274234778166,49.8277658404445
223.38887948661957,65.3952220846746,66.586534086095,49.94826110064314
221.26550558166042,66.37530113639706,66.92341866244706,50.176150644674436
222.8760921892401,64.36585482846948,66.73389408315194,50.784443551972444
223.3623656697712,64.33625107070462,66.32725632895693,50.60688237477032
223.58656751850356,65.21614331330196,66.11115757708038,50.395932332668
222.01797535210972,65.7350365166977,66.66551767967394,50.77007565247713
223.16383810645675,66.46142562640404,66.82686591098533,50.580728505299575
221.15573196169302,66.6532408504356,67.08740193098157,50.402489836778436
221.76644131269052,67.98940674141697,67.19768629581245,50.45233317612306
221.48504830804492,68.5909520275755,67.34465954451213,50.191640019443966
221.74239082131595,66.10094430434688,67.62324039712428,49.86729841405183
220.20443638484386,69.79887580742505,67.79346956730967,49.121424059171154
220.8030301283663,67.56130708405456,67.80655081615042,48.987898423789304
221.46935169999736,65.55610178787808,67.79813929749156,49.120092511091634
219.95188945811188,67.31384562812131,67.89683526754489,48.712427010399466
221.48104101359803,67.30696876751784,67.60470599614167,48.52443301613323
219.29530937710842,66.83533788669837,68.02112929109352,48.71780319862103
219.96454678273778,68.91709519579562,68.60583684811328,48.507597401151
219.66359907418217,69.86710909803509,68.55624163650523,48.374530694389364
219.70556445245808,69.6582333983223,68.94299499107169,48.49869944577609
218.38656659805557,69.02910258965625,68.98909416591066,48.90326388236018
218.61380928379137,69.00837585984914,68.65919900505565,49.208624595716614
217.24036350286246,69.71650883812848,68.36155230740721,48.44802105656977
217.5569397928462,68.84771569081741,67.50879630813583,48.674480594523814
218.01027857320315,69.02002492581255,67.52121527690579,48.711750037283764
216.23488745929697,68.98956952571169,66.8225945048402,48.85096617133826
217.1063312251336,68.8665595292764,66.5789843264537,49.146292538252055
215.59318696489566,68.55221630769867,66.48201664041707,49.28220702806318
215.8954992069844,67.88653787913996,66.84323672783006,49.389953245608446
214.59871146613332,68.13431564774925,66.36390786115878,48.95877619347346
215.30748951676338,68.47575798103225,66.1698231630206,49.24859820243694
215.07494596651182,68.38219601770409,66.22966987679929,49.111540006147465
214.60038026731343,69.94794227841687,65.55977330297469,49.09857275136923
212.8829618451768,68.57389737529832,65.54358108497682,49.262539899830486
213.53959334338106,68.87640579420878,65.8526498270403,49.7483406326959
211.73149252455235,69.54602526027062,66.14682115883528,49.96757338025968
212.4408767446273,68.7269755689345,66.3676792216761,49.792310641349914
211.70775397996778,69.1926042262564,66.63520918340632,49.64284757671756
211.85175337619955,69.99524855074263,66.50674593307328,49.470672502726785
210.3751592526561,69.99368564538275,66.68003505982936,49.94908542305994
211.23276814251085,69.62675230092933,66.7327791398229,49.65587252975247
209.53639417112555,70.33278354678271,67.12097757926713,49.67733858056431
208.4795583544692,70.57533720498284,67.13449695847521,49.41648128276067
208.56784929914312,69.85922689981186,67.33854651596573,49.72807317854121
207.08014844763574,69.1774359101285,67.22394449011392,50.46268358121724
208.2730926728526,70.35898155860218,67.12674279199953,50.6879208841997
207.16622358868818,68.59349846819889,67.19833127351498,50.878299210620895
207.10084847905875,69.15559689462523,67.63612033640564,51.114938267611635
206.81579185820624,69.47383063586277,68.2198828201094,50.883483303304075
206.13734697168167,70.03107666571059,68.04929520954502,50.67980838990972
205.823432377946,69.0561603185918,68.03426732227874,50.6576156897076
205.48132428297802,69.58446144613157,68.16545570354849,50.31382347414831
204.52119088155774,68.34987856713472,67.90109139715138,50.453665225107706
205.49424044401835,68.0505591705886,67.67736647305111,50.72643138831906
205.51506623015172,69.06266422625723,67.68153572558629,50.887347820026825
205.14868021821067,67.09690342195266,67.218459880549,50.877765493394264
204.9196828084544,67.3041806254731,67.1819804678647,50.84603947099124
204.2257660205573,67.9818607304807,67.46431978287099,50.91398513007849
205.23434908445037,68.23378940922903,67.47933706382203,51.18823303152349
203.6512182969843,67.11031327609525,68.6657159216216,51.00918470269826
203.44233698030254,67.93350271158329,69.42985673238952,50.928805339626265
200.84410811174266,67.54899435912235,70.2779529773523,50.78692675655756
202.36251758273175,68.0233737606685,70.80340992190975,50.6957020044067
201.46126346136435,68.33938590234933,70.78488099137334,50.77089785816434
201.3239969006851,67.93487999689846,71.29441818015282,50.74078326096597
201.4354997100292,68.30302523184716,70.99530679546629,51.188118369948896
200.99090554157183,69.06151562048902,70.994568996841,51.071013829580735
200.1337429522125,68.81488931525988,70.69283573058289,50.89984416640317
201.71982707537865,69.43288571041829,70.65312903210216,51.27622460892784
199.67769215234372,69.69719081615774,70.22711588485534,51.45032270137731
200.35221361292696,68.70557439343872,70.17189525220205,51.271415177400044
201.203574986479,69.93222040028182,70.47579863424835,51.49605733348316
200.18041531308103,68.96451421275098,70.23939503106257,51.68043676005086
201.0311164974065,69.59170899913657,70.19258493803119,51.682845931481346
198.90507788760797,68.80222511497593,70.18227249774662,51.60000723560739
201.19302763389226,69.7064655245403,69.83561485316997,51.22636256569433
199.9179728653876,68.22215261511923,69.70921071830429,51.50957192449924
200.203524513768,67.80174883995613,69.9743882442974,51.53533000535445
200.14750145837402,67.5351722181459,70.21274777323534,51.63431806924545
198.989200807548,67.92410489051807,70.48703573756131,51.821320435568325
200.17760979436665,67.60790072784071,70.49014969065132,51.85530033274997
199.99833657598583,66.59857151747812,71.64481432723824,52.085651086696615
199.144869994635,67.64597246763444,72.12851927376863,52.26511280676055
197.90909909891963,66.34094738634299,73.06429827833414,52.31054438184955
198.0558651244665,67.8191864953311,72.92446759223446,52.534878522729535
197.0815434439017,67.25931890089956,73.06263023951973,52.663096287009196
196.37946553878544,67.56725733195438,72.99998834028722,52.71487662142131
196.47107167711997,68.43371063539735,72.82590423743142,52.48031848903794
196.43827312718224,67.55809096146514,72.90998258257127,52.51130579985399
196.3043167256097,68.86873839531906,72.78892968961993,52.2838960677968
196.72969202807218,69.03101487929972,72.87806446257892,52.39249678874311
196.83820884563568,68.99818853034824,72.85626849382041,52.31133862720431
196.82732589293875,68.66573984450065,72.76904813325689,52.5523976517029
196.76171739444814,68.1155537513184,72.5511626629396,52.51313224861276
195.8917538640112,68.18304685073903,72.51717479060883,52.390775627661526
195.81663139386723,68.65500132915332,72.50281818139061,52.502813974604905
195.3026529075139,67.76998928252752,72.39373275087607,52.716719698754055
195.73471455223077,68.62197489087055,72.5160060721792,52.89024090989392
195.19677126613746,67.39160987974441,72.48424236436706,52.970831104417925
194.7468569028484,67.79198502966774,72.56221912217991,53.075095379099004
193.06251135414144,67.35723405592182,72.89004026834569,53.23031451590281
193.53462706188213,66.18067870815133,72.9878254782686,53.69097881270876
193.01435119934726,64.32338210042163,73.51335850178504,54.04294547558638
193.62139967566705,64.05922165639873,73.28516332212139,53.938942681323965
194.21960038752366,63.802496957314546,73.07211783779644,53.82170120682312
192.36525874877853,64.10341449844243,73.8844285586003,54.17313000338967
192.64918197692225,63.52912226656489,74.39594783259848,54.26085132989958
193.57917183972893,63.72156431982167,73.79584507346155,54.178447533587665
192.44834196755903,64.89182721348234,74.06906549628341,54.70912493039412
193.34564358850702,64.23439720059531,73.91622904096278,54.68273644390011
193.79583386437952,63.28661314965344,73.7838887290287,54.57270886173235
192.75383745974284,63.58451810108585,73.96866548243203,54.75314300317143
194.44260514428436,64.35391975132289,73.78058443044189,54.90849861440236
193.61743267984312,63.480550079631016,74.62105214250839,54.95790724451402
193.60868350673616,65.23311993595686,75.3409100458741,55.164653937807145
194.52646462829372,63.31986284775112,75.61024458658773,55.06844625142567
193.90631743668604,64.8634711204223,75.62246561126736,55.46735302952385
192.89214331323103,64.41544271408456,75.57496718611925,55.620974565691
193.08995197329435,63.65587940835363,75.66657209046656,55.429431659635775
191.98710458824164,63.240998944028156,76.04732605990519,55.60375601287397
193.26981639258992,62.81968919972449,75.8587926337037,55.674302709428076
192.8962106564627,64.61744231178949,75.59212778702658,55.79699955307761
191.89913012531994,63.70037699262502,75.92164222379331,55.730793449005446
191.59827426652228,66.0435584720937,76.02611512655784,55.85998987727513
192.30867011845646,66.30116802306704,75.85618161036498,55.67318098355369
193.74812686665965,66.49541680060084,75.3047949217436,55.84589543171714
193.32014679497166,67.47501452565852,75.09072163406644,55.68810648432546
193.39652395244087,65.99274553183076,74.93531334082863,55.77576215729897
193.978411849968,66.70960767750844,74.32557255372801,55.93390674335451
195.69220606044445,65.6597935755813,74.13091026306992,55.826849642567055
194.23845517285275,65.33256182720078,74.28958458082539,56.142646074422956
195.84701615749097,66.54318294536552,73.85818200623277,56.265228510792454
195.19796105771093,66.58662399919143,73.95329964731357,56.244460880953866
195.92060862565282,66.0907513240616,74.14029642446229,56.12007039556593
196.16848260524176,67.66765285658337,74.46188079265025,56.192364437455964
195.4619847044691,66.3910117480412,74.85230979884645,56.5350896705926
196.29700470595026,66.49579730537012,74.97304664467718,56.606585569675275
195.5326383534684,66.22487763821371,75.66587063868434,56.63673279726429
196.99402176088242,66.41472722054982,76.12428649444955,56.79225717623602
196.16455743654504,66.50147806833247,76.07979462329553,57.37837429943065
196.18391106726534,65.09705282041989,76.16668997971477,57.64048330966011
196.54562549967127,66.37999567380203,75.9569706600384,58.01000023465548
197.00878924624115,65.14252089304736,75.78148138701813,57.8744203734048
198.12549576815485,64.81283146448021,75.8887174711509,57.989948689424295
197.09766933914972,66.20159803912867,76.22142571188976,58.23907693615401
198.53485885282984,65.17468855418173,75.79971344402048,58.093277804927894
197.08657143120934,63.66367278201806,76.38669246397353,58.099814048962244
199.44046977975066,64.30701253945372,76.62100249067629,58.01180051061529
199.34501931715556,63.360131768522464,76.91005603844698,58.22341288064857
199.95970546487607,64.81755737482035,76.47731209898592,58.69266425098432
200.02390469473312,63.67512212459099,76.294436647976,58.46183560326493
201.12884140399893,64.18782693659215,76.29079887664588,58.80300479663018
202.19381425494345,62.286707092896506,76.57033088548074,58.78084215171555
203.31365977533744,63.02218236571581,76.58959103182653,59.19581606458067
201.98174965841505,62.804279064130625,76.71605727320919,59.82905087932082
202.30205787205168,62.54909107188986,77.05289515063107,59.24894212545244
201.92802064002205,62.939626618097996,77.87385708004811,59.4066705931062
200.76207825838566,61.15005007641224,78.91444404993251,59.47774343241337
202.52656288543395,61.82806848550689,78.92194711639256,59.911984333721755
202.5054074894598,60.86930756988985,79.52007235335961,59.81495786325907
204.2008656179315,60.59228318021334,79.13402198119712,59.83573848894463
203.50518143113112,60.744302861739634,79.31485149066215,60.13649052870882
206.18844471134128,60.6527388835781,79.27259517865488,60.15666461652354
206.02857099866935,62.01364395516706,79.72203328092634,59.98671623634611
205.9697959214156,62.5029579101149,80.54714051761002,59.93966487645731
206.4438923109725,63.78957557226051,80.64662263282915,60.19378517541132
206.50222218181312,63.97418931251959,81.04267572741341,60.581386599045075
207.190231341724,63.87103499728362,80.84585150034225,60.55024050222495
207.97851133612895,64.36361716475513,80.69744240379003,60.36053847759613
209.65548313341037,64.30721644726208,80.95984183062,60.318747875381284
209.62754663943778,64.31175392794381,81.42692610058005,60.60908850239673
210.61902762644954,63.9706807112527,81.25038862511455,60.59449842121062
209.98250653079793,63.46019014878742,81.80586474347697,60.32555492455916
211.94428276791487,62.437770834267795,82.05906674388295,60.69513551317024
212.68569700801612,63.65542383806126,81.9907632957239,61.18383930554059
211.45842238871063,62.61982678719564,82.04861858940386,61.05381289488169
213.398478657023,63.278934898832546,81.81631961135764,61.007730141189484
213.68656317090668,64.40886103566083,81.82970143636584,61.58410766871088
213.5314438223399,65.07449818459673,81.85491471569472,61.49641657320116
214.2141059545557,65.32606164121313,82.47668366148342,61.91629577731227
215.80593355900635,66.03829036390275,82.29973445195654,62.57093417238711
217.61018970873127,65.64020767838304,82.80703683832822,62.47992857298662
217.5661649872026,66.65374953103594,83.22910779007923,62.6288385486348
217.05529009611544,67.23611645425213,83.8869457945188,62.145358671871776
218.67755337945664,66.1629166475231,84.564898857353,62.374927984045016
218.90093301560682,65.57817852833415,84.95318367103206,62.30559618657241
220.25217118431408,64.33989461670078,85.36564177804505,62.57861247900115
221.9194599253177,65.32583483425927,85.35477783706872,63.01080432858265
220.57021261113965,64.51648221160264,85.52091787214786,62.992489939649104
223.7199859513937,63.73017010611003,85.25989343513947,63.41488278924514
224.12493834909776,63.615801628274326,84.84999696053978,63.786709903617485
225.8839030326992,64.02043457738306,84.96888266444282,64.35100085774073
225.0735793184817,64.09489415497382,85.5033434454627,64.52306046327851
226.80702975305627,63.535416654915146,85.29612785425238,65.09166795639588
227.96372042362424,64.11811707758505,85.26090613149412,65.19038876270555
226.7229787448475,63.66639799000004,85.78162555777322,64.82171325703602
228.36592362624185,63.80098321900252,85.9102882451646,64.78427659801179
228.69892576216313,63.54801061425646,86.52176278744707,64.8525475533249
230.00586039845638,63.303351821046405,86.59931383155671,65.22953389092518
229.09632644050384,63.37777484131771,87.82213985607768,65.18600435521866
229.93131270623923,63.0591549788558,88.68302774864864,65.34272183497379
231.02774423146565,62.068550771885555,89.17288559777776,65.47401200264505
232.29195173409755,62.4235651132479,89.2975713215026,65.67693931929475
235.0950616068696,61.7613525225703,89.58415381442288,66.00599917901376
234.03959484942533,62.04371408168381,89.31330742017748,66.0593373052745
234.8200770609398,60.639345448763194,89.95835834558292,66.02088991306519
236.30628771458473,60.23186962525594,90.19333402239346,66.29733111829961
238.0307239770379,59.85925063934324,90.22489186209586,66.83883236765568
238.0424657956218,58.56870564436019,89.94507752619948,66.96945047957001
238.34481544926177,59.70964222960962,89.68831186893638,67.40965444034252
239.63414021490058,60.58752194230591,89.93855361497194,67.80252205772032
240.94203295072265,60.47544994301143,90.3309697424489,68.21745782712514
243.33602887893147,61.22873306572749,89.26572068197547,68.8097687732366
240.62891946053043,59.14923435232318,89.85367704471756,68.57794712732183
241.09770829803813,60.085730513922535,90.66824704426267,69.03134602421589
242.97257536963062,61.18693356436627,91.28826197029157,69.08146978287127
241.06461250721117,61.13544386396788,92.7186028638927,68.9141495105876
240.50939931721635,62.28592038318921,93.63848356574357,69.34747252843462
241.75779612010217,62.369601542648944,94.17525071284055,69.30226413988119
245.04434345108132,62.734243721631415,94.15735901185032,69.07735976963292
245.23279590827624,64.76845228364407,94.67405181951398,69.6629248080832
244.09452480591136,64.09477717315588,95.22128994900265,68.93410792243115
246.52994913458588,64.46652180202742,95.33105213912675,68.83049616283797
246.43848115640532,65.2459117411515,95.81624950763157,69.04325013144494
246.4692707964577,64.60833224609013,96.4315142879478,68.5873391991205
246.90361922882568,65.44285444131036,96.85946664081743,68.89814843874595
247.3695150221705,65.45043254430306,96.38564468985281,68.53649922700798
249.78149346888952,65.20127396850401,97.81342539101928,69.03426107007039
250.13201163695675,65.31413265844462,97.69968053399552,69.59505284641628
250.56039162841864,64.97916235448396,98.02428472972929,69.71263947618056
251.3282797459486,65.02840235151464,98.27684191065448,69.83955382048856
252.57251788599433,64.44740857005289,98.95710757201508,69.73959375157614
253.74087868339956,63.458174332780054,99.18660173075989,69.88011283094205
253.00298045249673,62.62430235901656,99.96955368248712,69.975856274929
253.9520853988696,62.38610060572656,100.44124044005571,69.98419019833143
253.5131893307972,63.80487550824868,101.26625456314997,70.4406028719249
253.850722103395,63.00247377990396,101.49000494784406,70.68779729502974
253.0133445123463,61.96728307996505,102.27860923339225,70.75210855788363
254.55810384125368,62.98863498741153,102.33689054429689,71.17017105845088
254.09248389112685,61.58221833119995,103.0244601001979,71.44532255286562
255.1088980787472,61.833146929977914,102.62086436999195,71.8483615550129
257.79264385610327,61.22623628648601,102.35610451999176,72.52598279545741
256.18461244178036,60.56682872330925,102.88159794785022,72.53708453241426
256.7518661958619,61.063123627500296,102.32876835335293,72.47962186312365
257.0172484351167,59.47128634912464,102.76331611735125,72.62283464123422
257.15749616027085,60.26309806519616,102.74915230990905,72.6783345296707
257.40340823677366,61.852444925329536,102.47356366045776,72.64826856743008
258.0681074247589,62.64472530475987,102.76255524859097,72.07832560928199
259.30808803203774,64.07564974626769,102.47825057204298,71.82885699245595
257.6723629305749,63.77947812985303,102.81795310002661,72.09980268233176
260.7748123545492,65.29053053026352,101.87432906668371,72.05948389416031
260.1711742133298,64.82410699037976,101.0560733419052,72.00632179338201
261.814876209982,64.05913128371924,100.40304492080537,72.03895195864855
