73.5,126.5,29,23
74.24260993542879,125.90720850841765,28.559191549964574,22.936062502531904
74.69191943810245,125.96541797469483,28.383661643547605,22.956002322824286
75.95508543367822,125.96334412416532,28.003916785803646,22.719392454212617
77.01015366843492,125.81294052954728,27.713679517683367,22.824214057997583
76.77908128218752,125.92929846950916,27.824240153692116,22.614396360346717
77.55769483455872,125.76215956932131,27.566904043975377,22.469326037648827
78.60910636937909,126.59151252742225,27.768406554931552,22.173582963434555
78.95600770019048,125.62280409664156,28.101626851110588,22.24757683515069
79.47010130120378,124.73010735739528,28.01459120843687,22.395677809332636
80.21090656581687,124.70356079588947,27.750038980182666,22.38584674843912
80.1074168666674,125.65699282599681,27.75495164404843,22.28393566731227
81.15496186811038,125.57672566617713,28.04422910713539,21.946589349305928
81.18817679120563,124.52760120488773,28.107064584226162,22.025291286258508
82.00024165990965,124.89883062195237,27.93700887197224,21.773502119849997
83.6461405534018,123.68187120931698,27.58955918183546,22.026399970007876
84.1469480444753,122.6759438807401,27.201009025223314,22.147926339083313
84.09884110174285,122.18329606677561,27.192076659069336,22.072462065011873
84.63316021723813,122.39268958990192,26.889840911065217,21.983750580759533
84.87415342588847,122.6773683212025,26.895215924886376,21.677551439538995
85.4807737191355,122.42833744000482,26.871928784780543,21.40854153760099
85.90854139927278,122.74163942472647,26.787907065386573,21.187532870739496
86.9430621676773,122.48962087033571,26.336480274671295,21.182924981447435
87.50477671272367,123.01398594439051,26.436591133041972,20.972576421796855
87.60191567845892,122.72017374222223,25.987960572386754,21.175526426042243
88.68528367357119,123.27945468288297,25.557755482163746,21.237710265584084
90.08456818724781,123.79684882786924,24.891750522651066,21.41777478551758
90.49501868822226,123.25715367583739,24.725361568469822,21.890189236138134
91.97910700253848,123.2941915451849,24.279622989153772,22.04854243559349
92.20055676840418,123.75721740456171,24.866679202165724,21.498789651061145
92.41079496200533,122.8662330296465,24.866322875407327,21.67306842419939
92.7018058184008,122.81332441028333,25.281817079440724,21.460606396568288
93.10344612473828,123.4367395691638,25.08241109054122,21.701016274081685
92.52368220306502,123.29168807291867,26.005933478632247,21.546951324763242
92.31410305382803,123.01044124289606,26.53812612231583,21.62959457339339
93.1646175223553,123.61640627706767,26.2188689881635,21.717635251090506
93.65172554556273,123.27553281807944,26.384869769141247,21.687113816558416
93.91344317655499,123.14924493606149,26.54441581943164,21.533805970345753
93.40122916025604,123.76305489669012,27.13377646659443,21.405635445221925
93.6231605757648,124.92590048363803,27.54016149553174,21.26194300103191
94.12358392274344,124.50001095601729,27.06697850930764,21.683923125389995
94.77429199271961,124.72912371341732,26.782454206475343,21.92566118023104
95.52638961040122,125.31850344176823,26.729263237851,22.19546959080826
95.21774184254683,125.80684769135419,27.64469488863395,21.99655405468338
95.05538028075625,126.66857045319325,27.765743069960088,21.854431081778866
95.47842134182858,126.96544088457259,27.696665666595933,21.874400920485826
95.44663303630402,126.79852965599655,28.062105649970956,21.752648447923697
94.58849429380358,127.72701929676438,28.72031903184533,21.577915851416087
95.41014814507282,127.69706139607925,28.505696040763137,21.294069165613273
95.03077451743545,128.43115116228915,29.19185862972615,21.2025651197581
94.74586328944953,128.44954850434885,29.258109396569097,21.07601548165828
95.27648999584879,128.95312790736625,29.68064960006544,20.865689892767485
95.64577588287904,129.19023494676503,29.79402173612685,20.985462265595743
97.35366716410795,128.3401206585609,28.950023193139263,21.580308041901773
96.74544298409585,128.2932818100654,29.383358490781713,21.7696196256473
96.23052140469414,127.70395910262936,29.703354378142702,21.922731602790485
96.62241267523528,127.49236671904417,29.959021886460768,22.004639903114395
97.55937671584398,127.69307872398657,29.617509672095178,22.085249861201397
98.76932626202361,127.37758784740359,29.084772192246582,22.11050227286041
98.89194984133337,127.68860244787669,29.03443606654218,21.790547236066356
98.49416033040302,127.1043932096182,29.13208546766009,21.828178220784928
98.08953664528923,126.0020847331026,29.36424293214885,21.78759883134785
99.52322216858369,126.9487465395609,29.080760893128293,21.420522719804545
99.69847417021978,126.68919272017271,28.78437032634639,21.292605429057467
99.6794126577588,126.71132207003976,28.446723587083397,21.801714820906625
99.41406874296054,125.84511691743822,28.868989286333623,21.62110320399819
99.4584957321473,126.05639924928636,29.053234044961517,21.5508760496956
99.60276121208413,126.31037679674569,29.180061360262957,21.3625795024168
99.82780386016249,126.25581172388819,29.407772249122864,21.282017538308562
100.02068335937365,126.06340748771501,29.284380767456607,21.383200080107216
100.93487425702622,126.54516921038407,28.891313150618274,21.531457159022906
101.43801815278235,126.85730979744275,29.165510273885687,21.655630734489755
100.77570066796318,126.44925312332204,29.10433546435685,21.69164671735185
100.74406728955493,125.92961260942192,29.231852258247415,21.88610736494121
101.12671504761157,126.71512028325814,29.196905150356336,21.952819993114115
101.13949710290157,126.6230896696266,29.152332202136044,21.76549609307122
101.48161923888576,126.21603522317754,29.639079112494944,21.813521209018496
102.3366326424353,126.64470593933902,29.484586072142367,21.868666627910912
102.9814696206322,125.78694741325631,29.231601158793634,22.249953614730536
102.77679175445743,125.59340933599769,28.91825599726421,22.452424185699254
102.69705180579157,125.60936020036054,29.204762288605533,22.277370011418814
103.08830526218877,125.67560699599403,29.55086682123809,21.922653332006583
103.06015137254555,125.7634750019359,29.28218602673494,22.06831608497155
103.08898742857212,125.68101279328224,29.142541338003987,22.30812256256825
103.95833665973286,126.00141621505692,28.87843103142896,22.5776560877666
104.21974482740416,126.41461261895832,28.885492597163648,22.50784750704893
104.5077337977012,124.99760206648739,28.585033580567426,23.063424321829647
104.5095951781228,125.77393358036484,28.830418553093125,23.1543711754758
103.97179048247018,125.99872610275592,29.311404497933815,22.859834560659603
104.12663052933213,126.1241070451168,29.292404812687682,22.924212923282838
104.13821301245753,125.28020813950167,29.085330981581137,22.95520247741014
104.41192847878699,126.4649244570618,29.2851283733355,22.948153684758125
104.03857426312419,125.0232950907653,29.677296665224386,23.14822731679569
104.4714747634762,125.7656143673499,29.50476908962262,22.728356481941624
104.36976259589277,125.42128337204302,29.76818911701279,22.628016709688403
104.0976053832797,125.50028874482086,29.827775235707016,22.77905089149135
103.95674363096708,125.12522727121453,30.14493150372993,22.674395489304473
102.84779147306315,125.04026389004281,30.826062137897164,22.451598899930907
103.4991702368442,125.54222496832635,30.747965602957464,22.32951661477036
103.54974877059593,125.59264321161852,30.658925102685714,22.519506210415635
103.38586131404021,125.61068264851369,30.92505393056465,22.37357327174352
103.92730944669948,125.14985095942875,30.36436599826155,22.536427977485253
104.21902051296418,125.27882003042544,30.16512616987606,22.7109767272384
104.17804301562137,125.41896127308524,30.078062851272996,22.743094940580598
104.2904153908676,126.01091847846904,29.967867551356857,22.656703742245867
104.59665933659254,125.74580044897796,29.991093058363543,22.679851318848108
104.59751245319227,125.48556167525797,29.880838198860403,22.58272967700664
104.57101273669062,125.08163683070848,29.77023311905298,22.753956818002283
105.05533282863917,125.77268152175644,29.836050261091266,22.656552570794048
105.05482418703849,125.79850152130554,29.959806673061042,22.58777034663897
104.98183378117324,125.27940699802947,29.722474514391703,22.665868875193354
104.78143637667338,125.02895864725143,29.905282635373563,22.643532461076383
104.4921255762661,125.263774265013,30.024981462588503,22.90965845726558
105.08605203268507,124.70022301553273,29.94243171804736,22.787286907611623
105.13331674058192,124.7460014102375,29.903397620279048,22.74185701658022
105.14777726112733,124.79693105972521,30.14854767656217,22.73622810529247
104.59138890948552,124.2413538930814,30.11726019184226,22.61382557193428
105.35958051815139,123.9782014040917,30.094182996200885,22.776952982193258
104.72667928204251,124.13777528119928,29.966496822865068,22.89415083502041
105.20884181763648,124.01638519463417,30.06135356110248,22.728231674482885
104.58845738144612,123.71583501008826,30.314910013973307,22.503068675444986
105.31904072075072,124.06154422913379,30.28482474958683,22.249657204660053
105.65320390211551,123.568701606485,29.843426516649473,22.603834039980647
104.84792894523414,123.8100725233474,29.568382896896264,22.507003939167944
105.68740530639734,123.326243275625,29.605877647142194,22.461218845402225
105.54684802476497,123.76281900525395,29.5815689208695,22.470222923749628
105.91765437183737,123.71236604415145,29.211510303396295,22.52344625517196
106.28039258433628,124.14437862125438,28.681689432931485,23.051592722288753
105.85856536953987,123.29794112707256,28.566333321085246,22.837519501843484
106.09807894016507,123.26439331055424,28.77698288185742,22.670028881117883
106.26282634584297,123.16388548629604,28.752929569258015,22.612490458446317
105.5799892525593,124.1807058709487,29.16317783772309,22.522518412247365
105.19127048862615,123.9822680417922,29.06081212529017,22.45018636649313
105.81431197074059,124.52337022009613,29.320636815823534,22.612169126508213
105.66583144419529,124.32753026550239,29.401228269810208,22.509402191833146
105.21906660700094,124.41369833525651,29.472807389351196,22.331991616945544
105.63775210475043,124.74688341295617,29.007354625101062,22.14040181246977
105.91567798264722,124.68862554542667,28.916971723019586,22.150199320261493
105.813618029078,124.60299486918731,28.722100194391807,22.01621572029996
105.82144596226702,124.92266722958534,28.727745554704164,21.57135058419781
106.27022002944915,124.41381142998101,28.691292968016,21.543968527820233
106.1363976048909,124.51438374247843,28.185826354539405,21.563234220007935
106.20038251414461,123.99732448980168,27.97273834657792,21.573864799831952
106.39309077542454,124.11173971047572,28.079923576299247,21.62034386156232
106.5170060153944,124.13650707060415,27.976999825819306,21.74488870849943
105.88752180111123,123.67797193543073,28.34993173914973,21.73318360872529
105.54477518217689,123.78189909841366,28.4181298906346,21.83530568170429
105.60271238860282,123.88969620845614,28.260960038777817,21.99225107128995
105.63633969871417,123.7708620706398,28.40471308812321,21.735577645653503
105.89485544517717,124.00502841041316,28.541886082997806,21.430569813924187
105.17245455930993,123.80151258105346,28.938764409030675,21.390540321377514
105.20673468008887,124.41390090676992,28.730434985863646,21.330844455695896
105.31301170785743,123.99274380514385,28.813783569953987,21.342020465340738
105.91342410665607,124.50117020814274,28.99985430973312,21.157038096011355
105.53545423532219,123.78346005650728,29.001380149641307,21.264990123258404
105.86255512079815,124.35422006407593,28.813132712233166,21.430238406270206
105.5351433350871,124.32263866710446,28.99291432794582,21.43949231196258
105.22033582535458,124.40306967684458,29.040542562475842,21.4633201868009
105.41929040771619,124.28854735876163,29.227440674478405,21.313059132439832
105.42112662039406,124.56859818683482,29.23026916102158,21.317216707384
106.05804750218188,124.80934044978957,28.985174836830403,21.55369206230334
105.96112676727145,124.24778078390446,28.74066235090556,21.67606562075814
106.43684914297553,124.48214193974718,28.948722013102135,21.70630696311401
106.22600436076881,124.40723058867377,29.126075300269104,21.925654266362713
106.05171042409077,124.6715658556784,28.899163758227534,21.79954477108597
106.12071324956605,124.50598320828135,28.8185937688313,21.78520190767314
105.68061863492451,125.0540892804774,28.89624901393013,21.766369347593482
105.55311687742689,124.66473122385176,29.198946854372444,21.579893619719243
106.1763124626283,124.87981033797313,28.992553857683294,21.529303014614946
105.61522361800287,124.54038172899071,28.593207356031463,21.686175238168317
106.1057368174786,124.90549176080187,28.73891521382439,21.543816354851486
106.64837263446049,124.57718249997609,28.875049324413215,21.404410792411866
106.66046119182208,124.46355420545055,28.936569666884363,21.469852676925534
106.44473665332632,124.15347820862827,29.074849036816047,21.710386651704503
106.79054741770187,124.11798378687674,29.42987887143773,21.596492630851543
106.02921054060579,124.45952498131547,28.969044277164933,22.28086453236409
105.98630135151024,123.30584230340537,29.020017485722406,22.098709815247275
106.27490851693733,123.81856776568743,28.816152374428828,22.032766534859622
106.88939509313596,124.62864320823242,29.050850191040965,21.82820641286171
106.63435579727373,124.26328705651444,29.09340625101762,21.87934011398365
106.69635457447211,123.70534770297144,29.033839790254035,22.09512556364246
106.85362637211362,124.29581557163428,29.067710526645584,22.068247329063354
106.76968644535029,124.08045726637219,29.15022212688159,21.597724723259862
106.58294163053216,124.85240281003027,29.43442674045798,21.618216665881462
106.21541952950312,125.48165212280938,29.643217480678288,21.271966532564143
106.72965655688421,125.58169425411268,29.376943960259823,21.200160093286527
107.97969242040756,125.6938162866932,28.790681413472836,21.21166144321697
107.25888946807977,125.67189954665471,29.113757759946658,21.15324799805915
107.80236915935848,126.13850574483419,28.885599086636837,21.063250948036554
107.49912280909741,126.70634634776343,28.969329428970333,20.964111800169125
108.20666652276944,125.59181292473086,29.270485983941338,20.942956678537115
107.90435071240017,125.66267676294727,29.49418980354766,20.90512868963291
107.36816995693177,126.05620583735497,29.847525166165234,20.8414381722529
108.00592384420013,126.31068337887491,29.561663886017094,20.90597317243064
107.70613405598213,125.62611228481431,29.57137485731621,21.030033459001555
108.99279368092812,125.53814642009402,29.40011611615226,21.095906471012476
108.49688858652597,125.43061874705973,29.64884896721472,21.458956856901747
108.41888795948427,124.45580968657042,29.253967226169486,22.204417983060726
108.96313337942615,124.05322599808983,29.75739306662173,22.182348886461575
109.458389944524,123.89336927998873,29.331271668641904,22.227000536488987
109.44375318156523,124.30583766287818,29.672269320898412,22.111739619194132
109.64807842693338,124.54874398959124,29.651697311121048,22.13786154418673
109.7224157405556,124.60505637587859,29.54338549272997,22.200399951248055
110.08447184576453,124.6040694163107,29.086753327869157,22.211710273023595
110.00958590628375,124.18343522367161,29.176754592921938,22.23637911043874
110.11322650118598,124.84379826493686,29.450407486579252,22.209813751594446
109.66777185976015,124.45412909815894,29.60275412590291,21.978108298147745
111.29256681560425,124.78244249593841,29.3571973028988,22.089906192358548
110.71962141634447,124.14323709120706,29.62609980967794,22.174396270276773
110.93961634524129,124.39905453590691,29.715919903666546,21.83770172854855
110.76110697842837,124.45924523795063,29.90936130419967,21.71258577991198
111.30313300895948,125.10702112439786,29.126671489412416,22.36093721479645
111.88045182330093,125.07935441182231,28.88266247753935,22.391341064325474
112.21800009261501,125.01502779528019,28.836385821780908,22.410396003509227
112.51198966143261,125.2402989068127,28.72638348315695,22.287420821364474
112.62968326291521,125.04868083968132,28.869700619457568,22.404871499923466
112.9181980416669,126.00353039841093,28.9759003295514,22.37383091556056
113.10010217979575,125.76112906420315,29.093742942213506,22.48052293677459
113.04125954180563,125.93514920921793,29.459445320673694,22.635628341477705
113.8146866180538,125.32435655427615,29.36676211048389,22.737722670259274
113.2047538763056,125.57508986195636,29.989239028439954,22.663848749658218
113.89022579103316,126.0004311080123,30.03551352650711,22.731184777424737
114.20341976007646,125.68400284268371,30.184905908588064,22.596936801589287
113.3875940520422,126.2407240438244,30.609366095789994,22.632263062714287
114.11573599974213,125.44078551934638,30.746282764774612,22.673343467459528
114.45732974626979,125.02782311565988,30.74470430625754,22.714302044440046
114.71901567433878,125.38371236808067,30.59620015761051,22.917718766267804
115.18941075218913,124.73375074269295,30.87032396618132,22.887904115355617
116.02749024518273,124.33138986715072,30.670611489555395,22.891461120155586
116.22375355417662,124.10978045704205,30.798277494706053,22.82448385062836
115.86359993777808,123.62694922954262,30.820692776895843,22.970600857800825
117.37632257131085,123.17757860588252,29.99935288702755,23.016265647143747
118.46339960864492,123.279591247163,29.586989087933155,22.984272974164732
119.3867986142826,123.0988701746916,29.079775427243725,22.925666405423428
120.00754169482295,123.05985016721047,28.543354278141194,23.06447039412843
120.2300040169914,123.29605086305484,28.261714933939878,23.113820823480776
119.53421925485753,123.7135603729369,28.766706434773933,22.755587374099743
119.24928585732845,124.73717215451876,29.268033170802045,22.347007075706514
118.77284438095676,125.01936933905371,29.99035902456071,21.879021885906898
120.65960702614835,125.01177449869219,29.498074912690107,22.066985017242946
120.82666296750955,125.04084893692905,29.708031604873106,21.87914191736529
120.09253939436802,125.26289766902512,30.2551732471202,21.94062762024928
120.66945200974533,125.03761845680896,29.952252183064033,21.776718245018074
119.7925769164204,125.94320959969681,30.241564765763403,21.44311459922648
120.86785310288214,125.5597732746114,29.805287276110196,21.65218981745149
121.0365269423244,126.38175987815494,29.782648813581943,21.538014641217703
121.83279504576466,125.2419386580913,29.81207873028237,21.85835692093695
121.79335503820892,125.9935868605069,29.863622740272383,21.45550829003917
122.11494649687224,125.52034618159524,30.2585512712337,21.5349845380755
122.21382714391392,124.86337875523517,30.550454978781108,21.57012498295107
123.36612172736417,125.08227400132854,30.101089467581282,21.67820556973239
123.94475584251602,125.47769430793475,30.09560696859321,21.57735064902104
124.31835145706847,124.9795061257828,30.247955686998075,21.654506446575372
125.04362391625878,123.98354584208936,30.061789554704497,21.658611037819373
124.73669269498731,124.30059977602644,29.817753165879935,21.69648671000333
125.96162677054147,123.73383092271845,29.555951974152734,21.90053182380773
126.41036982769194,123.81142924227147,29.63835429903027,21.702422843047398
127.61625133118767,123.54488848762674,29.604612532273162,21.76546826291657
128.1432584858866,124.60350757034118,29.571566064023664,21.62738110800097
128.77163343059894,124.16994604465393,29.288373169990855,21.779269939347557
128.54551323662693,123.72731454013955,29.5688102325202,21.650831747891083
129.56462246739315,123.49033563095713,29.277762934546743,21.72093337819706
129.20081805660567,123.55702963283349,29.75896478371338,21.353019410780288
129.51757701451697,123.2879163815907,29.707905185170596,21.50012899613252
130.06323977032446,123.37874282041531,29.673204086092277,21.532883070745235
130.91517267162374,123.35328375101915,30.08519755358952,21.248342156021184
129.67973541588236,124.36125621778812,32.41395460947061,19.285702334308695
129.39903494623903,124.86031369677242,33.93458394517296,17.92256334613152
129.5463195819846,125.30444841518613,34.96439352175772,16.995799985461176
128.85429438493492,125.57705336960028,35.18789105655074,16.52142349887649
129.48762253394239,125.8948001237643,35.97159019295348,15.94742392374928
129.30283273641297,126.293716530808,36.314544463971686,15.500862172751244
130.99584559948076,125.93693596618456,35.752867425961725,15.678494039360018
131.86379726417601,125.30924810670751,35.491198558355585,15.708824315732965
133.96716012480067,124.69199885164393,35.78124512638239,15.414464283417802
136.64539379559162,124.14449835694371,35.349070826029724,15.268639738951343
132.9651321925055,123.66981432867627,34.6505739897825,15.207018487129016
135.77119171793325,122.71221585645573,33.99850552181276,15.363233488439583
143.1048260374777,122.41404554029889,33.23290638498218,15.412777798884367
143.8850852954026,121.68833686096804,33.13653579450928,15.526125957030345
144.52844883188052,121.27156976381137,33.52255049229774,15.413959625106166
140.82180445189564,120.5758204432783,33.59860618570865,15.705502111349002
141.38991382627435,120.62496221567424,33.399280363644195,15.820935729166223
140.68640918941108,120.37640714390722,34.06425359277311,15.736578005802691
140.56600931575707,120.39155806513446,34.79131601918117,15.41456313420202
140.79385399810764,120.81535813851325,35.02049379811101,15.584170729181807
140.58727080225935,121.221032756357,35.510857562720986,15.64710415159443
141.10499263480176,121.51546069643443,35.12095949948096,15.83728282639792
141.7767657676135,121.48966523170644,34.73183594618349,15.990026399415264
142.24479657813234,121.63231120984086,34.3748108589784,16.256735263783167
142.65261077564543,121.60583660559472,34.38478749878041,16.174885632587156
143.86994685692432,121.68392489417002,34.125813378138496,16.285611263764807
144.56846360493452,121.66876110186644,33.833302229568346,16.510080042596325
145.01851488688735,121.7117179642348,33.36781518828577,16.49932998029322
143.5568831247689,121.47228240848719,34.286976244032054,16.13311916639627
143.72480288950214,121.49298256039003,34.67327172194701,16.072908594099083
144.62766984711715,121.16774796782168,34.306846211639495,16.082056835403392
145.2717166659966,121.00159839237467,34.33000314131682,16.02577366727619
146.88948563171067,120.9120287887851,33.91919608299654,16.17293839862454
146.72576084605657,120.916012284602,33.76723739014458,16.243422563606938
147.63193744717088,120.94391196900857,33.374378697612926,16.382404826025123
147.99251379915032,120.69751682054252,32.88946065857105,16.696654997467995
148.22046885650545,120.61342520514364,32.594866640643474,16.973673172931164
148.48010108062158,120.35202400745197,32.56495191527348,17.129891714354475
148.92512716552645,120.50162342624802,32.079950291394574,17.339707423633577
149.84294017469654,120.52691392290501,32.274109429304424,17.09736630754354
150.2558749387702,120.70540235109306,32.11407826194349,16.991549625775683
149.75366368250695,121.96652064610696,32.228566651907606,16.743192802212125
149.45298668610315,122.73579545097228,31.89703994508065,16.810015740584824
150.03635409506234,123.61198673706123,31.654662362593992,16.76924312800927
149.96724593484703,124.52612815592266,32.149284596854415,16.644984605166776
149.52090645321817,125.2145119525599,32.18113903475583,16.39187590738484
149.42222305919557,125.82376209289582,32.1764022675985,16.340329905658926
148.30878944447394,126.69153170816014,33.149890509729445,15.917297589269086
148.3493449484086,126.65873735540077,32.77732935899973,15.904212648933836
148.07120232514106,127.06387398628813,33.162432479728,15.724016630010375
147.33053117006193,127.89605025623753,33.75713012845975,15.521711309388007
148.01603867946915,127.8677790603992,33.782328045092996,15.393704861137923
147.76007043970284,127.74074830639245,33.94440069739704,15.46144001440938
147.5799210084553,127.90778875969917,33.50657399484011,15.859915808502436
147.955855054969,127.64571576777956,33.495727594565565,16.08547825500149
147.48619653294614,127.31268932151403,33.15031313130992,16.161767684989066
147.54799187874846,124.76033986910093,32.97036623316897,16.074828120119207
148.44595780022357,124.97540945306865,32.563487496526754,16.09308351895813
152.5255969850553,122.07932014107895,32.182127942476065,16.231046807091577
149.43907764582931,122.22718762037077,31.742771811205152,16.148854607926445
149.94036407080182,122.91380141122556,31.390932014944397,16.088603982584342
147.9053761165449,124.12045987545507,29.377006041286613,17.99585990721372
148.65331721045166,122.11498705218646,28.08419939651908,19.43259705574983
147.78566365087482,121.20123524632545,27.48486267488296,20.253401939864126
147.64394446740602,120.87386622624011,26.855233164527927,20.759379974203085
147.55716228155381,121.39053475711641,26.47027870927079,20.979028389897994
146.18551784677584,120.83268723836517,26.448707902465713,21.474481845006828
144.12819331867632,121.07187822943288,26.997817598618354,21.536477777776952
144.12968601150737,121.50053058653279,27.129178057344262,21.544076752007932
143.73453654490152,122.10015449312192,27.016218607281857,21.52064011036134
145.25403092191195,123.13381144999124,26.287636538136507,21.540570468854767
144.3321852736663,123.31561276962388,25.470844712755813,21.931888252620332
144.68130178323503,124.98740340207712,24.734263190207564,22.087062681149533
141.66513856501086,125.3319366899219,24.908730491981856,21.792212940958773
142.10928500329737,125.64522836747904,24.439787077202723,21.78753515110633
143.06682986099798,125.67040947851275,24.16303962311585,22.001274702539355
142.44604338974983,125.78452441409442,23.551909113501875,22.214097864251062
140.8873916479551,126.84504304861319,23.408168810088817,22.180389506041163
139.24531888478353,127.30615732540879,23.407225797308392,21.74211979282015
138.60386768599585,128.0241477200741,23.487495886877497,21.339354764674248
137.4624050844891,128.35806886512395,23.294783892396502,21.257920016803197
136.68837869480373,128.99751609143658,23.019816571173646,20.992250165923593
135.53000517956127,129.0919541747467,22.812518134281824,20.546445376580696
135.18252506807204,129.73587207214615,22.622705222075076,20.20390837271347
133.60999709978196,129.9241049342391,22.873041557977743,19.93289871018888
132.42394272284355,130.65894962532093,22.818965657618737,19.84315496382078
131.80401905671806,130.87980961989666,22.746691479364042,20.042576985358103
131.47842307031,130.9250989985582,22.45057544827771,20.31606199761395
130.32928046885377,130.5815908362407,22.4707615911316,20.162862758474848
127.12173035974493,131.03397329665458,22.42904656658193,20.537455509384756
125.72863513049154,130.91884108826773,22.618597153491397,20.63514276019719
125.5705649993784,131.6360471869586,22.365860612796386,21.3299317365978
124.79922811833032,131.4754682700826,22.649475064933135,21.379388174838198
123.31617345808236,132.1459247917735,23.21046735051695,21.12498376316259
123.08566774707599,131.2127587300221,23.013850176700696,21.848344609428448
121.8881443643795,130.9899346578363,23.122748393967438,21.586212094601297
120.61338470360022,130.45890076921336,23.478799383235355,21.514185156728757
118.87319244214586,130.5184854197942,23.828829263276013,21.356264052228592
116.94450643831215,130.5458936598701,24.17760651958541,21.03432899888801
115.84980454155387,130.48003243572902,24.371607142516353,20.943790137546454
114.91844890848836,130.02164753984175,24.384017858186567,21.0311465153195
113.57332867008898,129.0861021419091,24.362215288034015,20.972907915890634
112.45500891895949,128.95158094494525,24.31719971712709,20.961597270315206
112.04213365600091,129.2028922895574,24.072882718134288,21.05409614357183
110.45359188822489,129.09787896661769,24.386283506799117,20.701022928306244
109.95083778859066,129.2967988608341,24.542575781327734,20.77913618238061
109.85877313294264,129.87290430355955,24.786392040237725,20.357211895135237
109.20976258142306,129.84788708394743,24.466113182186792,20.305640561387406
109.30590298844216,130.31613522885448,24.153739983631414,20.250577639302485
109.0303935849201,130.01097798047246,24.055168954078095,20.359105963676523
108.8820053112108,129.6915994556894,23.917633277108564,20.72504790494336
105.82788927329676,130.2010030285122,23.587091244049923,21.015971646710852
103.23260397145083,132.57603812585663,23.159670400293056,21.517979031520262
102.02477035168172,132.06853177126632,23.63328658678411,21.49497792482108
99.09416692717764,131.57977086147758,23.73632235424929,21.478744701845606
98.85819226848103,131.2365709785247,23.6964936746256,21.393579626480896
98.49405428831646,131.23329696945362,23.3482981870101,21.41004093826787
98.56241302686105,131.26049679231093,23.271093965874705,21.237885827343728
97.66180445008892,131.18855077473842,23.12235184131229,21.75160850065899
95.33412759148791,131.18372203341855,23.189964183544824,21.846171264961683
88.66562523685252,130.24810017671493,22.905631955864905,22.294841769560023
87.2721089027325,130.32211273434518,23.31835150803134,22.302989734505474
85.94966164101393,130.3406555798927,23.63811819142638,22.311438579652865
84.82378853406611,129.89120724798934,23.437763651537846,23.086940046366102
82.53262425863008,129.7430606172497,23.744587136491916,23.487452126092712
84.92066750969833,130.1212723730092,24.2466922008227,23.735504208140625
85.30536794601115,132.19766870683367,24.623572212939816,24.074344955713872
