6.5,166.5,42,26
7.904829201879711,165.9204459487108,42.33966219865757,25.9989978822653
9.837316652112769,166.85365375451386,42.6686131557354,26.065173947371242
12.20840375549448,166.39333837441256,43.08073343978619,26.16114321427247
13.759255451292738,166.39788769927293,43.170894538698704,26.314252153105144
14.5320073875139,166.49686548520557,43.35433675600095,26.51339023491872
15.959097872876729,166.6206300803032,43.744541981411764,26.647605250675205
18.128058955715204,167.38375635595804,43.67373731603999,26.717295792665347
19.019873941867097,167.27276506983878,44.0354098778396,26.90652791110395
19.769330619458966,166.7834250365545,44.1115293528942,26.906902697463938
21.574300260531857,167.2692043229786,44.059766111397835,26.86443694907479
21.869973366680302,167.28654393258117,44.215432693118736,27.127734521728318
24.08948083411312,168.4795948652928,44.11720803001213,27.05000920697949
24.511532997531717,167.69067506793377,44.417538155231824,26.93230539330367
26.463674472874416,167.5981911471054,44.6302524465203,27.03157528602773
27.341799655470307,168.2974475992969,44.52888236659158,27.05329801549488
28.63940258165689,168.1994574269299,44.73783925492582,26.99413021765266
30.058476941433987,168.38467317594115,44.76442375451835,27.160186418185184
32.06140188876544,168.6884772181267,45.09042391173533,27.275983873803504
33.02405983555876,168.93363814667907,45.41719871066883,27.431940100023194
34.08603730454465,168.98116948955843,45.61974776477774,27.471947067656345
37.56990401109921,169.99717701245567,45.21669540483023,27.461044463878444
38.335558846966705,169.55442863663865,45.469654708353126,27.466927160355816
39.98732211370633,170.5030508783295,45.51400853833823,27.53578289288596
40.89557480574045,170.0219478231648,45.76183826207332,27.501137856994212
42.820340283037304,170.79053736791292,45.76992897724891,27.41971412047188
43.717326571303175,170.6654453510653,46.017301520193485,27.462418721941912
44.78231910801582,170.7174239793313,46.27892849968568,27.61702259974829
45.155760526696895,170.51895869709938,46.35312986365943,27.659315064541712
46.71845816697927,171.5426264741571,46.29350926227865,27.576280023693826
47.174559005236766,171.53791541365575,46.515318496751505,27.611283891989963
48.15008920882924,170.97498826306528,46.4983509688619,27.580871861498206
48.681962757877365,171.31641453824946,46.62793916548917,27.814908084571208
50.47019632976046,170.621067270658,46.76498205819148,27.941592667208994
50.74797336821997,170.65227751353038,46.89997586478306,28.11098471818066
51.87571141060003,171.08354764205677,46.86506843694431,28.278034352561562
52.71960354996606,171.12987059320423,46.690899170381144,28.332643081189904
53.571366919720916,171.5205268218738,46.529649290154886,28.38503515504356
54.85508672457168,171.21437212847547,46.405002334490824,28.31439660816637
56.27153330740873,171.90223606782345,46.34199733142964,28.287516714738047
57.92866360007906,171.32024259628776,47.04621895434093,28.264596724024962
58.548313531716666,171.4411373083096,47.31242632182439,28.27232542623059
59.76408267022588,170.95206540158887,47.497542440863086,28.202904733141295
60.430875284906,171.1970305333758,47.611093494423685,28.182303290272824
62.13650336073766,171.39162547030492,47.7967459120963,28.165445303898206
63.26324939972889,171.72624104562763,47.8939360927198,28.235406877480678
64.0650602052825,171.5270384545947,47.75949888026369,28.02533267893894
65.7181001748047,170.80595813515004,47.89061448069377,28.04656960795889
66.29429879936201,171.02696782404956,48.20026731187855,28.15516905750279
68.26382525478445,170.6778568196405,48.09259023835972,28.043730214365517
69.36073661724917,171.2540271555657,48.32940201202646,28.01807170479997
70.46891736496212,170.81106737712238,48.38948876641744,28.193635324205665
71.5245544809581,171.2279182217119,48.95950158467269,28.509384175569274
72.05353099209961,170.5653059696962,49.07384699378618,28.523956900425844
73.2802654020665,170.75629933450784,49.440327800774966,28.693568600482422
74.34748913678114,170.66781415355481,49.433582567521256,28.923047301674323
75.27533720221194,170.189368621826,49.596968506056626,29.004896343857407
76.59430281208475,170.42149207649413,49.789938909083226,29.076213380291374
78.75643662955527,170.12861942313356,50.18402883716098,29.32018061727797
79.24709371896935,170.74642314739268,50.19345811660383,29.51433171749628
79.7750287747407,170.06880083954533,50.28677950381755,29.28958988013467
80.82873787141125,171.03376224406827,50.528850522512585,29.653976687177668
80.89952051353701,170.96898155881874,50.80626440619929,29.82504584940451
81.42422434771245,170.4665239456397,50.92454594206443,29.827201857546633
81.24471359371225,170.76837719735886,51.27162776706706,29.946270396165353
81.81107125922253,170.69395883929838,51.23551928667058,29.934976373074257
81.76831863823176,170.7585954490525,51.40796768566935,30.088630070642136
81.75692351146452,170.82602086592274,51.61904311118947,30.065140584040513
81.68016933219577,170.46454150763293,51.5824282991127,29.95085169052802
81.89833848606477,170.47273121618784,51.884142597957364,30.085820715257405
82.02978819543719,170.3859054608614,51.98991763628574,30.0734154629765
82.11722182232549,171.5783065985451,52.32500704039564,30.219821225939224
81.91875828363497,171.52630728432197,52.84899594674757,30.292413649237965
82.40740690764092,170.93390236420984,53.02750166389987,30.242957804380755
82.50865830160572,171.22436493308052,53.14516635786951,30.294025781587646
81.47406081415122,171.7685209934019,53.536723040465915,30.67103818200969
81.94776233486647,171.58275568201591,54.02747195463995,30.77830717162393
82.54495192883667,171.72953892046203,54.429813819823025,31.12108363744636
82.38269676070942,171.66052086908357,54.59688990119281,31.24451652586489
82.12100429157712,171.78922325227217,54.31320833927049,30.97939914616213
82.18142231179475,171.72007062030173,54.19127158486603,30.8183821625978
82.61071798620904,172.54453985924937,54.309811066325395,31.184902030115715
82.8653804500824,172.03779517098644,54.69861107182147,31.129272906885745
82.65666446762317,171.50855612157264,55.25120276765117,31.343304167811255
82.60430448040793,171.668262494804,55.269008120788094,31.63789800027083
82.92004416792562,173.05796264937106,55.40989950142516,32.076185297948186
82.02225047608775,172.82381483293528,55.80430161097677,32.37096936608819
81.42485154866998,173.16112129289402,56.243214222396475,32.63104668321595
81.04136882618312,173.44573753527243,56.611838130848284,32.93443859573697
81.15430470266622,173.46965435225607,56.96405031028183,33.228352007286674
81.63219066319088,172.87367334672714,57.290928383129,33.35252923212015
80.96383866859568,173.2016099435228,57.737404577672166,33.525215556389256
81.3077875331054,173.6705546772814,58.09714395364087,33.89313880535616
81.25570837766674,173.19808122974763,58.32385388452472,34.03173648253198
80.48314764723824,173.30865403439805,58.48064750839137,34.27419618772433
80.04153553766756,173.73403780934154,58.810570214337716,34.430404169415404
80.36437498538226,173.91554822174814,59.08478160344656,34.39893546266518
80.78077654423048,173.0613745284019,59.21831402079957,34.24616012196354
80.8328915341616,173.0173358750905,59.44854143839826,34.313427675719716
80.53169209688592,173.47073913218645,59.58488986691614,34.36993790013335
81.24113039380045,173.03378233331983,59.8116772497564,34.51739241192525
80.62119847945368,172.79211281092205,59.76328347957296,34.51716153665778
81.20223403183454,172.78575321593493,60.14294218266498,34.70187504022971
81.94637797970995,173.41513879837817,60.36374726157693,35.061206306640514
81.38610690477492,173.56137462483883,60.99653330816977,35.43909164262607
81.95174405293687,173.1285179540796,61.56353469715623,35.79816681485592
81.91481906204838,172.6804311921877,61.957553591343945,36.11596517794557
81.77257824127891,172.45596039502828,62.05902151058237,36.486578751393715
82.31032696166449,173.05138002920614,62.4408782577766,36.71444721142396
81.46085658520349,173.4544639217735,63.04017697235325,37.01279772062361
82.49470403665006,172.63211866673473,63.04666291090604,37.073668722148625
82.9637759247295,172.67802575338033,63.67375606082596,37.45579152385969
83.57526565917217,172.53358830829143,64.26553978030275,37.78225591562706
83.94862707314502,171.9008840973642,64.64060318912006,37.879403882349955
84.60609219691413,171.45915027029653,64.90235074080667,37.87868348049316
85.608870034957,171.29796871038053,64.77837601355061,37.872361286861974
85.97189417857481,170.96842167627182,65.34497866434901,38.38089566150447
84.92582883323868,170.48815997590393,65.83988726525382,38.60485335312622
85.69086544316474,170.20219465928926,66.54758698699108,38.69323808696437
85.8696037856342,169.37923722542828,66.97087309368575,39.042191289532816
86.5609003832869,169.91471636049582,67.26837020656974,39.44269991831588
86.45575405937947,170.07618806454764,67.63704027826708,39.90514897341948
86.74535867647703,169.65674031394863,67.91715317475207,40.080492309586056
87.3224097599529,169.65045829297011,68.58329508166811,40.59806087672772
88.23978832107005,169.63464692218741,68.8255721944344,40.93641832922489
89.44649659223184,169.58302450588877,68.8736241102865,41.19595202405057
90.65948810714487,169.4038557826381,69.23404497488488,41.56954618742175
91.90027043706867,169.0833855998271,69.57294444925358,41.96128544899881
92.78159553858484,168.4116009149471,69.95159945442742,42.39228237527354
93.33410340420451,168.31122652029387,70.71845590984884,42.740090053849805
94.15469774494247,168.44872179519683,71.18638378263319,43.19808476214634
95.18056972749147,167.66937617605325,71.56823666697672,43.58354821341567
95.71047776025131,168.3004209399357,72.29574765261975,43.95773445393078
97.0106020286689,167.57974577203277,73.05704348643583,44.11796854255953
97.2896704052553,167.2085036319674,73.50581526922036,44.51009874725844
98.14169103561076,167.85251198229068,74.18782518648796,44.920740274532406
99.24278331667449,167.2448203311646,74.90884099324172,45.24580685200739
99.12951442913747,166.44326802810713,75.2192949257998,45.60466759787754
99.98805489259495,166.7191073180583,76.2979293309161,45.76515914202918
100.75229109904355,166.00425118628945,76.98064261175975,45.953783372844384
102.29682419580615,166.01778249407448,77.76663864548367,46.26977973082509
103.27181863193051,166.09806056439692,78.36325798284494,46.66211591748893
104.56902453886082,166.07455325762268,78.83568848656553,46.85452624210173
105.66184270036864,165.4757598962172,79.4997662043061,47.215176491066224
106.46596798999171,164.6037420043937,80.35830677801405,47.77672597901318
107.10943345589382,164.94306987372596,81.21719956332714,48.216579413741925
108.35858488990604,164.24372459686853,82.31533105008482,48.608448931117934
109.4682989561442,163.91104054258668,82.92689847730088,48.8822147321236
111.13024665874549,164.68039245820688,84.63893179829458,48.67375866070225
112.55638912553295,164.66069373562863,84.79259993822124,49.03807440577211
113.89842937033256,163.4804351406185,85.24488009391622,49.2882729350563
114.69473888281277,163.26952037058922,85.51933794273509,49.49811119479754
116.68457147693549,163.23641958555393,86.62318935223746,50.3252582042068
116.44573651922695,162.57572404954786,87.53976754659664,50.36156288286264
117.07792343058148,162.38732955738521,88.31566691343227,51.055758938778354
116.46706793471067,162.78243141384957,87.49545986585198,51.20949348115971
117.27376641625524,162.42216204054498,86.92089497120614,51.02692607475756
119.25747043341416,161.51906948327232,87.91152431329212,52.36621200293015
123.48276626750621,162.0166209161177,92.01945773055724,52.42114306420317
122.8927560440176,161.85611284416245,93.56754800509106,52.78467026894762
120.33960067056907,161.00851505664082,92.49492989990684,53.374641949871624
125.3164248253133,162.38022346135386,96.746304402308,54.21369293486383
124.5345854789959,161.989471269637,98.93815686346318,54.773889131647316
127.0024319741093,161.22600565620598,101.91967922052639,54.76859737228801
128.92254346520696,158.54917508937518,101.79977240997722,54.73579820168938
123.23759676783956,159.52526398027808,106.03875159343882,55.44777471103653
118.59844559676368,158.5300054601249,108.45310654408055,54.82300635476696
128.96830611551596,160.68938742394545,105.11564914793342,53.40553427435488
129.28389005211645,160.93789278883705,104.43995962257036,53.92229662825849
126.44589015677795,160.2689356001158,107.75444508333709,53.962294235719575
127.31080104700226,158.90581869840952,112.12537565655667,53.55341575351815
128.01794072722103,161.17816181808607,115.13808060626928,54.2369728651477
126.58742556738866,161.99704933414,118.65441905333728,55.39277860353241
128.37296055604827,161.17309313381523,121.20890220712158,56.567882911349365
129.24389018478297,160.20598137746444,122.39565136716317,57.27710258551182
129.32769749925905,159.13841583545604,123.40853688793787,58.31909580923049
126.51769039444937,158.89709547898977,125.65666389052599,59.41686480089534
124.91145887253037,158.31825469663988,129.002331021979,60.532691812670464
123.819835318253,157.75958196623563,132.10731723194365,61.53204758436726
122.66272525701653,157.69129533931138,134.89923806471322,62.25604177861492
122.54553077611651,157.35935813079874,137.09491524024313,62.757814837464934
121.17244508195637,157.4943599525085,139.30632061017275,63.83939050255523
121.45241448681482,157.20802498033652,141.41827372817497,64.48093856112266
119.17434367772175,155.9779705939726,144.32820407984346,65.6548634997746
118.4723549795039,156.12634856664192,147.26925771109666,66.51946531486536
117.72941149050587,155.06544019455941,150.49600753546724,67.72440514691331
120.0385098055238,154.87576923212865,153.7227539520012,69.06894368127196
122.0235048886957,153.84867616576273,157.54373983317328,70.41830417427904
124.77503823289774,152.70853020875182,160.7916163286681,71.06719979466072
127.21714453052215,151.7798920543122,164.83747937886608,71.97885073875953
130.65092583268495,151.1340806281172,168.64692635706,72.92869361406635
131.61232019546756,149.43042827332425,171.785761204798,74.45106842825125
134.29529178888447,148.50401840223603,174.8730708103226,75.16129574031292
138.25648807831618,147.1609348120592,177.71966970179605,76.05619433355419
137.20555784882646,147.53454091697438,179.95177229987655,76.86880623280129
135.94336680731294,145.98156179366134,182.3694480616641,77.31881131055829
135.4884182183247,145.73697474356675,184.94135304832588,78.0268746919012
132.53633444023978,145.18134861525667,188.03350602472278,79.07563869063635
130.3718462183069,143.87592173354437,190.34349195192596,80.06792641783656
127.77735812617931,143.77339302543209,193.72622567020824,80.94334416082815
122.61956228361399,141.75837354663656,197.10764663237745,81.33904640844297
114.6927309782151,140.774476769668,200.78769664857074,81.71469237365025
109.91552902298044,139.05145013575498,204.10575574473953,81.67434384513534
104.58529266970898,136.56052232780178,207.1504948277778,81.07945919614919
92.4911418615823,132.6714719766774,212.72307378778115,80.29278633882761
84.81726886559997,130.52321694058142,217.24420253884006,77.91647584293486
74.73800873063183,131.59669873067122,220.14957949822946,78.21973523181042
70.60742374391302,131.37931316413597,224.2044229869869,77.96379927736416
66.76181560517503,127.47146776213535,228.01828297364563,76.59803446918278
62.938816484525205,126.62640904690628,233.60292776989218,74.84125272399699
63.047843820547186,126.16299712851122,240.07697505326203,73.81121601848974
62.74189308866693,123.14809067783216,243.8906604125151,75.06010698381272
62.4260570307317,123.16649544143834,248.64725194290583,74.73301607141701
69.11543298542384,121.77216459536385,251.62406605830182,73.12434795628452
71.89889544363837,123.76885803123272,257.7178228664211,71.46877446192713
77.45021957790908,123.6588103949156,260.98066455759647,74.51774241522543
82.71241180874986,120.37100103039336,263.7918990686932,76.07235360642814
86.18493709332762,123.41354213319602,266.95146371102453,77.9508033718006
88.16257550497164,123.91675211673562,270.14780298423307,83.49144627856171
87.96728861248346,122.72432948155867,275.7232327071672,86.08537650675368
94.84557339035672,123.60812348867697,278.9679544264451,91.86366404183347
94.86436488287904,122.92144927336986,282.80978623822966,97.23229583769734
102.34214397458001,120.06424558000644,285.60267738038925,99.54247429871921
106.14131681659981,120.55040747818792,289.2972203377071,101.29045975986358
107.09121576069788,116.64633684209527,293.7639051841911,102.67652194574518
109.95430723119011,113.86099892809534,298.7221094502379,104.30893960266349
115.452709615684,113.36652508140698,300.1186896147218,104.39783814605013
116.30703002788053,110.62093855769444,302.45758468663,104.56277589913316
123.83419791456186,110.91176489037792,303.0792638134749,105.23115911576235
121.97121740659753,106.8527630597405,305.23446016856826,106.04653473672349
131.91820064029878,109.23489586745923,305.0043425781189,105.85858929264222
134.14589429571788,107.70469300401547,305.24841386637127,104.74537002715914
138.71441989933754,105.6595270400755,305.30229779401964,103.99209548302369
142.92445038661214,105.11560572685721,303.314493994916,105.12324272790829
146.80651416823164,105.62790465772198,301.90324261804784,105.73514605922531
151.44433349996024,105.18172193594577,302.5681299631966,105.68974179176011
157.97013087168125,102.79294200357506,300.72518104037226,107.24805765320563
159.68977846386372,102.40940106051006,299.32338289961694,107.35361440906374
166.90012353650698,103.43531855009364,299.2617463660858,106.91700021503758
170.9261901242183,102.46625361307488,297.1440404520157,106.92230571582984
178.09377357289338,98.54292081160337,295.98859061856933,107.12729727702484
183.51938105722803,100.04532969287845,294.23521309802015,107.44251306473711
186.41856702388426,101.8212810847298,294.97891822922185,106.853701654478
191.73515202533443,99.0622281930369,295.1533930703767,106.77669272991706
200.75037115973066,100.83106032726872,292.3174109020481,105.7111556606264
209.89487082418708,99.10135346645535,291.0477196633452,106.97451396996064
221.9935398422906,101.42568010657752,289.31495644098095,106.41029615266798
239.1258870947432,100.57759716337853,287.4965128516031,106.65531007201731
256.9131157812353,103.09516990484546,285.0217030005916,106.25469084183001
276.26370088192937,102.92679044246132,280.86615276380303,105.61611667200143
297.35691083755455,100.50980312604474,278.16644626197655,104.2985367203314
321.5764969326532,100.23742104703022,276.3362943049335,103.76597601111192
