298.5,160.5,48,80
296.0335916616852,162.01042532128022,48.26995580626826,78.80608750975279
297.01838339817925,163.12301832846327,48.487001867047894,78.20749496596014
296.8758733928098,167.0779632306484,48.755166526159876,77.94704545013356
298.1018567940708,170.63735961401846,48.7909521612295,78.02335680555532
300.1795814345845,173.64010987396205,48.70921284495415,78.14538638362959
301.77432964473286,176.0300700558974,48.841643495275235,79.47013892854184
303.83071453194395,179.82367293607598,49.46219204971048,79.62805035568466
305.40143204988703,180.51548144172813,49.86302362110888,80.10452288486194
307.62170878286435,181.37127769714957,51.037738385592405,80.52145181643236
307.3819771358873,181.71937965214644,52.0738243635484,80.36865427374057
309.82355404627884,182.84552536936772,53.217252306986516,80.52647164400076
308.89178955913457,181.57040326892042,53.799261510652826,81.47419788243963
307.6798279337181,180.70489773117117,54.46095424600576,82.13442009761707
305.9663973427794,180.46930133597024,54.686845731838325,83.42855770794613
303.67124390546485,180.95625376524777,54.73613936565312,85.01289254780116
301.48062614288864,182.80777828213843,55.17681121206409,86.24189660316162
298.90087615158734,183.72132131665415,55.516897532709905,86.89960872710813
297.17821570754523,182.17177840280206,55.796321051409386,87.49925460005458
295.4848622339561,182.7299767703769,56.073903814932805,87.77570015769057
289.28748289812296,177.7943002474583,55.52273772768799,88.5394005393432
292.28734924115395,180.42896051813398,56.82326034024048,88.60042181394032
288.54892703412145,179.10642541321005,57.37227119717663,89.06069116052221
284.34389632065484,178.3006921417273,57.99529715886937,89.31740778550369
279.3795219915088,178.41794677731434,59.31013037374106,88.45206745153587
277.64515298787364,182.34461482964414,59.345605317580535,89.27255851820195
280.1910057728288,183.07815815738678,61.14776342564872,88.7127431883049
284.54563424536,186.67832766372572,60.922996875178555,88.76665517889242
285.1913644641965,188.35453279586886,60.36796136044872,88.98035266454511
296.19165065120933,198.56480570299598,60.15152861960182,89.37049105439242
305.1047415330617,203.06031781909888,59.99407663800155,89.72620945219148
324.1606398766091,202.58265414703703,60.57227476291845,88.86388874314594
324.6861266836104,203.94426624197297,58.5565083012825,91.04688832723036
334.1283264406973,210.93993972615132,56.60739626269458,91.96288236229162
335.4131808808154,219.1588788236839,55.11350007986898,92.28172184911126
335.8612953371768,224.54448376105987,53.562917429315064,91.79180679705217
332.86819001312784,227.1983500277396,52.5092621068014,90.29536214363654
310.4716792740001,235.71985237264198,52.6002419590803,91.68471333456907
302.7679755074423,230.99578561893804,52.682713579109986,91.73816109673768
291.13629639128993,223.70889146981654,55.719513126112034,87.01731552962427
274.86677502325807,220.9524506659696,57.8779043881767,85.2604842123609
266.0746445219845,220.9809036100575,58.711913620704294,85.56906306849541
254.74204803075204,217.5104509291205,58.479321416401675,86.18679013904867
245.4859052017173,211.91874862828604,58.69147241565772,86.34260685009261
239.59053287428262,204.3243085999632,57.493765112824406,86.66279736968995
233.8123782290128,197.68812329996337,57.07165509946996,87.08884495638392
231.70673738430378,187.40455652921315,56.80133459696302,87.8763077825523
238.5121570100527,179.93668681954472,56.52535233246468,88.02823563267532
247.15759292219587,174.8354216919766,55.897036202758414,89.56030709417146
256.9410367262499,170.8924719384881,56.14161481169139,90.99748519230445
272.32637812649085,169.8097193894034,57.55507507761567,90.0173742359389
285.5387432885538,169.18760539976165,58.205547695384325,90.48889677946951
296.6235826264934,171.3286181251048,59.057677643772784,90.39757948918361
308.7305936516869,171.41702110384793,59.54463482617379,90.72186173369704
320.91652092540136,171.0636468464492,60.17486691814922,92.04482893459834
328.7767125138718,168.37176642195888,60.338430159970486,93.37012191858872
340.03515560221,166.27083454200687,60.27300768263485,94.68502874833221
352.55392652091416,164.63483064310026,60.61174758350789,95.39445333806131
365.31251785505714,166.58924352562462,60.56021928839081,96.69242946433948
379.59107913815075,168.69993174802394,60.943730496007305,98.14448298551376
393.1547166948244,171.02453642275373,60.93969680722056,100.52781538791578
407.5637900458443,177.5970050700748,60.97357036885266,102.48034360841037
418.0847822719782,184.805099755804,60.83480895430459,104.35133609119995
423.20285501567145,189.21078723983499,60.597645896422435,104.51182868447836
419.02278041186855,191.08872528817417,60.85192008876944,107.30650734014984
407.0538929249081,196.32896559871403,60.97704247479971,108.87884120271272
394.81271548013615,202.47803151452644,60.731034327234305,108.30242243718897
381.1466983456086,204.05466675418867,61.4671041645266,105.95005712592098
364.51737024194784,204.06166506970044,62.18605700270756,104.19459266137846
349.36430778066193,204.10134533211948,62.677517084581126,102.8716004159975
337.45948258401245,201.84614680672496,61.89978039291913,102.18749177525822
325.37865520576855,199.06454186198494,61.362517760491,101.16620135193305
318.17469036652034,205.8301417687532,60.46575040224425,99.71563184082572
304.43739202880425,201.3779308369388,59.97392785770572,100.40936988182276
296.8584580402292,195.46809127893005,58.8436488621995,100.07938030429774
290.89514716243406,190.58170401234983,59.19255092937426,98.05803690990687
283.6947588425532,187.50828315639814,59.19369702256615,94.97626190733273
279.2484634369756,187.4671890365627,58.1585935130427,92.73277775892683
275.74082051064386,186.44540053661703,56.51025174119442,91.22584530599833
271.44318670948155,184.83718144163043,56.14802365412693,89.87309013278185
268.73379435026834,183.04348108047702,56.05866733175134,89.23214927565142
266.4953909033954,181.51052886095925,55.5952586378813,88.94764921372563
263.56879968066806,181.3470785539423,55.272229726219265,88.13831971663737
260.5371369249488,180.72838623338365,54.78714768303132,87.90572054160788
258.955902856684,182.2250005133929,55.29003678094094,86.57627350529393
255.90727745360942,182.88387131459987,55.71175524608667,85.71102160677363
254.69548703073278,182.76445790126104,55.62524884017675,85.94788323897639
253.06034782497562,180.11039569730053,55.62339437815593,86.51613805232343
253.8220578934523,180.63002944517532,55.52751990789723,85.53512773777123
252.88205677087655,179.5919497961894,54.161033105044545,86.99198613385332
251.81448628009454,179.39454221392276,53.80392841247527,87.59447840941618
246.01671602386057,176.79217312527362,53.615234878007215,87.39928992426937
247.23251653837542,176.60271186065978,53.49047283823529,87.5883424536115
242.74228238772483,174.54774436057335,53.02975518830356,87.2741784852785
244.10651242993043,172.62340560427748,53.60043269620803,86.47752127725866
244.2759287190973,174.93556151900216,55.79101095695512,83.92150278086291
244.07861338478386,175.08121631822823,55.398736754118175,84.05596394199328
243.7244177751664,176.01458450536418,56.830144414221564,82.26541621397831
243.71531534284145,176.553884336063,57.69860923856915,81.08410548597702
243.41560518125897,176.04685637930214,58.49928135166155,81.20772075666504
243.9411983689064,179.15210310293799,59.63639963907117,79.6468597633118
243.08237130480603,179.50668378379777,59.63889077479453,79.25631181158829
243.04959637503336,179.3684531205731,59.77368785032611,78.90793079232304
242.58961184905107,180.0013657847701,59.95921168801913,78.49729031700596
242.81328676694818,181.41392552291921,60.16113924127443,77.97785421511261
243.5087293883107,181.73393523861708,60.42150066545764,77.72383255593373
237.99488284904444,178.49224936571954,60.39926793985198,79.00958057202294
240.52388404736908,178.5997022966211,59.8966482717794,79.59741522449829
241.9042713951824,178.98915003384138,59.034707804668344,80.95976296943334
242.8318093925821,176.23713464304575,58.21892676798357,82.61393618228371
246.1980228418766,174.50335133462855,57.86892565445933,84.35055780800637
249.42133345795907,172.50947855169863,57.78880909148382,86.03487472396384
252.8635489914438,170.59604614116267,57.46023377555194,88.7262375642542
256.66132094270324,168.39815382474956,55.87756399946739,92.88741949243627
257.86841589318266,167.11514893987388,56.48016591903465,94.03475419714704
258.98664015400016,162.87017114022632,57.1229381215055,95.8527022357122
260.3916818421822,159.12848716701546,56.72401449894082,98.95980227213022
265.61383822759916,157.64838108864805,56.316825408221646,100.41864066101226
265.7269506358783,155.46882020044404,56.19909202731034,102.0308881049923
270.1893878376279,154.10704815868604,56.53342916403341,102.34178923272825
270.29606494025114,156.52060667467447,57.03904001234527,102.12239972836986
269.8768522639378,152.94857027568895,57.45828401807862,103.32704610422175
274.0196225272716,155.39406263028826,57.62559001851058,102.44505263647818
272.14343823743303,150.29543084112942,57.835407080701245,102.20589958881932
271.41137409988744,147.68406366015,57.90760537169973,102.22986152035818
275.579498449983,152.16613768863232,58.009548085387934,100.59483743724
273.29627903883056,147.9422160728276,58.14372305652704,100.88664429189632
272.5385884245062,144.57394210099574,57.98436695092435,101.8062404838511
272.5468228058319,141.11032715497532,57.80216945532942,102.21433156287311
271.6679752529704,137.34856583555512,57.59607092568409,102.00980444661708
270.5105393465516,133.9635724502008,57.66563362406551,101.86205516385891
269.7930499054841,131.8951780389053,57.896452650357915,100.3817194289548
269.2642839677257,129.6336811888068,57.71528914280279,99.7704443684706
270.7449679277214,125.60854052586382,57.03345294011177,99.94849707192009
270.89308305184915,125.44252266224379,56.666412493072464,99.84295331636633
272.3823113523868,125.58479430368526,56.235865151793284,99.1214936225604
273.3320112152627,125.40627409726883,55.983540840699156,98.343108348557
275.11161154253585,125.4228099158128,55.50166958335434,97.6016405151037
276.99593811632036,125.12776284280554,55.21984643189428,97.32116638566657
278.57874004219354,127.55766030289736,54.885064332696174,96.1086445291426
280.43973773203567,126.98366612680987,54.58048910186142,95.24939187065169
281.88802949213726,129.04380995999512,54.205885152047045,93.77111894617877
282.0056965956777,129.3535022612992,54.0169367100418,92.854155710739
281.39849653707796,129.98231335945223,53.79261528965128,92.14382389920242
279.9285381770012,130.7520147532486,53.91902874442394,91.07425922420236
278.12174667484726,131.5904869555817,54.36447086051774,90.78075972481724
272.2050592313145,132.2357118502276,54.68450670491967,90.9300348577056
270.227552071668,132.4122586808478,55.137228152737435,91.8436036749122
268.1157080838627,131.5992552841842,55.36174940128191,92.51928789982279
266.0708084774378,130.76470552059584,55.56948904000454,93.37686792340604
264.9810967471352,132.91639828941462,55.364075350036096,94.4841850911518
264.35653980798617,134.09913398864867,54.80768121079412,95.35952694799373
262.2816987938439,137.142230696766,54.50721513345739,95.72880123271732
260.13518663179786,141.0647977363235,54.412197007598216,95.88555828977175
260.12585607676345,143.86618320066862,53.957520437565705,95.7171211623511
259.57698715984543,145.847980454886,53.75928139418919,96.17295643296907
261.7241289408854,149.66898468635597,53.29032999687369,97.0861351953709
265.0979609186404,150.405026069894,54.080967509259196,98.82972659020581
269.37630385344534,153.98600312170677,55.05100454766932,99.68321056641429
273.86574251256013,157.8637434642064,55.817747003304504,100.46696404279196
280.08916801796727,165.369228714387,57.09210075018063,100.13540829157631
286.9929424256635,172.57979507029984,58.01211960751763,99.38897631675013
297.1747595858146,177.54130556208466,58.17145930149765,99.5135236544085
304.82089630242916,189.4955486401445,57.520906640058136,100.33799343090601
319.1695255828551,192.46550375181928,57.10890541868378,98.86079358811065
333.19402178112307,196.3405581636513,56.52835975371518,97.22580755955157
339.3857408464962,196.7732269156403,56.65254148075705,95.35872530841178
347.18915752584405,194.94623541849603,56.57656330089429,93.61731350060674
351.06569881221617,186.57058413778816,56.35653269577094,92.52116771302352
354.25064604678295,177.4556087463713,56.099805989393786,91.49826128760526
354.93068389205615,167.78111885804853,55.999897778362396,90.58461441630159
352.550281998972,156.33486875356667,55.989911464433064,90.24469084291667
342.2639258191038,146.36559827664,56.12537368684037,90.44750067189209
329.0129906926344,138.78149553344696,57.2699040807704,90.62061090528745
311.184132113838,131.7022780738675,57.54746376766002,91.51438403550597
295.20703441035914,132.42779698148118,58.00335480755237,92.00617416026573
281.2209748285844,139.28805590368376,58.937973589632094,91.68857036310182
268.20645147806016,146.8335795998692,59.40819384414735,91.76578545242033
257.5419303053267,156.16053683083646,59.894418883095746,93.07178233692137
252.3713870757054,168.84022778624995,60.48195767388132,95.50995825690495
247.02383374161758,178.6891687604451,60.894612712418265,98.22131512382222
249.24491458161788,189.3530341325025,61.5982907235798,101.34117234662644
249.42467942584767,193.5068609717668,61.01857228330343,102.69404303638399
257.3100518109729,196.7918826141808,60.528671247794236,102.69137064312702
264.0665574902941,201.4837620240935,60.095610221793486,103.29218518755943
270.5601993734067,204.49000872789142,59.90691997668634,102.53494223391256
269.9622937336884,206.1091981989494,59.89916446649589,102.51468219781769
282.83641019884953,203.84185742292317,59.99197310111501,102.26088585222614
303.5480644491981,222.6856245830774,59.48751454548635,102.90218225091178
321.54803391062427,241.4278587434114,58.59932717903038,103.6743248006051
338.8336169942445,230.4221617879075,57.26994415387986,100.76798075079748
347.63750996754806,220.76093611166155,56.41260071215551,99.83913892091637
356.6046723599091,217.54122025613609,56.159514101871906,98.38709066294263
357.75356412505613,206.91724496379763,55.588972326109655,98.4110860932006
356.73854659379697,198.9320706466801,55.09543637422374,97.91138963771397
350.6011848561197,191.4230039688099,55.225049719268256,98.9040246032566
339.45663064221253,183.4870871785095,54.61712064097905,100.37705924129145
326.3987445697684,177.05626003661985,54.86380365928041,101.17833354307615
312.5531384403179,169.949092395011,55.17839467184339,101.03771029205313
299.61247036735347,167.38194344005007,55.15575628469123,100.6296545719091
288.21963219550264,162.88832877660707,54.46468511557552,102.64339270693105
274.90232231281055,160.02127123467108,54.06026145444608,103.77833090710554
262.4233738365971,157.79955751239322,54.19619605030559,104.01668642554432
249.78968382991712,159.77306644761242,54.02812837079442,103.4149568317783
242.71551042606131,161.57461150487464,55.46649707486836,102.1045896576988
232.6003052234887,163.19325625214924,55.01275869156141,100.62300766551468
224.40234350805514,165.49701158395504,54.0202734615399,98.69170382906678
219.56640628549036,167.31928563876602,54.32362526262649,97.15952930991422
214.81174438386023,169.35399803981107,54.11030139895561,96.52022283019656
209.9774583973707,170.12677289734353,54.21668999180771,95.64319809567664
206.6705242470102,173.27923544013464,53.5725936814752,94.13209005339887
206.8114942817753,176.3195395623116,52.609034921454295,92.78264054241285
210.70418078763734,180.39646421302393,51.99973069253663,91.87617912703556
216.7313573672065,184.18296918858155,51.68105715986313,91.51440660649286
226.56128409864743,187.94629046754045,51.773906409993955,92.3466574430453
240.5044480404003,190.42890613145312,51.977014103880805,93.89356877345355
254.90824413802304,194.2153125719817,52.10463118292733,94.93520253241101
267.7302129982591,196.82399963841664,52.649252040946386,96.25500453174334
282.84209049430535,201.2669304657929,53.426057809351974,95.8686488736949
297.70361100834486,198.03239910735437,53.454031490745585,95.7624099433857
305.31551456696525,203.28819314231694,53.490408661529685,95.84730319670275
311.47602905752854,196.55919374044853,53.23343130851589,96.26380381623544
313.49539308325956,183.1310498509869,53.64321342703683,95.57134739349857
316.025908605524,178.69945783566334,53.532364820404624,95.6882936693239
307.98359949185533,172.8962182088942,53.5930515444461,95.61558514820396
295.2804824984985,167.6551741389545,53.83688814651623,95.65126406261953
287.27893023163176,165.89584931301857,54.35567585438302,96.06825322445533
290.02201741267015,168.40913718109286,55.018216034695165,95.52818108938101
282.7338686584612,170.65535423213078,56.30982173250514,94.6235505895238
274.8590060610287,168.7745745029644,58.2493452824726,93.68955436090586
277.8358358941205,170.93918642533941,58.47185882643305,93.81233733301985
275.3757818037222,168.706663937658,58.470458218167174,94.60517399920909
280.4351829225604,169.701575206583,58.78720953121105,94.17866828341114
284.8532746083421,170.7065937894173,59.41418476713057,93.93088452140616
290.19225524759366,173.6478686589136,59.50527885514351,93.25705546646502
296.61237705253166,170.27293039547766,59.4233789418618,93.84144184288527
301.23946546427766,168.14768257843394,59.710061340781834,94.17298167405524
305.6532166748542,165.42728003637708,59.809637166699055,94.53610426305174
309.5249327822593,160.73978339618418,59.88428537715126,94.82761194010502
312.5241464101093,154.72208640751245,59.9912644057836,95.65148953713843
314.8869699865254,148.73748446955926,60.09259784377177,96.08144971492473
307.8086652889151,137.11102270966154,60.19508145316469,97.15105605027188
308.66045890005114,131.9968822228038,60.49064987149467,97.92559499670466
313.1354931706616,134.62407342234422,60.83307133576696,97.48557846142388
313.22474927592145,134.45195021821675,62.45528625422982,96.21201020960649
311.9889524550284,132.84215378103,61.98429800400228,97.49606061972374
315.404109206546,140.7603827774002,62.37260766228303,97.31942413729823
313.5625281009372,147.77147831586885,61.35446114623629,99.03766103124717
311.2152012061688,157.31612404760347,60.63204168595615,99.66162068166958
308.8046050037936,168.46640300542504,59.761234178444624,99.23859191031352
305.2691745718368,180.6172842054664,58.98339308847032,97.92707151462531
303.4910342616939,196.13383075049654,58.14198531993152,97.86876136829065
302.62532668034396,219.875394961957,57.38520649383139,98.9273123276939
303.08619448163205,230.66206736974456,56.99202568842778,99.65319045828579
304.2199457256576,242.52726294356586,56.78428496299566,99.94752617831898
304.48002980711476,251.58371983655306,56.69072756792272,100.30756428138267
304.38763228691613,249.6116227929901,56.58431192712003,100.61937049199801
303.8809021611857,250.4136852143656,56.53732758515125,100.77593872251968
304.82044366735624,249.69913958267188,56.50213571660897,100.96737267732865
304.87815470208557,251.15770070438276,56.49315212746792,101.26250352762636
304.76810651288355,251.9999774341347,56.46416763929671,101.59003812850149
303.50976769172166,252.20800578873752,56.48253328516062,102.1360143334575
302.27007071038554,253.38301007299717,56.49794466574048,102.67803505036913
302.4295659542242,252.76799845117174,56.4893537103813,102.87007690306696
302.94992453344923,251.97809868344598,56.477646132543384,102.9305547584495
303.21294613155595,257.8314731822458,56.47052860313912,103.01145014714135
277.19724673079594,233.64331940729525,60.71516135241299,97.15454999440571
271.45028611512186,226.4968800702125,60.068442324972125,93.76547333104676
272.56644245294336,221.04947598300618,58.872158749747236,91.58608468996874
277.5318633269373,219.81999442618496,60.87588254588773,88.51305584499298
283.6800723621082,208.56560974064536,60.28986219588289,89.36823787476361
293.7881139918227,203.83531206725934,59.91354448515989,89.37832415018555
307.921867604124,197.71515648985954,59.67429272320388,89.19833482128156
324.8056246573186,197.56978052819434,57.84693936815732,89.68819287163565
337.94408245835336,193.81481457274896,57.48436855368546,93.21385039516682
354.20130958957975,192.28943514691542,57.07044300827376,94.52181819020089
370.15025100971195,191.58739309087844,57.374029589396116,95.73497707665933
380.4233978002676,190.42654610715203,57.67299090635602,96.48043241191002
388.61282458008395,184.55322282380854,57.901534426191134,97.18303829866534
386.6322804529067,177.83785619555061,58.50271076190547,98.1963835928399
377.77023377319233,167.3468504463264,58.81202445824832,99.67841225742596
367.00014063159915,157.4831091566605,59.06324551621491,99.7287364810449
355.48359410310786,146.72635453071692,59.55071097920339,99.82949167409419
342.6080046020139,136.2783534956422,59.9674592868112,100.2167428287163
329.08815713818524,130.02300746091663,60.55386327513749,99.84536912515716
310.43939987126885,119.42188888223743,60.831972443979986,100.6751945546103
298.0069337677892,116.00727593279792,61.40337323309271,100.81058185714531
283.0386965081058,115.14671165357174,61.86703891456881,100.83828213762831
269.3128785432366,119.61977229933257,62.49612120966367,98.87916512619701
255.1887023732493,119.19166580661471,62.823218437943936,98.19489416006411
241.70448464361402,121.93699181236991,62.58612945263437,98.3205603744143
