144.5,63.5,57,89
143.37275035013033,64.86745622450198,57.38828800461148,90.7693032683117
143.39273271748306,64.24522709270897,57.6485913537168,91.44641531664963
144.04464024652393,64.2328889182944,58.065134071323236,91.72963524624925
143.49225086802335,64.6776717850467,58.435074938653074,92.20696137370658
143.0461798045591,63.927716101065194,58.57320698429037,92.35162524411099
143.6244392498094,64.06627261624034,58.744542607911775,92.09642058081337
143.27463213067892,64.47542593523369,58.92763259089703,92.3957644517073
143.50975910116202,63.957204007239696,58.90268775246608,92.61335546584118
143.67641590058636,63.41874708353344,58.9305691516433,92.78518470326834
143.46690413726031,64.10240562416428,59.163220666395425,92.61020608865095
143.30126806537527,64.66600842799805,59.277990754639745,92.64252670988813
143.03559120050457,64.15506133594809,59.25856782393881,92.61860316117708
142.89250255570698,64.57588093054542,59.36382357386969,92.66768410099549
142.65763312020823,63.99488030622394,59.31467695158871,92.61502816217659
144.28665639533395,63.947707036619484,59.32895305606138,92.70268208232254
143.10563248668817,64.84230708082723,59.45081728151029,92.53350011848744
142.90578913749985,64.26668224360938,59.36983489867582,92.52738172899643
142.72980556016384,63.59687991309386,59.32542344679,92.54449879733033
144.39008302841665,63.530019615527564,59.35356784156797,92.45925331072445
143.20620388033953,64.40634053363436,59.47837689036197,92.42911942815466
143.04997038895948,63.722086017155874,59.38465851435935,92.52160650371417
142.8748248260545,64.19521173806359,59.47657447232264,92.59515191019584
143.89539320602242,63.458011848328425,59.4998414847409,92.90929911856023
143.17106672423054,64.27513177425661,59.69430710281988,93.23296575130774
143.00743672764386,63.611043066358086,59.64784627127479,93.21160960921294
143.04566865740495,63.833810036073885,59.73094650450794,93.03476267959275
143.1091485983905,64.01598880191106,59.758544521177456,92.95315623129241
143.1642387878809,64.41816991306867,59.821640432494156,92.84475083518723
143.08410254980447,63.714240573205785,59.67359930047745,92.8409106967062
144.08803184010208,62.87172459122666,59.775245181170696,93.19534561762704
142.91461048081152,64.43120819506649,60.115226213045304,93.53742701300524
142.632121739348,63.51964423067351,60.12577172108446,93.55998850693098
142.43491735881796,63.395367192392314,60.247325140710096,93.48348647764124
141.9982013859476,63.26333558865524,60.49488912361356,93.18255874740558
142.9543278042854,62.9692983386162,60.73788492890574,93.17496481238692
143.67044251679397,61.77467179727022,61.276065493245625,93.63170585017225
141.48405189190038,62.74558900802303,61.49945652239068,93.2379858476501
141.45720952514262,61.69297446459056,61.78776634209451,93.24060339276699
140.6266054469483,62.157607223124344,61.99873507854602,93.3121972554678
141.64720330509948,62.564344972536254,62.51926259451298,93.26224307031127
141.11392799925716,61.29366190600391,62.833874207498404,91.86098391918101
140.70461949303035,62.03451581984102,63.06531704278221,90.80438717668326
140.74286414564884,60.74881966857828,62.88756262001918,88.32334265059546
140.4852014364525,61.012827755082526,62.306156733289484,85.87867975860809
140.60598647173495,61.055299525426356,61.6693924898654,83.69082474559987
141.5106371631846,61.71631700670637,61.157588737085405,82.03102259925917
141.6326737531808,63.125196659390205,60.70863776330414,81.96879841962392
141.71204805000502,63.736461736744175,59.52578433605275,82.18428336825613
141.1641786358579,64.3416772229977,58.39379765851818,82.39591586563584
142.14898485007487,59.42723636221353,58.02864725763398,80.41314063529991
142.637549788474,63.02804380421615,57.402437640788264,81.42549212092356
142.58917398669385,65.29450960026855,57.73033671243858,83.4754105082194
142.53951438692167,64.96475111153586,58.04790104574053,85.77890798876706
141.43313033561276,64.56903976982342,58.27766398230463,86.87916772835192
142.16638382321594,64.24481591267379,58.690607209086444,88.08390714206067
141.1789769538982,63.91999908178103,59.028284607580645,88.69219420170432
141.80955330623974,63.57710282978954,59.31204352589869,89.79272151627805
141.47021855859106,63.85081113810061,59.5056470543515,91.56593211218032
140.79542999324306,63.6686869031113,59.94407074934037,92.36562821542539
141.97223360013413,63.47211315413215,60.258282558690546,92.88683578604413
140.66364384172113,63.03892706186649,60.616390963837475,93.41413851471341
142.2359224261878,62.57608853363084,60.44981631596126,93.66711319911059
141.38195673695867,62.09496581506767,60.656648227142014,93.79017208705022
141.6726006940296,62.58467535969169,60.6174336820263,93.98786140482275
142.22524530666425,61.6276247629054,60.74668456162307,93.81569298131464
142.82490935940842,60.96628957288449,60.96132597288883,93.76510453223963
143.18645897213565,61.73431149993846,61.16510436527042,93.9988417908026
142.50362209470046,62.50405450910184,61.15310556707837,94.69090336654627
142.15678308803717,62.38992200634836,61.22480952940622,95.13819288124475
142.2400900376951,62.50444922568321,61.39048073627246,95.72724849134595
142.46315333573935,62.303057626938234,61.48398717584378,96.05087954434423
141.4091618594581,62.250984821548215,61.46943871437427,96.39281818347891
141.43279433187072,62.79098067571296,61.76058519013276,96.73182376289967
141.29310426286028,62.280339679343214,62.047730376337164,96.6625770290614
141.47568051340826,61.74363212165827,62.2984242111291,96.71078653224866
140.6298979214119,62.04999613672628,62.52229415891574,96.68280921403053
141.1506585868369,62.02336196978531,62.493290518724315,96.70853076027797
141.21222485299663,61.49510018688909,62.34802470867571,96.73117731095658
141.3175119220351,61.96193326884672,62.317317614690026,96.5907607541275
141.77618987950515,61.849896520761085,62.33254753520676,96.64605006405476
141.5005402086441,61.85646666220654,62.266207275698186,96.68398105991474
141.16732210829488,61.88651473287454,62.158174458414166,96.75109577406276
141.5842415391578,61.66408986046709,62.19857641232785,96.80409164991633
141.43010396411466,61.91468020117657,62.062618711147266,96.73049877567585
141.8871452223681,61.91648137028913,62.128385533171866,96.64392736796985
140.75489726139466,62.95187719351847,62.477957429583185,96.30581628066949
139.5783130439562,62.955275596824826,63.46470452256405,96.66293658640724
139.23735537023708,62.13957310599775,63.862339540059565,97.08996141345172
139.54168309233063,61.82281512185318,64.67152088118891,97.5708066853631
139.0650209216976,61.61653196890239,65.43126472912407,97.88881782192072
138.2852030773568,61.389121968139136,66.16720320844739,97.94815868078138
138.01689633369253,61.02623627764879,67.00838549312591,97.79596532673094
137.56677381067232,61.299414978265986,67.69507460712133,98.06098336466357
137.880719607891,61.78498108419137,68.45850538702784,97.75655026427444
137.74346733602144,61.69689800189021,69.43286728493109,97.48446309530819
137.7378338777297,62.14267661240839,70.00435033034067,96.7542227459149
137.84679245970995,62.59163902106003,70.45399517428427,96.38650687388596
137.32284797488438,62.338694703130834,70.70468757687681,96.44715128686495
137.40222963719972,61.785754858378596,70.56016603519454,96.1234327641273
138.1729115708971,63.060885806432026,70.85415625753672,95.51731917009869
138.3102154737659,61.47637725268132,70.70441104074114,95.28477215635377
138.58413526578792,62.303244793919006,70.63699469855085,95.43421300008688
138.8685326720967,62.924272346863376,70.81014694079624,94.77705410105392
138.42891897321516,61.84727253032317,70.94848914044306,94.92168531448712
138.5514714615397,61.99707601359121,70.71658004727664,94.92831565812216
138.41222164756766,61.86216204871084,70.41014389088083,95.0484499050931
138.18992036117712,63.150517222508796,70.63488027728152,94.8175726206228
136.91215152730732,61.022218091184456,71.31168824397895,95.19098072824218
136.7770957107941,61.49941318208742,71.47647700937348,95.81594912416452
136.2612683378024,61.166124749712296,72.15502215719708,96.31050413797121
137.22885858403353,61.67387955226106,72.99788159698579,96.36174982767348
138.22294870978354,60.242006869628966,72.96511027626427,95.38594755881292
139.3680131204491,61.400127048950324,72.4649814167862,95.10723499977652
140.1942764371766,61.29849838172407,71.63819982946994,94.69268160806325
141.1940344102685,60.44677906594676,71.56929382476868,94.75615124833828
142.15813852529675,60.468754925678596,71.57661780696961,95.13074167555735
142.51816639180788,61.06484326829816,71.46405273270739,95.84555170372764
141.920899548026,61.81095092982855,71.33665887281632,96.48406844014562
142.2418281157175,59.57039812547737,71.23656283772549,96.47073492378695
142.6095848681395,60.826459067630694,71.03722285535387,96.8539222493039
141.57805159079152,60.48867658883932,70.99741393893474,97.0257162594303
140.3882007593649,60.0658402822843,71.00279175687834,97.452235718644
139.74040189572852,59.882553930221746,72.10263182686158,97.37947072216372
137.81029189385882,61.00400396357927,73.08790595161844,97.74720665131353
135.99236453444604,62.62145799713742,74.2286186874118,98.00607776663132
133.45278152000375,62.28291679016364,75.55895702044978,98.0666398949725
132.13040346201245,62.091878279949114,77.52688755345125,98.52202124074373
131.00220365920427,62.33685394018046,78.82725905523924,99.63180208084927
132.02617069596872,62.24036202311318,81.06693741991222,100.37267258461961
128.56538602533126,64.84980286423152,91.96227642595154,97.44165534902294
124.21554356654073,66.47644752327405,100.37950208449939,95.83008096147225
118.09184988001152,68.08043546003113,108.11336206421676,94.57678219290804
129.60772088150514,69.73527975902412,109.39871295673731,94.06785887087725
131.4954400608326,69.74703316431922,108.24387982841378,93.46556127640493
134.1900607262676,70.35645301282092,106.43992153854417,92.90104235586406
139.7316917507343,70.83936688539976,103.27601869676408,92.4372967201577
146.63749528267277,70.34669737897481,99.2997645305312,92.06253796708504
138.5468842483518,70.46503088941847,97.4900808374544,91.5148726554205
145.98643483124684,71.31156289113247,94.30786478061209,90.90683980376407
152.515580567923,71.5944154769972,90.61599882148096,90.2778216544822
156.5793668219236,71.78803223988803,85.97316871651016,90.01477372063664
158.7918715159803,71.5136290465609,80.74486949771209,89.89208937843577
160.44443671612433,71.21520884504898,74.80771600133943,91.27080229236965
161.92703924435637,72.01088340225746,70.59062505391466,91.85194353630533
164.3114757323905,72.22018630378768,67.45705831697448,91.52658867845534
164.378907491081,72.834918793134,65.3699923602853,91.29465326605073
165.99638454294103,72.1248870261409,63.66229903689975,91.24036122161436
166.7014531303838,71.71688559561169,62.36994473045914,91.6652614706542
167.73583327878737,72.48816917020781,61.5642371356021,91.49664623338822
167.9667849624479,72.5523693409854,60.950117974552185,90.98563384225343
167.84959358102293,72.655496225746,60.584003908846064,90.67744215287709
166.70057386077022,74.07371520950703,60.55472134312587,90.82032971826825
168.49011794764812,72.84521051122637,60.35095145817319,90.26109565703538
167.3756769903286,73.99514516676379,60.07002602456086,90.4337986726207
168.44730115313868,73.57429024823408,60.06965265507169,90.35323296646723
167.7142600250491,73.97245937829827,59.81398560552579,90.27071766719243
168.21778192791504,73.49032803398163,59.91904180494371,89.75514901789694
168.18444783994784,74.1511479106832,59.69124056473665,89.89869311859687
168.25416314612872,73.92857250534718,59.698283732649266,89.69319426248273
167.17384951449364,74.23744555592732,59.66024871488303,89.85901916619
168.1039766354411,73.92406673333058,59.78408599329757,89.8822079594357
168.1804060943988,73.71827518389858,59.77349018983455,89.58786410355343
167.0923510895054,74.05831484624693,59.70687005893528,89.83201469876717
168.07974406480236,73.7481657691828,59.84022338484587,89.93246391013878
168.1153631001699,73.65172180974359,59.838318919579095,89.69046179720263
167.94038500273714,74.51607579136595,59.65760268345248,89.731407392689
168.1747900654716,73.6463463717758,60.003045530586405,89.6626771974073
167.89305892391906,74.49096538961822,59.86106061673103,89.95702165836552
167.62994795067655,74.38456863163083,60.00780306554491,90.00102328419598
167.89040058468532,73.82774691551242,60.20040509218224,89.811685816622
167.6486351595348,74.49870342422912,60.35826215369737,90.12583981292913
167.73616673716768,73.44126502996033,60.177774780644924,90.03243436918216
167.46055896628422,73.91321888960744,60.316560870469424,90.39653734725279
167.217842324801,73.52858526598678,60.3852655078727,90.384888857342
168.17799539534448,73.07555202162179,60.365605338083995,90.59233031793858
167.21034366687476,73.57803959096573,60.27839373650594,90.63388494914815
168.15616705685704,73.0981046936648,60.351391030981404,90.59883556287996
167.22117146643302,73.59557151894052,60.20613725104456,90.31893967544727
168.13813584452575,73.07952303928712,60.192080397324915,90.35641428501499
167.8426628017047,73.68560071358795,59.949522819427095,90.05642326689582
167.74216018283664,74.09812687830899,60.065400614088055,89.94276703559063
168.28643992992735,73.41694005949694,59.96204688944548,89.56900340228731
168.08188419789101,74.08734385384808,59.80783163709515,89.62966373293469
168.06304262555932,73.83063962903482,59.780721865579835,89.3029090708745
167.8807085627492,74.19544665726622,59.88985716024652,89.45475615790536
167.83177829507554,74.27841903220069,59.97962743422384,89.48927237843819
168.22837486771175,73.71128397728346,59.984693308803124,89.8292497999029
169.94359649047445,73.4136956035742,59.7965622561946,90.68051689031992
170.62093391823362,73.56442690558285,59.5655510645404,91.34443936568647
172.47898960853092,74.5172212380292,59.99073893168749,92.21786934131197
173.99092837758067,74.36865566198051,59.774861004488855,92.11043715584486
174.2597928685928,75.67660507555176,59.67131344445977,92.66581895118466
175.68673154140689,75.30057080046328,59.68084371067852,92.44473414862419
177.54011945014213,75.42079477851827,59.61057540434696,92.31824855969123
178.8994667498962,75.48684370349261,59.80266814881769,92.54693246876623
179.6788905795913,76.11203002470323,59.809440792581476,93.29955674788428
181.08644443669212,76.2090853594513,59.73558049392243,93.00207758745378
181.50031452318774,76.3043409744657,59.77758706556393,92.86350361343335
182.74327868308478,75.9861921538419,59.600093470577576,92.74810520451389
182.52092596766633,76.9158986174566,59.693628987407315,93.57524527868827
182.32830918178166,76.99188956732667,59.89361671743507,93.57672994634527
182.17866056688678,77.09894536611344,60.07807104808112,93.60569756405988
182.52573412271983,76.49165267244247,60.25037049107587,93.12889196019088
182.39520306846086,76.4021617120757,60.40321423517622,93.314237214593
181.8033629145723,77.02256655492687,60.601634354373815,93.38416501954465
183.42207799793516,76.72188766533503,60.61616923357698,93.54368158383306
184.42444601192466,76.46535583639462,60.56832450389206,93.53752113444841
186.44364045406985,76.95320922061488,60.87587620950646,93.8823378664504
188.3556366489321,78.3327486541758,61.116065624438974,94.42584889266962
191.43140241592593,78.45109735996274,61.9849713310519,94.62878970832008
195.2539590445353,80.08742558325322,62.721051234843884,95.08736638170373
197.87586658318838,80.47188107864781,63.261845952154445,94.95542585132942
200.3692443960188,82.98542497810868,63.550469507401814,95.21789789356369
202.82389277837513,82.38582247240387,63.59497151359368,95.23099121635943
204.1712321042133,84.43781592353696,63.486653554895284,95.86526362958398
207.21814437175044,84.26331938280764,63.882528383529475,96.06967369440864
208.69154471288013,85.36037994312599,63.57872687348076,96.23546902236507
210.18363507454174,86.53256157545637,63.444630454967125,96.37304006671005
210.13869063983682,85.58715666693976,63.18838102586547,95.81728640145872
210.1256479502498,86.21670536515039,63.233316403752035,95.86665853895775
210.7806483455849,86.37814820087232,62.94955381613059,96.11377470810532
212.1762140006257,87.5401406108252,62.65104392786295,96.85262891941905
214.36265635289462,88.12115711525144,62.5469895227025,97.31652848483873
214.0988011453338,87.71836157241536,62.41505080414191,97.66183566524316
214.6545764631326,86.79909494200501,62.12355112336304,97.0439213247455
215.05161567799342,85.9916294000304,62.09528336210987,96.59423072175929
215.32016189599418,84.19695139350785,62.014759226832375,95.39091839221409
215.75920907741096,81.70144461921275,61.95587169783822,94.53084532428815
217.17059412563086,80.17275313737474,61.74104799727246,93.90360576179536
217.936784240882,79.56699008994997,61.73582841130144,93.51978981658293
218.17618796392821,79.5332268930425,61.75884701310633,93.18170788420123
217.59244528732063,80.08473664165075,61.66767693743509,93.39083326251115
217.1848414683448,80.51529167772351,61.84966974403446,93.22873368173677
215.43035697802617,80.0794666549005,61.76183148323193,93.0255444930307
213.72556724295765,79.87679560284865,61.94019762214647,93.16661673853568
209.806965893517,79.8991206371306,62.47191221143912,93.39196325343354
205.7336345167187,79.22127193716541,63.00418363813145,93.45009233213588
200.9605767654306,78.68750433444279,63.01737734963096,93.5864486697642
196.4302037111788,78.83055196284957,62.75281370471661,94.23082948240102
192.25208373986123,78.53371912405214,62.33138278706123,94.71954760046039
187.26553404111542,77.74384423444418,62.23996707072229,94.54049174708504
183.071655235,76.7858172932786,61.883371388580564,94.58814565173219
178.89556742309836,75.97037835410498,61.32719320684187,94.48105127055794
175.6991381765993,76.29836179745253,60.88824551697867,94.58595335044228
173.7790535621584,75.80670862536493,60.451362820201254,94.6132686648781
171.7397132254428,76.03020975714799,59.99863756788167,94.8494693236562
167.96188656249484,76.12000933570451,59.90848839591389,95.08410981154742
166.3586331102552,75.61928564834662,59.733779966454584,93.9546987649375
165.20403770758105,74.8760809978642,60.15509795667071,93.38201721316494
163.65097535608737,75.63151884121046,59.658478080342874,93.67307076193077
163.48204993741388,75.24806917961845,59.84515647346551,93.54193426081594
163.33261598046857,74.69737523858448,59.93887095188748,93.49989989690457
163.1397551242941,75.18596439225762,59.9597016417926,93.74271160458821
163.41095152184778,74.15735647649461,60.08844433185752,93.32032891392795
163.05363268360486,75.97741665725738,60.10128803966583,93.36250554375067
162.8973856456109,75.28901268228893,60.177272375301115,93.45791853519148
163.91382702570917,74.55652791293538,60.58729218010705,93.18480721471431
166.7732009787482,76.19523895962944,60.8778888518183,93.52174998376822
169.04584708319913,76.7499324188818,61.032881123965026,93.59386290409253
172.6720033807157,76.42511289576603,60.890088964265146,93.43446712595272
175.61304614553242,78.18014948711244,61.83657618472323,94.38149099678773
179.8669425910891,79.20872293420537,62.27417018020658,94.51161927388179
183.89121825482084,81.37808169562328,62.76976443684953,94.67829096460798
188.9218335972396,81.11966046839983,63.105800139951455,94.87816113354577
192.74259088687774,83.20493818635906,63.6754319153505,95.62366042327429
197.28064752638528,82.89101811958488,63.89006532517814,95.5711158612927
199.84342046362315,84.36553784223483,64.37074208024956,95.8275186061631
201.53392976619466,84.38156549253532,64.51025441420873,95.94274906501113
202.56067821895238,85.33314435054142,64.30381163257178,95.96457556568899
203.16235595205495,84.83916823575441,64.39480392942811,96.01220664782113
203.69678614956496,84.56757126363847,64.2337682295184,96.1116350412012
203.5577522109227,84.96339330561229,64.21278056028082,95.94206627654373
202.44961342792573,85.96235853787464,64.13752465612093,95.50849368879668
198.76575437186878,85.31992658619136,64.66483635038816,95.73214695983901
195.003891994222,84.97285339041292,65.02116408343446,95.93916965339974
189.59058163362886,84.30398986271219,65.2405803673648,95.79280101616664
185.1021923266074,83.11387220744874,65.07264462593898,95.57161878518963
180.63672144045577,82.38990250316837,64.27203045952156,95.05525040871616
177.57918314594477,81.8843651425953,63.199549351247434,94.96722799717952
173.40786605828436,81.09885845429386,62.280773767046746,94.57074378657842
168.73746072454745,80.4738404103785,61.89269401551421,95.03470130213587
164.87005417838685,79.75764944428124,61.48584832487645,95.297206062814
164.3261680309079,78.56782603115806,61.70831364637699,95.13985604762968
164.39448182377535,77.73976771030935,61.85501477262864,95.33738718860994
163.72903576718153,78.69858641880438,61.96998369569941,95.35923186447724
164.70786413611515,77.56762926518842,61.98113167489606,94.89681860746967
163.59363968922526,78.94815836420128,61.93527403295501,95.24051867207821
164.3652609511143,77.83613985142273,62.079173523680424,94.82082338829389
164.93816236874653,78.97602654212088,61.8613956956639,95.15598278239501
166.25325956249435,78.215913259261,61.91474522868521,94.99902822342759
169.90537914520448,79.58902203764087,61.36836863116656,95.19468922387304
171.53600399091002,80.22952712855079,61.268685912488,95.79132119674684
176.10522476921702,79.89863821031689,61.454039674477556,95.7932401507874
179.53305428540656,81.62594737273713,61.95506389634039,96.35905143715297
183.32266051795932,81.8887505476088,62.21033934627396,96.18201933834615
187.0725761455308,83.32804004589835,62.491043312230836,96.4980058763587
191.48908318449824,83.0897526203437,62.82517496336089,96.33587386454153
194.2520350096994,84.45991133042125,62.73702642083822,96.62999743864914
196.2914440902042,85.46024156327658,62.528375276811644,97.0390821893081
197.57354840098125,85.13806605527131,62.3175652167352,97.12356188936253
199.26870932268338,85.58189247232288,62.2420155023898,97.65593952992216
200.87067003447612,86.0429084962046,62.50757769277223,97.54817869378286
201.63704659587722,85.89084397649336,62.08506562545857,97.34596252074579
201.4381631433737,86.77010102249143,62.05954388710547,97.24213905203302
201.57116394031308,86.64068419750902,62.25176918259859,96.72272314021119
201.53861978853703,86.39810949466302,62.498120739243475,96.64255038518237
203.30340661453667,85.78553947093015,62.576455812982715,96.69607042131847
202.16756835329792,85.69554227622136,62.553103172099604,96.72337118147121
202.1059005102081,85.67056365301696,62.748401848145974,96.79299503444035
202.49448644982343,86.21560193082423,62.785014985452065,96.66399396357846
202.47552913781692,86.06709595142314,62.959714282202214,96.86594871801493
201.61162381238947,85.5857608951297,62.82257677956131,96.79907376186097
201.8609828341493,86.23641971620924,62.855656443122456,96.75167870137453
202.04599990639696,85.94490774920209,62.683847513704535,96.49876561222601
201.85870160165683,85.7873885857319,62.98217955551162,96.8096494814557
202.1199677964201,86.35391568153813,63.011315809936505,96.81163414253488
201.23161916433537,85.78252406615043,62.904281351274236,96.7744388834345
201.3993897423433,86.33930625639526,62.9688516917069,96.7630032470702
202.36747302236958,85.76618406267953,63.12589988194423,96.90734958419344
202.1602912659695,85.72733784112705,63.27357960763693,96.79246430760998
202.02161414534262,85.66926971290096,63.3762582501501,96.70013048773961
201.85451697840193,85.54188766465784,63.423433212045126,96.66301999669
201.84061884961764,86.01236531945082,63.405030498044134,97.0266794694374
201.70782323681902,85.97941367913278,63.49687539111518,96.9168049124394
201.55789059248508,85.95874577578032,63.570172487539494,96.85647566935299
201.4203464128091,85.92430617474211,63.618664223232315,96.82367706624407
