51.5,47.5,25,62
48.53000766670954,41.820744031541,25.598268853897828,63.81685925747465
39.558306989446145,38.52267127761833,25.27359235808281,64.94106186370865
36.63055074013931,40.33204514834619,24.923928026404717,65.61874423318433
37.6647736900448,37.125906095439476,25.210721041083495,66.29509332669917
35.128590571194614,37.093428177522085,25.09758236545379,67.24579039635964
34.421963714924004,37.718933093736794,25.41480059749575,68.03377916775102
35.4023413268727,40.38140812728226,26.306787568727742,67.79932134919524
38.83464879482389,38.51788833504075,27.21777545036076,66.99925369490873
39.61781391033705,34.46349970328713,27.197411844548075,67.5639383032341
41.925894572982585,32.26275821627634,27.161200375061448,66.83802230951275
44.06274267930527,32.83626861886855,26.551065268144214,67.56321439113863
59.386143196857596,36.079955931702216,26.302612087653827,68.03436399261363
62.871928930617536,33.625943337975535,26.16592240266569,67.92401569068711
63.53653920823395,30.61327320251435,26.685173250554815,68.33879172973693
79.57557021452561,30.480708748613914,27.87763430926055,66.67479795115169
95.94466628046314,33.138001336856334,28.068423958391335,66.66288277665049
92.67191512624198,25.705628047466348,28.186695908709886,68.88010738277421
83.91586012283243,22.467521509350938,27.702326881105165,70.35638292467276
86.62455005964136,21.43188880412807,27.30735835392283,71.21296742500802
85.2439968483622,22.040212810885407,27.328323146308435,71.13911151716809
83.7497848417383,24.681149360117445,27.377998323038902,71.24002469266031
84.33105900097326,31.388764966323812,27.92785210990041,70.94955696901711
86.33955781173263,36.97474289422168,28.72941699601106,69.86050306787226
78.48489906762285,42.429109277933165,28.424517107521623,69.83149671036139
76.17646606011253,39.367130951419725,27.915020798781274,70.84895464512655
77.65351481984351,28.832920524294032,28.103224123511822,70.46206658519337
77.22865858430332,22.000602823560975,27.420583312617417,71.14817491756769
74.113995109253,14.36341243950853,27.387459567680217,71.72717166009885
64.8420664991973,10.737743816124052,27.978485519481076,72.96994205048352
62.95867903330878,13.467952916763572,29.24026486677019,72.65160510988564
70.760551310046,20.496656733814405,30.334407733950044,71.92502423512235
78.77837156888096,22.753784112916037,30.656759388521362,71.97218371870986
83.61839583239248,22.93373155485952,30.943042343431884,72.38695174671483
101.35567794722009,19.429772225860553,30.502493769294272,72.92045128773889
113.0901005007862,23.864799572721154,30.238701991629792,72.78758779427403
112.11442981757973,20.38808621020283,29.741758970454235,74.17990306911537
110.87253667419535,19.006892683847568,29.77871260036266,74.01593189886447
125.87989574975421,22.91066460689985,31.20427917824884,72.0717126949413
134.95278235935925,26.14595525757531,31.54868502092842,72.22963185516875
143.43656508795345,28.159985142964914,30.99134257094216,73.25406374927601
146.60177723885218,29.192975263830462,30.105008635508213,73.39781294060461
148.53269655479812,29.37158333633078,29.735480289184572,75.03798265509342
148.35567216037876,26.805553944730775,29.31585816623437,75.87808978195187
149.42659584175962,24.387241479055675,29.281369259130614,76.05167932054084
148.52383852292414,27.592059128461543,29.43873392960795,76.22199006283628
125.08554521205532,29.941275841158934,30.827928125808494,75.41971557108103
108.31973460602134,29.59943247599422,31.45390968943895,74.5274683681524
105.06629001733963,28.195199897719107,31.47167027717226,74.62107833061083
102.19195455621082,30.277038230421113,31.083067410977726,75.05524960374441
103.12754134373829,22.02068807498918,30.051780858894887,75.98338952032117
102.68906655209797,12.671481222984767,30.361552908072134,75.27288675094132
104.45324462689803,12.58775735593349,30.73271953984409,74.9935920398134
112.86938896449416,18.287479656046145,30.724411196072694,74.71965097962715
115.63603163949166,18.786534369235866,31.530861354042806,74.64353975604845
117.6126397317902,27.027932419126316,31.92980514640495,76.01564401637498
108.9969621690516,26.40025463593657,32.074625771760076,76.84970218156467
107.72353183889689,28.728990672092486,31.59761834811564,78.27539384750357
103.17725931550477,23.036926573107934,31.271993419619115,79.67841719470363
99.99408304870013,18.152826950008603,30.455457922222543,80.27408149827534
118.109530136742,16.567178834176012,30.86700835673451,79.04478254179965
129.12853630120082,16.841876617946994,31.118449534286594,77.39025904361651
127.12017589303213,18.24320707283553,31.48866284902182,78.07995991782076
128.56102308371106,24.935708104306862,31.79814893526951,79.47465241206804
126.9815846077754,31.056650549305026,31.754102827677347,80.15235561106097
125.63187055469419,34.04081821657653,32.0554534458942,80.88500237032899
127.92330856186587,39.51092702786997,31.615054943910465,81.8053327671513
137.6044087187513,47.878668562011725,31.490149780896417,82.45379897865294
137.0633956874018,53.275992928730446,32.04663090217011,82.44226181748112
120.03919111667147,55.73028464881237,32.93474264983194,81.18758567635902
124.53228153823686,45.42952547552263,34.00876345159864,80.15963510509182
117.27565954815357,44.92545531255739,35.16775175549569,79.91985646759
108.61291032337519,49.59597044995522,35.31262619687375,79.96487164872696
97.66434138027961,36.450262598378075,34.84094579998383,81.82001949909804
95.25103114340271,39.937825508159904,34.393636677790376,82.69896720400948
104.0799910826386,46.84436882009523,34.15453050476293,83.78562079925504
112.16138422780709,53.0825558058229,33.04390352381315,86.43623333140077
119.8361712695326,55.56714401970862,32.08070677495688,88.6723634336281
129.09811488398913,57.58696278533782,32.34285508376351,88.28404445247958
137.01568536243855,60.8612683715287,33.68320927456979,88.09154432974991
132.3417241761652,56.80292298514487,35.89900436211283,86.4954503353667
138.92919390512114,53.305011679567315,36.145291405665766,86.52647211186604
150.5999724998749,49.90549051480059,36.76252594894635,86.12100709047786
159.2694748026036,47.78014408780864,36.647928539533865,86.32270397278208
162.86755118564542,48.44627632981645,36.043609364911404,85.84110154139783
179.12128964295022,48.14512236618356,34.26185953160061,85.85035642577498
175.94680017912458,50.409319783706096,34.034801052330494,85.97253293701286
173.7378286340454,50.28208815015162,35.1617030067009,85.92895515845606
173.17273110058005,50.852228441726275,35.777319254356684,86.23840008399664
168.99266745058137,46.08605158119207,36.72165408914413,86.56892389478672
133.03407242246374,51.68735505227948,37.598034514031745,85.24378887644004
114.65885358470265,37.7502256790155,36.833343100198405,85.04920568876389
123.82160372231363,34.70575463412678,35.38406925014736,85.2831997347181
130.2793023423772,31.985846957808207,32.75501749189279,85.85576607536183
131.68789472474273,28.354512652832746,31.041189446178766,86.83455588205958
130.35048341956707,28.612453131125775,30.85042672938162,87.67912960400898
133.66277552355479,38.01356550544454,32.28042130253411,87.40644014895055
145.93726207248355,39.92285497871722,34.38379958407113,87.25608410661052
142.31084088534269,47.180585812062695,36.7731547147005,85.69046298557386
139.75114698136662,43.531814647622426,36.87703053305914,86.63296285687383
139.43996299740738,39.7448642742522,36.879147024212955,87.52532359125466
144.47714293039724,38.74258751727921,36.098680018645815,87.90403656050002
136.8699889914969,27.761736611245666,34.724624248985535,89.70103500342648
129.12474303985132,17.52943978895965,35.12174762200327,89.4923631908452
163.42141079467962,17.0514702066222,36.00366998588183,89.22531339239296
172.78604039154908,21.793680918309747,36.68548829153258,89.68574479799736
172.48551610296934,22.873544852962127,36.550716217637685,89.77069661809995
175.26698629235688,23.681553677309736,36.20632318307036,89.62723925592664
184.63021956539862,30.958514452682856,35.9784566430904,88.67206495859837
169.04021047113068,33.530822897710216,35.5462540674661,89.34831989853022
170.1086271152986,33.5745464803714,35.71506934442267,90.24467958173385
169.3345202226255,40.03962310796288,35.48628520591779,90.21061111201232
167.27443639761657,44.06682907042155,35.75136176096496,89.90118858223659
134.17590798693624,43.85168888950514,36.89743133867333,89.85307148527767
126.92415062796147,33.716619703125616,36.98794022776542,89.99383630762168
119.29489894359642,41.366268576599,36.732866135252834,90.65901991443468
120.28689431649681,39.335765306390954,35.96534718071944,91.14775224678192
120.6198484354162,38.91266556872979,34.54018502375605,91.54558961005895
119.06952815559895,43.93400671351557,34.35260231678902,91.83283762596835
124.74296539954497,41.03498120260868,34.67166429892869,91.8466832110756
134.61636966762848,42.100620628507585,35.020396763127934,92.39049801009565
143.89304771094663,45.439199362237055,34.552766460793336,92.3124697426184
138.4177891466559,41.25967696451963,34.46402177144267,91.67749598336576
139.36484533091038,41.157549289684695,33.92282457074224,92.15094346240917
140.41430856786005,29.15946425185564,34.38943054275054,91.513528561871
146.29896873037552,19.719543925157957,35.71430558362536,91.17670966936792
170.69976352269867,18.220116427149676,36.975978938432135,90.95945538956661
172.14827281475678,18.05508099906843,37.45250337837907,91.91324790491261
173.2680867998909,25.974562199510643,38.42920379060286,91.52365302722154
167.05698779804587,30.64781433209722,38.52824257645846,91.88788980513921
160.00929044047643,28.479003774375514,38.436829659151066,91.82770522981724
160.00842979686428,30.193811124450747,37.843184408804376,92.5662552597388
161.33539693317672,32.637077657453915,37.70316615180449,93.30396449948807
158.61068570014814,28.59433888727395,38.73180032974524,92.86554200780455
140.8338928774397,29.849075644336573,38.3580864756504,92.10353064711406
117.41939424267316,25.168447321585745,37.96905472296665,92.73898201002294
126.82714406591532,12.967908953686653,37.6480466536308,93.03594993539632
117.53514592412336,13.209464188839263,37.977242140705926,92.55693077354329
119.54611302768772,17.664612090752875,38.368487807997354,91.26131430626391
121.55036059080712,27.901912321878896,36.30376750113267,91.58644223756656
