129.5,80.5,64,78
119.43849313085256,82.75075495074765,70.03033852924946,71.22702312806096
111.67551970660503,82.84054470731488,73.89916562676797,67.07979367825051
103.16506398254059,80.53147949629276,75.87928270233826,65.36612793101372
96.26558440801762,75.57164154720988,77.14236748462393,64.37690642927714
91.68208260629223,72.29989537804445,76.9841986637583,63.01193242849667
90.90153433070017,70.13103470026383,78.86607990293834,61.75804764392119
88.46067948013571,71.21801084210273,79.49547599017566,61.2252610935808
87.070567964714,75.58561344836505,79.08027327219399,61.296627841505384
84.59412041285265,81.3531795950023,78.76623064322018,61.75255389784025
82.99186968119102,86.02824111309603,78.35336960730638,61.42310079878658
79.05740498376193,90.93549537219153,78.52697076653834,60.933160075395406
73.22046890641943,93.9427593616497,78.87010962196798,60.555538720319376
66.99238976496143,93.84490418495437,78.27510899985467,60.26584127422769
61.21133547949379,92.76199860364355,78.02766728545059,60.055275331136436
56.43780908227761,88.53486876613434,76.76688926933608,60.47094362126715
58.3214978441462,82.87562561255154,77.10182192626296,61.10765006698254
58.233083759451766,79.23511007982614,76.65150528211423,60.652908045885525
59.20813622889676,77.43297937250387,76.60993510846777,60.09934685158232
64.90695307749118,76.88990268970478,75.82798687423058,59.80414564679168
70.20744579398263,78.71465119012393,74.44902254415298,59.707694634036265
72.73061764224934,82.04971235731938,73.54426705867911,58.923197662041616
73.5434977070855,85.55466122270047,72.35403440269491,58.24998225092054
79.09491450102469,87.40333838536634,72.21475519714076,57.83959091158125
84.15922778280716,89.83577132358272,71.94661847885169,57.45237090917192
88.88357497580324,91.76060264663596,72.2651112113898,57.038304490711326
93.12012188558535,90.42450222896215,72.08462279191104,57.3055253818298
99.26437894844172,86.48399088538547,71.68348545147663,57.6691635398694
102.44706596274402,76.21940265411953,72.24574852309175,58.005819860799704
110.85770579913788,71.7695200515752,73.7684668056263,58.55944325070284
120.69547906632897,68.10897307752231,74.89284702905661,58.62087075593753
128.77635443006272,67.48344601835296,75.12861445954806,58.66401505181222
132.54842459040233,72.71200552207935,75.39514642204148,59.185500361070865
133.65488981572582,73.3193295384374,75.67488054697131,58.78561903339092
137.35072488927952,78.1354824323,76.5031477243878,58.900807943236536
138.31959882389017,78.30161612204513,76.9222123322783,58.22979821817475
139.83210723725006,79.4554497394314,77.00339381641061,58.058930080463384
139.96162133348562,80.4298350554542,76.96530089412973,57.88841336134348
138.40355957576998,79.60056249488073,77.48017352264391,57.94342640660848
140.06742907756345,77.73257400563084,78.40013616395441,57.7933538760598
140.2474967764708,76.15383738124919,78.83188959918569,57.53255868266915
138.4043464884531,73.69786850558764,79.49171689145338,57.48419360424983
136.61582335098814,74.12844476944952,84.30749765010219,52.405224723681854
133.2039142924389,76.44308225625602,86.95462423506565,49.541700039032136
131.40626510697382,77.94858611494331,88.45455279016934,47.534124595522314
131.5472494691831,79.93944424249482,89.28718520100472,46.21408260151245
129.55463442648056,80.91962055392646,89.78033388267752,45.55870060071183
129.82504072792602,82.07040008897752,90.16707093999244,44.73725181827605
129.57983629026086,82.64309513675701,90.23110737665351,44.36744260574318
133.04553077536036,82.01670121003004,90.56676914955753,44.3948239316779
134.16192584314015,79.88256327309122,90.76140249117083,44.416244546613875
135.76368396110337,76.45765126913861,91.8704310779373,44.245544529555715
140.77192989887914,73.55727970803095,92.415580895501,43.83956920694684
144.8620004052857,71.88712969723764,91.71026669543195,44.1568062841212
146.672117645992,73.95868403578694,90.7505105675198,43.79216573904165
146.05149023910633,77.79275583067725,89.83269155164018,42.966119431670705
146.10242366329203,87.90813193146226,89.19591384559138,42.974220684690515
145.67513178287322,91.481462362712,88.47843833270915,42.89004217921622
145.82063421093142,94.24524360673152,87.52076053157023,42.805173401504305
141.20352698686588,93.08176078506128,87.3036838954117,42.96237595661849
140.98361735170135,88.85465192670515,87.18428225566848,43.039578559500185
145.01467301386714,84.72250447176624,87.1290144982314,42.60753481581352
149.93499726875407,81.18420660138302,86.70499387236868,42.11589277505531
155.30332689571696,79.23154288026936,85.28253501974908,42.04097772651419
156.49248217448996,80.18300881404437,83.42670632093336,41.47449941597863
156.06107951147482,82.85902132827718,82.04633399460468,40.744096949921484
152.77308615007678,85.73492694255847,80.97509104592243,40.32270001655543
143.77602589958218,88.47771258032559,81.03106686307379,39.636316401238474
139.55647729984565,89.53813324795524,80.04032683567914,39.30949011591355
132.3550428528356,89.05790242757291,80.02428951784621,38.99386673756656
125.16813662709242,86.66556099576995,79.15653531131255,38.42350571308045
121.595314549665,83.86475424829322,77.97539056388467,38.12610092037524
120.75928506843067,79.73229899743484,76.87407544569538,37.99284476559784
124.54371368976356,76.31122159464972,76.7418680023765,37.52651167901721
126.38086508839567,75.0703703960535,76.01170993091189,37.296162207770934
125.53730436888944,76.7683088384208,74.4883542562006,37.17510231293502
126.27862575076826,79.2302903972911,73.9513644541739,36.998569996586
126.05198714352716,81.89017684740134,73.34916202292705,36.70484098827228
125.66387489668458,82.97397210887189,72.78573123649896,36.43445319551002
121.61386879570921,84.4465541354458,72.95813542529663,36.14936385320814
119.72953796165758,85.57568515052654,72.75699352169883,36.09567640800759
117.59100610078373,83.57969968545734,72.43968783197803,36.065935511821536
121.01677767434246,80.76231977273947,72.58872022731052,35.9767859592055
124.700603702748,78.32507281087412,72.06033542437517,36.12811294033977
127.84099952999638,76.72648397085517,72.47955740742114,36.11545223002733
135.3351219174548,77.91925751446217,73.03798259252623,36.2770919943148
140.94039903839482,80.0455774803727,72.87985754986501,35.95998487079757
147.496907397376,81.46245478067718,72.4242762490779,36.25485208682376
155.20188674822788,80.66686348263715,73.43044379859484,36.37922564855624
159.82542330068685,80.02192321696782,73.682165249341,36.510081941308506
163.0756166218513,78.24244186596847,74.37171095335607,36.46642642583894
164.5604224088838,77.74409003067271,74.52196932672454,36.43706403159585
165.9706326029771,76.46859552884158,74.25419533708222,36.54375214528926
165.98425865945043,73.93612943728655,73.66638722962495,36.75726487954676
167.8334441100376,71.31311498016933,73.41798681223051,36.72832803068917
168.63735102313626,69.076224311373,73.57812375927236,36.667851002650735
166.44278238612299,67.48206851756595,73.12606640362968,36.47189263749078
167.12844343057458,67.28023224064565,72.2669092650973,36.49365355593252
168.84045331766112,70.53764216967605,71.95126551707777,35.866480372981584
166.56228741010568,79.97601754698185,72.37685764331533,35.948618625938344
162.637030553493,83.32472206402088,72.51080193286518,35.92833838366937
156.97491240852162,86.95629952459623,72.99998191787633,35.37481156768223
150.95754058674592,88.60384536028687,73.14171828298532,35.150073881133736
147.7052494940953,86.12591075193706,73.07890239699745,35.071969880822834
148.57126424071308,83.03793850516459,73.0441334027625,35.06063276578624
152.78344459943034,78.90914511607193,73.64566112832112,34.98755681661562
153.92741502734873,76.22526221978353,73.63204111331994,34.62940670037892
155.5078061889306,75.8486584796446,73.33331337656671,34.10727040490758
153.1766261483569,77.51864398930579,72.56185893210987,34.22545883230152
155.966339480878,79.08569046661455,72.17890777289651,34.1024902501663
155.09457400550048,80.74771729420698,71.84361062726181,33.835251980799924
156.4757257725388,82.15893082648891,71.54913632063266,33.70042385994636
156.95451012670605,84.07748659243731,71.67657206118886,33.506241643616576
158.16223103441763,85.82671709403417,71.71248832567595,33.3450241973992
160.293082215707,87.73407525164468,71.43386420444551,33.053150050986154
163.26597395629662,87.24920660226167,70.68368075607265,32.584854603437165
162.96080437373843,85.60882799893838,68.99562118805,32.0962889379219
165.76908181828185,84.29840528825845,68.11734802580031,31.788751724165166
167.13386338736154,85.70704585065593,67.7401496661596,31.31049585838814
167.6610367064461,88.14330639674482,67.28348449075517,31.233710602239434
165.15501604372503,90.51144512567933,66.80562713455673,31.067344147483183
160.70376116002313,93.08679964900601,66.14014850626958,30.95011479138159
158.6875669962898,95.21842208613958,65.57709549233611,30.62620025654622
157.29103511388985,95.94714898191239,64.34560738869732,30.033720904144715
157.3250462352463,95.79441517501972,63.504963573966734,29.575135769249947
154.74216498342125,93.96887910207087,61.788518207133464,29.651801291307322
152.1620322434787,91.93911703108787,60.453321746253174,29.65643861534118
147.7386208633988,90.51878992498888,59.68996365161556,29.424229487161373
146.9654362837672,88.85913636476097,59.12774649953848,29.189714328640747
143.35149035704276,86.73221524603804,58.67753872072416,29.278363962021686
143.90176575866278,78.7699584625208,58.3827707124365,29.62922526160009
141.44168357681895,77.30534164930559,59.013540697462105,29.399590575194814
138.1132181208909,78.12760017118863,59.14565223523368,29.18154595688955
138.0222444264837,79.24262947943876,59.34806943858708,28.907403506694834
137.3045678810159,80.30699568690476,59.26062148791955,28.92141157981522
134.41725893456788,82.32115244783505,59.53453556917012,29.258134068696812
131.39468101387214,84.53238334210442,59.5667219166956,29.505640885199554
131.30348861835498,86.47956368592202,59.89168483272992,29.281023497048622
130.29742940082238,86.7019958310823,60.20054666073948,29.349601484636388
133.6505184499767,87.1879243717699,59.81329823467209,29.28168168343928
139.11197587095208,87.49001516069794,59.55370202675449,29.379900193893427
145.26480968532385,87.46454583864478,58.29922763531561,29.576323628205706
153.54236138206437,87.50176399988379,57.30267507649035,29.530396432703796
158.28866390385772,87.63130178948441,57.75370692712973,29.429067466528238
161.6419689740951,87.8942902063971,58.70567089096403,29.133063129331624
163.25682528718303,88.27777425693564,58.93227115960934,28.771486214730295
161.65468872989305,89.28942379717438,59.573218153812704,28.54366500137928
162.09936557646589,89.42913992022723,59.56139783688395,28.582498908609143
166.6203124602555,88.41378499046333,59.56152009866265,28.649755713708846
164.89178484576223,87.01903201156779,59.248320000424414,28.760328289465637
164.09543495084898,86.39542174746818,59.05809025057045,28.510623344451663
157.61418216408822,84.80975105855103,58.53184536632827,28.397567358623224
155.70745828836036,83.20322344416536,57.49916465403893,28.854011717033238
158.4063822697184,82.50757810504821,57.65583825199179,28.764389352245395
154.33860411031117,83.05044504216619,58.41400037143488,28.945472570904933
153.17069738492384,84.05749273473694,58.6555726799366,29.26287104028615
151.72112540028675,85.50822307382725,59.84280914322171,29.355723125319617
151.31415235463257,86.2842457694995,59.9982142704035,29.96042006834095
156.51883962826207,87.34772253592038,60.29341335443107,30.021209245612738
156.76957146266432,88.47088687154474,60.371752973609546,30.42819135012087
159.8672411318223,89.67107258134924,59.82889328388362,30.633753835159695
158.92291074239301,91.00930307375357,59.69770833863642,30.973045165872264
162.30022239526411,91.8905413666167,59.35982783456048,30.68457010697857
159.75859557804594,92.10308218634124,59.04381093448141,30.66455892141173
160.21192943244014,92.18669088188241,58.42502522590094,30.619835296577595
159.16826823154133,93.06479640814823,58.044531990110016,30.40645208866572
156.7139930052486,93.96591712870864,57.607092261726294,30.4270170058823
153.9693506263511,93.99297205053483,56.53759158098371,30.31260081804861
152.36389725511668,94.27252290046418,56.368313196194215,30.031463024716484
151.721715718766,94.17784740407835,56.11345986970273,29.834434447719257
146.73448596276705,89.9827039202811,55.83987727507221,29.699338419708283
142.52668086053725,90.44828176953179,55.688163794839454,29.58977672106956
139.85552941653032,91.09377216241904,55.38429988140069,29.65431165375513
137.23992921447467,90.87199767461463,55.71841891038991,29.487797553344684
136.2824797543653,91.40383664157056,55.95679140333965,29.220273045603175
135.17414909308943,91.30289295548909,55.97031699705538,28.95046368333771
134.51454972192346,91.32303412026579,55.84500015348797,28.916197875498924
136.9705875544741,90.11516132961496,56.24100945313889,28.8953251287061
138.32286297476765,88.58615680655056,55.90870559321891,29.162901960097976
140.69926850042657,87.17708134453422,56.93813731686444,29.101749905615044
141.3031853987537,86.1002807955656,57.453818792350646,28.835539754772988
143.59504262725136,84.81610189890091,58.37437679629286,28.590617204092958
144.1567882357342,84.2041501976869,58.78914067480903,28.209353217604956
141.96279489376576,84.74885325668873,59.31118726475178,27.768427395736254
137.7053063541347,84.91329664848703,59.99770508116597,27.599631356635037
137.2143192343062,84.44481202006861,60.39114967442633,27.546927893039594
137.77903567028935,83.85765546448278,60.42691226754797,27.50663388465103
137.57178245177005,82.65737668841619,60.48344882448248,27.670166175858906
138.33899187399086,81.92116899963295,61.018318472243585,27.725487918819965
139.06433819874158,80.89741179779205,61.09400528879898,28.094167764968518
138.2823675251883,80.26943553850488,60.81879346531993,28.384791530548306
141.4808094014915,78.64898027904829,60.73404302493886,28.428314830986146
142.8718266910682,77.24831031340115,61.17775889210501,28.352377626431434
142.74184831402277,76.13093071801934,61.086892541814365,28.507321191050632
136.38512433510493,75.33800962808441,61.446625556717905,28.16903555376657
136.8810520591073,73.91301598798586,60.593236243380545,28.10374678339604
134.59013746111634,73.10797938784563,60.3789247685861,28.505351427272387
129.2600648493205,73.86980195252062,60.68977246867931,28.567064798403052
127.0844330678076,75.56223081369735,61.25518193052403,28.749778239227094
124.71125615427769,76.21093131132318,61.2245358071749,28.93042354200246
126.98179813392544,76.75885293927543,61.41386099323463,28.95067308719204
127.998829067359,74.91446233906903,62.01952504990571,29.155015868262772
132.60139761821347,73.40708418058769,62.12659135548435,29.499559439558976
137.3348262786738,70.76365168657482,62.30218532087963,29.784468918398908
140.95745603734076,68.18392672345132,63.212471991900216,29.80378737110465
145.16193599272697,67.35911005794603,63.77727268598621,30.147436205044915
149.08429936278773,68.5489569569667,64.36412935040566,30.625201236883328
150.71766877221245,70.61036460199561,64.72198450471603,30.560348364428048
155.38989497431345,71.68070999570095,65.10626611693247,30.72080599162919
158.29726188084527,71.12583591949513,65.82959916788253,30.694032685415053
158.56873856017927,67.96980854854945,66.0387556348256,31.15173352258227
159.20728901388705,64.90253057655067,66.74519132847665,31.18528057452051
161.06459356679494,62.53318697580111,67.01312139960181,31.14702361555821
165.13759147989984,61.34188549522334,67.25430780910978,31.00431963663501
161.88831533367852,63.87822529548965,66.87204125771083,31.454388029571632
160.38745962438034,67.25291361851149,66.17304118758345,31.570135609144423
157.3509231757685,70.94755027174166,66.37812788256718,31.4922803591721
148.9414216237365,73.93686022026566,67.70946390289096,31.133097202999338
142.2727283608868,77.12488910080897,67.999712214479,31.077094449847294
136.28936917585727,79.65434974109061,68.16956893597846,30.892522763400216
128.9104802171531,79.32194141846803,68.26162877477356,31.0711879518125
129.77397517685066,79.69481720011595,67.28763172380188,31.38834611084485
127.19193662218686,78.7231119827923,66.93258337155112,31.642643166967353
125.24411779163023,75.52720251184421,66.85870499376972,31.851900234473895
127.56074398193232,74.95346635927662,66.58662671976343,31.673725662320265
131.0530573695083,75.4867119016405,66.34276456253139,31.957560042794817
132.64811365061215,76.09510766418647,67.16008827580589,31.990380372256105
136.75062617360769,77.31882311441954,66.62440336348182,32.05154613049663
139.1834853632674,79.79640078103436,66.13052450747777,32.408372952113176
141.8798676383018,82.31830340693168,65.87209738264097,32.705944481782176
146.01653258072653,84.70051227979813,65.88035795952243,32.82548412206611
150.63337470738537,86.91380910255268,65.94746640029652,33.14900682482362
152.55063694399206,87.5998946460884,66.19469661153143,33.191198764371144
152.6674180701016,84.89969564011737,66.98546485610035,33.18789356357515
152.725113725681,80.99186836196039,68.350167024098,33.277029488907694
153.83065626347667,78.3281266458184,69.37950276683557,33.5247242363467
155.11447013120065,78.23958559807724,70.19394509593228,33.93346720452682
156.2310178303159,79.49680266607857,70.73995631467567,34.3682434738739
156.51838621566506,80.66184924924468,71.14637636999663,34.420891758805126
154.88469569357346,79.51119354119835,72.24240478928665,34.41439978248749
152.19659342619298,77.20724349007719,72.6722988038755,34.713800071649985
150.1621626605312,74.0095473029071,72.97518223728336,35.05641753983171
148.20329471553688,69.63846730727252,73.34266473600616,35.72848628354227
147.38560354257245,65.5523093428203,72.52679032992086,36.5462990576921
142.46209171291198,61.67823124706721,73.5821288848717,36.5880100320657
141.47094590180672,59.63942052843905,73.45293192637845,36.56474321706372
137.3232613963386,61.0471937027784,73.44021549572535,36.297636371101085
132.9799731049054,63.058975874444116,73.36041749057907,35.99778494891223
130.8537042472836,63.56488539634769,73.30158101835323,35.64967024079463
130.4668826595123,64.56283431001202,72.9772280782113,35.730134308073495
131.2358281749136,64.70176681191279,72.49733761198391,35.93652274059893
130.0183003766188,65.38110209858091,72.49684394938764,35.682267345561655
128.013773126234,65.55980885683594,72.04887912108619,35.756341955567926
125.78227006757893,66.22657719072109,71.825616908776,35.54096827741403
128.19446441545705,64.96642838757901,71.23004710645236,35.6585454323432
131.0362118760047,64.89201280954941,70.16263199263855,35.39979835849824
132.02553218721457,66.34536594737858,69.1828052377878,35.26333763490287
133.7018282009268,69.27605294364392,68.21339239813803,34.90028660608682
135.59993523391302,76.85214829815223,67.7143055790223,34.713839915624874
135.81714043502205,79.34168167815008,67.7298184537054,34.40666150706961
136.96643108980857,81.93323569375244,67.88821808781225,34.172915277012336
135.6361895758189,83.11476454440644,68.28063089484428,34.06132647257018
135.14705991369055,80.8625357458941,67.76330191648866,34.15643462806654
137.6472792685781,71.97326355015755,68.02810482963837,34.736418304817974
142.50915314409662,68.909685097584,68.85938027196076,34.48235773025927
145.2960024616066,67.89073496731999,69.35552731336286,34.189675372073914
146.26748872782377,69.79360394936128,69.26040260025685,33.884560872575655
147.4486768666657,72.79601225410644,69.42933282777626,33.65967151680848
146.2074339986313,75.5817310881022,69.40887385597456,33.375973125702956
145.25973874838596,78.22966023451883,68.89947347816933,33.22366570567244
144.46696112841877,80.66958069404049,68.14495847045355,33.284700793709206
143.76369922144517,82.28777118727808,67.81244107517992,33.37801002520582
142.8794180315735,82.0561715942776,67.30888393282848,33.26543883309398
144.56848344159602,81.62080998417203,67.39533841704375,33.50493247385642
144.0609722432343,81.58798977479623,66.75195407930062,33.665569806875574
138.7215125934684,81.51170387958697,67.12940834434755,33.4670656798117
135.21515482057913,81.72661238374559,67.12904090901642,33.49931144758317
131.854195501187,82.18733198801594,66.8839118564555,33.61721821873303
127.15615427663218,82.14280535454523,67.1508362855456,33.68087409554725
120.92845373889027,81.75068004612869,67.4438065977848,33.39587138691801
116.9423459300703,80.62799189327293,66.79644576126212,33.211941185518924
110.39864803932541,79.57092479608453,67.25748446419968,32.94447595362621
108.28612659645536,78.6897759799187,66.85551032876057,32.53530508963522
111.50037163783468,77.45820930454681,66.63052051684545,32.577194534357886
114.72378743640598,75.78835552706747,66.43646315828924,32.37742450257038
114.90611317053241,72.51857536077088,66.39400167674219,32.446743765369824
119.15623605527847,70.9052104430327,66.60289191646639,32.43499327133264
122.35014063069406,72.59653959598191,66.23830092054243,32.15521353599085
125.12544518134442,75.83878215817242,66.000090252927,31.879566397602282
129.09286372070642,83.50745202265408,66.25838843573862,31.816861983580377
134.54796753551324,84.95392729666477,66.42167762466747,31.935859305813494
141.77905712097626,83.79309802147816,66.1514769083313,32.66189102513204
146.75493000381525,80.58215536338722,65.85893276466258,33.37781416022263
148.97051810742767,77.37344841144449,64.20422054288089,34.024054110098064
153.2022128352888,74.6457949661042,62.99653215222207,34.434200230362364
156.76647569166784,71.51454869806943,62.76980897928948,34.51813441682252
159.02957481271756,68.73747786268108,62.51205909000372,34.54169699748085
158.84415960513405,67.8437747425232,61.631076689504546,34.411802298236665
158.04686224793917,68.49031312684731,61.00799953270901,33.96578966704724
158.28855835965066,69.98802805061882,60.07354063648407,33.726975458237135
158.61930151626174,71.74630171057603,59.637331165975226,33.2148293452929
154.3337958118428,73.26579855381503,59.89003088352894,33.07282905748129
151.39154978546455,74.28182706214596,59.37781444782111,33.03189702842167
151.27365405602143,75.60701089990081,59.72773885492714,32.581277153739
147.55401877012687,75.99610413344263,60.200101448658344,32.04524854824574
147.75899708453028,74.39374437335272,61.242106217976236,32.12146426898711
148.78148712326868,72.86183786165005,62.33419512739212,31.804913828036966
147.55574649788102,72.45123919873444,62.98189451114016,31.22369659355018
146.1604884513619,72.83577539586639,63.57035228890129,31.14835038127024
146.45968115056414,73.67190512311531,63.82178506056748,30.985561627990045
146.22848822277652,74.64541327234441,63.79957862741021,31.068528611621076
148.13877798527744,75.25759033719184,64.26916071205804,31.302813984451547
149.98698403869076,76.15098106206784,64.74194425723945,31.668676453690644
151.37206466373385,76.56118475409056,64.89949497080681,31.86015125558116
148.30420196175388,77.89919738353957,65.09283756226677,31.620524264429115
150.8674901062657,78.01962835488385,65.48895013890474,32.05597917907853
147.54797810686833,79.97971420722227,65.56594525281177,31.834081609991276
144.55300187899053,86.63638093482119,65.46228169980883,31.630846039925267
143.67984463405992,88.99240077347031,65.43967278783751,31.650348473070167
145.30388739851028,95.17774015876171,65.09413390314758,31.764995515780804
145.49132368638993,96.40427218794412,64.51057680845497,31.874843444720668
141.49735756577246,98.40255550997993,64.83975756195795,31.84443900539147
136.72825436658354,99.32731289087394,65.57884877936655,31.451271351490746
137.81678490918569,97.75652178908352,65.15723102874176,31.93006182609819
139.20604264548177,96.8568151888966,65.08189229298125,31.86349976573745
137.93618846472793,95.443817812702,65.31991341388834,32.03411283859177
138.1940555974458,93.52618209793584,66.10204668499738,32.03221962769744
141.28789584493597,91.52256403394024,67.00365394789061,32.127055748440704
145.19987519431595,89.98873292699324,67.33987247996558,32.31992753226574
147.8620765379836,89.48465363486545,67.92709279372895,32.40714869758363
151.9512182617779,89.32847700238747,68.01492453473895,32.51688811707203
153.59987237106859,89.14835775972534,68.02849888451698,32.600801406368525
154.94666654206858,89.47759357710791,68.28390041068103,32.420117683495334
157.4127333214064,88.59366435704163,68.13596132145733,32.42510473900724
157.68386277080117,86.83248868525651,68.16067700295572,32.49772640156246
155.9914542852659,84.8487291135375,68.54547037058694,32.36220914134445
152.33071107621322,83.04520631876974,69.86859281698209,32.30040669316025
147.95524242033247,81.06072305184331,70.50013010432949,32.65386276329852
143.9248198132118,79.85100436962438,70.39741635860993,32.61199141000873
138.36343720554038,80.63670081495086,69.88777533921156,32.56264246276093
133.3306313086184,82.67785516850074,69.26515566485484,32.577539394546655
129.37174349932204,84.43816558364372,68.83769450518827,32.635171833456255
126.65074979002242,85.82056672388637,68.03227639476529,32.655209183097895
121.11794277463451,87.56229253823719,67.92434458813875,32.57634911476004
117.03059750527086,88.67692989178818,67.74129663199301,32.41285790832945
116.6471634856953,88.61624966482017,66.75784316369023,32.51213694057724
112.07683591171326,87.61183234633938,67.05395485462304,32.31217221535622
112.60222365790459,85.01385665714159,66.48437573594148,32.61200590652646
116.52667114039113,78.88806365807848,66.9652499054899,32.79040789128598
118.82965496076051,80.0461067399253,66.42558265690201,32.89430439933
121.38168332201815,86.06374874116112,65.87823570077468,32.9422389713823
124.89007684573542,87.66898145304609,65.47617328941801,32.581734828435124
130.16491669244692,93.98477776271037,65.67103285685928,32.24224120812999
135.1938692826816,95.28146132364989,65.84301087035968,31.87113217722385
140.74344413097688,95.98744988611736,66.54261300482375,31.667206137761028
144.7485977902308,95.77334970704838,66.15742394193113,31.669888668626562
150.87130204802668,93.47509549612612,66.16780422943997,31.77328261903553
159.87147928887933,91.76017808205442,65.8516958109671,31.66119463948544
162.4699575495344,91.06858268236053,65.36545219935547,31.659639483406
165.57659733914213,92.69914538847877,65.19718366368859,31.575188198748254
168.4516723864224,98.61194783309196,64.68483035257529,31.51243025623819
168.79718363347652,99.86768924618644,64.1766433628797,31.341730787669462
166.44881648519234,101.52454853390934,63.511745312341155,31.017930682606355
163.99230135026977,102.45122138589473,63.099004727236306,30.55933104377536
160.37696311900302,101.84885697291531,63.192259581798645,30.136388270346075
157.51977468292398,100.35574772154489,63.24664805063639,30.205380458542233
155.54036782226257,99.09357433384403,62.86538532542605,30.236751998958596
152.50744734723781,98.59480265587004,62.30227424910834,30.068232403818634
150.6364697236001,97.93894063107894,61.869680393600554,30.080560057717562
150.94658080299183,97.44492793132552,60.96523229411275,30.102458001989856
150.59710491424693,97.29587605793296,60.825301386894935,29.75910866144512
148.8531617290716,97.9358566137382,60.62719241689828,29.429037448134807
145.52992830024593,98.99166568951077,60.84932522532479,29.0854760468872
142.95824995442652,99.7109005579936,60.69334977508737,28.99149278491239
142.22181631821616,99.67491329853063,60.755786973770014,29.064298420876963
141.0798424291523,99.30638263646249,61.048916012960326,29.17932430123043
140.81886703592295,99.24960830680617,61.34365262693656,29.28089560834112
140.70491108495307,98.05173690048188,61.62939976879333,29.47482400791901
141.6117333991162,96.5142208843526,61.81023205487291,29.725203845200788
143.20330560752856,95.56899730989066,62.09039334979441,29.864889365973717
146.5333737111023,94.5482347816288,62.61260110245523,30.273071083531057
150.92567683600018,94.61530672937788,63.0997395807479,30.535972681158835
155.57938110495243,95.38870939522904,63.66704398687416,30.632990973113714
158.67460729963156,101.84689780124853,63.29356289954838,31.060286913455126
162.09077577695092,102.69597053729503,63.543689686212154,31.082830499665963
163.45867337720824,103.26652474860413,64.05231859038805,30.923646014845296
165.12438302582854,103.89479573900492,64.39751453133718,30.908158688165113
165.9954147741044,103.74835146626546,63.913237666369554,31.20172601518044
167.9451792295209,103.05772794160531,64.13754765705636,31.315544308740556
167.818204881407,101.63646081770534,63.530498914853375,31.7171376996069
169.3220522356292,100.96822127608513,63.160243457354994,32.224109372321024
170.69001681023877,99.69044952988727,61.9953976154021,32.596372873566835
173.4145197716256,99.12668369803393,60.858512607087675,32.362318443370945
175.3177120353095,93.10622058856295,60.2456235917285,32.10816352370207
179.34973798976426,92.40023738180173,58.35980816734663,32.03846611409678
183.44158199673743,91.55362402878546,57.637617460224035,31.974176912841695
183.65032058300568,91.66537732567099,57.967431435396406,31.59978795575125
183.86369838083505,97.31338931571818,59.77875872547983,30.626239409006487
184.19234217122744,107.78794085325866,59.03003423704603,31.18379870269994
183.19253551367578,105.8844154481751,57.988620959894725,32.04866530304342
182.47851728481604,103.39738545031157,57.04432913621162,32.77441568649632
180.60896780815452,101.63905301778975,56.76188601723851,33.09300430337103
178.66530996296598,100.54035571753519,56.71557291008445,33.29721552947525
175.989826754292,99.17425087681296,56.94086078815627,33.19744235989125
170.24666823226633,97.55966426013988,57.82893221148008,32.733552572531245
168.62537928441805,96.17340340652709,58.323707372801636,32.65553221127537
168.391680206145,96.53779051088797,58.28914787439477,32.822819244180344
168.55864927395243,97.02609282152412,59.23614931778991,32.53084656661078
166.34599513791912,97.93781990567524,59.996153167478,31.872454825829266
164.50209163916827,97.80524768213417,61.27104779620525,31.389707608406418
160.54110094882734,96.78868040426269,62.55442596643792,30.912213225474442
157.0932153968984,94.37883170775166,62.89740213697672,31.198008450222567
155.02025429446334,91.45596786187386,63.42722379214892,31.588975590525546
155.81611368092808,88.37775070154889,63.9293882952052,31.93116611768792
152.33020829392547,86.16626317499868,63.61708947677266,32.01106017332131
158.93043017637495,84.35076341479011,63.64164513966912,31.810641656323888
160.8275752511959,84.36592801070431,63.394183259985695,31.80495872433979
164.95963410805905,85.67273985210383,63.59893189452603,31.947250206488263
167.24172320102141,87.67843632175078,64.25279798960713,31.978197545819867
168.19600883823216,89.54740067263559,64.1092826100373,31.869443553370296
172.30349396880047,90.15265853726171,64.64462133937923,31.97449329099884
173.89496593393133,90.0086094620552,64.87279925436286,32.20272915928472
173.8850464340074,89.50542247862049,64.49614544515347,32.16475619755766
171.65630736405365,89.18108866534413,65.20874624665156,32.044228029051176
169.7240744183075,87.99552219566058,65.27982615563042,31.886686604328304
170.4675780538476,86.49188912685138,65.07666752785312,31.905392780627757
166.88720009367643,86.04594453693392,65.56292441331394,31.80382327220356
164.6839362607738,87.31323412895628,65.2551748116631,31.873915328011712
163.6984565439901,89.48452088203646,64.832989399268,32.14501789301836
161.11728384547922,92.21383219804349,65.0609304231208,32.14867744179043
159.25612387437772,94.41985328094121,64.80546573168732,32.000833102380476
153.96245636980424,94.2690515610368,65.13211672746759,31.956495207226446
148.8771553512674,93.3079626185858,64.85156882405059,31.635316864253696
148.10322834192056,91.25750218835519,64.49841459441504,31.63437672465389
144.83976556585637,89.37718390738608,64.14170700979419,31.176932765962228
142.8893450766245,87.93173613558139,63.50416641171984,30.906130921876297
140.90398677107464,87.08056571522042,63.53659409574131,30.65348840898344
137.88807514552482,86.6000893646937,62.98018864429577,30.560860110662478
136.94471232958443,86.79274332763784,62.16589570432291,30.616424406959332
136.49030747132076,87.99630142713131,61.67148035657259,30.3438339838818
137.5893426459598,88.96202063004573,61.09869837456599,30.146839600231626
141.6336584643361,89.32147693144206,59.9061262509054,30.161145011679228
146.62655372041823,88.59498918694555,59.04769226797697,30.24266530810634
151.61856375673398,88.84655461460818,58.33140004721314,30.088754609450692
156.66325388635596,88.80062327832253,58.039914265813394,29.95311062954758
161.57664877774553,88.19662532415552,57.98645612518518,29.89196081072403
163.82692246894297,87.56760494909929,58.891226049308855,29.54965618768277
167.16251576983478,86.73008716099591,59.75421293614214,29.530984774601237
168.85055410081225,86.81243556767114,59.66602980789392,29.33218486199399
169.9654351817591,87.883683346404,59.605532439396185,29.268094446358738
170.13330972237253,89.99898434824478,60.00225106914118,29.24937312657611
169.13255262230206,92.72314342674753,60.288699670794216,29.15605355813261
165.9939151561742,95.50271220694492,60.52335966622131,29.335204877132348
164.25663627187862,98.14269125154877,60.798527977109885,29.3414086874913
163.7263235307485,100.40837584671559,60.89469773560761,29.145256973048774
160.31803553286903,102.09260567110955,61.01360184110773,29.10301402195372
156.20760318551325,100.70687481082314,60.52702520586327,28.742100740619207
156.44752406118772,97.5358379137314,60.40629953193738,28.844116589551213
151.86201904113847,95.61399246114307,59.764629327590086,28.577058250037926
149.48480521785834,94.46302479009796,59.52566164562863,28.54683359609545
143.6960605671913,96.03532280762468,60.10082112060772,28.535599139029678
140.97903435193163,97.72079526805248,59.879891461130725,28.826647960163193
139.99081087055856,98.49482366983823,59.93429605403438,29.099424005140605
140.23125568517196,97.21942118024347,60.29413613824749,29.37770343539519
138.4318857335649,96.57561103845862,59.957903993655805,29.482250794350925
137.9355521189654,96.20086399950839,60.21219120795844,29.671420799413568
133.35658708508578,95.84944351656972,60.51740482979484,29.702287940789848
131.92528473869274,95.46185360141538,59.980322470807835,29.974018509910024
130.79888102606904,94.98737519720854,59.884817041288386,29.921510951410866
128.22880024445456,94.39275682873775,60.27139469643627,29.819475763379934
124.8387744426648,93.16610932308701,61.224995475278256,29.44384492667418
