141.5,73.5,27,34
141.55966190644955,73.20447997342106,28.95295111042546,32.26022080400473
141.37242598242,74.31632535599196,30.14879022227856,31.01411648705553
141.87285152358044,74.12109031588746,30.53416913187052,30.597781969886775
142.0484706397686,74.67191387580502,30.64613522373964,30.12959483530785
141.65003058470748,74.88579510704898,30.91562205240207,29.799302782988082
141.67902687563645,74.9964653035446,31.27185603232887,29.617838839850023
141.99451663261337,74.81999640626579,31.66262172330056,29.569294856978082
142.3911385694458,74.61115863788407,31.711136220035193,29.640323757017015
142.99474463820184,74.92527498943053,31.955362032657348,29.404092533788237
143.84347524670386,74.5209144076296,32.045248132395244,29.40775581412745
143.73798414822568,75.10788815838407,32.08233459778328,29.23584428807475
144.23748102473274,74.6574361325909,32.03265192236391,29.360532905586695
145.07658299390306,75.33868689113473,32.18742253713149,29.2615223037975
146.0073814420684,74.87088905959794,32.131743023041096,29.488870066861907
146.07980566786915,74.88511594360224,32.30718594159302,29.40243228201762
147.19829392025332,74.89509745096947,32.218437605312246,29.456654564176304
148.17127368166732,74.8727261521949,32.12590370447067,29.46894601264921
148.8918125061035,74.82040141053824,31.869144836497362,29.51622506424131
150.40184487359764,74.41400956195898,31.54580260898589,29.748456898683166
152.04031580420312,74.89433464938901,32.05938499208339,29.61738375257447
151.78099149262462,75.03877919751346,32.13112609494618,29.51021877253175
153.43116610025538,75.14527538503171,32.52133912791462,29.686754195194222
154.56711873906528,74.7174499936837,32.39195094013857,30.144936649414298
155.9113096659265,74.81736528007394,32.5281502326564,30.442343073522906
157.13065130781206,73.98035078664992,32.2704242662376,30.967717003417523
158.3582259330075,74.53538385182817,32.49403816701552,30.851900038119172
158.763988149848,74.12969614367852,32.8493319944811,30.909619901554407
160.2826760418008,73.97022196407028,33.057097239933356,31.18842370922549
161.6444731662996,73.87751820473865,32.99027536604259,31.38398849545181
164.47947950250233,73.83322577830143,33.346536421054125,31.480214557150024
164.53563125027745,73.96118435715671,33.26047043378597,31.472857187308914
166.07829560412867,74.40206409139837,33.2055563073823,31.314188903918513
167.59612598303477,74.06002489001277,33.04485811785318,31.512954785232033
168.32738881484568,74.49089275908787,32.8018866400987,31.39635739423074
169.61155360334266,74.10277328603442,32.663782197000636,31.67454296843136
170.8133290720157,73.85552093233215,32.462907079051476,32.009333975422194
172.045043590609,73.86607272475976,32.491252600885886,31.950596945453057
173.195800061932,74.03965457180902,32.309872581366086,31.885213166448935
173.91618699260428,74.0528283982161,32.30067509121447,31.887276155111255
174.86332764804516,73.97953961574933,32.56682778797738,31.95766917905781
174.63372263568482,74.24726815032494,32.811917439568205,31.844352052552605
174.58555481382191,73.66349473062954,33.0020285568291,31.882071630972334
174.55060441844773,73.67251362032317,33.32605702883277,32.003496978244456
175.1426251173816,73.25299660125489,33.40134042001226,32.37661620071674
175.04305384795666,73.35592522094854,33.42474094361963,32.417780457625376
174.7461631627258,73.80994918245227,33.63373576785104,32.52741270276977
173.66514089857964,73.85131613665537,33.65562521916275,32.651968892434674
173.6421838983647,74.06434946540126,33.68129897420567,32.71004120054956
172.89037171642252,74.32238318429515,33.3540581933604,32.768616778623304
170.18080244442078,74.03858966855181,33.28921989639098,32.90708973659506
169.91078019787957,74.03952090269878,33.063335942226864,32.99226331170663
169.63812580672234,73.27703790907574,33.09929269617139,32.963325957659364
167.7055026283022,73.38348794852008,33.312520029116385,32.88391285002981
166.07267799249556,73.60012984597557,33.42190141933628,32.57180869541196
163.5994756299429,73.39919277817746,33.59428165789986,32.45591778584217
162.4579932576186,73.09983548378617,33.56831290607321,32.4398526638551
160.46616223104007,73.31665068067292,33.796910233354446,32.339934490273535
158.96424292132878,73.74850064719065,33.81367614655451,32.38282346924829
156.51782282156418,73.55171109640044,33.92667158518888,32.62859944306305
152.92743402624563,74.14485584703212,34.079566599837236,32.700248207600154
153.39385787370577,74.03170730974914,33.95672570223063,32.75393888847126
151.37242353030186,73.86904289808065,34.21376293762246,32.8030076338549
150.19409969783743,73.98625698716076,33.99709712789618,32.9096560681672
147.40076402039298,74.16350365622311,33.86099779186709,33.17892527801231
146.3868455862651,73.98465492118433,33.864742462704584,33.144945517493326
144.4356669232901,73.92595886449884,34.06482737349344,33.28733642796808
142.56831479252418,73.98381322083416,34.09444254277071,33.179108915452304
139.8882646713628,74.28736450654029,33.96621289770331,33.33822214527906
138.37639212449167,74.42742008960604,33.844725075567275,33.218212825008024
135.2755742088979,74.52972713436503,33.842326578294134,33.49454122320673
135.11677706938104,74.66454072110494,33.55216829575862,33.1870071757557
133.32312570867538,74.65600016345675,33.5792822468758,33.070973237875194
130.29363784982138,74.660990817103,33.77097509715213,33.0738334923919
128.66669776931732,74.51639328126174,33.55048811643659,32.931103684523464
127.61139937543133,75.07060775055538,33.48315049602073,32.71207868518331
125.47042220760667,75.57996875496914,33.4298945083363,32.460773272768435
123.15700769788597,75.8553385040929,33.38391678797057,32.242283266927785
122.26537754121158,76.08530110945658,33.32125475043589,32.119879102600486
120.30913789305458,76.15126325877127,33.374721442990094,32.080359892217
117.76441682074064,76.19951372249147,33.41764526181233,32.05254357252078
117.70798767148096,76.40161020290822,33.503259789672704,31.75754752790987
116.87722601711246,76.77196709456848,33.744841196249055,31.516805670801674
115.38685323237945,76.3054134940347,33.74701654286047,31.769549574406774
114.34995177193508,76.36415153296875,33.59446033479719,31.76054766173986
113.6596635569777,77.00398627507833,33.43984296378574,31.798838201400674
113.33061395974642,77.19187293597597,33.29175524380435,31.853914640376203
112.21449734781984,77.5452035048588,33.29609845300904,31.979706395867673
111.84722875547023,77.38718134438464,33.184444469876865,32.08502235461336
111.29143471894619,77.9961291674386,33.46743940804488,31.81049573945789
110.29180722604801,78.0501898872413,33.460420885769345,31.658647650717132
109.88538195410692,78.13746824474113,33.65940545808627,31.60009313030091
109.19321668050921,78.2386885287373,33.95252337500976,31.52078206424738
109.12666937008072,78.28202330514625,34.385087586053814,31.50918428585259
108.75846630089511,78.2569798578213,34.76861217363617,31.471153320244866
108.55692417770139,78.54972895977183,35.33216300160663,31.521983157897317
106.12929177508047,80.53413124951456,39.58751790522949,28.01197168210679
104.60569270815947,81.6320943245189,42.45579751349494,25.894828090539264
103.94757606870289,82.4537150702099,44.618357143573846,24.540281368301315
103.70236850930209,82.95349125541506,45.99153511170634,23.80785403818374
103.4479110222126,83.3741214886535,47.13267685104114,23.350416072412575
102.98592774580246,83.47665730873359,47.87747692296256,23.159106690245622
103.19383052227496,83.65572187644756,48.268087583529976,23.115760978956697
103.39466266992713,84.15346776695829,48.809146204828735,23.041053194517282
104.09046595232931,84.36351572851115,48.89332286889855,23.090839819266925
104.36787173405423,84.56553896786217,48.917399006483265,23.22896165979021
105.00784019132647,84.78093406106606,48.865324330822766,23.349592460034778
106.48712311834643,85.00082523486671,48.95176689772704,23.425422655062732
107.37733496631617,84.82690170336342,48.823370570333125,23.5418850830977
108.63540497201421,84.7155919218081,48.868728485649044,23.5620009948278
111.71611973080977,84.90849397673414,48.76719352982555,23.488747727737707
111.73982104840417,84.66805759941725,48.57659384990656,23.5050363404018
113.37564806993691,84.8542171241521,48.63675576486412,23.455946782642762
114.46043784183036,84.47923311346192,48.63741781539183,23.45498270658813
116.07633634671697,84.45291169635871,48.721122495529485,23.41331772327584
118.75273066998525,84.47450551237498,48.66029218105467,23.260305605166465
118.71224285359503,84.37126174915365,48.49666830757616,23.28541865624922
121.76497126663519,83.94888580443988,48.48151824037645,23.171320579150706
121.51905407098806,84.09770384367917,48.28231402311968,23.083877568461215
124.81169396306544,83.88235067258269,48.32111632743539,22.989863182256812
126.28789617372352,84.041685458008,47.85529251639448,23.11801995017418
126.48644945226624,84.06569260847478,47.54146699205011,23.222635382326274
128.14218898273054,83.86863644708066,47.64906985746737,23.161255208624027
130.20817381874468,83.35008903465581,47.6681464615316,23.18524213762259
130.60119506476818,83.8061499090992,47.64614062491061,22.958824977625877
131.68765449411762,83.6534334556083,47.68661283180929,23.035040996060765
132.80386000453527,83.347524139219,47.379732244628755,23.206558091325608
134.38370867325315,83.63276225990514,47.116504500241106,23.291227852722805
135.1114043628656,83.59167833370341,46.7987147350146,23.29688275744768
136.16668190068705,83.57253367945506,46.313232973084766,23.20664117619488
138.96616710899724,83.08160999798478,45.71107728424762,23.02815180627103
140.12568753142108,83.20789950757424,45.080186726074444,22.909906129405908
140.6726445322041,83.151787657401,44.74253496730243,22.583191122639096
142.05681259051835,83.68752002001304,44.25736716656141,22.206747490306732
143.01603559983613,83.87572903488883,44.02041311894174,21.904161480718674
144.04236466755958,84.16341422886876,43.77225079495727,21.662811141138718
145.7245175549506,84.22055670790868,43.48433528659365,21.46008268772568
147.31190435129324,84.23044350838117,43.053349936248466,21.353718327324543
147.58584481127102,84.4085055468862,42.63884478018604,21.276166839473483
148.61879105995482,84.63226493105108,42.39691294470656,21.084273706529242
150.71118355864107,84.41123155237094,41.67563321543097,21.04146889759391
150.72937451985482,84.72896186061716,41.357091726124224,20.93531743465828
151.480242608496,84.80662850933204,40.907651591284136,20.768846875241795
151.75426386875657,84.78027550069837,40.65645471547551,20.455838998141914
150.90163734909285,85.35244528998635,40.565338679027775,20.223070505019
150.35680675105112,85.70059443593243,40.579500936550744,20.19065172686738
150.87374220673462,86.55160062754749,40.4621592634078,20.073072541612415
150.31257929023474,86.99375459224156,40.540886325312286,19.91400394871491
151.03062423161293,87.92807714385664,40.11443093733736,19.844565579188366
150.8724198702385,88.4330266730669,40.22091764441926,19.678177804165504
151.36105694252433,89.58984380030289,40.22599700832004,19.54010330883356
150.99590655167128,89.83070081246807,40.16950074336475,19.38912672628138
150.6601960363235,90.5543229622418,39.91852576986034,19.314741189474987
150.888067787971,91.21304758634722,39.886045577951464,19.141822356799135
151.39817282517274,91.73833275688109,39.6768572487529,18.85741292109256
151.49107384994022,92.21433024912602,39.55195300401462,18.82844324664222
151.89844694870894,92.67243995280677,39.385822822388306,18.852836751458774
151.26737046970308,93.96784805916192,39.301527120503174,18.824927757681557
151.91439325401183,95.15755651230808,39.13020298552522,18.88205360079418
152.5844544467392,95.66523691549384,39.05923038034396,18.86477573023273
152.20165439595092,96.74380567028834,39.137581059847115,18.93612523541424
151.76734697440284,97.18431323223672,39.14874941122496,18.917421474737708
152.82144341243938,97.37378675178715,38.75175116958944,18.932655687162704
152.12141597041867,98.17110508598957,38.875028190128354,18.806497817624148
152.66889426589375,98.55809763103245,38.861646158389924,18.793697777549056
152.64733228731035,99.3277225868263,38.672419021072436,18.72512607621986
153.020358933802,99.36000678216162,38.572003240296155,18.676961396018804
153.4328832736465,99.31930898464411,38.30113250049897,18.726653533817533
152.5154679692997,99.29916928523866,38.071585562882156,18.616753248466303
152.9991836993629,99.38654034920387,37.822817497206856,18.682312655069385
153.23155361791814,99.1470447013612,37.84694014478993,18.67245049616489
152.50397916701033,99.00237265771673,37.92656798280093,18.428784935130736
153.0062234022946,98.69245380186514,37.66491545116287,18.693139532114554
153.0367284545445,98.04921080199209,37.69064929005632,18.818956443497
152.47029060237125,97.76610297791306,37.75594429448216,18.844338141612326
151.2217818722963,97.12854730454977,38.03049981577404,18.832552901920774
151.85824091314777,96.74089637670863,38.03655829371005,18.921417270000816
150.81672891205827,96.5757430447391,38.220975161070044,18.689373958830778
150.56712982518604,96.19627055316576,38.28793171618124,18.89308981457037
150.21792435352233,95.24143956636334,38.274776449715574,19.035060056722283
149.7525365106539,93.97506210063209,38.17993501280225,19.246211451578933
149.4523264080143,93.69994475565431,38.19150561395168,19.204799708657898
148.60002283594358,92.87061221496228,38.30713744776752,19.290061670001066
147.81005319257363,91.99670129421396,38.51353883644371,19.328205696060387
147.01445500055988,91.05071899036565,38.9338293919953,19.36310403006773
146.74830615802597,90.01512459630453,39.01106123061996,19.38260486233368
145.33702734114524,89.46881914417584,39.422149643266245,19.218984577816933
145.6910843329723,88.63670512346228,39.36932238894789,19.29888361018797
146.21985034308025,87.9541297833786,38.804191461976586,19.344296498340245
146.36445657280836,87.30129667458044,38.222773042961904,19.305335335565466
146.5060151818553,87.16805664385318,37.813513784972955,19.121324147458687
147.17413178127973,86.79439489170275,37.581423013568575,18.946762280551354
147.0243778203841,86.4911328474068,37.49573496482454,18.725042338667638
146.74781872195516,86.12299042725573,37.04416203772,18.64009676744023
146.49205057839535,85.88034985820187,36.819544722239506,18.53852827566897
147.04956118953024,85.69247065203982,36.47462373590878,18.4853938073149
146.95516325006548,85.61760830106996,36.48429727117889,18.198393399439002
147.15112914751074,85.66240902884601,35.96208343187767,17.963945817449726
147.53118105131347,85.35840551965642,35.614627020598306,17.86413385084355
146.97443919727155,85.03656314710969,35.52844291728838,17.58681680398296
146.82657322512063,84.76792653896321,35.556051592509085,17.486534480667938
146.6949259526375,84.4862564678763,35.55165690941749,17.413351197262678
147.2250486482981,84.61801654753374,35.74230582618651,17.324650298783443
146.91841541166053,84.57296370292458,35.8435161871722,17.249484050154617
146.58849345475042,84.30019266599588,35.77281189800093,17.249336183559443
147.27116774684063,84.10873562458252,35.73041415381689,17.23771642358411
146.74728003030276,83.91643218366798,36.00235973526523,17.192354322478256
146.29337838131104,83.63282955047342,36.09144644761255,17.16711564584369
146.59057988576805,83.49633666116226,35.8947782595413,17.344196053455715
145.89944825005864,83.44956142628219,35.88634202515412,17.22068644900569
144.46375010013304,83.48595500333937,36.09425303638532,17.248559060194466
143.88973702671584,83.3724629253426,36.19444073374158,17.409792200048003
143.94168070913844,83.54631218122557,36.161830771237746,17.526417059930864
141.92959560585092,83.62346185918881,36.47920457011322,17.407229585796927
140.95911382963894,83.69527096564455,36.40551324773556,17.335004005906306
138.8923591090411,83.93510119477055,36.48843837267752,17.366468814206282
136.70918423913272,84.24658680659601,36.7598789213627,17.448612968458335
134.7491487274106,84.48953668208631,36.929299300504546,17.5473560449886
132.23828115264556,84.80970318986145,37.319005870322776,17.490478234401998
130.11060665986872,85.10547897289673,37.557563989024615,17.463983171150478
123.74345219235255,85.27630239815849,38.01111978837582,17.43161319946075
123.03000738375263,85.33817019042966,38.13798501535503,17.603268369856533
120.23514928167525,85.29939508063919,38.44182732958669,17.661082798648337
117.96897540108954,85.33037634001194,38.58965551373174,17.765457486862577
115.26920433338864,85.54514507807151,38.917451299798806,17.801446263728415
111.88940376693735,85.47013430429583,38.97417157332641,18.145153626018065
110.25176730502642,85.46295325986807,39.091323388139486,18.16859352462461
107.64312050176855,85.32244017554868,39.302949785029966,18.179708255036694
105.6193542949733,85.77605233469636,39.830950710201876,18.18323194165468
103.36825632374502,85.99127254447095,40.19318207212257,18.26072132404643
101.07295109760598,85.77466073339824,40.65429404265015,18.42930926408582
100.14713532281573,85.66742827917278,40.96359210853468,18.65847478738396
98.28211893215907,85.7806016437682,41.320903694627056,18.80428017806811
97.25391479541874,85.57734436429106,41.59079267909098,19.025574704091966
96.11131680415508,85.14829225492193,41.51815694508081,19.273012230573336
95.58494546054341,85.2829616640338,41.96793582710549,19.493816800859324
94.11460238864902,85.32455615711328,42.30556053328745,19.653193461468
93.32554349988558,85.09193743821673,42.49420940250438,19.751674281238156
92.72612710701105,85.32498277160755,42.75254175004011,19.945738612758998
92.05933969927896,85.38397860996271,43.014190686979504,20.141362645591908
91.26994903673676,86.24462485998122,43.3295057730884,20.09267124933755
91.37121756973086,86.26703152393343,43.6591090216792,20.21238939077821
91.0042668488754,86.18056461939989,43.765589859161125,20.360005871794556
90.92002497436081,86.51452658746699,44.153842013150935,20.49535656716059
91.3906613941894,86.81195398389598,44.45451706282179,20.556278692237044
91.25114227372666,86.81798461581816,44.564700903231696,20.671438923305764
90.69179283826216,87.43110614723211,44.51544342192683,20.824290580364647
90.79559496949415,87.50608053715426,44.595269147847105,20.817826497266235
91.19176829464053,87.90404141032683,44.900945792956875,20.832279010869826
91.20614584056611,88.26183381041032,44.89813350912284,20.897583900625175
91.92408408426763,89.14372197035743,44.79691850548443,20.879056375286616
91.76319945632886,89.71341777854443,44.75191862636363,20.907483543626373
92.39874384027715,90.21370492303569,44.75789453952025,21.009881285283495
92.88062982308348,90.98375820108095,44.628034052427004,20.89251590389084
93.07371358595655,91.66480760675336,44.531722483712116,20.841954954370074
92.95855937909977,91.9784371652386,44.57100058882145,20.877328779599292
92.34278901380418,92.5054791783753,44.489187900108746,21.06126731916758
90.76265622888376,92.675114471943,44.28509766741357,21.084826208627064
89.7043943340433,92.71166684320525,44.6106283626502,21.211412538208947
88.45934294311378,92.53258625895569,44.63408495005123,21.196191108546365
86.29071947228374,92.25528221860196,44.75233822792347,21.151799450560596
85.93235712661374,92.3493414752341,44.786011750344876,21.200025140649252
84.41587790890854,92.48556388669911,44.742948514460096,21.405268064005604
82.40117679500514,92.19004166193815,44.744477703021296,21.36970026749099
80.53527591003385,91.8310177263844,44.80952618088015,21.317080347231915
79.11740332095081,91.94136402260122,44.76426082666705,21.27258053016698
76.88369812731324,91.87598679954785,44.984164118605285,21.222506017523962
75.27332341333147,91.88454954263322,44.84783213329979,21.2683862097089
71.73221076103006,91.29013532696978,44.85590687561623,21.222078012884857
70.09120746209535,91.17879416794318,44.643068321584394,21.26594919803016
64.4832907602033,91.27268132774003,44.564125762538914,21.372836698371326
64.70764351190842,91.33289852546336,44.662402130256766,21.414967876974593
61.89082559843044,91.37041773998973,44.817840859434405,21.369190496805075
58.82253508354926,91.60206127511853,45.13632477463376,21.44154569282098
55.67902011819036,91.51716280607234,45.352829059141854,21.40402399711857
51.640225817416884,91.24214472714702,45.36743796250765,21.428423243576987
48.847395510668726,91.47608397007548,45.39315633052057,21.601345949050014
44.88033717908572,91.14694304389292,45.39394627249517,21.65258614444417
42.385719601461204,91.35202684028323,45.57503352048713,21.70036658070483
39.87452498834108,91.40438147921522,45.469702390739826,21.84847204278341
33.47045590759025,91.52320922466892,45.563532767207306,21.779937996101324
33.537735244592234,91.5237050454648,45.5557871919916,21.728172078253014
31.557130233755515,91.53125156213827,45.57640230208972,21.735608440203237
29.321820940693705,91.65738388392754,45.67569921005172,21.813193486823607
26.254862632758737,88.94858984405133,46.005509113580345,21.81696797557258
23.772727314175818,90.17546497028837,45.9475958556351,21.98532832833837
22.276679134830424,90.69365666199866,45.81234593708895,22.09513809162342
19.817096154721796,91.11669128605027,46.11442167208648,22.094078230059672
17.86934153008292,91.51386032844924,46.16781885700266,22.114529738481473
16.1455317315135,91.65161073304617,45.93689727066982,22.228921477610303
12.38934333679726,91.42999040485556,46.32386731800635,22.257471550047207
12.169220291598858,91.57540556190187,46.62442783720946,22.29371084631186
10.35562829023942,91.86202503086957,46.81503952661962,22.358001817987187
8.590605833115788,91.89927725158903,46.97475672976154,22.386605834769263
7.379070510829973,91.860922063943,47.07211755453947,22.420227464735515
5.724644617088906,91.71454982217152,47.20206266286816,22.503291793358848
4.440655956109062,91.77649805539482,47.23430986130795,22.529179593860917
3.677888164098306,88.70108722378282,46.86617774742297,22.57429170432004
3.3921024520102137,89.68983133768631,47.00307797823787,22.578575064838564
2.924802835566936,90.35056746235027,46.86804444249344,22.56584033191384
1.7221250636250858,90.29776572341522,46.866319097628974,22.6620304948007
1.6914875632645234,90.02271209628061,46.998963478108934,22.75520335661768
0.5589765960164748,90.00530897359523,46.91235162544988,22.796340101879633
0.19989894535023822,89.68894163127023,46.88053762317441,22.863871835098372
0.9193025449094456,89.28306345396346,46.810311719069425,22.966067855029415
0.595133432877077,89.50027413072979,46.66119510914979,23.01136366672848
0.9927920264950778,89.08653277917998,46.659111137722654,23.053161903466112
0.38935480337741524,89.28533605021376,46.73085839718277,23.043078625091397
0.9440216306670237,89.25206544535334,46.70744030809428,23.059763682426762
0.6699674102392379,89.40525320486924,46.74863872287639,23.043937113828697
0.5283658481955271,89.54662520381899,46.97030146311825,23.085918892839956
0.9122146196446792,89.39684070339439,47.12742195916037,23.145611921418197
1.2497488797217002,89.12412647969454,47.40466179576826,23.15411713912354
1.508720069688053,89.03790518967669,47.524363766364274,23.175185751630885
0.8893518739385371,89.20109649720071,47.61866057980697,23.14425573133995
1.5755863210852397,89.18647523882555,47.58110625059993,23.209480365147115
1.81827999822967,89.23660688502679,47.78002676956012,23.250444481988218
2.6023672498346357,89.42606959735612,47.869547917404574,23.284674851473227
2.16299762466047,89.5910468293924,47.968657281602546,23.26529161089806
3.632264817583753,89.89382514099445,48.131228824177,23.385862910228884
5.477371096471018,90.09326612619414,48.066572735366094,23.305079753124886
5.718317642707788,90.49464865746059,48.12717602608271,23.22693592691629
7.4091571925527475,91.06126593613665,48.1610481120007,23.2856206963464
10.57606656605035,91.93718368612981,48.406874521865845,23.264201613481962
12.78234687340813,92.66866282416751,48.26886482191469,23.323345097317137
15.036153855889218,93.41684363476557,48.076943281726685,23.420465612847394
18.687402521324323,94.96137031651159,48.140701711049346,23.318040066509283
20.956872698591,95.81370126915647,48.00973941437732,23.334114426402053
25.465444322781615,97.64989055978131,48.01061202750732,23.216417146269293
29.425030177521016,99.83205200013707,47.86073028842647,23.09588346157218
35.48957005739843,105.41097090630251,47.466004547836675,22.99072089643368
35.99176336369809,106.32951963737952,47.11772220188088,22.78536352751086
39.75016887804154,108.34881740067816,46.95087245401673,22.545372489286393
42.88693156417297,109.47197927365927,46.729593652341045,22.441596112327453
46.295038857452255,111.92429512938747,46.71362530449096,22.356901630027536
48.52208452987533,117.1438412181236,46.28056963087895,22.205491032145154
51.426497383786355,118.36791863059146,45.94543300234156,21.97858984070856
54.96434970018406,120.65170071387665,46.13547257883571,21.844781071934822
57.46254411116698,122.4401302954962,45.94185007995946,21.8385631879163
59.97136501032226,127.13577277919003,45.584241030824934,21.8136436532679
64.48653897719937,129.11412923090853,45.61599541488076,21.823334234175388
64.99352191283113,130.4709837378399,45.562156956890114,21.77737915517284
66.64683322507882,131.9687328452509,45.5313369446994,21.637686575803112
69.26948758438186,133.2707772897505,45.48593028374103,21.47291252902805
70.40510408189536,134.4848629045818,45.301508831225036,21.55043640396448
72.33301276295147,135.7186585836755,45.30605948249476,21.482238842697804
75.09704896819011,136.9466078377191,45.20432145312101,21.293494789795567
75.79664308633348,138.1332435677068,44.97708343789598,21.289734934129253
78.07418669150084,139.39733774571155,45.06535255080342,21.092539515207754
78.78365154063586,140.78744159232224,45.06316350843244,20.98766436822052
82.06702440224586,141.8084107477623,44.921813750788594,20.883159180928953
82.38821410283025,142.46325185960166,44.78753384598443,21.121597455907484
84.11838340526094,143.06044599987786,44.67207224574646,21.210163748986346
85.19880024623902,143.78453597866664,44.57239459825989,21.36404923540143
86.8139171276978,144.3624545407419,44.50583352096548,21.451974008337995
88.0542942512883,144.64698995568543,44.422692322337994,21.60026903938997
89.81491925877948,145.4577380631448,44.55270864379664,21.44776315039895
90.96574313236005,145.99014110752137,44.27292507243202,21.613812049743927
91.98617590749384,146.6174547014034,44.31794242430982,21.591275215945632
93.7172390758822,147.19123631849862,44.01372786502944,21.742898926716748
96.80315005698179,148.0020319209569,44.03542740246405,21.598684898084947
97.3196192646949,148.77846961053254,43.93043978650303,21.671787392735872
97.85147793933126,149.08735337667508,43.848901363698175,21.899104050819478
99.10159510165789,148.77408864444618,43.62030090249402,21.964398027816166
100.48252319860299,149.0726698584402,43.430146950501424,21.908786712956804
101.00740656200989,148.56510422660318,43.372964988645045,21.94731989265791
101.11753116139408,147.5803549971029,42.88613800962992,22.090294213207862
102.05230395118107,144.51974517380063,43.18191401857216,21.7983568735758
102.43442220567488,144.66042183396553,43.215136515894066,21.76662418458319
103.38939151237162,141.6137792590489,43.66094917851683,21.465332308049273
104.52136250207703,141.36574562716282,43.870297880945,21.508776591942038
104.68957361945036,140.99136717314641,44.00293180545624,21.560773203153232
104.97959981019551,140.26526818284182,43.838187273611524,21.72762694071282
106.29505325278815,136.63381237498828,44.046531429838616,21.437290627800515
106.19030857587964,136.4259588660724,44.03355894910571,21.253307029501467
107.24835326419873,136.2264879222604,44.00326783601737,21.222392318748213
108.02131113999081,135.42244130718433,44.38767008236561,21.249890532420842
108.04631975286705,134.30884342175275,44.282820465172264,21.441010949661553
109.11551549897925,133.58464998613198,44.634374861467165,21.429310640765493
110.75922563189962,133.21298668480182,44.76568390089376,21.501473505651916
112.67373157026186,132.20023566317656,44.57210879746944,21.69340578381152
112.86316222284913,131.42957211732102,44.601578469257944,21.749775895770966
113.92501842076715,131.01351366446127,44.60056533413358,21.75938762542311
114.96762117802975,130.3486397080824,44.5451528436715,21.710573683818378
115.91863389815971,130.028505358964,44.26635166183442,21.747451211553468
116.48413057174136,129.53891058507955,44.052621345677,21.642696677062233
117.17961206024367,128.77938202378442,43.773872576321594,21.619165804123355
118.24172136130508,127.99585360928127,43.31482130589434,21.683340629345444
118.64286518289137,127.25470453667347,42.67195533017838,21.810845583604923
120.60055044883546,126.55716778960509,41.87265792985147,22.061860254156187
120.88486786328068,125.64469860636699,40.82480834328017,22.274467707088696
122.10981355041552,125.18142831386844,40.20303505487167,22.29845157469001
123.03188349837372,124.80891927350704,39.2319122316329,22.21193974007999
123.68153723704631,124.45633866344289,38.712862515766105,21.961930328799603
124.69333808680837,124.04829162910137,38.00521299805812,21.811998627772102
125.51440604908915,123.49413285436358,37.63998010675308,21.483018594621345
126.76630908132094,122.80131451932161,37.37271459824348,21.281598985522848
128.36543660720858,122.55258098593077,37.1052306589102,21.30641996489647
130.01719741757205,122.00248454413533,37.12622843401152,21.109000300612916
130.70850858068428,121.68313728639927,37.16864873702903,20.890084709616804
133.03886957986703,121.53243349970629,37.467347896500414,20.856241488115245
134.55439806420537,121.41849775179045,37.44110126107571,20.75705806613457
136.22926255404937,121.15135511302942,37.609481841400495,20.785263073843087
138.27775397454405,120.79764129569517,37.94271769700536,20.932121541374457
140.82050959405348,120.2009617293618,38.518964880838126,21.07458176447242
145.19635188007862,119.24747504051504,38.8104865236926,20.929113068343902
148.35624428819088,118.49983157181815,38.84129813538557,21.149765763679884
150.86892359142678,117.80746021236624,39.217186553449885,21.363033072122274
155.65485181622668,116.6756021903275,39.361932429289524,21.35844786764935
158.16826910370526,115.88522485208678,39.371800010399284,21.522159573473424
164.05793663259695,111.38851058239018,39.04223969474234,21.97219497779582
163.5872692539785,111.33456720538676,39.44311040836206,21.947450176603034
166.25917555752932,110.32666644943376,39.26681641698302,22.262024500398695
170.81086735131328,109.82280343704907,39.321870558296936,22.0178882376467
173.1600042330573,109.26275023165147,39.04637444754941,22.15807688377823
175.68565961215137,108.36615325739425,38.84964838326996,22.256491674654107
177.72076877830796,107.62399102506392,38.483286995994625,22.343567990396615
179.36074405857198,107.04349875980489,38.28567596068934,22.231958426638244
180.67293599337893,106.67844476469094,38.149246469203504,21.983275537616578
181.4935241223022,106.47924883561785,37.85362027162914,21.86047705047542
182.87002833508686,106.00424368756137,37.490890662282986,21.87413664334894
182.8227070663228,105.77452535540279,37.16958555390845,21.72089132276468
183.1570065391987,105.11083548486359,37.004915746340245,21.655828479805315
182.18789951917407,104.81625923054959,37.08460915936774,21.546423671176363
182.1305602873979,104.21421580770127,37.08988167320824,21.534780922642383
181.592400402333,103.978996956763,37.20397445645303,21.354016422675635
179.7328059186813,103.82846902728554,37.5364391901291,21.250564048560186
179.00634430886248,103.79476573747601,37.76068597143513,21.165599772967024
178.06597767000505,103.52800082486472,37.820685582729965,21.273939924289017
177.08219171416866,103.24541504085738,37.89702846093262,21.370385274556966
173.00458414074876,102.91393533867412,37.67087783171043,21.50845115666089
173.48878658694272,102.41510791448346,37.57647104484848,21.639757559626727
172.4786221405979,102.19632771291559,37.53066977625272,21.861316720363256
170.4998988944804,101.98224020332444,38.039645914407494,21.88248604205677
169.2377507239839,101.65588495319975,38.07602840843087,22.069385408921438
168.20863103814028,101.52604391239672,38.36456665688052,22.174743122885097
168.2465619739046,101.3955234526436,38.347450109963546,22.341742970559146
167.94823539106727,100.87586618879305,38.358100746970734,22.441755351825464
167.7154594588032,100.53536091312384,38.49467446041592,22.554468099761937
168.08211459519228,100.41565227993503,38.259670015016994,22.74898276951685
169.03035850954603,99.89769084288864,37.71470689696471,23.11031928792345
169.1236707457464,99.59374728186403,37.687629842919854,23.12139350609161
170.01032831868224,98.9493411385548,37.4113633134575,23.366960953995463
171.4384228630302,98.07087199331863,37.12910472669941,23.51657404820162
172.58485814678633,97.18239936625838,37.13973075838459,23.607198520614347
177.02739094273844,96.67442059269924,37.03346994553311,23.4152240723408
178.1800025285007,96.47254251099555,36.757284726431685,23.236883718662142
182.07452793534935,95.60136130373476,36.379967063216576,23.337828629826795
185.46841870847808,95.34311182318206,36.47874834120835,22.94992891119893
188.60292452475645,94.71831781248706,37.08252561474903,22.71049396238933
193.11300791117736,94.12664644808282,36.921898827563936,22.65918917876188
192.80213173992553,94.07761203209682,37.24770987682803,22.4110523887761
194.84461610373742,93.59317229691275,36.861284459369635,22.416737488874464
199.05123366522966,93.15422673178841,36.793990879964255,22.352807640004805
200.45494580786058,92.71853730937835,36.27195434914273,22.501612548839372
201.98818365907573,92.43538890280492,36.24369786019817,22.586292090086072
203.79875460337217,91.95033251388338,36.27989506767463,22.62686429337849
207.1766533126945,92.3788165485447,36.6366216816227,22.69993866971549
207.4623201076879,92.36561598445189,37.26339283082508,22.731917448753634
207.950806509466,92.38196537892031,38.07962218905782,22.523712425647773
213.20575141655905,92.33290518901691,38.84538812133168,22.418081122219416
214.25736976923451,92.4483339718354,39.34796229664178,22.4279180049343
215.22901789502157,92.31092195344368,39.54172621047293,22.608645112882815
220.29406573429742,91.71258053335495,39.95420446075423,22.72944027300656
222.13601288441967,91.26477861558985,40.29879116713205,22.858364463952107
224.31571202361053,90.85954537672148,40.631691777910476,22.75777668811064
226.6869279188918,89.88741138887565,40.80333679246268,22.6596900800621
228.62271532598962,88.69001219042487,41.33914208233199,22.542020377369546
230.9818927079226,87.98481628336236,41.91563433003215,22.326005164249985
232.73379690604065,87.05003396060548,42.82966403041475,22.26294999965938
236.37133047540445,85.64186891155383,43.66465090780041,22.11685367373618
235.42027440896786,84.64695296975106,44.39197444642771,21.818600096678907
236.83843459718395,83.07987708227658,44.894777557468046,21.71684312490847
237.81112705837006,82.41062608176377,45.118508416879905,21.74630338742398
239.3520298608256,81.11173547154804,45.368657052767745,21.757767307058906
240.50983265947792,80.37519692081203,45.59739468857162,21.633790165443177
241.65041064268294,79.93388268193014,45.52665885384492,21.73179591438233
242.50365654324463,79.29476335145841,45.50246964690642,21.687217845780182
242.66626613775776,79.33855228232835,45.15013495082881,21.878293397097664
243.2267198548307,79.50270834052014,44.72034027341211,22.134145065694824
242.55615332425032,79.4230893603175,44.93862148597056,22.295602105628113
242.61923336322855,79.07668494930857,45.00059233808021,22.482761420600255
241.55671220032644,79.21792948853258,45.12695931750987,22.618154099173193
240.59380388084634,79.20652783547794,45.11343834527169,22.712063332511374
239.52573845797272,79.36529080233423,45.13523174671349,22.740440944416854
237.86703154525293,79.63377846507464,45.269393475976955,22.956788816300858
236.94466282661512,79.79653451633658,44.930987297529924,23.075239705014617
236.11329654851946,80.2178310998055,44.96295572694358,23.031284345446025
234.30772346242722,80.22709215622253,44.96397445009237,23.082189953814314
232.64690470334097,80.49910896140011,44.94475136302505,23.196350050925265
230.1530561422047,81.43923019670238,44.9241181401438,23.230431387083424
229.65035917990508,82.04270959310195,44.63801912574765,23.168896125816584
229.21531456747817,82.30903434621773,44.053670737114174,23.30540346896932
227.58047822357096,82.94147397172111,43.91945901407046,23.30859706151419
226.19601978262915,83.12022126186562,43.479961818195285,23.209312693217427
225.3112035543505,83.68579383503136,43.297821108096116,23.076509703296193
223.7122323324028,84.2267595010783,43.14460016469293,22.901266465341394
221.94544845476716,84.38140022222831,43.027914147228614,22.679215995987082
220.32091655538258,85.35798031539748,42.5914134280229,22.81719607988188
218.88578824421444,85.8412524604544,42.60165656540437,22.521121014221038
215.56932062903823,86.67117253967659,42.794295145823924,22.520481285693016
215.59090550895874,87.05198881018623,42.248118033630774,22.40754403476239
213.6012493282398,87.18125571579411,42.37924724000885,22.250739624002602
212.07847297735933,87.38255095897553,42.3987403142368,22.07942781045412
209.67468519754246,87.69845925656584,42.5278905618283,22.022286954085
208.90693051521328,88.17115885130364,42.22878529197283,21.9661326190596
207.0489119346508,88.4797253867188,42.32709708078336,21.841228682073677
205.52146258738662,88.66179954360504,41.99746451577493,21.6907478057354
203.87032140681265,88.52488598347544,41.73082316514618,21.60582732448548
202.96448025757633,88.26196425536905,41.61692329313232,21.53803957275531
200.16287924635319,87.81902360677869,41.272123454006376,21.695947229970983
200.4149879056201,87.5847393794478,41.053709304484606,21.718492220429873
199.72533444329756,87.96978963265873,41.06339781329719,21.599494972140942
198.91040198647136,88.1791092674037,41.06521692960155,21.57688207556054
198.0428478088345,88.32696609251242,41.11616707888925,21.5539054515577
197.69608810620915,87.81283988837343,41.303321661752236,21.37204934123522
197.34156564913408,87.87720311953008,41.17753629178374,21.395529895866815
197.17806761429114,87.89407501460364,41.446038669041734,21.445414044943934
196.85303204948227,87.6496651068986,41.28126656125945,21.439343289713456
196.4525724078533,87.48978897864514,41.42709956560195,21.47556388041837
196.58382953181334,87.36304134595557,41.42006995828017,21.50016924833181
196.71128141982388,87.23953457314452,41.42073450777863,21.518217928746232
197.0505571974913,86.81959226348684,41.42078701881578,21.562395083843448
196.8885512789787,86.59763832159743,41.336866008102646,21.48581393058537
197.20035548674264,86.7162918773448,41.133480977670416,21.591164146742624
197.85647851396362,86.08093275544883,41.1137198027221,21.46800846055715
198.02713284269268,86.10236371190102,41.142360068851794,21.51221105972676
198.53592577677577,86.16815056278848,41.0746912190992,21.484808499933912
198.72934253766593,86.2639571110172,40.900810266445944,21.42280556943009
199.40733851245224,86.2776932994945,40.69994560378432,21.204586646683868
200.79755723302594,85.81620916135452,40.53577036013143,21.00027552213834
200.8957008122026,85.72610693876524,40.44847916839143,20.809631907662663
201.81691426677747,85.87255163246832,40.28672991160069,20.785586975737104
202.44502353856865,85.58928946284391,40.06512461970445,20.699797724936165
203.13920577106427,85.66140124681489,40.18273623560766,20.484577529782626
203.333591514226,85.67432814538542,40.29926771492523,20.3680933726939
204.37908570039136,85.4965631861815,40.22180196756396,20.519223630872027
