306.5,5.5,95,65
309.52202845861297,14.900452338051949,96.36094853779112,67.26373727641075
319.6129170899692,29.09065278302625,92.50213308232975,73.7657101962766
329.1828222409559,53.79204730327358,91.04060265706528,79.36612931618234
340.98583277492986,81.73717620210101,93.04123861731556,83.25612588254113
340.5309879912972,118.32876006805222,96.18908068854823,83.45870796753324
337.23275848194396,136.19079301639914,101.42490597636625,81.68497471244096
326.5592277084427,134.2818942638308,103.624006860527,81.27179039079546
321.6312282055651,114.1686874655797,105.50004256366988,82.61113047045193
316.7836927923512,90.94083081870323,105.31115552724373,88.55297352494705
304.82269288408133,59.159364557472344,107.1010943391448,92.69411878544594
281.4724454613877,35.404019559860075,108.31693571163173,93.03634412002594
257.53359533542186,22.025107038843416,107.77935276043826,95.96794197394891
239.24613469658374,12.12359973438248,110.93976140383721,97.47501618370086
221.22606510665764,5.517586261469724,112.35542319721483,98.48529046686768
209.05332664161557,2.710682232028084,111.75551133335367,98.42776855062279
205.44517926515763,7.9653001117104765,112.31751874801267,98.6333355332624
204.3567420169175,20.2745446119563,112.27224029611344,98.55357143206274
214.43501763142405,40.60354421451228,110.64292600557688,96.55642275185312
219.4957633839332,66.82584365910662,107.77483196531081,96.08284360753748
233.45045350103214,92.10023775276167,107.16858664932582,94.068200775452
248.25051485845967,113.54936934151259,110.16288913588679,89.6394047610361
255.3243095430337,117.95081199397345,114.30903527088907,83.39180991670094
257.9694674506336,101.02355010080456,112.92407347866896,84.81607781314612
272.06700468860447,76.60417690555677,112.57065282657982,86.53727812209874
285.8555875798797,51.75694172730681,110.4657046038438,89.86206998128421
283.02167048341533,30.61856556150989,110.29202420937023,90.75253843836633
266.18068832393146,8.714720249885943,109.94625949391408,90.16477084017868
251.11151040251855,3.026746270153602,111.6859680283903,89.9351127205418
240.93456744966608,0.702594476040062,110.06335628394882,88.24717267931331
235.85391989668975,0.3294015596378159,107.36190610486729,86.62094651260608
234.089114322011,1.2609416464239942,105.43518552433585,87.32086391860831
245.3298574123746,5.352982944531661,102.39342140476587,91.86010037604288
267.70302923584853,17.7386668287224,98.58316250513248,97.49791992455593
284.7064658762851,46.736398340603714,99.08954529725739,95.46947121353745
306.5695183201701,82.43351071219061,98.18250168878419,91.63554920473864
334.12682304558746,115.51374617599956,97.50147072916053,87.86608093215006
360.02982023295823,140.35989066202814,101.153125585376,85.64981277308117
379.7570076240122,159.77342665791144,106.70353061894184,80.04809020758407
396.71252551405746,172.32232673920265,106.88023669065794,78.67799695418137
414.6838846891117,158.6290128091988,107.4821045221901,76.9977855960494
433.19913140138044,137.00143059747654,104.80946021874641,78.89091236080255
428.95118380525577,118.71189888162377,106.00574145835897,78.20636113796708
409.6572672002243,109.01362511175617,107.50201811934971,78.33185917819054
373.25569890590714,98.07866649303995,108.52295103366764,78.97553625754193
347.80986017637923,89.5893343355205,109.81677769316283,80.50438482245875
335.0857211392097,81.33466630142901,110.66304504057325,82.01717891371302
323.6067271756376,76.13583649404748,111.0293791438648,83.56655285342724
315.3639996215484,73.81086740354453,111.09616550509507,84.88674335758378
313.56320166611,72.543380535845,111.56198370410351,85.62079112290533
315.5704309822165,76.951288609156,112.38751807192108,85.93732971261146
323.73586738536386,88.60969174262493,110.16285502057022,88.14220046288551
338.65431482557295,104.41050224805645,109.89443967811583,89.33771003673928
326.28145901837587,124.80610623292513,117.95664528054718,84.78715224400386
337.5929739754157,123.47576579193532,116.1854563393679,88.54735559741141
352.27345244337835,117.51116255183862,115.36188152929707,94.5191522189012
361.66863526592823,109.77226350748126,116.79135879496394,96.51117436004512
376.68693581600394,96.3153902318257,116.12433128795217,95.4374693580115
389.92236085643754,82.98293576051607,115.03221388835938,95.55518668075771
399.58490716619605,61.47131493746221,112.27232779655228,97.54230695845723
396.79332191616237,29.687147359058415,111.34219215572004,96.30960146585076
381.1861155503708,8.41308847474938,111.19906475668789,94.74900036239852
359.5232938509663,0.9574975766465528,109.78661001096569,93.79875389780095
351.393933969901,-2.5218887861191064,108.89173098769588,90.91910098704076
349.28011338401916,-2.9827240725713438,107.09062936923732,87.06153572010149
348.32448163806987,-3.68438025978719,104.3962805831513,83.30056720311472
343.8401128608276,-3.2181166631682387,100.70850206250157,80.01268379344616
344.86673941206254,-1.5407535539368027,97.52100487567355,78.28466000284736
349.39017221546203,5.04615881469234,96.01766734886104,78.86597843117745
357.14591351648943,21.83008377008921,95.1357318659469,78.40103760851848
369.41824423260243,44.27234913950779,96.28640200720724,77.52191229570671
