177.5,51.5,21,129
173.30465061466919,48.59321800581165,22.409705022950437,128.8034288145791
172.24554018120634,51.01360116531495,23.452309768584026,129.9927862062048
171.43593061828105,48.675366132093274,24.371922714243567,131.2974525121196
171.1831423965296,48.55052096870263,25.04568105395616,130.70929650015196
170.9934136712708,49.52445111339958,25.61655284580433,131.47002004254517
170.24144401427998,49.264046369336,25.448621212901784,130.96706575484683
169.99500862657678,48.695360139127246,25.68845191300607,131.4503984747019
169.37186635683236,48.63004121191558,25.63798817196971,132.35913366064912
169.12925661765294,46.56522391689893,25.877144134784587,133.46713057253606
168.55585101685355,46.218561323966156,26.121721676162302,134.11372366426275
167.73726753332855,46.68805886945056,26.368517797417596,134.82066625449207
167.29155047842826,44.40492881051479,26.771538871348604,135.78530045302156
166.12557041226682,44.70321015275381,27.229251810335,136.4985648578532
167.4724566759514,44.7817315097717,27.497948145499365,136.70876623842764
166.8847982747151,43.869232296817444,27.306365099987644,137.98134488265129
166.11782656217318,40.80574265755939,26.993467070565597,139.1407948642924
165.63565105716597,40.12014192411793,27.45750956693868,140.86630243297432
165.91094156899294,38.0791876234711,27.924466613963435,142.48563083025797
165.8491904068688,37.77680634952232,28.39550141916688,143.05825326101692
165.2715201721191,35.06260604430088,28.438787183046447,142.15102345458968
163.97318989516415,37.849524532391,28.958547254778562,140.324168099198
164.34003890746243,38.80129594549227,29.2002669633745,139.8467437660756
163.51217227344483,39.05469909663499,29.30548624863681,138.2075910721123
163.57176223396135,36.449546679182305,29.224272865824425,138.23188840732286
161.80266261690917,36.95136112515908,29.32353682008258,137.76588941773213
161.53840892668268,33.40768332245531,29.48304361664848,138.13317180002565
161.0839072152944,32.47137151528962,29.78835552111832,136.45011203995213
160.24141089925683,32.627302117614974,30.48733593281075,135.43077582872107
160.08955466449936,32.70301967701326,30.64771660639485,135.19734721946696
158.93125966359196,32.06721117270507,31.32493211365706,135.12746323054
158.89825816869796,34.84763691797457,31.70898498132705,134.36192557514505
157.43130828197403,37.714916237249525,32.29899480306899,134.01985732355803
156.20431346990085,40.04441924863207,32.35665764689613,135.28038169248606
156.95254278505487,43.96731181620045,32.975067180650576,134.4755220601264
156.77546072516043,49.7917025722808,33.83921627053224,132.87407617266052
157.04344456141578,60.658518176339285,34.83642990772154,129.16556283868906
158.2544145754777,63.53237521580432,34.45247019766714,126.57822530852607
159.2711320743684,64.22425284909059,33.79736400008715,124.76318004127643
160.44002438240403,66.28009572511806,33.73290578095802,122.38606765347929
159.29758124413806,67.52287439561479,34.079992246126764,119.6035789562942
159.38033696421104,66.53260964850395,34.05354858993258,117.53602705250563
159.7109450025869,67.53871307140213,35.01334782346836,116.00106333214796
160.42635528192736,69.80586378310997,35.85663805885479,114.94334348221861
160.03880818519923,70.01778382536895,36.82543430931503,113.38891212439286
160.61687543063056,69.12147402259745,36.74286542075491,112.28522426152153
160.7880417326721,68.8300291951331,37.55557284238289,109.6637882404859
159.82754062829807,70.36946282410244,37.70064345437499,107.98181806010763
160.46290393053027,70.39208316027592,37.31126402932338,106.70118267149786
161.5392055622454,71.60509744437257,37.02670120835987,105.81420504000346
161.85812226048714,76.4209817146374,38.92985983343707,102.7417044972155
163.0647996346613,78.37309790106517,40.993463359930075,102.3250800802926
162.68965020760464,80.7443987897671,41.417560983755855,102.41323449032767
162.14763897059987,85.6913737019596,42.81959375816325,101.9733414057498
160.93732826909635,90.24704885556483,42.9234798935311,102.10297124685479
159.6272305735851,93.52825721870565,43.242284398246866,101.8196616143842
158.20763712515037,94.77464164512908,43.389654965160275,103.42567482406784
156.79515867190366,95.19617776338981,44.12701020997159,104.47762819847016
156.6372795850988,93.26423612064175,43.70466105993471,107.15418850976125
156.27983198952242,92.58578493323412,43.22236084035903,110.24924756086894
156.85838390652762,90.41212319929845,42.63455938643365,113.7194840317081
157.31038850756192,88.65985912006295,41.85391933422878,117.78534864790845
157.99908338727877,87.62331594162694,41.367620146675414,118.35882899148243
158.5969375529254,86.60801767652266,40.50040502307522,121.22480136712326
159.21234549697868,85.83429293427947,39.64207399777311,124.27490981481307
159.19135610536267,83.49514746704115,38.74549730195544,126.61573975456926
159.29346919378168,83.73021308186962,38.305000578204265,127.02564249479147
157.8931078825059,85.23218402254554,38.09876137824611,126.6796965526944
157.090110205893,84.22068262290104,37.681847805461715,125.55652206011328
157.42134804694965,84.09750093370066,38.04261006699772,123.76777925641565
158.79784310614002,79.24520719843223,35.80962910865879,124.78809396083923
159.95006059563292,77.42951393487097,34.36805355760192,124.71406595434664
160.3332030734891,74.76448343389953,33.999790866131704,124.70324656230758
166.5148381584761,72.07652318432191,34.86921150731494,124.20185058654826
165.0406138526066,70.88288603963534,35.01002814960202,124.4063458022062
162.90012222626856,70.18599615800528,35.17100913253323,125.67732223504485
162.54100842837917,69.36916413635096,35.20469669497159,124.33702754765588
160.79418701025736,71.1592744713663,35.737220833095066,121.5636393103721
160.01191785121864,69.04492242185967,35.83256891126623,118.93556192668883
160.02861162513304,66.06093557677463,34.80023225292943,119.69998146341653
159.59452734789468,61.087792367467564,34.77833650829956,118.511651030224
159.4525266943548,54.60818724015586,33.36352401933594,117.75418743383423
159.701464079384,57.81400190623313,33.576594974718496,116.26926393892944
159.6950445242999,53.38883632690619,32.94780248164575,115.51508479027132
160.4443394981567,50.86131800929201,36.79376505086939,109.68012775789713
162.15748944941186,49.076028120667274,40.950387130170625,104.84569349706067
164.04744062386615,47.73820721407628,44.49599814414654,101.64418239047336
166.15754912674655,47.45902265525002,47.10226629539871,100.58947994726621
163.70938026296122,49.65443315983805,49.48701854895508,99.82959770647699
163.49925895096305,49.54265575514782,49.31372026604528,101.33808334109091
160.56220350739977,48.16147734573349,50.07645439078172,101.63751234162123
158.59474603913498,45.12576641959988,50.44115815520742,103.93714321259573
158.93106514276653,41.93110625292988,50.89467890065733,105.6234997168952
159.75393923569308,51.99195465254981,51.08111049957898,105.36774491899811
158.9708882603052,38.69134024502718,51.146867816298666,104.74704227652384
151.49644079201653,42.18854070453037,61.589285873756154,93.63486305627845
146.29437919224597,43.624711109350855,68.69226614231273,86.02735092858327
142.46342383241077,48.43710614210326,72.79428945277296,81.11183324772202
138.14158471626513,51.02511286854499,77.68757071812999,76.38826285809769
136.29033916742188,52.264257597808715,83.03135200365222,71.21648360960747
133.7295869939107,52.63926068919259,85.81153059078687,67.66886285240734
134.49393283277158,51.976587766352694,87.5753553830206,66.67215645771543
136.7363228398483,50.84410176749757,87.27160707281607,67.72248831489223
135.9676271157158,49.61868313800922,86.43909972499952,69.10870364851493
136.44473092493237,49.888456087977886,84.49844447425365,70.39790406739473
137.5128046542821,45.43576729795385,81.07982452428988,73.67230306315325
95.57913306002075,55.84802257563943,81.3246777836133,74.1635426298524
86.0307794962356,56.919270736695026,81.75402079070022,73.66677751844983
86.6122940969737,59.21061595986816,82.62147125879494,72.65718954631622
82.9079757891009,61.459091950760985,82.51049174752636,72.05671931692619
79.53126773827401,62.379418764658844,82.21646350561326,71.72014109711235
79.82928605388247,63.44100084042882,80.17200575375274,72.47296066062977
79.59808840093402,64.21061426831747,80.4051527594549,71.86554627004334
78.70283387671974,64.82896322357782,79.57608654581375,71.98132281058773
75.19824659559376,65.66910398835375,78.21337199368583,71.56683198194833
76.97401379740977,67.62045408464984,78.07533265383555,70.52428045764535
73.56049218382115,68.98423878166945,76.96885174923787,69.29407725356279
75.52037543276056,69.8428271363901,77.52440511372478,69.37429028983377
73.43530182107054,69.60545598318865,76.75983706610874,69.36061529863497
74.04651553887814,70.20305024388188,75.68163835711896,70.33820109212887
74.08494398188034,70.63940943364226,75.53072673819584,70.43722164712503
71.81813373679451,69.79835725132045,74.36349960263507,71.12074519836072
73.72474374579284,70.57978159651262,74.88877007078345,70.07527543425357
68.57880101647103,70.27119726410851,75.2385092281575,69.34322847234517
69.65873825844847,74.37368789195186,75.25842023423866,69.15793963761794
70.55833144214998,73.51872741762097,75.40647958388428,68.34426000797163
66.81926681006883,71.85546230260204,75.59566031212741,68.53345517598252
67.44409469405363,72.23393393235193,74.24345200355746,69.63757432397631
64.0544004090435,71.69953256225142,74.84967954376208,68.646112476775
65.61024913838006,71.41827645380596,76.33056240353989,67.93078217199842
61.65901491005754,74.75674422285613,76.47423130726743,67.79610966490395
63.18025675964803,71.92992514279578,77.11384242047964,67.94689919984152
62.59750191920031,72.29153522658387,78.03484444587372,67.41383899384657
57.92305467806775,72.14924308834537,78.64540141135417,66.62410545740397
59.938186982703385,73.1068961582274,79.49352616060341,65.64447934941634
55.59906413011856,70.43094407768518,77.91591821281895,66.43052419272125
58.64335959434293,68.86973344609937,77.25909570172861,66.84663518367606
56.27724431025592,68.74280517475873,74.80264419058746,68.23406656976401
57.14517629972017,68.26778768847461,75.85713994714784,67.94898863682994
56.580683465695884,68.21926246240051,76.98698460142279,67.2304177725452
55.41920064992172,68.62807120033494,79.51756389485638,66.46904499409811
50.07815983947724,67.01366463049463,78.83310556060619,67.28149417923467
53.130051783245726,65.88434270855988,80.29981441751501,67.65053226252982
48.430408178058485,65.20091974301018,79.13452071053109,68.59173525620744
50.0732750478549,64.73424480298175,80.43809570964676,68.14147131141992
48.64405544944501,64.78772340150788,80.94739688499742,68.11029290418597
49.09606619489111,63.252041200993204,80.19998865461281,68.4804558663115
48.87478117230506,62.43845543665103,80.1471080540997,68.45807254632489
47.014909620638406,61.904825804977,80.77356202054642,68.2608162905308
47.00957133950327,59.57690040780075,79.8207438647419,69.16850243110522
42.60675859294153,57.61021264265223,78.24191749171547,69.78720382237944
44.07590128303281,56.34796763307652,79.46011242388032,69.93553703458505
45.3338376342797,55.83026235015048,78.50345586308728,70.19604877336118
39.27124131817871,53.913198589475854,79.04584286174435,70.06943596687535
41.98527742286292,52.84032727873342,78.95701072653364,70.579709270924
37.57798865603876,50.99742565872978,78.05624478484016,70.95707873979785
40.808418712557206,49.887775850453664,78.49181945573882,71.06632839335265
35.83149056993766,47.294247282007056,76.17048634125868,71.88182734085377
39.268672207041625,47.410598448596005,77.98118070712643,70.91521337418436
39.75010051607099,47.434532256884694,77.09596654476476,70.91846751031613
33.748617119554254,44.43467758844547,79.03329574929725,71.28423853466407
35.12746500675937,42.19678460944961,78.99561669279778,72.17125624886611
35.91889947126389,41.610220188031285,78.31190308252577,72.69048071328861
34.96845842506204,38.770273965217285,79.30458377846418,73.09466686771788
28.980660003836512,36.97999787217008,79.4081141231125,73.83165931183841
31.130029983495767,35.08284113104142,80.96052706067509,73.46003823141263
25.916390620589006,32.89814822599378,80.77946933781918,73.78068889975376
28.032234782586627,31.127635222578483,82.09477951464791,73.42821004856738
22.0531527190765,28.28516808232699,82.26928752136787,73.94916384506158
24.332052370189857,26.043050815074537,82.53113791549126,73.85735238957625
20.5438481140267,25.722993282626533,81.82237110433124,73.73094361642904
21.83524049063235,20.869018203334477,81.76096415301508,74.45125816252536
16.757571842096702,18.927585648930958,81.04465933735445,75.03983439765992
18.26961422667963,15.460979011869078,79.5770155176286,76.0448498110659
18.8638623276457,12.2349656023896,78.99175730226109,75.94501200600142
18.015410959175334,9.012745466665379,79.47088886667832,75.11297303321768
17.029846964763223,6.04454569846294,78.17151595714134,74.78298176914649
10.904346814154096,4.030786714670036,76.99091378033225,74.83435780710583
14.446497054151429,-1.3735605729157214,76.57994742204168,72.38229207496533
8.324998003412766,-1.731913126144626,76.94952957655856,71.70712930537029
11.9432707668713,-4.221696216609402,76.58141084941566,69.3248304426597
7.062073019418648,1.5193277065614765,68.37353809480925,77.95577774402302
9.776521354946581,-3.7808107770997736,61.052497458985926,86.45156157017121
12.155432027500595,-5.809948066271417,54.91838841513217,91.57613809038614
13.12796740253889,5.782474224237362,52.373964828446695,94.09349344528167
12.547233191447802,1.9909306226136394,51.67132695313589,94.58567545901495
12.149925699363877,-3.642118202488568,49.92839434895535,95.93730911233216
11.724849269593978,-5.173381444435535,48.890215914435394,96.0539468385204
11.04051103761918,-9.990236967749794,48.674824676091596,95.70146422822754
10.521094675350216,-10.600382238051367,48.58849849464655,95.42135589454784
65.54968868227616,13.664227169864631,43.848861139974346,98.48862984604983
150.4006026532103,86.4616577178315,53.308013422715405,88.85542341320203
149.7945109624377,91.02142948827586,60.628941902374656,82.13345095919686
147.42149728842924,94.21231265747349,69.98545241994722,76.67266119999088
144.03713337583912,96.83606237586815,79.50693994018062,72.12109593964658
137.7483587024721,98.1882812960684,89.74167722560483,67.47226720626361
129.13702314552782,99.11000190640618,99.77653362696896,64.21923288027187
121.22156979952518,101.58454976077613,108.29664262762901,62.39039311864501
117.13452229037296,102.98526286633556,115.9938921728824,61.01781577017417
112.1911482561585,104.07518108718958,122.82714411895107,60.179476988149375
109.1585615800731,104.42744611815262,126.89486425838385,59.76995513855124
111.09519231836418,105.05452659855456,130.13371816494987,59.05761088917312
108.81230797082364,105.31814880797357,131.16471780180342,60.0921900768262
108.70231890633073,105.06643869404243,132.3471768930657,62.903720780228625
109.65454761241861,101.75699229915482,131.62201668967595,67.60212163618124
109.48281431999969,98.22668029286608,132.12381264215142,73.74773018969805
109.30334624629424,94.34766222346127,130.7122023532525,80.13429718845487
108.86992468540902,90.23654069338258,129.85524851133124,85.90408210537798
109.42019911191075,87.02970748628559,128.49575985568114,91.96489584723349
111.18218484499934,82.15268389552568,124.43578265410662,97.84298291713526
113.90423023826669,77.48359160329781,119.8152348797141,103.59480776228742
117.92489668815932,74.86641246767984,115.90903095484337,108.38996679450779
121.03355170345367,72.05240601682964,111.77533980357293,112.24864728730316
120.98574885149037,69.32689726928082,107.55525832793408,114.86053151976651
128.35603590043172,60.388451855516095,100.90003045197525,120.08632028125592
