139.5,112.5,51,36
139.01733057997328,113.09610859191639,51.441477610633726,36.82019846367393
139.08744096685447,114.69464946781159,51.764941067914215,37.3521163265991
139.77686631247357,116.36248193940972,51.93080363541929,37.67509272175123
138.78788371219704,117.82532258929608,52.27107352347237,38.03518231507545
138.75946135238686,118.24857814189274,52.52681122390668,38.177697696755764
137.9727393070089,118.49230091584177,52.60213691408886,38.28130861496029
137.47696292295012,119.36784092999577,52.803814234456354,38.39861878917459
137.82204265202225,119.22992576168994,52.729436739183654,38.30474505807916
137.52387269835748,119.13564254863115,52.826943079609094,38.36166580472287
137.75994037123985,119.6925352957744,52.91404062445031,38.3756017393075
138.11720684595429,119.54353660554875,52.81584628567052,38.30356084880849
136.28677614253286,119.4775646734123,52.62437438524717,38.101345905088465
136.09459999335405,119.24088710197768,52.84902257953889,37.98190358978587
135.92891674862537,118.80409105829428,52.8054294511431,37.96210847870449
135.36296656361546,118.76978261078779,53.02833973603792,38.039645185525046
135.8691029492366,118.18479867225228,52.94546711080321,38.21172735855552
135.70593748397033,117.24818324883847,52.839803036920244,38.15533805863175
135.2598508384099,116.42403497901262,52.8231356121559,38.15715427639928
135.4265699578322,116.16699960033426,52.890335417191736,38.0644781813581
135.78359041794425,115.46571352170615,52.76498537392841,37.992844487059436
135.18205423704154,114.82944545628703,52.66071401434408,38.078371640961336
135.44996525373668,114.80791686974332,52.702227338619835,38.010783884937744
136.19942140750655,114.6031700266837,52.482276689557864,37.91197452483051
136.43574830504716,113.13076620604616,52.587235711764095,38.00671121273643
135.91133723217806,112.98305711591661,52.6919972338565,38.096021746768656
136.1528394820995,111.928263556862,52.739933683930474,38.108925362680594
136.75784166686267,112.29030040350237,52.74139443471966,38.1235598674704
137.09777447098196,111.20119441775054,52.56172063422801,38.1620268419495
137.81741904971724,110.75619800855077,52.417620857403165,38.22500932681099
138.92444757655298,110.08498591216296,52.40020787149596,38.458969636186644
139.10202888177247,109.37071501635926,52.401847009332755,38.44184332648333
139.81455913971692,109.25332338735709,52.329374193334004,38.515190712171304
141.04055641006713,108.94144667388387,52.39551114715566,38.65681486331894
141.11695181855657,108.68478075745074,52.395873660264414,38.63072114429387
141.31225571626237,108.3508010902992,52.46687758279222,38.67870610382583
142.40693068791924,108.66676409359656,52.82694179734591,38.74737905238557
144.10225439554014,107.64298230794196,52.938009565362144,39.089670545180624
146.3381571204345,106.5747661324832,53.17565531415137,39.23821980512526
147.93282230687896,106.35488095446095,53.29116145287436,39.296236746300465
149.98470700599373,106.1704720458076,53.47130185231329,39.43222111853498
152.9708916932026,106.37375164376635,54.0654879779261,39.39560166708997
155.5310491388925,106.06359329491207,54.54190904083086,39.67757107881259
157.91892744862218,106.47405171252979,55.044228593246544,39.784417467225225
160.42235538224546,107.62633863715837,55.36960472444359,39.866229535631646
162.36052636072506,108.1524674553437,55.85734081237575,40.11800017188979
163.60463857074762,109.21201117516968,56.3434806730313,40.53268567764186
165.38426095305465,109.81658031945261,56.727935745148244,40.85064950184609
166.40205065657574,109.72469340350703,56.78469370802486,41.08846053961216
168.97067082332927,108.03138449410127,57.13287455524288,41.27754165149925
169.73651698429757,105.99563132068876,57.643444549056454,41.576266864672526
172.15455990435913,104.53367324225088,57.72252604062888,41.64239302826215
175.03420416406362,103.56392021251149,57.62351107316081,41.77304176600175
176.16130887386473,102.01185189838934,57.86106906002219,41.959233486103955
176.9079324376318,101.19847720120427,58.129084826164785,42.06952019679642
177.79190827787247,99.95799560845123,58.65351991593191,42.07949010189175
177.57047958823983,98.91313486344146,58.8225057839762,42.2458110706329
179.6833806330531,97.01710166646004,58.89074103642124,42.430484676662374
179.84244261451306,96.89298910091442,58.81788550778745,42.609763870894966
180.77879620125572,96.9156352055588,59.05886799532813,42.67021373615539
180.9668163543051,97.02505124874037,59.33117566305288,42.787430014431536
182.2381464340901,97.26343876596937,59.28379481561668,42.87610988023829
182.92623581445406,98.01403636464002,59.47101024376966,43.02502528527583
182.91831209349377,98.24494012958596,59.45347152227673,43.096111532277575
183.09742905541128,98.81819995075818,59.45579905869829,43.15925003583767
183.1141959371758,99.5484506555749,59.69971323408831,43.28802935072967
183.1887174603425,99.67373045592458,59.779558371587065,43.23265678225307
182.78576069756232,100.03937839945418,59.693600683234465,43.10624653295403
182.99134252721043,100.53353782857936,59.561461028874476,43.04792416518219
182.8649110693238,100.49203660638197,59.59960210104749,43.12219385577115
182.94273762584157,100.2830024222665,59.607094381145096,43.07450124792596
182.97954006015797,100.86802097159361,59.59911225200612,43.01897122839618
182.32390548533184,101.04948436436042,59.58848377573527,43.05369107863336
181.89213967710558,100.19972552970232,59.80982779682034,43.12294398888585
181.56657266446993,100.46782183738326,59.742702427922794,43.0706102867072
180.33511638745955,99.8078693183989,59.8315922596993,42.92762374600159
179.578612947232,100.32401541334987,59.548209798800016,42.738766247528794
179.57427686973065,100.54743348799431,59.215159823027236,42.771612126533526
178.336453373706,101.06923186932204,59.095806548047726,42.79120618171102
177.95346982656264,100.35776440379472,59.10277304295013,42.922719460925435
177.09244957172712,100.40492402373667,58.63244719100317,42.88432962479361
176.80698977046518,99.75997961527798,58.420671142472685,42.98229637311511
175.46331594783015,99.78342580638792,58.16055718267068,42.86171233221956
174.53521214199316,99.05562179237275,57.96817604159813,42.81829906851713
173.5727387803729,99.16988231715776,57.88239035250034,42.61264500377641
172.17847610666038,99.48825109908432,57.64221582504747,42.684692854619
171.61699500636436,98.81221661208508,57.64400535908982,42.74880857105677
170.7143170783164,98.43753568493693,57.7781354289766,42.84355716889859
168.66061650007583,97.49339623243134,58.24547163070007,42.770244472538025
167.5022255565104,97.16961387274232,59.01861743422802,42.903160515997484
165.89142214471332,97.39078317572077,59.24007739197751,42.781323356764524
165.11217537656893,97.9240771937652,59.764393744161346,42.89564328538208
164.46582691676008,98.81521244942103,60.167376124727966,42.825265617316894
164.02718748966444,98.66644097653545,60.353304399657475,42.90344575283392
163.88092767661846,99.32843877833336,60.373539279579376,42.83595754593611
163.08068779379153,100.0613632420064,60.29070531785443,42.90743030533473
163.71037552104946,100.7164693569323,59.636375599174556,43.007483878820054
164.1971832827374,101.94056471368478,58.938199487200464,43.11686886798229
165.65136387893057,101.99222153995689,58.54122755033779,43.4716144071419
166.47233383156868,102.47419493559573,58.23241085215389,43.70975513741725
166.04616846795395,102.01745027803932,57.89177344927163,43.862752902561326
166.1216456202534,102.24986446345306,57.699547469294636,43.884173203742364
164.85136604498163,101.52068929756479,58.02780703449577,43.82282241228132
163.93825969139334,100.20903341633078,58.30582247223267,43.947614277288395
162.56546671730482,99.92550907584663,58.6009007795711,43.79588220225997
161.28465468729541,99.54519894801226,58.97892822856695,43.8891963327647
160.8589724499415,100.01489774216279,59.632134975556426,43.73017792060347
159.42298467769172,100.1889784381088,59.61781853931258,43.73076238142025
159.43344856278438,100.5086609865326,59.892603716972694,43.602334856098224
159.75990994890554,100.62115967376042,59.84709870700987,43.61178597416959
158.82516390230612,101.06850305393783,59.69189969531984,43.64143344185356
159.64071777950315,101.36575980144654,59.209055037735155,43.756803219484
159.85201493840873,101.80554821306671,58.91597460947516,43.748481317203115
159.89039659025713,102.44552956370464,58.61145859042916,43.7256006014009
159.79819851107055,102.05439481267994,58.62453930230626,43.896945740314
159.3765000229336,101.23322305412873,58.49611628174637,44.2060448144767
159.17544232136538,100.11357661395769,58.481519251783055,44.16871587627627
158.81089900584726,99.25593134628963,58.37123479765238,44.207817585051416
159.2192457015299,99.49480723910636,58.18915819848911,44.12153191036272
159.26074525121476,97.89020704073522,58.32539527930566,44.20899554219716
159.43494545748698,97.6346309827086,58.40685665074254,44.15576659526593
158.5458498855401,96.82106111133402,58.417684603985364,43.96183542851496
158.56123455854575,95.5297260561864,58.86239372829955,43.954474868644176
159.12634298719524,94.51462820289578,59.192125291525144,43.81005376156577
159.278992811243,93.35836511331746,58.59649404133306,43.79852975265782
158.4933681140561,92.66136649356243,58.04778288921335,43.7163409551043
158.686662155357,91.57030972168738,58.33096963695286,43.52341992816042
158.9812092693293,90.02379429814978,58.27479654443386,43.47898434457155
157.55091795763568,88.74077826137133,58.17528137805671,43.80906451764629
158.8192425221209,87.77674271209784,57.9233042709521,43.837632623563266
159.3543156504926,87.37135023117202,57.76113690653505,43.54195617966082
159.90433895395577,86.54578370066878,57.75101880741355,43.305188768979974
160.1978667206067,85.71193026706385,57.5426160553598,42.96118093930569
159.8832511787853,85.35754603288603,57.6068839770573,42.89351307877337
160.12592984020242,84.90834435797314,57.620104517201014,42.47589725116233
161.4874119679767,84.57326281127538,57.49257397365808,42.04350137410647
161.10393372814505,83.78274038613746,57.63190457069578,41.861530477312016
161.1347831484789,83.4199097325697,57.629344992912905,41.834264838761186
161.45160130196248,83.76111883685451,57.60898522717882,41.49504594287849
161.37056265155456,82.95956608916589,57.5879835833116,41.304930560608334
161.7043064883687,82.53987409761007,57.66636202954492,41.161798910613754
162.2241459329836,81.80366158483923,57.599189067401014,41.02461492832005
162.69350423529835,81.91713291661642,57.52323038399041,40.88078844596045
163.16365802203856,81.80397432634318,57.30673360247927,40.73283387605679
163.13938038287472,80.57848839667446,57.2361162555633,40.70197370795893
163.8669301491408,80.9990936268218,56.98948575627237,40.533626611883896
163.73333640339825,80.84209260738389,57.093934611621435,40.2078373409262
163.6290672702983,80.2470036768898,56.83203800352515,40.33986204944855
163.13279512792315,80.05898866114319,56.45129890204501,40.33654904810486
162.92310302898932,79.5251991567905,56.595584239648815,40.33164880876335
162.8804507142873,79.66425744237364,56.72756944242688,40.3169251032549
162.66690354112575,79.80097270072146,56.62061803288679,40.205557276221235
163.0301666256659,79.32772876713854,56.85695775287891,40.19667561127877
162.66731278076338,78.51845969526295,56.46349906847742,40.19730766143255
162.82723536576486,77.6997680943786,56.23424691611214,40.21445518166743
162.88243097599948,77.41366296415771,55.94926980189273,40.200349512219525
163.81093411574267,77.58412298870375,56.2722256806095,39.95034462896902
164.04259998829843,77.23771471749048,56.01735508602499,39.77934312196473
164.07982968234003,77.1927932356078,55.98947876184223,39.792577055364156
164.42236854614316,77.19394715002699,56.226345652461085,39.574622214530464
165.02575820977611,77.74452853317094,56.237334875114314,39.55680927219427
164.90817501580466,77.27748525947378,56.458841327612625,39.57345963708966
164.80660344025839,76.79436773502417,56.648291609831674,39.62004663472699
165.24519019336142,76.78696754697052,56.850028216006606,39.592209875000776
165.33204118284817,75.71045009115733,56.80039521248173,40.05091325987085
166.67488625048662,75.89539297861683,57.14117240050805,40.25258739095773
165.8868926128653,74.89494925352422,57.50317387500756,40.64483142855292
166.17723350314333,74.3487587459507,57.98170775931513,40.76120021378051
164.98469550053207,74.59068302044403,57.96433081882839,41.065054165614015
166.4373732260436,74.654662536805,58.405257849952534,41.03337989491694
164.83620997077753,74.87581786930627,58.29570091093023,41.19635368235278
165.4286190862045,76.67227728111631,58.672596971648865,41.68440705340433
164.17876241254612,78.18915607673623,58.52956243993729,41.516971502722356
163.98827055728762,78.87177769266358,58.599022802361276,41.532701729157736
163.84651847915214,78.5656804184772,58.602340931343825,41.69721055899412
164.3966274345361,78.6862840808115,58.75486185400331,41.76996664756403
163.3830595510925,80.88813179877982,58.98414665443698,41.83959980202046
162.85634565518018,81.67128195075466,59.07566169506378,42.322055620659924
163.01164667147097,81.86224570246613,59.16376770796484,42.51759067121495
162.0786051372509,82.4085538308209,59.248028691024444,42.813409301437765
162.74186565530536,82.72748058256508,59.27217620445316,42.83573755873738
162.70121298804372,83.32725853175576,59.55712346025827,43.236364551248045
163.02280747225035,84.34315708317283,59.73706891414724,43.63290263823325
162.6105849677546,84.63684713845649,59.693168722123275,44.12001414772972
162.92712957884729,84.96129764544857,59.929819688059695,44.6869693282417
162.74722919705826,85.95067287969765,60.13514914364483,44.99288873584217
162.65121390178723,87.0562290759615,59.875471417383864,45.32107845398648
162.39200397269735,87.17377437328783,59.94493085209412,46.07747595843202
162.91882054276869,87.60833684487837,59.969851269347366,46.61788761536385
163.90166462919566,88.63606604341342,59.59866900259847,46.9775121498123
163.70147280724353,89.36294634319329,59.48624265466616,47.15086370044483
164.1848730462179,91.5277149597025,59.26175645579687,47.11303445998013
163.30174414827042,91.91236601060156,59.441091367704445,47.510661126339954
163.49076880548373,93.18964092898077,59.533188679511866,47.61658082159447
164.43445401551713,93.86419970361511,59.63257637235243,47.73727375816562
164.6068151444502,94.47882390640197,59.6916580292717,47.855292622680125
164.4257244335629,94.96287941673636,59.587295508356405,48.05099793482841
164.54659404750527,95.80773511377402,59.57168315992532,48.13091482711479
164.61640105952685,96.70557447307871,59.44828137574363,48.12435022612776
164.8192888165413,97.80600477736017,59.291126803949744,47.9238439075734
165.41306256166223,98.40942004742382,59.358568103266286,47.74800361040416
165.27551270642695,99.58177784756276,59.35295568605129,47.706440809732605
165.07829776619602,100.55206612617799,59.42251414565288,47.7908619636838
165.12273901863213,101.72829745943767,59.286295829821306,47.870520097182734
165.07607238408298,102.1965571805548,59.552553721812984,47.99789897991489
165.84289075076043,103.13862965729146,59.68622567662182,48.15728615954403
165.55072956337057,104.0961797825592,59.95797443966521,48.45986993954135
164.80523259186288,105.52991313392201,60.29695889552855,48.6305206455682
165.88900983400094,106.38026804084072,60.57595668786371,48.62191552895827
165.51247166940942,106.51719558683396,60.65800797928128,48.829023041256036
165.5530852770824,107.83712192251409,60.56414642605556,48.83307100275407
164.88608542316234,109.0971200970672,60.836799483772076,49.015833681128925
165.16580178907364,109.80165587948386,60.87889438323233,49.0338987759178
165.0369667560357,110.55680821979067,61.02915712529211,49.093041851117796
164.55893380484,111.91135498825051,61.15936157367348,49.4561283469282
163.89778235288549,112.98645500188024,61.45909517883834,49.77988371250625
163.75373395041493,113.9855386482823,61.433889317830534,49.794883085733034
165.18879076631524,114.78514243791105,61.49791469932035,50.00756253230868
164.84852171102693,116.57423205555416,61.75129198059133,50.3102078629099
163.92713026269274,117.09648361704538,61.915257009026945,51.109441388487035
164.48527345471433,118.16341953765512,61.918575212538684,51.521069587321875
164.5003292139123,120.02469205031053,61.94971675752352,51.70216364015129
164.3010383401677,120.80532600819026,62.04963551468103,52.07601737985602
164.51446800018783,120.90644946175925,62.16123710496109,52.43923878402784
164.07683403808386,120.84362190756345,62.0887890910777,52.79197872282278
163.413191550993,121.74054012067897,62.145055440953726,52.88682728461359
164.38494362826316,122.95569766207635,62.40596207781047,52.97809289792479
163.43658011389698,123.42882832850036,62.20341280229785,53.33932692068286
163.08791447212133,122.5737272615393,62.44935712748848,53.546065547906345
163.5999880349214,123.40197023157977,62.52575743478781,53.72379191098704
163.1598624753159,123.80728769733324,62.65330190707958,53.90033441106351
163.2277031368636,125.21227312268394,62.84394904038602,53.453792391462585
162.5932743410254,123.24515725035602,62.845310880681495,54.321258589319726
163.2598849275396,125.25571962942229,63.04401824692921,53.854839212580586
162.52369624600917,123.6123239884007,62.9740961009416,54.5660274863535
162.64493428247135,125.38902812723818,63.18222643375226,53.84880680976804
163.28854296842158,124.71217370768282,63.23865868762999,54.2599907389056
163.02638114169855,124.47222223313622,63.246666344429165,54.261660052573234
163.0578888622637,123.27072797177743,63.199048641964225,54.576701445087565
163.17805245804024,122.81227822731623,62.822290114008226,54.737961678963146
163.11617676870293,122.16425515375555,62.76014323340075,54.425077476734515
163.73855673801592,121.3716204804494,62.32925271148851,54.41145294250272
163.88439335932327,119.61506282176941,62.17035145261653,53.86255558743834
163.59281097147638,118.53053970669089,61.62220409642858,53.535471827971364
164.093025306381,117.7190463387029,61.202725507967735,52.71182951655358
163.6350565057514,115.5188568247527,60.98412541238856,51.86155813857016
163.78290844825096,113.69405071559129,60.36913497233766,51.13945624175017
164.84396015855677,112.36883037455479,59.67155156744256,50.53608222655755
164.18620733715767,110.85312290021315,59.3456387532095,50.1493574791196
165.33802582802585,110.69140367438662,59.049001979374175,49.68981346216762
165.78967129128688,109.07292540265767,58.76358042998834,49.42487600843314
165.7368851804701,108.04641269540366,58.654383407427844,49.12584992643543
165.73634174626162,107.72840437784996,58.59938429441621,48.9764735618938
165.8838343662925,107.03693685305768,58.349365491277,48.900212878407956
166.36703545733974,107.31089814744348,58.14272666920604,48.75150259041381
166.2441023335553,106.4311771742978,58.26080200378908,48.68586497642529
165.64345190972156,105.55617817180165,58.40688820797819,48.62525793228431
164.62421646172902,104.8360426144393,58.34684192447412,48.48065441703466
164.4137685547626,103.9504392509335,58.70452437511709,48.406411815623706
163.2014198376469,103.91567800937402,58.11503113552037,48.377061376381754
162.9950969914616,103.17647384349092,57.68308127640023,48.40455902070135
163.36356451443797,102.88610141648174,56.93760249973404,48.66721108149349
164.11756266415918,101.18113889221712,56.2205542932291,48.947512001681034
164.9395236204822,99.9204994584164,55.44499343643403,49.1104732556808
166.1815907827455,98.75762722402905,55.00669961369273,49.34870666183342
166.26637862915018,98.0334649935818,54.820428836833045,49.37183042196804
167.4730226988441,96.37223291315824,54.24800321003376,49.51770437857626
168.86869768667643,94.96635105755834,54.18413340748002,49.84273536844732
168.71808614018084,94.06638975139079,53.98706596168335,49.95009385095303
169.3666222452565,93.27686903787884,53.99177433300632,50.06666295837397
170.3813546892824,92.69006173919328,53.978381956627516,49.96132245377822
170.7492191640378,91.48559433552562,53.90039830884018,49.91852081091823
170.79297599825145,90.9737669214122,54.0968941566521,50.01919568824022
170.61018548046695,90.79125566217223,54.22152429488505,49.94717421205503
171.04442245204498,90.16667832122879,54.187673390497764,50.10376323823359
172.05859003033532,89.9721760033787,54.15007221504956,50.301989052227
171.92756624114207,90.0821190465573,54.30056286110595,50.09067432985535
172.21380083423048,89.88611954577837,54.323628059179775,49.97548817029944
173.48037823136923,89.81902673551255,54.48256878301444,49.87105169166994
173.1960812298942,89.55265034687756,54.58366776176029,50.07765020711246
174.65478785062493,89.5433217198879,54.36915564525303,50.2650736765354
175.71097615882124,89.67080018725045,54.3596297044433,50.311420545731025
175.3995316663899,89.90944461571387,54.30105538812419,50.25121688935238
175.62268021227808,89.29083074045825,54.30240700039978,50.441166712464934
175.36239456012092,89.48039991287101,54.23985354790106,50.45146562588299
175.3160520397264,89.60989853312056,54.26850374673542,50.46752650587299
175.63835626889173,89.55894153178701,54.297004819807334,50.53781097968978
175.78223617013543,89.61724705753107,54.340160140544164,50.58661867228885
175.4530250631113,89.33593425892586,54.485540083455206,50.58353634751749
175.17545362487095,88.99453057138871,54.5645326260545,50.73176831985513
175.9553477830994,89.47049322510175,54.7456773702437,50.49878762159423
175.99641890231928,89.18358627399454,55.09066195665974,50.55482366364402
175.42362953742722,89.46309624038949,55.32812005427224,50.454094933637684
175.03363549246467,89.72850047779221,55.76547251263608,50.4770950287404
174.4998461210347,89.98564406932717,55.443983605654715,50.5852829929178
175.0814246075318,90.36955959168912,55.48672336785184,50.387754971055365
174.42534992212407,89.92882021453872,55.15727868635251,50.59928222684771
173.63830146900406,90.12354801862261,55.15207483136969,50.54834425474065
173.80120665701884,90.426999604189,55.33739741089129,50.56292983358878
173.90766568066243,90.6834064812676,55.081539812429455,50.49176834760291
173.58614590913368,91.34463495135003,54.91434719301138,50.44059372269227
173.3989541770721,91.21432191725819,54.68284372094678,50.37634676069023
173.04197377474492,91.65304017960942,54.59237606738739,50.33257173262703
174.11706738737078,91.4957832918052,54.624778373080474,50.10438485992767
173.4930297177197,91.94270945344209,54.581968144717514,49.76449196591797
173.58663157799072,91.22483954502047,54.7948131867354,49.79532479461729
174.31689800569285,90.93341828587326,54.68239804049095,49.804187160304735
173.18426146825203,91.05402872765922,54.63419121501251,49.732396458116924
172.42786286931795,90.65138290232068,54.85111572458723,49.68547472607305
174.01692736009477,90.17023941440542,54.90753507334054,49.50337386067888
173.06761351064625,90.29063698341864,54.79062694078618,49.63430115264321
173.98257609937815,89.81402966290639,54.67008680074457,49.32240243993846
173.9034173358766,89.99492505858834,54.6931851263021,49.34523314954352
173.70826802975645,88.83346142832887,54.723104221464,49.484495372907276
173.07617778426672,88.5222394218014,54.88603084529411,49.60303361279938
173.08980903017465,88.8205541002597,54.843118433148774,49.45529759432465
171.90954770840608,88.84868243341535,55.09981479227733,49.512094063587185
172.77464675278492,88.8853498037407,54.967255906591305,49.4835384336364
172.00605443575776,88.97420668519783,54.894681329105374,49.411901008119244
173.4959361497761,88.74339471739965,55.05886073401547,49.330009678727635
171.4695128617638,88.94088665371943,55.284343580563124,49.39929243411504
172.75527722564993,88.74990542581136,55.6682997198868,49.2419014000554
173.06727976477197,88.98654634113919,55.35347332182425,49.296897920229824
173.9502483114194,88.46441311539304,55.75356758915563,49.19239558910644
174.01845943040576,87.85882012653833,55.78195498050398,49.30931038380194
174.3759951273142,87.31183541281278,56.23678066615487,49.20136526237915
175.25807027781457,88.15980331470527,56.41310785557923,49.17833728787884
175.16555015379245,86.46070474141716,56.88725417461883,50.04392902483287
174.66087074220164,87.53489681016435,56.96140521362459,49.98179495409569
175.36826163868378,85.18426443680823,57.15832860464313,50.58725119479594
175.91573407070243,86.1661077585058,57.282534045400155,50.734686921167054
174.74361039215916,86.69229616210023,57.65180069054976,50.29408074386102
175.33143359469582,86.84907318443722,57.662252265022005,50.18126427984404
175.56725084714554,87.3171161595367,57.91655137151554,50.3225980874881
175.4152723785288,88.0826581770508,58.2214184844222,49.994505180427716
175.5622762397843,87.749008232675,58.32440454800781,49.92293707105616
176.42898643032942,87.89385622651831,58.04483157521224,49.70521059249429
176.86506084566258,88.84814180065766,58.17692814497467,49.471118332727244
177.26875551555926,88.66535209464767,58.4648415061777,49.387120204587994
177.27126415462982,88.47062108159051,58.821602040279146,49.2543058887872
176.7289969717097,88.4526478477691,59.00450153415966,49.49005152155968
176.84951279881173,88.12410224102331,59.04129836472924,49.63462683253205
176.5635296522305,88.60974047721473,59.371605538166484,49.84119023537043
176.3907801912814,88.16747783716535,59.92589011317898,49.64072668299546
175.8384574767756,89.01782583909475,60.07200153988649,49.65850220623625
175.72716382561015,89.3146030686988,60.417008274023026,49.56199833039074
175.16420936436958,89.9314847425656,60.416160289994785,49.04012645499675
174.74583778133757,90.02828068923249,60.96615525540379,49.044367399363836
174.3873432988575,89.71707754742121,61.28973100448829,48.73570126906503
174.1370533384945,90.75346745597528,61.21211517450098,48.634928130538114
174.025882205201,90.3434197488229,61.2946258087123,48.643632608468245
174.12541735097034,91.00479987967553,61.29051308641512,48.837420622710546
173.93546058001476,91.8749397671289,61.19944205019365,48.6374377599971
174.08308123148976,91.39176308320988,61.32426126264738,48.57779074731909
174.36933449425607,91.82043135283135,61.294717049813116,48.70575433176771
174.10100894296173,91.54409850219426,61.46474501898088,48.86245660263721
174.0501301012352,91.88880493876144,61.58133630548818,48.704486014086925
174.10627587837615,92.07623422828378,61.78464732197847,48.745174269511075
175.3160450020887,91.8291344323738,61.455237496336785,48.8681853101435
175.4814327131158,91.86802945997512,61.62174970531751,49.195011014790424
175.77143715223482,91.08585779871156,61.782235137935274,49.30189214573582
175.88270706961492,90.89767917216182,61.81370770904745,49.2713001171428
176.45425343834785,90.33440139123972,61.913899793091915,49.412961641740274
176.90383344767926,90.28535695417281,61.73033490058112,49.85266774247475
177.2909643325209,89.61348259501912,61.84633144312315,50.04190584352595
177.30640041333638,89.92065287241593,61.65177589683532,50.18176997918873
177.2638147990683,89.53012510465372,61.963157347019646,50.143581725993975
178.15276194646182,89.44787485911795,61.72066630388059,50.2920269553493
178.34904020256474,89.34962110296703,61.95320867578046,50.326449903084495
178.9831675247839,89.00974430135727,61.90433452927454,50.59029451401351
179.84798788471826,88.35610880133598,61.8024731739917,51.08873185536088
179.8909522315342,88.62666165847617,61.80643196526795,51.32816255427328
179.53808333392615,88.35640222664443,62.03257922532016,51.492294805282995
179.88683263879366,87.56878204181221,61.96792339474466,51.78488410816735
180.50428653832105,87.74859516170392,61.73190206171618,51.76178253373962
180.56015624368197,88.13470818677811,61.6747403517881,51.557604662740864
181.13504176005728,88.07121792654743,61.85137424819854,51.60043937647244
181.19030702515198,88.51372425505976,61.577157099800274,51.54494295146147
181.41669108348702,89.3274487756135,61.61665444600558,51.115605802100504
181.81127454070227,89.26146193972963,61.676642719181885,51.29267530874933
181.81437957262395,88.7258732856448,61.71488206294581,51.3281270233521
182.10709557297866,89.13001542431974,61.61970935197792,51.40193385098651
182.4033265362582,88.6131498436242,61.717990633350404,51.58098924257166
182.84114341229568,89.28782019022171,61.690934678688265,51.55688022070994
182.3362374722663,89.99704282147522,61.93498911722635,51.21154732678662
183.49005926947916,89.70534223152774,62.1382522191202,50.87685744795051
182.93372108685736,90.34442891324149,62.14876014354503,50.954011213887014
183.48981658082917,90.29552257858487,62.181127466110134,50.975278860772235
183.50727107750632,90.54616987710885,62.0859796941647,51.160214565581235
183.33786051273364,90.94554570252896,62.283083240768995,51.069589757716656
184.0894484452225,91.22433633429972,62.42711427829521,51.01679057482545
184.09921417783477,91.05833882165524,62.79342364625781,50.624740144658624
184.3105803426367,91.35756207532953,62.879277306129175,50.771610023532915
184.55394507001287,91.19220951160429,62.684822356276825,51.010106653757134
184.66787438557017,91.02254704355151,62.73645255692072,51.22832214893995
184.63535463709715,91.14378614641961,62.56212304890191,51.24242513045196
185.78715044369397,91.62636769736827,62.48653326867033,51.110077854493866
184.73476678162098,91.19017816261893,62.92433987656878,50.81618774083363
184.88671718151318,91.60380384384791,62.95173295772386,50.745039178744946
185.149479857997,92.06144125491777,62.949695113053174,50.69449823140305
185.465433212406,91.61566227261665,62.99535236955573,50.679822885305825
185.87309460152633,92.0965791185146,62.88138188957481,50.61337714106929
185.43753123072904,92.0004590455631,62.9108527211543,50.28566582422661
185.60139935783064,92.43593007342682,62.82685419435472,50.42129327323705
185.54495247064756,92.28029765716438,63.18045897226281,50.44626135068645
185.2778178242321,92.13467680602643,63.26895549802682,50.450065822613766
185.86530148189755,91.79021692144966,63.31227898851256,50.71548573934843
185.0150397948607,92.2313143560788,63.31849718108295,50.51738523950162
185.6023082997578,92.42195640402802,63.26359706456118,50.543381678109
185.30307271970264,92.2531093127916,63.32829659056962,50.615040840230435
185.6793177978983,92.22485972138995,63.40408384325499,50.7193505961646
185.52775703866186,91.55429041815847,63.55932853281895,50.87846639264522
185.6199087716766,92.18865065195891,63.36678012205314,50.683585351085
185.90167086314946,92.05436480207541,63.509920143704846,50.513043791536504
185.20755333168998,92.60915842795104,63.441815966549655,50.34913894621072
186.0152966313255,92.71292759286123,63.36368324053149,50.510376669580566
185.96362421848792,92.78644005457382,63.488635403726164,50.41128032530705
185.46516391741523,93.0159487239107,63.6488356584671,50.39537583682251
185.78997001566447,92.85622133833078,63.585322490555924,50.45375058135575
185.10127751610102,92.52672346739661,63.67259010667961,50.378965164299984
185.53003499326027,91.99720556469225,63.80047123953073,50.41686492425275
186.38766292909443,92.27318607887295,63.838940538951604,50.53590187314815
186.32067746153004,91.79058956133017,63.91313848343642,50.45708772611245
186.0902839254922,91.60114144268883,63.90047158674871,50.58824585535619
185.80620239191052,91.14335100222742,64.02465232096725,50.81652873642017
186.5073023435766,91.0376198132295,63.919869223856054,50.919625973560706
186.1331635067633,90.48377478330542,64.0161130916355,51.21257615046283
186.40482603746645,90.85236095105647,63.79721053870735,51.282235651661175
186.67923977118716,91.10385941133089,63.56669351085256,51.47805985852703
186.7575991369554,91.251448656369,63.780391927190934,51.15534173709899
186.66115663672338,91.57826088787758,63.81548537272717,51.05940592755092
187.12056926120698,91.27828201469418,64.17916003316085,50.76746933340259
187.0653162817179,91.24636753132393,64.14192246901817,51.21980983864863
187.69862247921594,91.66008565147877,64.17834271066452,51.369110918762075
188.612084671982,91.80669945859897,64.32292933148774,51.38910624925816
188.54622620309476,92.1625774753532,64.32437735277446,51.10241507752413
187.98067346081717,92.18656297328555,64.36246978915766,50.98898070263399
187.91887912193062,92.11798575141057,64.53980306987923,50.82049775696248
187.54073950060422,91.82180697143991,64.37963735527568,50.916093279626566
186.6629849874134,91.77978771569624,64.02902484158773,51.00520970312044
185.8702510232186,90.87425552017217,63.8092060048788,51.38215320069018
185.42739446287115,90.53360724441589,63.53223325444943,51.3025144456537
184.50839911865577,89.98925416814691,63.261646929864426,51.5369699883169
183.63846273295647,90.29952765827694,63.09374727942617,51.595294222446654
183.09637911232846,90.05083453732047,62.827329417647185,51.50015772399554
182.32331792251378,90.30443281013108,62.640476075917306,51.36145834143164
181.62616152213099,90.49439927598576,62.348442226559314,51.47633608033653
181.86650621813035,90.35477380798021,62.11948271036357,51.44437161565182
181.91056200320355,90.41201504962649,61.91641068581279,51.15532684204841
181.07082600428745,90.74075150676201,61.78941705788206,51.115895443127705
180.88449618618432,91.4092782356843,61.86525399716412,50.61851562362692
180.41898728319697,92.32854838063406,61.7755728981477,50.17047707132202
179.56180813569293,92.18299767813235,61.85690733508539,50.14400349845067
179.6145130811772,92.09664452916847,61.51467406412341,50.145637253711044
178.7493389412962,91.833390467425,61.43706862856102,50.11221994022442
178.67497372793278,92.2019716869099,61.426592128465174,50.168687326369835
178.18182974582157,91.84708474996916,61.55258020741463,50.26770498181794
178.31775314060172,93.00130953328889,61.73209900794987,49.83245070574395
177.68051633264298,92.64481346212618,61.42607082905228,50.045545010430516
177.66280929449445,92.178348121867,61.44532495738775,50.15877187358133
177.4601988473581,92.36038924983026,61.47320085592338,50.01304782142351
177.2792522402042,92.73533721899975,61.16412672976182,49.77271681924559
177.4794051399675,92.9744701019325,61.31796525310741,49.86579983973416
177.73843435879309,92.53002057339634,61.26249479787238,49.92020090858246
178.01718855511814,93.44157650127133,60.985061478464424,49.697792411482695
177.76192740250858,92.72856516913606,61.202308069762964,49.890797273514764
178.0572083879708,92.54255205192655,61.220555748782836,49.88242341652408
177.94507111763627,93.6365999363708,61.116627207367216,49.6960831236335
178.39978658240622,93.0633563204284,61.40274171277913,49.850974193199136
178.80068028391568,93.13685281194748,61.23348642951116,50.158779103923564
179.2067701547183,93.57591134819543,61.38475658328788,50.09715607906941
179.823342531299,93.33263928565485,61.472036029230765,50.05137869145145
179.99577688222183,93.18939270132097,61.496624542455855,50.08986088201652
181.1286890479449,93.1088880784741,61.665962993678754,50.07982467535393
182.07937968872702,93.31822111905352,61.8601780255911,50.14799836546583
182.1175125206988,94.0208478979643,61.784335274792106,50.079385642452635
181.84900743727894,93.50138494607872,62.099181466393006,50.115178964512985
182.78266760262272,93.35490492130751,62.072299740060295,50.141167425920614
183.4332716204281,94.35581233624015,61.88851416595931,50.22699645782596
184.36961758933253,94.459700134159,61.91871124144078,50.23788804133436
184.6308572323484,93.94786609421689,62.23247236621382,50.22005686413088
184.85282263780908,94.1465660713939,62.17465645063622,50.54769400770775
186.71694514212317,94.34730798139176,62.323576997962036,50.245997788050474
187.1660982276571,94.10462085672827,62.412148387509696,50.379398682561046
187.4993756769976,93.85816508769065,62.90672117532925,50.419166623987095
188.33838369966094,93.49454060080983,63.15659793414838,50.6923593645811
189.66574035694023,93.77947168618464,63.0881506603918,50.93945711137681
190.2630115708745,93.32463536356313,63.36683621027595,51.19866993062724
191.28272351269987,93.90343406349444,63.63391919880236,51.25297073842909
191.73514012625498,92.719263172478,64.05955677209195,51.5770489191589
193.0740266734305,92.69831930008324,64.1608635918339,51.32789290555607
193.17853653665946,92.39876403970095,64.36321810648963,51.36834429002532
194.81534754478767,91.39477508438628,64.5813546752094,51.67207317626351
195.97041684408674,91.84763601967175,64.69785634875177,51.56076177284039
197.0200320294091,91.32289732076815,64.71583326684916,51.60230352745148
197.67750901801668,91.97674210332625,64.82859244538045,51.2872652460763
197.98776259056376,92.01357638580524,64.86798542912763,51.08238978123693
197.98321059700328,92.18560246776443,65.01918775366047,51.08343590418569
198.90322391009562,92.05269856799137,65.11839347687156,51.0899538430064
198.71984786610165,92.51680664916677,64.95936774808705,50.8409914376556
197.64101572052428,93.17925321805038,64.79537247426985,51.158226409820315
197.2708264831366,92.46881805852664,64.8536266919575,51.535911375588675
196.75250351637453,92.9692922420548,64.42398346284583,51.5669550863598
195.84498093144376,92.26406684090364,64.35855990654925,51.858134967908654
194.6382518937553,92.3362122212497,64.17601659528373,52.06923040478351
193.21174178828443,92.37962127083097,63.77348666012256,52.386623916176646
191.99678118733743,91.53237363136853,63.65591964943113,52.3631804143169
190.75950260660173,91.49955158897907,63.20570788618937,51.98866470142737
189.74229403224047,92.61898077490149,62.641557310684014,51.53644768891175
188.3121179196383,92.39407801195644,62.5698080477749,51.3327777514115
187.3554409185154,91.52213975300228,62.627387170565164,51.214459254366204
186.0288774450807,91.29125507120244,62.43810426826772,51.00080910855503
185.37502768058448,91.7677274086629,62.08013066054902,50.64504140268546
184.1762334494049,90.96446959507645,61.8113949842668,50.61870364107206
183.38728589959504,91.37507618722289,61.417103876115235,50.61511711188095
182.87295213497507,91.15434268897185,61.263864824430186,50.33976827910599
182.21404889917875,90.92688547070402,61.415043531321004,50.11969837974229
182.5901080237408,91.20344821806577,61.52857897587286,50.27126590440891
181.91327201277414,90.56248524798461,61.34868750312386,50.127859179127796
182.0156674424764,90.51332563124532,61.27236180444689,50.450138931443334
182.17747658359636,90.78518354863019,61.21191382412115,50.50694334985509
182.2249656959809,90.64544577225972,61.20110836973307,50.102570283134945
181.6444381374575,91.174725991175,60.995060744584684,49.766210238981174
181.01769509120453,90.79636695820378,60.99625301194111,49.67129004742009
180.88520333934457,91.39221425710375,61.11511996092395,49.434938815289414
180.11824397782152,90.14090094047495,61.24088801105743,49.35714423921165
179.47816549506993,90.33811909796768,61.3256049226208,49.585498558858305
178.59653189812,87.09769214835734,61.327911299183675,50.470541567881256
178.18991247957575,85.85764565200981,61.168086071292564,51.44445463179672
178.31372463738364,84.24001074519514,61.259679627104305,52.228995790564596
178.14807828338468,82.6550251215809,61.1991280326864,52.69482303678598
177.62480311933695,81.06107880727902,60.969354923091146,52.92382594256566
177.60385441513273,80.01841654376821,61.28308500624132,52.71704312591358
177.65377012749136,81.64795358884419,61.07635528862495,51.78816303219105
176.78110744134267,80.22723871837081,61.33805691786506,51.92214834374022
177.6598631760311,80.98144793068222,61.279825829690886,51.08193923346371
177.59687625894819,79.67728750710343,61.56027165730309,51.30201282911069
176.6587898392672,80.84992697007527,61.543514823470176,50.785727342841355
177.56807598429063,80.72592164531068,61.482820836951134,50.688779746616305
177.38715237709718,80.18062035096786,61.495164355373205,50.78938441192778
177.47556396099756,78.00714573972564,61.359381943380825,51.51240341857665
176.61375966334361,78.35780241845211,61.27375889978029,51.41234583562168
177.20100173682997,78.42141985310302,61.502599237632744,50.7855638722132
177.58000359820755,77.13753936169621,61.21247182999448,51.20015856092893
177.51600698909905,77.4745947237451,61.26333154167499,50.88802255301766
177.9551482887699,76.36112269779355,61.08605177856071,51.14534828445568
178.26274658241792,77.55149740145703,60.96266640714219,50.367896945175275
177.2870165169614,76.9176589158227,61.398126148002476,50.282830886849524
178.00519126278317,77.65039528826524,61.4551246587927,49.60646117312288
176.9730079077617,77.8392958255159,61.433827811783004,49.99279796273443
177.2407569625047,76.97236841007043,61.29635008899289,50.38462322209216
177.6005308134213,78.86131700081805,61.25145216218789,49.73150979494567
177.44994071886168,79.18632139701026,61.21257944860862,50.086601372014684
178.0256101702227,80.73431037972821,60.9524899641452,50.26844113271402
177.1263085006222,80.9266176056552,61.31637409844359,51.06303925105051
177.29117484183487,82.6650494865089,61.493378171389345,51.20508198729841
176.5775510370837,82.10210782345968,61.98028448707987,52.101809907041016
176.51597885558755,83.24205388059227,62.26534652163343,52.543286820867266
176.56892732204108,84.72295295647903,62.60003064222175,52.711133063014614
175.77700233065002,85.24256507047025,62.764459548229304,53.6156706605937
176.36335269663962,88.69943134480022,63.04680296660257,52.795590360316325
175.63870030718343,90.69059595598378,63.249864864693755,52.025143967615364
175.23719116600597,92.86375850361583,63.1381295311925,51.22566073216876
174.6386739564794,95.20044112581144,63.02844631604458,50.79731063212569
174.14166425901206,96.90224715539989,62.91591525588585,50.64246356470902
174.4044622162719,98.17309383477712,62.76861780280342,50.57470199535276
173.87158703277862,99.91919220386261,63.0076570515687,50.461967260889686
174.05820497619112,101.49169704531852,63.30368434881426,50.42263136795588
173.6723071128768,103.24695464091548,63.09411332186472,50.11191714493213
173.26793887317342,104.93717186846519,63.10583353826334,50.286432927106894
172.09632363565808,106.47288481607747,63.10422920875912,50.713241780722655
172.18247959615326,109.03201069870008,62.966068979712176,51.00071740195204
171.23252541561175,110.7777868663913,62.94295983896417,51.34413244137123
170.56163106510144,113.4557951293421,63.32335518366155,51.67567170541712
170.3688582774331,115.65096654359998,63.40586243011214,51.835599911142104
169.47895640057772,116.8525763330614,63.56623242317991,52.103174580800186
168.40272380225923,119.11881483326246,63.85718984641754,52.24845865827892
168.4840591555946,119.99504851113639,64.0090791656772,52.50823695759091
167.2392371757939,120.74671269685157,64.10519585591524,52.79944243492305
165.94923812596127,121.13561279037523,64.2633802291553,52.96563635273793
165.0229934329438,121.08791344614652,64.43169853460097,53.40450349865577
163.54408359719127,121.7532544932444,64.21083921669563,53.58599362659746
163.036992103624,121.69860353197963,64.33259630909293,53.48276617297782
162.1616030357822,121.2436272740207,64.32122654133411,53.203610078742486
161.93860150641947,121.21528584761444,64.13568143378454,52.85551769947837
161.67939392980858,120.17271985824263,63.83421711475064,52.44508164118888
160.04674284288774,120.85500860237106,63.724127090029725,52.34961530939566
159.87698684048118,119.97496555477602,63.559342255605614,51.66969395638934
159.14614038761684,118.97625115287288,63.44012126000523,51.28417936839569
159.27509026012243,118.76172324092525,63.57349283795967,50.992873780719435
158.18186837866028,118.13770384485566,63.54104569550372,50.891513125417504
158.4872034516584,117.17605937551951,63.947428438377756,50.845901383547805
158.2589532345918,116.61038932987503,64.21594902531818,50.845204788893184
158.70473775232293,116.49240260670518,63.79336536859811,50.87042555433514
159.89610569984205,116.91328259777606,63.45367213331941,51.61438956835582
160.34859757320137,117.70447121477261,62.76407988838507,52.253728261486756
161.08280937659532,118.2338380142044,62.42060633290487,52.90259108386492
162.30377764527685,117.35094348833441,62.201781186609296,53.417233819076586
160.6688718161639,114.44538346941474,61.95292061697573,53.65985286127993
158.84450260603901,111.59948773299703,61.99423549329542,53.81349926880772
157.15027334783352,109.35239676076401,62.051645282670904,53.41077102269152
152.86072912314123,106.7998625033022,62.42551827795393,52.73913236522135
150.7258742221738,107.34040013831071,62.624684313867085,52.03267687717529
149.7460466866201,108.05550394323663,62.72373939031499,51.540446402504855
149.37857174610315,109.62182348966735,63.415853987324454,51.57759257079762
149.88632609815147,111.35393597118633,63.825186806398285,51.72297864215296
150.81563227067113,111.91334531512938,64.13331368674652,51.75773811646017
152.89888369715655,113.26733245786784,63.93495620425908,52.29081955798824
153.3493008498929,114.4714176094051,63.68410965599236,52.84276301872294
154.62709759727917,115.01130762713167,63.36939116694187,53.296556133904545
155.49214315002655,114.86852915076989,63.16182060359188,53.76558941547792
156.2618320918883,113.70820115606134,62.57434171193002,54.026532994921865
155.63314730129625,111.48697884093234,62.53009283627358,54.14435022573527
154.93495135593795,108.99988256060206,62.39839281948897,54.078481789386544
153.52611797305343,105.48501218734937,62.418527742072555,53.95795731906455
152.41536495056476,104.26680147220759,62.72674722031559,53.485838262058664
151.1123606802734,103.52123860975459,63.229355530490594,53.118805756183114
150.03950258496917,102.69289121320753,63.583381133101625,52.63294125934499
149.33542161650655,102.2115815509816,64.30878277177477,52.142518076625194
148.119367486996,101.0312837325256,64.71811156607416,52.19529005554773
147.4838117834353,100.55827460175914,64.81837317308573,52.40514964808574
147.52231901728715,100.79114344276874,64.41090527973621,52.47778358862894
148.02757790702395,100.78595897113456,64.16820529553925,53.063804177557714
147.37332306375362,101.07822769938501,63.94591094403212,53.56695373659025
146.93604275811592,100.50586689731185,63.7030161920339,53.997048670852834
146.48690793429398,98.95893301912534,63.72528829634277,54.30749753341178
145.82213948012168,97.39721190519047,63.88079382784871,54.35169347870399
143.91353986154684,95.2113566483157,64.30891230213521,54.13044935683344
142.98997757735418,94.03705901929347,65.31463541273399,53.601488529291345
142.86438608369875,93.81756316570522,66.66637858833832,53.39872030442666
143.0224995337228,92.99975600874181,67.46187260789927,53.24571581532919
143.88326970106664,93.34341294789348,67.29528668281088,53.70306884719734
144.19300254178083,93.69136856894023,66.79479503885098,54.05597988884867
144.91767293671313,94.4864317822797,66.41027692278395,54.783836851070504
144.96239770469782,94.58401023775878,66.0901268641534,55.465701968081696
143.97926891752516,94.1221794827081,66.16837322138139,56.202817852854025
144.52354868129026,93.51123463803475,65.9918132770955,56.25683570935313
143.81963385462367,92.71408104510468,65.87524126569481,56.376603972903396
142.42332045909964,91.58703928620015,66.31402460619661,56.616965070973684
140.4302016600812,89.46372401117969,66.70786856752997,56.731593744183556
140.0585387078732,89.1156359330832,67.24033021115326,56.2314037094662
139.20641546007974,88.083389371436,67.60561474785499,55.66752869349365
139.31532356268607,88.15929681538825,67.94415902581187,55.42908957812493
140.02403282019463,88.67933392173572,68.26340254101478,55.49925916273223
140.45609243666973,89.98899660578816,68.27215274003707,55.79486699927824
140.57063644544007,91.51103909760079,67.80596169241086,56.49383497509514
141.19818126853372,93.75940207514564,67.50280417846768,56.73477467323416
140.70638502896207,95.0935715300499,67.1715143791686,57.225916335172485
140.96621078235364,95.51905426952358,66.97928254082147,57.40707370664322
141.98237865539937,95.27790928727043,66.5111210892018,57.41423293432166
141.84285241698464,95.24857106905536,66.22828665940737,57.702920431585746
140.73334715378573,95.45735829079989,66.07299098387041,57.88515074712226
139.92479452827192,95.12563870774096,66.01529440842097,57.731447426667835
139.8235717840398,93.29269096030873,66.27909570749765,57.585175038612974
137.5958507074718,91.33114537277466,66.73140170264409,57.53410172774974
137.25815532954476,91.13607110454208,67.26761246880264,57.3970730495924
138.35410027646168,92.1063083518678,67.75856816746759,57.0507555354555
138.9109781598295,92.86397787954283,67.87125366488449,56.712624426882755
140.78021395006544,93.672642075927,67.71206961340428,56.88220144202002
142.76579008023145,94.3212676156245,68.11673942033306,57.030724798621996
144.12846584991232,94.71402090028624,68.28365749232997,57.56462616920943
145.4141932945659,95.62425542468168,67.83658462206574,57.992892548275
145.62615241130962,96.12613187606745,67.41230713514432,58.327404945300515
144.29996338290488,95.99569276017556,67.38130864127935,58.387205030388216
143.3803977047164,95.60777827596914,67.76989730928658,57.946230686499405
140.8053086911296,95.27489886663626,68.060850540165,57.33635974633032
139.78973474686768,95.03588012856865,68.13371977268297,56.57101953691867
137.62202796759937,95.19287490966627,68.34712739173597,55.84156539466437
134.24121884813087,95.80132974084691,68.6576357445035,55.902458199649274
132.33230056976325,97.2602154952793,69.30123648046852,56.16119774005514
131.40162042778906,98.93867572553134,69.79796844944498,56.50392446773769
130.6227449733525,100.89609137692128,70.27906850039264,56.61039729551203
132.02058048925952,102.0876287605131,70.16032241250257,56.686998078789216
132.66410648842043,102.90939849401083,70.27010419160845,56.811337740249854
132.89669844967946,103.39931525037076,70.64693249567193,56.66707283438346
132.27743691972495,102.70374371091249,70.8714265295495,56.48633414221238
130.4447683138542,103.16386512437532,70.70509989432134,56.479219214456634
130.382897979807,103.09156480050645,70.75124920280042,56.25400269467386
132.33170985832237,102.29180555007056,70.79015317480412,55.97919770826381
134.7724898335847,100.83540891165454,70.95897393106654,56.43560775679387
136.35621672936657,100.34078876048102,70.6621070116037,56.86548409792111
138.40219691958413,100.35822747220759,69.92047340767306,57.42953935793586
140.91192297344642,100.2124310799364,69.62932091771582,57.988142682248366
142.0431445257864,99.4297179926614,70.00894262283505,58.275126354776575
143.47788790909917,98.8830550757283,70.07785326374123,58.50383013215855
145.73199617092982,98.77891266220315,69.6432694572125,58.52434517368542
146.66794365121316,98.86160619366512,69.32996693534362,58.60352915580256
146.45615160719228,98.56115915357807,69.479861395738,58.72987850221392
144.0173610474491,97.79958861188172,69.35600866588965,58.75546015739161
140.2412739515238,97.90402955046542,69.36490845512182,58.61564268131434
137.63409111462465,98.41188198992884,69.45472187901169,58.287882631851446
134.98743749309511,99.75290671300219,69.86498249502608,58.24790133336407
133.61854118599754,101.9198483410654,70.67422879975011,58.14851419387581
134.35972771659078,104.25976146815066,70.99283392230996,58.37519161707348
133.94269528349986,105.43771592237316,71.45770001916082,58.45218623684199
133.0431432667078,105.85407803924295,71.66137487069233,58.100425680270305
132.3091806962959,107.0813867827608,72.02708078753999,58.16216919138827
131.03053322504084,107.43368206575761,72.3813971190577,58.301269437982384
128.92275639329654,108.09520902843998,72.19936682105947,58.47120743690354
126.97003296706659,108.9457841562537,72.25042710544992,58.545277575410644
126.74532572510864,109.21125042966304,72.32640811863979,58.39081911106189
127.1273278071475,109.12814392201588,72.86310616880311,58.15688462870226
126.19735200697517,108.6486912798255,73.62577714761915,58.26422532692043
125.91539188468727,107.8437420002067,74.12002891293116,58.4671476631661
125.75311320215503,106.55447471691423,74.8904133746963,58.46294859861699
124.33697484287366,105.37888172880774,74.97847341273231,58.82894692510311
122.72644070610059,104.12317738602201,75.12829792330848,59.05572769624587
120.04216849959978,99.63277423633969,74.9587859627139,59.79211966608169
116.661652715913,97.25286922498245,75.14171303408529,60.756374574050085
112.90606650454313,94.98690895919823,75.11660148694585,61.219413117093126
109.46213030057737,92.33068805976578,74.92304536704533,61.19796304736674
105.15758894805484,91.58960094649424,74.55313274890925,60.92536723339771
101.14847504717645,90.53624660986935,74.21518798902054,60.78158929432753
98.38692435369255,89.83163942558025,73.82520343848833,60.57786072886951
96.07187087360157,88.96837893561343,73.71429973277675,60.31872461289401
95.97358941194366,89.18831144702617,73.4847987310647,59.919763135984624
96.63973155774408,88.15336014623958,73.78807936275028,59.56626676600017
94.98928233870103,88.67314077900105,73.76055811547262,59.3878413408932
94.74351688682805,89.07207565007253,74.36688827286117,59.21568959630118
93.3975532161987,88.49166033008103,74.89356078280578,59.4183292587108
90.88929308578774,88.61942609888187,75.04914249458594,59.18421096355352
90.77333028065283,88.46649949417699,75.36404256855701,59.12434568903841
90.39623325417986,87.47137631145517,75.65660261142644,59.0900678425985
90.65761746815171,87.57642474376564,75.76853793886144,59.381571541503725
90.69566602561392,88.21799484409767,76.0012844068056,59.483769408848076
91.2715790845521,88.91858576672286,75.85111017205455,59.609016263091135
90.94976230253548,88.58046666467739,76.22456213980867,60.0534437335061
90.63670040760051,88.47390090554788,76.29139301719536,60.3048157962631
90.11951383682033,88.61673045335682,76.28338487213463,60.44266912964415
87.69883279134582,88.37072398906524,76.24478118091812,60.35592769278312
85.29134759381313,88.11184166466168,76.00042778829432,60.61058837964567
82.20515043733313,87.96476522223253,75.49116764797671,60.53053341023303
78.60260652108286,87.56325837590398,74.91246870679562,60.2691149587251
74.75069188814047,86.13677960441443,74.05890394497042,60.41809515528391
72.26349697117512,85.76363160827944,73.18153529882912,60.28869264072175
70.97051547969923,87.01438971861342,72.97665694076221,59.77221243556438
72.68928944657517,87.58749484699284,72.93311549771771,59.42154561104123
75.97221821875999,89.41006255414257,73.44385373658173,59.06959709974164
81.75701906259415,91.14867739075234,74.36204120296614,58.92211462653434
89.27386256439638,92.26010507457548,76.02564843459116,59.475785233161716
94.69544140184624,94.73299892467189,76.6163238819449,60.13476056397477
97.83410703661329,95.8310058366406,76.70098068003773,60.66270904701366
97.77225395121846,96.04756432769865,77.19108727149312,61.56441543487742
95.35207349036722,95.67018506871642,77.63702232420756,61.98902391483796
92.2561953849409,94.79175851321668,77.59699562185222,62.059282301182286
90.5515880140241,94.36144417919978,77.5149801142809,62.02679354139016
91.57936206931191,93.20203774173353,77.44354355117538,61.73716720924563
93.14758551850483,93.31581909783083,77.34042923907799,61.320835931396275
94.85560138335812,94.43287936657626,77.4238956382624,61.23723810279824
97.73525217498161,94.35459831092008,77.20093762953935,61.447657261221394
100.5331527508146,94.82706327340148,76.96723994009261,61.678699917168316
103.16089597195234,96.1604629461857,76.89521754811008,61.78296556831923
106.49171454352322,96.42841864233479,76.70240240737921,61.7748886510615
110.0725983584507,96.25851194579135,76.49161639449811,62.146941861231255
112.87512486625566,96.05825228159964,76.59578760297879,62.5706922526528
116.7357987759878,95.4016871989821,76.91759831470348,63.757909513148505
120.8153488065557,95.6597016828068,77.58243280862138,64.26130784499861
125.12148690942811,98.0988831752621,78.24254124643123,63.986490048991826
128.01497888004087,99.09374616700558,78.9152040070185,63.54003787207684
128.79159560298058,99.43353634987747,79.10448540984817,63.39906099096363
129.4246761866418,98.60476776227966,79.50423448651377,63.04012368076191
130.01154242629946,98.32593002888692,79.42478272695553,62.74004402297845
131.04174815480098,97.69533831893337,79.37880703807993,62.849193279410514
133.4719736852525,97.64657640306594,78.98335231506753,62.896764551972275
138.52627064009545,95.53958800960964,79.23495928733959,63.98849507347348
144.7187529562806,94.7683218485493,80.13116454632672,64.33889015423063
151.3845413395635,94.75881340285035,80.44064097952904,64.51936757936667
155.22868262826776,94.75149687674397,81.08162018190565,64.5667518527892
160.4564152909778,94.78535248872348,81.43189235190793,64.74671218828318
164.3106661532319,95.46189717634724,81.19305806209213,65.30193370323343
167.99811729625975,95.94626416792312,81.32010127164187,65.50589869469104
171.7335154238985,97.2600003281991,82.16613374408652,65.82998806351591
175.24923619811756,98.28758888042431,83.46313476919576,65.53032438870721
180.0465463710139,99.58482368592547,84.11189973834448,65.50829325617475
183.7899690317008,100.53590809075754,84.95648485215139,65.59068553221157
187.8982230848281,101.16159305650893,85.91499124174638,65.62882227452167
192.04752981031447,101.94076487746047,86.63327689966036,65.96009118812245
195.24019374972454,102.05182717131245,87.01340045211461,66.07337648010291
198.52503254577664,101.57696236807809,88.08746303716495,66.13422678740784
200.73704141597943,100.5441813218801,89.33075553464391,66.22867138331333
205.49922076179246,100.33179205708018,90.21073377233918,66.22923146689686
207.78949410326499,100.16254434586304,90.21620803589677,66.50063009716968
211.3453625000192,99.20257543335003,90.3910265326105,66.45313280065943
212.97025624182686,99.01438108746733,90.84496724800036,66.85016372457468
215.03935994804823,99.00017001559814,90.76789846547092,67.28091814441893
215.9475833875928,99.26146496264235,90.91754345764339,67.53968512145859
216.51968505853117,99.47482723896965,91.25976861498845,67.99352096690579
216.6536751868099,99.51842932049583,91.21305893455042,68.26594563023323
216.22593117973122,98.44465773225261,91.52502530602283,68.34265583896149
216.7054422349657,98.49287374874802,91.68680535963165,68.41550299388835
215.46955671389438,98.12531082600638,91.22799268633543,68.31604573571488
215.87412299892827,98.0084871594536,91.23844752576393,68.18482275899075
216.7559330751191,97.86670017030889,91.24075290000127,68.1787431082156
216.22287896200322,97.8796532016956,91.31810721139993,68.25271102781207
215.95125471081877,98.17858874925332,91.06020467655267,68.36051690556269
215.0306471166185,99.24954336227958,90.77816461211506,68.76512123694425
212.61925249419878,99.2431997568059,89.95134190703384,68.63110551756041
209.33618948187666,98.47199480782061,89.29651542084433,68.5435796741064
205.64422004326207,98.05104335364473,88.85671810727763,68.61383113563886
201.16132457129237,96.37809122157597,88.32316517914671,68.42190290122595
199.09567523552732,95.91019068721808,88.16478384655693,68.06037871645512
198.2849515327192,95.5922422248356,88.52836880348087,68.20562629868314
198.08201639568745,96.69409214942958,88.94504691862923,68.53730585928523
198.10501913229942,98.64153480334531,88.78513823583825,68.96907880035512
196.04246820789135,98.81646252339507,88.45337906551987,69.16099048061693
192.9449599697989,98.90257941669013,87.66616678575386,69.10923661304318
188.91549178266237,98.1992346384049,86.66173531639895,68.87063960955506
183.2030028304028,97.76218552037764,86.05323543771496,68.76661644573011
177.6511432899457,96.46560837547159,85.4087741292249,68.68810292128745
172.44829486963602,95.9080971358807,84.83991690795463,68.29142477028124
167.36260282994095,95.23477601838053,84.1091670456943,68.0014371854116
164.01832347457537,94.66330482154916,83.54276903416601,68.03894146586174
160.78995056894604,95.08072017215525,83.03425577025983,67.61826928773228
156.87111523870655,94.92686177870735,82.59854996589507,67.64933320206569
153.95708651465293,94.65592114811196,82.37492112707602,67.09816684439052
149.7850135492153,94.30284404381933,81.66049047408902,66.80593747133742
146.68645735679982,94.5600682514324,80.93574836291776,66.4986541632423
143.33394164107693,94.96601013498028,80.21306544652418,66.03789867630934
141.10151082641875,95.02728124339231,79.899517594792,65.64251846300242
137.52124934019474,95.03506955672961,79.47686013968868,65.42890906974725
135.15437959268064,95.39299468785623,79.31366226441665,65.17742548191724
132.07795881666794,95.4369191897793,79.13327236731482,65.31117139286503
129.2190151789548,94.84712439193882,79.15943629603092,65.2064926093346
126.47290248371225,96.13163210152524,79.6887004896166,64.57510998931029
124.19929018446061,97.56953316241616,79.83704031486548,64.53156370782997
122.34257295009849,98.64240722319472,80.01735486667381,63.94679387969174
120.324472861868,98.95811841925213,80.16586378375062,63.98539415403124
118.26454566715852,100.06496424688568,80.60138365664434,64.60929057058726
115.97719981206993,101.03788090073087,80.64288750061058,65.09625111856401
113.66753080751462,101.01107942193448,80.99413097007886,65.57624648238198
111.31251625832391,101.40549481526647,81.58220658106404,65.56790138535806
110.07925636381748,100.80700555371045,82.01675801489809,65.57629415026085
107.48109905930086,99.06920066632736,82.3895362279047,65.63571902283589
105.24228109322243,98.31185537990436,82.66914216509696,65.3302257225053
102.78176571365725,97.664359882056,82.86430946750124,65.81772750187433
101.43221276521385,98.01609558330162,82.94020898735863,66.49773223749803
101.27524110166934,97.90360860537456,83.2231579587691,66.7449338755254
100.86914206551866,97.45044675636916,83.43854646504948,66.71205323832352
101.07449499268736,95.82460141612856,83.40451791521838,66.65329837170081
101.74640676784746,95.8048113327713,83.23332598625896,66.54463034276718
102.11556682679225,95.12582797184213,83.64408519118433,66.4717732616775
103.15513527467591,95.67676344284871,83.68016645795362,66.56451422666964
103.18211677036385,97.63255555973072,83.64605979844771,66.83053609871007
102.9773484186783,101.03566624012893,83.9111212354814,67.18492684423687
102.70017248555733,104.39591222069001,84.34761157004849,67.87917973708811
102.12106946169972,107.96225090896193,84.63258757769032,68.40988822861678
101.9055935922066,109.67394018548543,84.92720094861835,68.84141027409576
100.16468466138511,109.85001168507921,85.40714555548533,68.84995163994232
99.10073520904866,109.31484200568705,85.9378915117787,69.11072974613265
98.77699295849868,104.26222792152979,86.87432332690264,69.25660446748674
99.05035210502132,97.86175952550752,87.34851422403527,69.57767618537355
99.6230290102562,91.47928969178207,87.60393739587295,69.64003158616185
100.84582189950089,87.2957447286546,88.34132261805496,69.45011944485088
100.30564367453353,81.99410321487606,87.8397754911388,69.05565695849194
100.6288852600825,79.8532304289416,88.10035073783794,69.08267278258865
102.04022238689912,79.00779978143837,88.59849514684814,69.22200991530265
104.40865761782251,79.04608381665932,88.5956592232704,68.94325044731299
107.7626063256711,80.73543123392027,88.43704483522214,68.78365799545102
109.51163646969121,84.13916288698977,88.96830192617973,69.02060920957568
110.15256273054338,88.40385754387025,88.89716028761595,70.01404799792655
108.702906253592,94.58190361254177,88.19073841638442,70.74867794462892
107.23727875646469,100.23350270320343,88.75382553344178,71.5081189997558
106.38388627283584,103.34681878817011,89.2219698346915,72.28185161024847
107.05266158573761,104.94218734344403,89.55798805368319,72.7739541317349
106.20091991729579,104.49000963249989,89.88233077510355,72.75647222375868
104.81860964854337,102.03571862667742,90.61976348835913,73.19317618364582
104.13703497580923,97.32302886977493,91.65542161001531,73.70915857220666
104.67444857587637,93.7923067099172,92.46504043477574,74.36093158531202
104.00420515411301,91.76649085449031,92.63706500184372,74.84433624347717
103.55522114837854,86.10625858671605,93.29473506995902,74.94186414877667
104.03860517257749,80.74116670901043,93.8806808925633,74.90742998426606
104.51902204962802,76.80089177210587,93.95945251756686,75.12890793577293
104.49853183871188,74.65730232479504,94.25483453379954,75.11086956431183
104.68753619058359,73.68475859553422,94.4556004014749,75.14773482434714
106.67050199303016,74.955712655732,94.28750414661837,75.19365295593522
108.05166728301728,77.80029152700583,94.61732067853683,75.21776110923108
109.67345650524332,83.23548146767291,94.99132050213589,75.5850349601967
112.17294511331585,87.54269140484185,95.32186684937584,76.0426985590644
115.23338467846465,91.86715718997681,94.97785701610584,76.46322118190972
117.03756479406712,93.5710257884854,94.34170051643777,76.90962808126704
117.53447396504998,92.86225256113464,95.3881281842987,77.40561561939981
116.96383538998235,90.1618754856685,95.44623253627722,77.66298245267461
117.2698050948165,87.28737584473407,96.54409575417239,77.78448215416016
117.39346445713913,83.31664490083416,96.90836008359284,77.74984645818924
117.88987875020172,79.63148416339293,97.77298543976656,78.0965058427702
116.08180761040138,76.69334119754626,98.2779607653267,78.38897572298038
115.33360139086777,74.34192945123533,99.46292486874634,78.72222657613692
114.40370776606062,71.60763027946072,100.24332028124059,79.75439351175764
113.55115616524029,69.48253991575648,100.53652105520791,81.20125192395008
114.69578911992976,67.48223136491794,101.4350572221687,81.73586441556552
114.69394047326334,66.40429438712576,101.71578414902356,81.91621215750392
114.26475417581881,63.051798828380036,101.9719646996545,81.54401382949978
113.3074337104542,62.26643836819798,102.3948472838261,81.15540466792419
113.55915231823465,62.41629020457485,102.38498915790676,80.67396515175042
113.65395606248686,63.323865057863344,102.33840669512773,80.68134237693613
115.73666339354067,65.16488572760487,103.81521872903451,80.5718310686573
115.0104884398766,69.31303899622642,103.360468197291,80.52917328934876
115.34715411856166,76.19968461892717,103.19394851833044,80.22322442065627
116.87800519399518,83.6279004610749,103.64362513256961,80.475761471102
116.71376184598199,87.55748413440631,102.87822879102885,81.30721359312814
117.31041234460619,90.41293646962181,102.67083296422112,82.43127415173157
116.21518655814059,91.2299343563817,102.22871927721886,83.14055464049513
115.0335447924081,90.93587777500218,102.76955825054021,83.30373529359343
114.95717064035824,87.74353277641842,104.0746494701749,83.36640142220018
115.1647282421177,84.1595588389128,105.26577799624735,83.9058993803718
114.03768762053735,78.91038090296755,106.19557122881083,84.75649581470128
115.50988330044045,74.95800311875637,107.4517165969099,85.41952164679552
116.54768528627199,70.370122114765,108.28980438435633,86.38173690184857
117.15689693288773,66.14238695183948,108.9990531196664,87.50404444312316
118.80399132877615,63.283301550059875,110.05976611850846,87.45540912104153
119.28528733708193,61.75617873406958,110.98864441496912,86.62504433851711
119.74835561810718,62.49674257734374,110.77090321481893,86.88857834077342
117.93305674111843,64.37147289925021,110.39159229264897,87.65997884579471
119.04810437610986,70.37508359126552,110.4055818577186,87.34970837423967
117.88404626229338,82.53600935729301,110.81005986074982,85.5187606965548
117.11272302483715,93.64995431049167,109.79834976065007,86.59359181371707
115.01745329122872,104.25646663804042,108.70049143886546,87.28740652934711
113.22919958893748,110.89340493322376,109.25578102041939,89.14307991914399
111.32898107057639,111.69992368362513,110.62892618702438,90.7215485657259
110.01864642372894,104.75987317463485,111.41716595248289,92.4483254565092
108.01809387598857,97.82336903502798,111.9587564300437,93.65019306494656
107.68216058529576,90.38168787092246,112.48583924635173,94.48656023019373
106.50027777839959,81.0820088167581,112.52203632910769,94.59721556447458
106.59571423422149,72.97020195064836,113.99562562621176,94.32493009625463
107.39050561746905,65.4076351219335,115.49073939101244,94.27281670626004
107.85942528008405,62.41580843452932,116.92343686998163,93.88108861134184
108.47491810281224,62.460579101336066,118.53258822937755,93.05521241740348
106.9511667692906,63.719522467798384,119.34419573956049,92.8651807946473
104.03104341006727,66.40100056883061,119.33149617657403,93.47232690276351
101.56802834103142,71.63966875002998,119.69684020319553,94.41418094716408
99.61403687411854,82.09822935125626,120.59529354641461,94.85215656172812
95.22836860746197,92.12962367097447,121.02120447395382,96.6397783837175
91.77398793140445,102.19601259937093,121.69066032985305,98.47097834064529
90.88389122652255,107.95248635197315,122.52721553408858,99.93066228990861
89.53411125150558,109.3852179797233,123.58282716754843,101.37691272993445
88.19782200679674,101.22648324129082,125.44729840007676,102.5738759201783
85.9189856669428,90.05251167670679,126.19457726951241,103.79171879910223
83.62966083148761,80.58618252713433,126.14592715480879,104.43667072312509
84.17763271669524,70.1876436093234,126.60071981170066,104.415253761994
83.20164876616526,62.56353133081822,127.5909643851239,104.0746836107524
80.92726404873073,57.71486787024261,128.48934057238858,104.09221240568293
77.97816037231325,57.06844669694517,129.44370551418228,104.17001061146206
77.41523120934708,59.02279477484598,129.4591873628731,104.59780079522955
74.88745471730513,65.95813036800907,129.92655455975608,104.98863282850786
72.72180978935518,76.6213409811187,130.35400125121203,105.5035564356626
72.44711278747528,88.88412171270835,130.5626461104177,106.47327619196574
71.23505359518724,96.16381273214795,131.89156550607927,108.77627704188049
71.244477641519,99.7899260768655,131.86354026134833,111.29631101833895
66.8834546319737,96.95298114052883,133.17476484260322,112.63250624608429
68.2504436952625,90.34238542642626,135.10571801332787,113.59663094760487
66.6567893927178,79.15636879575857,135.23873441642144,114.26091007380842
68.44727629616331,66.98629111913786,135.57285188569924,114.62940862773343
69.36542418191524,54.81103498741599,137.18749696159222,113.30129959906292
70.03070100638325,46.29140992280176,137.65797418690852,112.05140139760289
68.89752005803128,42.49035859241065,138.33881676980022,111.27222888138316
67.28728994219122,39.117297551558146,138.35368985281394,110.79213321635355
67.22315176957173,38.33379347530778,139.16980475243525,110.39391269205832
66.41348457832169,40.05080780113701,138.15684781794926,110.13969122652657
65.28663187207016,44.466315199642125,138.23768640916325,109.89122743201878
63.749618904837774,54.637920529464935,137.5440283607789,110.29684756766125
60.7783324593792,64.98185623609403,137.7595452252373,110.52080705650266
59.72194935968116,76.78167993285847,138.17485649528157,111.44219390369645
58.182088962540206,87.9263675898073,138.44018853757984,112.89230909883199
56.772337072678695,94.47328234485818,139.7525411904413,116.35462048838843
55.23174421281888,96.77685174656825,140.08882143835916,118.92654738931398
53.46708398323922,91.0065749344598,141.59946418603167,119.65863219486633
52.19402062313293,83.10259574066018,141.53502834330175,119.53244942340797
53.449236466959746,71.96481406679905,142.29452296523368,119.63292770338118
52.29859012394135,59.07173240004485,143.19827377066287,118.2782218962646
54.405125289705865,49.68632182210179,144.4809839071209,117.32200752968978
53.54855959244803,44.3863562014991,144.89884247448813,117.0012692152311
54.67897129030587,38.8095212607179,146.0241827903203,117.13325540386137
53.86498434892491,37.31203877872207,146.35820504248989,116.75446848911463
53.27663788956778,38.21074376041861,146.49313584763297,116.96421847407055
52.4567021236152,44.66737178906007,146.8045141420427,117.7842778846221
51.21747449545228,55.55843935431422,146.53166524874086,118.65603527120365
51.14595224474786,70.60290615566683,147.39635754916475,119.36430282511462
47.94592430133952,84.046069503626,149.5377478743054,121.28025083317578
44.82357009790422,94.57207914747532,150.9904698157219,124.68822681525253
43.35763345269906,101.87685718348045,152.24677559838838,128.52923035933114
40.74573872866236,103.14841709711257,152.37412854591247,130.49841865279444
39.95915875757058,97.88621032643074,153.8063916760147,133.02689723093178
40.27605887558721,89.5786825596804,154.33081697632787,134.31955362502816
42.07891740930947,79.06965465948211,154.33434497075774,135.51982988440912
43.29790423145411,64.95775130664262,154.7662391281347,134.95741413220236
45.79699740572747,51.5470472826007,156.4320866693585,133.03992867137507
47.42943002938168,42.319598523938396,158.28153216347465,130.84638105930514
47.43850205476929,39.69435524942132,159.87769706598465,130.35454564026068
46.8595152141024,38.788767512480305,160.60829224185005,130.14112489984828
48.82903725281385,40.36553315437928,162.2346568710922,130.4077715526043
46.754691405620264,47.77199911045159,162.36372385539636,131.74900109370674
48.96579228496637,60.09673652815121,164.7619309178101,132.38658222754577
45.94845994049315,72.0609285135335,166.7692489957336,134.4161889031435
46.548127262882986,85.65342387428774,169.33835006758295,137.24114500475514
41.82623827300691,93.94308185424677,173.474769782412,139.8923168683234
38.86934812128948,94.89565194424038,175.56930760842988,142.2928064185608
37.485635635408784,92.43394794704771,176.8161217708651,144.08218216349545
38.51180503453996,83.77087558176355,177.84758471897115,146.26236417891485
39.145769461420784,71.78579215618052,177.3048361931018,148.87770314922153
43.19377798019342,58.39921370956387,177.20544791684804,149.09547636020386
43.402541968927494,43.33560782180038,176.4541669496109,147.82500213109216
47.66595094630782,30.675360139955558,177.62344541513835,144.94524114712556
48.27626598102877,25.57046352952986,179.0797939338007,140.9987176107748
47.216201593968066,23.02632432884448,178.8631385835477,139.4689125351253
47.37482671211487,25.154178163618937,179.05737475834877,138.4958968211428
45.76619889819003,31.496652261672722,178.99400575813144,138.1022417692613
44.206075980247164,43.16946269823836,178.41112707085432,139.24484492567103
44.28055488157675,56.939026021410044,179.480053808753,140.43185734793119
42.03263130260518,69.29214016853012,180.9363175221008,142.36578293857872
38.67211783842316,75.69061447273253,182.41145621728003,146.0998173013653
38.260584196529095,78.37414529991825,183.21394397859257,148.15517424135422
36.55396841717308,75.42987530082198,183.36955901737662,148.93460293049526
36.068734205448735,66.68670575397597,183.48234259013256,149.51334162135524
35.68570773047229,54.62805466782835,182.85945794757905,149.14337725312313
38.07150567903116,42.87038095047765,183.39759925596667,146.9792279226878
40.40736229635249,29.078814924405194,182.73072258061967,144.19181935593625
42.54324374004335,21.010945645781618,182.57278930596988,140.79877030026836
43.7546305039524,15.058764045310554,182.55391115626458,138.74538031975297
44.46567548187703,14.026325280225706,182.18115322308225,137.46326583408404
44.987896676761665,15.585139959057102,180.85354856729697,136.6996306075095
42.35120309679057,20.608412846387182,179.57527042114785,136.5498867813967
41.45699724687344,31.346491404338394,181.0409624277982,135.94462505123647
41.094617088660044,46.69828940336113,181.07100098585937,137.10371330306893
41.82220261104099,61.56516692000898,182.85868930465338,138.80003486889433
40.15729481598248,75.71287773534877,185.15119560579183,142.47846730315615
38.27594273568593,84.0671775229485,188.65395112532315,147.72047312041275
38.469444197008784,84.60197707975293,190.6302311216075,150.6311203122696
37.443927189096854,83.73141481603555,192.85360158169004,152.7402403104666
36.40195668848094,76.7886642490412,194.30622568266858,156.00635000311007
38.024535997411846,67.62324273681861,194.95118471007044,157.9303517494791
39.426298450184476,55.91930513005909,195.54365065306644,157.77974956126474
39.81673203826472,44.754521557752625,196.6341390105058,156.90760886591184
39.281458389975086,35.09957024423977,197.34611319817355,154.08753522035454
40.17122018814362,30.505410000169263,198.05273772080926,151.26698463000434
39.81179178928804,31.426953481059343,196.46047615418632,148.3613563026007
41.82264065638303,37.219816495388045,195.63057567646607,148.29764203084028
40.73500482809605,48.094992070638696,197.04907123860337,149.93839081014855
42.16463888533835,60.56983428177337,197.45289945666883,152.6656377691048
40.828775015082655,68.7191289332906,199.57513763943714,157.03368779407324
36.69599715609746,72.37540850937923,202.14507377427765,159.39929026298975
37.84260520969883,73.22779579722115,202.64718294631075,160.8289780438733
36.23364433258186,71.17554196134273,201.94358160636745,161.3829147508169
36.452527171870855,65.66021341341849,201.80253866772438,161.590632927598
39.90134972600468,58.187499718423055,199.9868737878808,161.6707343898545
39.62793753691629,48.204338899572406,198.80433770482253,159.52445188632043
41.94356255519264,42.83671058311509,196.17806394085284,155.76053154017012
43.541205070335266,37.94539614827728,194.0117210187219,151.61135956756058
45.99401440440229,38.763227348127685,191.5361722739887,147.82381141995023
47.42599757831073,45.14416727455702,190.3156514179626,145.19203563203297
46.036470393699716,58.7930803043532,190.36200067091266,145.2372385946574
43.86193749143271,72.94790858634367,190.08077167564198,147.42265916385517
41.54143298234405,81.74425220257802,191.90899935989597,150.8780981520896
41.312355148824736,82.61814206782361,192.9960936422567,152.17151810574148
40.81122459585018,81.8157316306768,191.8910780701205,153.77649697390405
41.883649190777845,75.94806233182341,192.12776011882107,153.9314770663618
43.658566524241365,69.18143822254378,189.91926086773418,154.1412532619108
46.97755946152566,58.881130866462826,187.36358185504304,154.27870841291548
50.74312461200205,47.98808495927078,185.24326059415984,151.9864673262986
56.99698073846565,37.68482595947454,181.81134351487765,148.1171457110229
61.34803929952301,29.474854672308624,178.99163739587573,142.24613560285962
64.84891995712174,26.23974633241677,175.4459589015706,136.9145057784319
66.02397817387318,28.078136390739616,172.6544983559099,132.59604703048052
69.60088072598012,32.61535970860716,168.63379709919968,129.52472701599177
72.91856820328437,43.100544640409396,166.99477434033093,127.27532539884726
74.10794784443748,53.00100668313619,166.6500741057237,126.41435416373547
74.76459013190886,60.01257654270216,165.74933089044393,126.2393523001333
76.86586275440428,64.11962507748639,164.54319816109336,127.00539305557706
79.33825401122355,63.05882979262547,163.35432008356625,126.26057170093672
81.34387017954205,58.86115927744514,162.16600568516168,125.45352492154396
83.89558289296622,53.736884729301266,160.65195813840978,123.6339931157321
86.49263835848926,45.12547644792298,157.32092115240917,121.79334456008047
90.29884889112681,37.32540953619434,154.08579128967924,119.06561087560317
93.92830521396503,31.23880831338723,150.58035740949046,116.25006858549962
98.87879861236166,28.193550275452033,147.87507125814398,113.16363611400674
102.6798304894294,28.77866168751605,145.11334764149018,111.2023686374167
106.19805150857073,34.526870187710415,142.1584066102876,109.26581282019447
108.08391053793207,45.383677367111666,140.58561428513121,107.49927144418005
109.74531040674921,59.46824341300119,139.1637907285272,106.02067775877308
109.9658116591676,66.95507560192891,138.3576965124077,109.03796873370084
109.4607247757074,80.23445470482801,138.02117807485268,109.12660470820049
109.49358358901735,90.1157029902055,138.29914604541412,109.79336457665448
107.22378183591778,91.8017212767104,137.60850682242625,112.3433479621408
108.16167423164674,86.41218104547514,138.56824015268768,113.0429940297749
112.01329540412368,73.16156302248874,137.76774639248111,114.63467654791566
114.41301654095125,61.5084692434491,136.97090812654693,113.01001121598028
118.00163638672021,53.21082083685002,136.7417384842949,110.22066447449095
121.44089182167158,43.85272971408039,135.87199855708013,107.68760965948333
123.57691676823303,36.376236549004524,134.35194351220858,105.90994031946904
127.19416621083612,32.24412426213601,132.74245321007126,103.64219296174855
128.12969050258818,30.31526733811657,131.68507418890692,101.83837726877181
130.5719637396574,32.20011251935007,130.08223762420755,100.78843397280261
131.12334260665872,39.10042677281895,129.01106440637255,99.75167665879698
132.68529095240092,51.90122980693825,129.03403785114915,99.2067817874578
134.69691548419894,64.66087862343585,129.2153056752179,98.82798136210418
136.3828310496039,70.83830067678969,130.65370432269776,100.546203013148
135.71708239672262,77.9152174078764,129.1280045821804,104.04957894733687
137.02258493063857,90.75272141149313,127.86191311622386,102.4447022419833
138.83401211914304,95.29640984101304,127.00851369526958,102.8457191665128
137.35250312837715,85.94602263822279,126.55047993615501,104.84094814667827
137.6240117898816,72.64003955436752,126.18966311947563,106.92711742413002
138.588631232611,63.31451125218643,125.95527801667065,105.4993223286631
140.07120214386066,54.11610454046226,125.54511337274494,102.83217090836143
142.9803779337787,44.3317665868576,124.75896165252803,100.35147700355904
144.07857440112318,36.359867505231975,123.12825363242797,98.1848663838513
146.76018373024084,34.88260629217889,121.5900388365736,95.5322597129726
147.93104791439762,33.22702522123453,120.01635792023302,93.49570218551929
149.3081783581282,35.47319411418354,118.21399674008924,92.08867581243254
148.9015947366045,39.82063823513302,117.01089763715885,91.03542918735488
148.14917212060024,49.71785076510305,117.4349934766579,89.79361071005641
148.07538273643402,60.40397459829241,117.586647411294,89.04801862229098
148.19441753757798,69.36558845568744,117.70826349821695,90.5348823076474
147.0907056534636,76.53233046512638,117.85346883878762,93.17410031513671
146.92432116727736,89.09585070682218,117.60246217162614,92.54939633382031
147.39517234737804,93.80160456410424,116.4789971608158,93.36525125200765
146.87263387975003,92.6827048312698,115.64127113281498,94.13305712636794
145.8158818013288,86.19484197239308,115.52519202626019,94.13628299670927
145.71609300723333,75.3014605910617,115.53246351312897,95.26626551645211
146.85710151521909,66.75820792802828,115.30499261494002,95.13286117455019
146.05735903126427,62.34878986376177,115.22808371631068,92.85966487052706
146.3594569409862,53.98152307501054,114.70527301016568,91.03824065384006
148.20520168145987,50.39659349277588,114.50412853043903,89.06574676044806
148.89997896344266,47.89124889415656,112.891991536826,87.57901898457268
149.03948702362456,46.37711909633875,111.69555270461302,86.0988204426961
150.04426742713088,48.03074333407026,110.16260759474586,84.91016232215252
148.63123080486866,52.95600691784476,109.1190125939547,83.68812560260156
148.2406419567007,59.73283266325593,108.5430484379118,82.67304356215764
146.2995413274931,65.66884066086962,109.30019247586804,82.44695690347811
148.71029901575673,71.0669127895595,110.44773084461053,83.6283307277634
147.3833055308873,79.3729075987209,108.73503623857427,84.45620812909391
147.25129273516546,85.80197096684476,107.35505033252039,84.18794707735546
147.9240185269615,85.32729095151754,107.8339710404932,83.55661732014522
146.70476165720632,82.54780814761008,106.29331803386407,84.13955067088004
147.00806791216303,75.80744210920594,105.40357520602421,84.65158806079872
145.8712897039452,68.00138164947192,104.75856324973347,84.98116961259095
146.7960039510827,63.950262035532475,104.60976458581888,83.42956782179309
147.6121824821742,59.74457125616064,105.13812310362243,81.71459516300746
147.6257183887064,57.69429612541326,104.63376131586858,80.24790137161526
149.1249031425715,57.77589434444873,104.45618329106375,79.15399873056046
148.88156760732167,60.265952548879476,103.30247648242067,78.26694758353979
149.14938292295034,65.10561560634008,103.44458648465103,77.61273266704389
152.16267301279845,70.96440551774111,102.93152797625001,78.43379191284534
149.91380765915574,78.71368563925617,100.96301160177882,81.48237369862379
149.38838264801143,91.59740203596772,100.11030861503423,80.21524989567924
152.58716296857628,100.02686944935064,98.49395935009473,78.96949713678447
154.03505591339874,102.20507157929384,96.27280016848052,78.45522496842028
153.0910233384168,99.94909871246168,95.48041511740982,77.79912470446497
155.32067512718518,93.73991225734324,95.47796063807864,77.63915231593477
157.44385647518973,85.28584584403843,94.78511766786909,78.2532711654936
160.95529974800576,78.5966792790615,94.30446697352488,78.37074003763497
163.09344846596343,70.64981194293446,93.33351411921356,79.27321799602187
166.24491654078332,69.01880241975682,92.90716059210185,77.44168063826336
168.70343846214138,68.81788460212682,92.14109531460176,75.07008497240642
170.47271961451668,68.0214308901856,90.67785182317513,73.8663999223051
172.24650797029585,69.07215005626875,89.1457441858661,73.13239823755396
171.5501710708112,70.83983493073711,89.82291536509203,72.21456837127714
173.82276913403507,79.7333261217411,88.47394655073232,70.75131455067056
175.00944364269213,88.4667180455782,87.20877304954669,69.36249548571116
176.41263484635826,94.62415782739966,85.47043387417858,68.86476413068644
177.17082330767192,99.86890568822498,84.18878311231593,67.9076351616603
176.94878196373529,101.10950285884745,82.99461199216768,66.89776836367403
176.2922964485162,98.51850985856714,82.05119888831325,66.19542742942019
175.95828022750777,91.12458378051387,81.5502516855547,66.19992101161316
176.53788547785436,84.55477862164473,81.25934972902047,66.09277668305018
178.21269798342075,80.38077326071051,80.4495227392042,65.04817685499185
179.2748500751427,73.85893715382836,79.33489513142106,65.92253754531865
180.04456716833656,71.06990871648082,78.02941209640433,65.64274625259429
180.12579565104798,70.69487047383103,76.87424239485172,65.59920507212621
182.13553578971974,70.55070363436465,75.708307306412,66.04021379857579
183.62552008457794,77.69657480785462,75.25753831691534,64.1142198570524
183.94777380026363,86.0516813336635,74.42949365564834,62.02768978120369
184.56238949177072,91.116148694593,73.29515859661308,61.487703309161596
184.78358401907843,96.7879692784164,72.49204774524662,60.242977241612444
184.0484989025315,98.29532200811447,71.5754761017383,59.650192320164905
183.26607708667615,96.76944333442944,71.33594456178764,58.875477146706714
182.82045331281213,91.68440320390977,70.85019451945067,59.24051895559762
182.5350801214516,88.45322649161417,70.32327594989357,58.946586712769374
181.82440665341574,83.85796375810278,69.70778149344827,59.48695901969694
181.4683631666515,82.73936601356237,68.77002060187203,58.76102713412871
181.13498205869627,81.73885377119532,67.76968989843283,58.30658725576468
179.63872786418654,84.21022186051366,66.89061601778374,56.97692371087129
177.36336844970518,83.81154826753661,65.65406477762411,57.421008591565695
174.46177562076812,85.75682700074512,65.43403847947405,56.8086009683646
171.95032001161945,89.76036623288059,65.2227282393363,55.47265268445254
171.34846880245107,92.78022664329205,64.65997643785497,54.09609028037765
173.638910929588,96.06843326102921,64.15912691639973,53.12424457267436
177.13164190873186,97.75768853582655,63.832203776471346,52.45419506929856
182.37878929769906,99.55262887732218,63.75121714215272,52.10064871019034
188.26902002467926,100.7499639128976,64.18995677614393,52.409378058824046
194.1810662537518,101.89298802923881,65.63099150000576,52.25851268365507
199.44679667144823,101.2626138182097,66.70837256067001,52.13798306768837
204.24416734433777,101.91283886785666,67.05932995298907,52.09229478346556
205.81856024393943,102.87104130340397,68.45826935443884,51.79790109706332
208.15224332392097,104.40081350090286,70.27107153706609,51.47847425196178
210.21893846983383,105.66766117240974,71.89735579434311,51.25085209772976
213.1389061448643,106.81097271052784,72.50790376642573,51.31230250400701
217.13777710205028,107.79029014243054,71.38529536645808,51.33639433335499
218.43495615079377,108.45171649865532,71.28507622504102,51.10849682682277
218.6284616372925,108.92964462205606,71.11292886529142,51.211865185581594
216.90428395230487,108.62852376412648,71.57497494533445,51.28647907570374
213.4275963501147,108.59633133766366,73.17905071886767,51.25178480399988
211.78709319650892,109.18277184366625,73.56237769716076,51.60360920199838
211.15793938814124,109.40929731056109,72.90143303747551,52.14606485285302
209.57165931070702,108.88087015344598,72.96673177304767,51.554559391539996
207.07475914686648,107.93590670334629,72.65290442281125,51.18921080383961
203.29780677428838,107.88120318794199,72.4946838666064,50.610491747459484
200.19731547458338,107.49684371663835,71.95140424754109,50.089135507152044
197.41797762105813,106.90047766935562,70.87757596823293,49.70127759202816
193.96030721507768,106.25630344691581,69.89252901621676,49.155030952717425
190.80212198845138,106.40891033179335,68.77107092866737,48.65930017465773
186.6553379512305,105.18615970855925,67.62301722271361,48.2829198884569
182.18245816548807,103.99953428769102,66.36026544165938,47.68357742269823
178.09945126409684,102.91428928908108,65.18686560155854,47.20498046770862
175.0594238655591,100.49628127678426,64.16929705039797,46.85126203337894
171.45365793598444,100.26106846808214,63.23683934655901,46.34496046314964
168.6857646899337,98.79534832205903,62.55016986026695,45.92044372394588
165.88224117209566,97.26266096679305,61.73144279850036,45.52042965960601
163.9097178220033,96.38778309806874,61.141418125699275,45.255340264226874
163.35905794679798,95.68179053348665,60.82302485578519,44.97695161504785
162.07816830445194,95.04960516425342,60.38818801537049,44.696361854704506
161.2952620762412,94.8016899371555,60.03724741812681,44.50743060588596
161.79586901654343,95.12792750084687,59.590786125794395,44.24828271467877
161.0738903029542,94.91829352920996,59.23102784710128,44.075813447201995
160.55375663404797,95.15468826790627,58.89812123281108,43.96122764913258
160.20396378683634,95.04300522628195,58.54402889149829,43.84290483119523
161.10565019419386,95.44337877134531,58.09411364685925,43.712004216192874
160.04000951281054,95.64509800839883,57.75877098809572,43.603911495517124
160.7400990531551,96.31471990360325,57.66373264112548,43.502200201560626
160.6515975204124,96.52683102122248,57.57652807526128,43.459543447746526
161.3146376405953,96.76990300848905,57.639520968364124,43.33663974502009
161.2700219961412,97.37129782592712,57.83695774708661,43.32830442246849
162.3339855857893,98.00588052474211,57.63552802720206,43.27140380106833
162.58175194628737,98.94486973057565,57.92785260028852,43.23106031047518
163.15989570319198,99.67475809736035,57.987602717514136,43.13574166101222
164.64786014164994,100.45836874883881,58.14568415553964,43.254496863334865
166.61708617038596,101.84072672028591,58.076755146468514,43.19731737940974
167.4361943201185,103.29605547808353,58.41829138759178,43.267120507582845
169.01686001051755,104.88465058919905,58.40349874122974,43.06441878213219
170.00242227585144,106.45058681423413,58.910024614538386,43.148459389389316
171.6383206549387,107.87209527237658,58.96389309188331,43.13930358569901
172.90509942023843,109.9021243549602,59.12707237387535,43.264567228393105
176.27999593029824,111.3184507163799,59.083048892635155,42.96190970857188
177.66821329731204,113.48136445600119,58.97582936093906,42.81884723634835
178.56259243339753,115.49023652960624,58.93318653485879,42.60471961288093
180.75474541910728,117.26413535622675,58.754825101555774,42.28445458483829
182.4433553582611,119.12674195682845,58.38856103379498,41.98958954151753
184.68452293341159,120.85387131967718,57.8867976303202,41.73255567124306
185.61295816799787,121.73452798374072,57.64858701508285,41.48736528031845
187.83717765020353,123.21609064891116,57.24758428800675,41.18851678828017
191.1098426038743,124.91721696428418,56.88149031587634,40.70074174428036
192.76062893640847,127.08029449868495,56.5433795267236,40.396507356478565
194.158766318899,128.04161193962253,56.12163698449029,40.144092253618
196.7397980382066,129.4115406532549,55.66354588550525,39.605524718549916
197.80484831073193,130.81030801839734,55.31424794799091,39.188941631255126
199.7077183521856,131.3716717597223,55.36893071473871,38.8993732972983
200.9296396772999,130.68068538226453,55.15826000435999,38.761330693288976
201.83262625305957,129.4701944411725,55.014231838230316,38.549499360217254
203.9244585098769,128.68768326863432,54.652456725077855,38.30906792798041
205.39366254441344,128.3922187924959,54.26860192634473,38.033620241844815
207.58279014472475,127.82623896330193,53.730435570021434,37.768952474085275
210.8136289479516,126.63714451557118,53.05681338348964,37.340087565149204
212.23294050304486,127.00059822929319,52.75697573091417,36.74710289342341
212.90654774998112,127.1196310212921,52.36519514216631,36.33087692512822
214.6852345609083,127.00640498871408,52.06133962486518,35.96106224376324
216.4526371723709,127.7151995840228,51.55842074112759,35.54506080167336
216.73689186451793,127.86141680744191,51.27234784689243,35.28399884610542
218.74491237486293,127.59514460211763,50.658310829727206,35.00807223271758
219.43434562679022,128.9525553941599,49.96989922613737,34.5334559365664
220.44368285450616,130.06681547538315,49.601494875113744,34.059444746287845
220.4420210717865,130.46066046473865,48.94097677576195,33.8193806072871
220.78787593457224,131.81848909929542,48.667284646196904,33.253200581597
221.855527716807,132.28171832345126,48.27355024314251,32.714263370420284
223.72901753961253,132.510574301241,47.873126068951734,32.259234323278896
223.89159482346608,132.16167130434962,47.33422654796987,32.16178531170205
223.19411281195562,131.6691970485391,47.06903229443289,32.064416113400256
224.3777653328651,131.0042787397103,46.935232024800214,31.89974231884171
224.25872387156298,131.01931105556696,46.90237124613719,31.73161351128418
223.4655578233012,129.77007814236862,46.70017084716211,31.680753394687716
225.29656425541114,128.66733036676382,46.45361427795564,31.574024796193328
226.9087721626849,127.34975546919256,46.084843166319516,31.507574516567782
226.57014504154665,126.01509011172294,46.068697383228276,31.370343999893862
227.32925087938605,123.83973237275579,45.73108468177733,31.358561671279094
227.33685923035532,122.84881107218641,45.51951825471161,31.294580698351705
227.88425529122716,122.44013872257034,45.19631499491022,31.289179716774825
229.21698051269536,122.16073659655822,44.87017734379816,31.083691847865502
228.59356228491345,122.38730664276382,44.6204148403929,31.128888756062768
228.83913238226265,122.30841055423106,44.337735840924935,30.981921222101136
228.9712285486416,122.57665815861478,44.22017902564507,30.835589017732037
228.47826682796054,123.63012800997329,43.86283514542054,30.6693997947132
228.59169843827368,123.61369158420639,43.94266985966023,30.58902661514149
227.08876510377127,124.18772017183802,43.7192264929595,30.484627457990392
227.37392373197625,124.48255627138619,43.57715916192451,30.314167242574808
226.43777485474047,125.2957037495401,43.140057788435875,30.103136177487073
227.22785862603644,125.42578912335061,42.99424586241342,30.102663194977968
229.2252454502545,125.80878681792007,42.88303907036156,29.94764479987667
230.67600755326333,126.53212367242078,42.83764784850528,29.867447745881666
231.61758801790694,126.67817489496576,42.84213931637385,29.920914374945596
230.67800699955794,126.56749882115629,42.98015025863523,29.86558864585366
229.62654254662934,126.33245107690557,42.87919098662069,29.800316168656845
227.40781843285473,126.22122014987072,42.93148115218874,29.912368397851957
224.78170077437622,126.00890654178743,42.694728546477265,29.848714691844094
221.81530495520943,126.1172507256629,42.30126152544806,29.762758204757965
219.3543614736348,126.8512157574677,41.63788809736192,29.454504573757937
215.4551255428036,126.26644608978461,41.12918718375583,29.18677064519283
213.02883125676658,126.10490257692142,40.59135817999367,28.839026050226
210.15497804168635,125.67493938636784,40.19139195695589,28.512825841558076
208.4637715972653,125.85435740533113,39.897751083362095,28.342186447818467
206.84373010796958,126.13328572055534,39.42369221625043,28.10124842889656
204.86516075050721,126.44344170622152,39.12960593651571,27.9409835535782
203.87003447736825,126.08779076980137,39.13062999577885,27.915549963276113
202.77421335288943,125.91692242669434,39.174973431870306,27.813712250734152
201.9656645311462,126.46120101130495,39.23581466189699,27.81172296023608
201.7804390242817,126.01299419597146,39.36954523285408,27.861932548468346
201.58055823158784,126.46071413386304,39.394261727328,27.97936322284084
201.94320024495133,126.68655239755006,39.462056898007795,27.938782761703287
201.806952145543,126.12680568026046,39.48778179102498,27.88609530524551
201.9115292564407,126.39721375447758,39.263227286190975,27.81175565684562
203.06697086298058,126.40243812827975,39.2107702625338,27.78761750395644
204.03273108821398,126.58073738838583,39.23343875497625,27.7473654800879
204.54393018035063,126.35119642179873,39.382822706666374,27.798220744427404
204.7057471513658,125.834408632997,39.68121502930355,27.762935075921856
204.71499775317443,125.00044337154958,39.84266822038445,27.99823780168994
205.88634707055274,125.31585628066328,39.718166692942845,27.969262075873566
206.09211404230524,125.16998346568042,40.03973399817905,28.050382027538447
207.3785789890469,125.41587055087793,40.1217282589773,27.981213908111574
208.9304682207461,126.71362517752088,40.34166715130708,27.969859260691162
209.80869708795524,128.39067866194034,40.572630810283286,27.87151916044356
210.52156648755698,131.1837685180809,41.02007716885567,27.994495961376526
210.4593945268986,133.39893922434013,41.291673098491344,28.055296344970145
210.76800807211407,136.29132612013225,41.64604427561565,28.11560865110318
209.7554849679078,138.21237809319672,41.9983676675609,28.483652085803108
209.29473857099416,140.2677714529495,41.98112253252081,28.70941178734858
209.07294667828603,141.0948154542531,42.1924188812134,28.96775252142807
208.20524441047561,142.42580339115375,41.9721100255302,29.034583143293283
207.9548220354576,143.29072849461895,41.98689183163081,29.124513524512913
209.84318926275546,143.18753956564632,41.96460197618673,28.99267993545765
211.16229282738152,143.05082933209383,41.9536226301377,29.03341932186367
212.0026907237078,142.85086727981454,41.91881530184065,29.208832205371046
213.68498898740992,142.4158572920048,41.84920120775545,29.31043249801092
214.50742434305494,142.24867617657375,42.13514857736757,29.388844426987397
215.37229159791707,142.59369469774353,42.17877932681383,29.500256683506507
216.70903916744757,142.71326188499077,42.51368200536449,29.63569357280216
218.3891109290105,142.30041336593223,42.55779268031296,29.804525908217677
217.41936001189467,141.64891721799165,43.233229725726275,29.92945934141268
217.66662450409527,141.06176663322648,44.043084138427446,29.95720818664794
219.1550839687657,140.80668420262776,44.6648173334915,30.030391489045627
220.6568422051057,142.32811067381027,44.94870921270965,30.335752934574337
220.0484776952067,145.25195966939208,45.59796708592408,30.385876369802304
219.59801614858515,149.30839219256492,46.297380822668515,30.542827722077213
217.6218243358002,157.76750084500355,46.14716053588487,31.168687336755617
216.05502377603085,167.81254465811065,44.707284864041725,32.84369828231876
