118.5,57.5,82,98
119.14970236209156,58.84132686284883,86.35432805245873,92.50895541851315
118.8576664823393,60.79728909063884,87.86701639531057,89.14602878235681
116.97617174411042,61.65485156542357,89.33540586185012,86.79118261801608
116.86304288352461,61.671852442616256,90.31787474463519,85.55991929174655
116.49730330428656,62.275869033140815,90.97390997963794,84.30054277027075
116.80368090576005,61.69670121052572,91.43992708313324,83.98629500237686
116.88914029669286,62.05544018208552,91.1349990592098,83.95137720511221
118.06258042463554,61.980710745375944,91.98478122931931,83.7284724217721
117.25122799378542,61.270414522867426,91.56260379350368,83.92900416065052
117.39835316350651,61.189948961051925,92.05778383392905,84.03064952063039
118.5087874899479,60.9655609904721,92.41863529480054,84.09517783095546
117.49674653606439,60.01367370011284,92.39821971263837,84.72365274336191
117.04061173484993,59.770876564974344,92.39984061149217,84.69715484053938
116.86442265060708,59.47495806431193,92.73211414819626,84.49840334374868
116.00263642824443,59.74077322952019,92.96451702104505,84.62109647200373
115.67365591082284,58.95772828410845,93.46786195331197,84.64896440752783
114.25681655499392,58.547977187129256,93.48837619238986,85.01471104394913
113.97101507842,57.882747335220614,93.53439951420913,85.29359520627014
113.98878200382761,57.1129504059999,93.5549697013046,85.85255783244992
113.81931833900887,56.53037344103133,93.69332924901687,85.88429320235898
113.47704454034577,56.88244829059716,93.09036728575805,85.63112121609696
113.76196718715349,57.22418186407497,92.2999397900657,85.44889313049693
112.55649434085956,57.759521742245155,92.33930249772925,85.27170458270987
112.23949289272544,58.612862969427624,92.20435004407531,84.42041440558569
112.91485674576731,59.19581622727884,91.77165575903115,84.00696872724745
112.31743296098762,60.3418232075073,91.6331629221727,83.12261799291815
112.44492957923967,60.64042896698959,91.33830004564606,82.59300022729144
112.00142426945496,61.42997426851238,90.95150588139438,82.16348140063593
111.84268780345492,61.643393569256645,90.58219889710799,81.85221907384042
110.1895584448134,62.60871112912871,89.55347474238175,81.67590731740043
112.01345610280492,63.235483308950336,88.98451157590434,81.66153863505667
109.65446410004095,62.95042357388051,88.60907316855995,81.62574226075587
110.11159953668523,63.368665837734376,87.97226823479318,81.42513772648685
108.7493134078104,62.54137959928011,88.00784775381906,81.39112778304626
107.88855013235585,62.133548142605775,87.599267855601,81.31079138399411
105.72807557893435,62.14195922969443,87.00073425446669,81.08166545214927
105.66671409321441,62.01218565659697,86.95412852143022,80.54111912634025
104.70778502079382,62.204464238280394,87.21428505475254,80.05906718940668
104.9286145850467,62.81837723007961,87.45947176527037,79.93804736482771
105.40405571382587,63.28502353865242,88.08254742778651,80.06674441271353
104.68509283467826,63.414785804601394,88.13766950756914,80.12318255304916
102.79952486375423,64.00323152895635,87.53218992512521,80.01498343088497
102.05512034762475,64.08179734294767,86.84611130021864,79.23715323169719
102.16803525111601,63.87425968336651,86.47809967951923,78.98299904341322
99.95544801089531,63.73674529346279,86.22091303401459,79.5081468834986
100.05774074724646,63.68673266325771,85.84170863168774,79.41745300135257
99.76104425060728,63.708641495493694,85.90505230093042,79.34175428015462
99.04846575908388,63.49430074472423,85.81015232101034,79.08795401594648
99.27278888144166,63.27902283592847,85.79762521548926,79.09321439119523
100.00871652770603,62.99814778405958,85.86170532487702,78.71441255830658
102.03740106824355,62.92417634568979,86.05938404195871,79.00831573620698
102.84573727359711,63.176066665390415,86.164225975467,78.85887004725281
103.31737002943336,62.02375757241034,86.39866277149558,79.68073066485358
102.99404499470904,62.602513809612624,85.7006142926273,79.97487941958262
104.0329831912155,62.29266653414324,85.63605071623425,79.85305958577484
104.80750592459967,62.17367342196707,85.72868179460902,79.91149070694439
104.25737561659601,61.65845382446453,85.54312979426808,79.8912417544046
103.69246927681554,60.70219832397087,85.35861284965299,80.18963620590004
104.77889006781048,59.873213002732115,86.15162281299698,80.10530443062243
105.54149926167554,59.85637862528519,86.75989880240309,79.83627442429153
106.51348889629246,59.87720233748834,87.5023647693753,79.68460238376298
108.18248121815171,60.33881366052207,88.14037852729864,80.1208633373583
110.75107239981136,59.25657405940871,89.35137025913315,80.46157952669897
114.02373542054153,58.28187449945641,90.49181234511423,81.08519598993396
115.44503373085966,57.55579972115503,90.73532417059917,81.73365374212769
118.28242496684109,56.30875950999815,91.21669108599593,82.10299284859978
119.11547667770338,54.723142621712924,90.79132236065959,82.62312193652582
119.33354688805599,53.32569664099009,90.35030602110406,82.60225090129791
120.3833276218738,53.13598884374636,90.45740005578779,82.5204305851313
121.53707009241865,53.681809521281224,90.4293350136849,82.23564312048057
123.19655927689679,54.05017913358588,90.83381088171288,81.3642544552251
124.66212771344885,55.40632929481641,90.86816029667943,81.24571176215856
126.01356997703945,56.30586512212736,90.52459235694636,80.8840369915012
124.82370065721804,57.29236958672242,90.21501114757488,80.9217106451663
125.68300520227669,58.283589420469,90.64888146762912,80.48600316494426
124.28099434702841,59.18341125713173,89.80028810778265,81.56029137638443
123.27673113101645,60.71957335407153,89.45165635575506,81.97315948139399
123.39620423273314,60.90084451003719,88.69369764154514,82.19137794645928
125.56093705848862,58.654586603298384,87.88328163450441,81.66134270021399
124.26498495045891,57.94846480423054,86.0493798050316,81.02791602742988
124.37177950169374,57.533841777771656,85.61646632240256,79.7584031444193
124.2181979640036,55.40170863293575,84.74825059834437,78.87840521289971
123.99519696418677,56.099794891969545,84.32221190898647,77.74984032413128
123.0406847654835,54.78245904443464,83.5799947654842,76.95802171234685
123.40027942528582,54.37984262868205,83.14388486143935,75.61160530717295
121.74795731669168,55.71041780212043,82.37621529307464,75.47892309231523
121.89359461406379,57.65965176737106,82.26032174784424,75.21372900176453
122.00166393833955,60.22927293769154,82.31171595456502,75.8464578868621
121.01725593496651,62.81377649564824,82.84721859156011,77.26392614326315
120.81517492229642,64.28886347335859,84.62142234492,77.98737312709721
118.61457790252697,64.0442865917127,86.20237874789274,77.58317807733205
118.66147348509854,63.6483833727855,87.18655939881253,77.12767089652647
118.69997449868542,63.24515452445567,88.05308322241163,76.88679118035196
118.63227604006946,62.59133025186296,88.04217307356059,77.16315026726254
119.03092278635233,61.960451483406196,87.48409915711522,77.22017836634801
118.40785772229653,61.70253962453857,86.8991179733143,77.36500736720055
118.76885150207438,61.71796698624934,86.74134261678441,77.4805514712126
117.56401591751421,61.256749762281984,86.57172959477316,77.48553745809156
117.72929427698514,61.685237065376484,85.91723686046379,77.55878738975198
118.25495312386242,61.54253743338259,85.96494322409754,77.13138036931213
118.58393152296004,61.62929682317824,85.56487223961537,77.30730007820426
119.66445531037917,61.71981168774642,85.07783613366443,77.45226582412168
119.65609434617707,61.37595483973667,84.97071128528519,77.67145157724529
119.9386061377514,60.67927612234781,85.51456691070128,77.78535549601655
121.67939379980861,60.87814027610015,85.87112039174738,78.19969994241812
122.23868867291351,60.46963754050575,85.90676696221848,78.40117808177784
123.0227305994617,60.467614958303166,86.53060243590434,78.34808858808479
123.21866048162599,60.06068573462686,86.71778749045393,78.441495501643
123.38125455037735,60.46835415966456,86.74487511193291,78.55456125424018
123.1319513296936,60.849988175019675,86.61381975482323,78.93801506343473
122.61651222618528,60.542027436194175,86.8821040964453,79.3597427308612
121.96107358670636,59.95570981947973,87.04092539662808,79.52113509777398
122.93093414549304,60.395418610277574,87.2986449032918,79.36935206531922
122.20765596662586,60.575919013508575,87.87753775833298,79.42527665935275
122.08415929472162,59.99654094164764,88.4681164741126,78.90008154441526
121.9565707816132,60.368611146702264,89.21615080752511,78.52387837133031
120.88558975212334,59.6065329639162,88.85155397139376,78.36165792682858
120.56969258000214,59.8876021673821,88.91588485805175,78.48142312058954
118.81854465402033,59.20796751973267,88.66067052477368,78.74042905872592
119.69867462687556,59.769210162498275,88.83791546664409,78.63313520900861
119.26157133747473,59.67666519789348,88.61183985321551,78.34481673720579
119.12165417945639,60.03753753277347,88.46783799762517,78.24839929694562
120.1786057126422,60.661607125262,88.48204629371082,78.51084863869433
119.48421837097669,60.48975541137659,87.9703943508364,78.58440098776413
119.40110726467927,61.08183739647278,87.8878386970677,79.1915761765836
118.57042525950142,61.049908549223076,87.48835447133942,80.27155943088982
117.85086137597396,60.58381820446613,87.59942483006151,79.97336816834684
119.42908256434517,58.4101952786666,87.05566193482545,79.1493412652767
120.23804269487741,57.29865197224552,86.47602859812316,77.89666956398617
119.34873701902701,55.891788018180314,85.91101726534518,76.29295228931629
120.8499703790836,55.18478944839004,85.63061432506292,74.95919366298192
121.91772702195647,54.73871695826427,85.30857486000355,73.82986666599957
121.865955224809,53.34088263809124,85.44386637287448,72.48579197825116
122.18076145702409,52.592537593753725,85.19552133684243,71.00030457096976
122.93484990084457,52.7791708125917,84.74448146168318,69.81681920304936
123.6794961741088,52.395163934385,84.48506555261349,68.24628406076586
124.91130622825075,52.488134012320195,84.19295375655494,67.32504753629654
119.85261269788319,59.15132796242982,90.77024834902835,60.441861654815085
118.7252174281778,62.295442465111066,95.70476835010905,55.494577297241584
116.46452701375998,63.40699002630483,98.82549533983338,52.37430835292794
117.34031011556112,64.93923030225903,100.16861826701414,50.39866304042992
114.75089747136228,65.00301984826777,101.78598496776536,48.99088859299712
116.47915464349691,66.16852805705392,101.74851821756653,47.83867848035645
117.54428299959137,66.39635396826372,101.63173239351542,47.07567775094299
115.96453484219758,67.31968320443943,101.96228617099527,46.29024767309994
116.62742799755888,67.4970420227668,102.27828285931136,45.61231806850007
115.14379532410051,67.99990719310473,101.84878082837471,45.120592733183884
115.95875546493697,68.01204624376237,101.54123238717878,44.68042200105312
116.30214855952926,67.90035686741065,101.77976688290401,44.190613714858074
116.60904483106538,67.71158938790497,101.59657954274508,43.69783067832119
114.41714395691686,67.5547124079381,102.04007438911034,43.43458115925103
114.51682675545175,67.80828990278866,102.2218413649299,43.286820213233895
114.77746842552615,67.62320206143498,101.37179892076765,43.52525346322776
116.35670139533514,68.53662010196368,101.21299895672036,43.30251856320065
114.93546136892223,67.79394394808448,100.4325458602084,42.96369193686176
113.92875756239815,67.90829450527711,100.68201838414524,42.58065979401502
113.11081270175565,68.13354265602615,101.46998405176126,42.256605313972884
113.33852821060577,68.5943798210453,102.37794145321232,41.779847619686336
114.62843035190397,68.16610473021566,101.90609381848884,41.41670855135323
113.82257262193002,67.0929471501411,101.93851936525924,40.889909173309604
113.8440982008648,67.04113540023258,101.64276305058657,40.735728249556004
115.05169848289204,67.40651490727717,101.16738647163189,40.79892700533759
114.9772635197057,67.48622470655216,100.29760705832867,40.807633825974186
115.728253533862,67.39847499688194,99.79631486761676,40.85780918976215
116.88041869142977,68.41099686405377,98.81513018045669,41.01375424402323
116.44043741465387,68.47283196541821,99.1220009886319,40.49265588634897
113.54102208942459,68.75978518536783,99.34262462309925,40.39861028867768
113.74997741589834,68.7705713044497,99.54418373200019,40.500785660069646
114.09402389520909,68.60260111187132,99.6866961610664,40.215717827891666
115.47090702856939,68.82203071195886,99.63796748818734,40.00332008294255
114.63109022159576,68.9520917739221,98.6840847904891,40.08309389288254
116.34166213023735,69.40233104635769,98.39306888000523,40.611858554989226
115.02627244408248,69.93553489547877,98.52588601591054,40.77225094086114
113.21930730727252,70.55190812802536,98.94494462548323,41.15289647119795
113.20601379791486,71.80399786856006,98.54709689292633,42.02824455894567
113.69311968645118,71.82733645433908,97.36833507310524,43.06404448013056
115.53665903262542,72.13632304446047,96.04399785109368,43.818331035948894
115.67437518535405,72.20797381489749,94.66872800405622,45.21763119967234
113.7724878324547,73.57533867157815,94.17374658726581,46.95527401820187
115.5601749325026,72.70130014531853,93.19840662407795,48.644409456838325
115.91370854519775,73.26254961850155,92.67060728198845,49.9784806589403
116.83443810314972,74.3073477020062,92.45817565193198,51.15008229733567
117.11802002150502,75.38407328460708,92.9161057282997,52.70787166214794
115.52136286133505,76.57953550141383,94.66665028278575,53.62326408110404
115.29096113331195,76.96367752253204,97.1222533527846,53.98112051414074
114.24418291793467,76.9022095322128,100.39752992113527,53.77716736728632
113.19177002670574,76.84293028658945,102.71414070713604,53.647335362755896
112.87835730575785,76.48888500687212,104.50185780113905,53.680100051676625
111.10036896936779,76.57179543777409,106.01633557445933,53.83847886638635
110.69694833948643,76.66432055167351,107.51078102314113,53.89294301928096
109.68179202467238,76.49259936730706,108.1568040304624,54.18353554764106
109.18382873081096,76.30716018145094,108.97310871309682,54.17167941203097
108.50108377938446,76.53205413506475,109.7969648907835,54.398954612293906
108.88064223142341,75.7667006499301,110.80409621287137,54.54026992187288
108.92186253463153,75.78694026938925,110.93953172785692,55.01191391007406
107.72743845798576,75.03750565063672,111.10662175393594,55.46818656898109
107.71979399487216,75.27111019684511,111.49806164585375,55.3657299778136
107.53707623358865,75.3067272090789,111.48225984036824,55.537320016051055
108.04527348528356,75.17926716960702,112.09842284830808,55.597862061714466
107.34630047376778,75.07157673017377,112.27161024630911,55.83502354694021
108.76484551318109,74.84476789273337,112.89540569223226,55.70344913750856
107.18323353510453,75.00221914221882,113.23259534090552,55.86063667421462
106.88596039934035,74.57842055233571,113.14189514484353,56.07445492427045
107.00049675537655,74.30189942793538,113.39582083369774,56.07902572226543
105.21216007889927,74.62906395398187,113.56343680788338,56.06780777990604
105.54927536062382,74.78666259991996,113.85120291897192,55.872152021321206
105.0372466494336,74.4646509304618,113.77505599278824,55.97820690349238
104.70231212128488,74.19928053162312,113.9352269561482,55.75646314115694
103.95159398773703,74.09384847785577,113.84774596784229,55.81791807377248
104.9036384105191,73.6545510462008,113.84071012558931,55.95538794948021
106.18887956068826,73.67537755334186,113.9289380665687,56.07181309906032
107.09219342087303,73.46045440113001,113.78040642125718,56.008524487655315
109.3292636429011,73.03913643334366,113.47756018954234,56.136739508578046
109.52548698749024,72.93867044972143,113.18986639858032,56.19233210604864
111.1465056004666,73.21083717807485,113.57139580013003,56.12436913297863
112.77547610434604,73.02862119825888,112.90331213223017,56.21197715471769
113.50136217172354,73.052966337707,112.38086247863053,56.11152975250013
114.14813207222687,73.31301502765302,112.14892395878996,55.92148769883147
114.5599153678223,73.47422635624105,111.49277103444348,55.732795035952435
114.74495118050882,73.97232549198287,110.63483196431679,55.47090226545299
114.77471448494614,73.85780278980346,110.68549521799143,55.30591325432833
115.38707493940925,73.53489475113628,110.60762501421202,55.14520112102276
115.18712931790418,72.98681652030622,110.64748918240832,55.20398344385077
114.30328770023313,73.31695695807262,110.93026455222613,54.843374903704245
114.20060826464619,73.47296059590226,111.15484950134405,54.91607484049309
113.54048665998539,73.27938213308776,111.48878830831427,54.70546608199428
113.58456542663461,72.98973981627827,111.5585001140051,54.811647222161184
113.44782666374567,73.25383697657293,111.72730488746221,55.01522603961815
112.39202840900981,73.15144462715111,112.18363821143282,54.96883113273935
112.7794873069,72.65296223539023,112.41594664436643,55.02624718541088
111.355847520097,72.3176152204552,111.99334878419558,54.990633625273176
112.33155768452855,72.29449849391855,111.65293447683212,55.16360325734064
110.17956808339537,72.30734158094725,111.7612883739227,55.17480962403613
109.99254071718698,71.98600460540628,111.73970106417943,55.314980895293246
109.34631747526515,71.1485445379783,111.80499329310976,55.41607543238615
109.69266136006947,70.98579216346494,111.72728073750565,55.4826127818157
108.59218124864755,70.81592031346352,111.25450724910681,55.705313895611155
109.10013340283149,70.67512872210128,111.45474559515787,55.594067153513784
109.47568341763527,71.01280338340831,110.91496168915509,55.67857959819172
109.79825039964129,70.56845614178305,110.82582336828195,55.713926839563754
108.45359703511951,70.3280378311744,109.37779193585696,55.893007943059864
109.19645110270137,70.16285103017812,109.43024281348775,55.83468654345026
107.49231013147597,70.16589367251994,108.57053845833113,55.83062001709524
108.70751032042867,69.68960500554878,107.78718333513308,55.702182837068136
108.51407404474536,69.72263231524651,107.24939436935645,55.56757325748142
108.34075473072743,69.40827316820537,105.97829177024235,55.56498615500687
106.76006509509193,69.60269875717776,105.09618110849944,55.0258258316115
106.60226681296881,69.81349289207668,103.32711094377228,54.800723975292485
107.55348915119598,69.94441411088519,101.84491745798033,54.4605492550727
107.27586376685285,69.99407737631303,100.90711729378236,53.97230569531305
105.51362824026351,70.40075089097796,100.37469166040708,53.139657517851695
105.0339952438477,70.8273115967912,99.46033833523029,52.68009979402657
105.72843943516258,70.76953126894367,98.94509579467585,51.69373376534209
106.19947093169172,70.71131667640506,97.9939542756795,51.37675463046917
104.31483980268862,71.08685200966463,97.97205523493386,50.6372531696216
104.52809834303831,71.59343607774757,97.39433480500182,50.02458607606016
103.79590382463122,71.67822994182298,96.22850843539814,49.70837689712753
104.27201380307956,71.53120495977791,95.708690046199,49.5003489240915
104.07277052914088,71.40134037702333,94.94514804297467,49.03045816934691
105.04839294226588,71.45038781029105,93.69001590908078,49.02149049322256
104.7267343989061,71.6040641849456,93.12723777714187,48.80593397816354
104.9171327923552,72.0204813391599,92.80216163245275,48.58242186001965
104.96798077683425,72.1498162154248,92.07789616209465,48.3097304566018
104.799665317648,72.03359137131295,91.3193526486663,48.140279883184974
105.12217781226471,72.54714168028516,90.99156825525046,48.10149472830663
105.00347189075629,72.58807110569786,90.92440101911616,47.861148721447734
106.00580598507733,72.4527660273338,91.16788699383466,47.67360211366858
104.19180155083413,72.56776750092156,91.16411404583853,47.52355080298625
105.29374767036401,72.95523715324144,90.90795711637958,47.543113577833346
105.46435060066841,72.9693877520405,90.8790847501956,47.5051326976824
107.11816728646738,73.31034559059499,90.52592034412805,47.68613951021652
106.57256415984182,73.06107202875972,91.01243324420307,47.712921413721794
107.26530840756988,72.92239377576428,90.8049170654889,47.95194791236821
106.87322620096087,72.89041615824817,91.35386429487855,48.187363492787895
107.86668259308308,72.97548037431172,92.17042379113646,48.94653805109735
109.59706132195971,72.80809842288949,94.00346811789856,49.55469385638854
109.72028406100314,71.99325594229477,95.53911342293091,50.25256629278246
109.44338976124642,72.23907514873497,97.56396802052174,51.12079437980289
109.27187305230734,71.89830767068037,98.65121573474086,51.911603276236846
107.66437943795322,71.62867472406286,99.6878546606079,52.53122000062288
107.70350215511637,71.92601978305662,101.15685747056719,52.746883877004876
107.93912112286583,71.90077264260572,101.8773699422872,53.587343966298235
108.02158016651191,71.89676428206684,103.156369487098,54.07119604051206
107.33796376705055,71.91502400541692,104.39902722243448,54.28976033356943
107.59409618846821,71.55294978533246,105.27674448390061,54.60686540611408
107.8314715224736,71.44778955808913,106.44994100808191,54.878008753534836
107.56585013422878,71.62628734194638,107.12583263453568,54.74518472000097
108.19675574513141,71.7195923049002,107.56532227218175,54.80555508867856
109.11943397916997,71.57396871593585,108.17078505802611,54.75100815511699
109.58407945085449,71.60566335329271,108.45416444089,54.77007353199743
109.19250098065827,71.85037058410822,108.89544827194177,54.82989995753148
109.9973368866765,72.10870172276637,109.02185794088524,55.07748825671131
109.05866539495348,72.24899542966132,109.64025081008108,55.11994556023328
109.70180724643713,73.3516934404625,110.21826282816787,55.04746217443416
108.30403899250432,73.61881926036781,110.41446271188798,55.583203315308936
107.60875656428597,73.84632717845619,110.11193498371469,55.702131630533714
107.23354162088191,73.97459048450733,110.4050890626653,55.61824602752377
106.40437317133994,73.83524659350809,110.45819110037533,55.58226998210297
101.42132777600516,74.0989597100936,110.73049145525388,55.15510911775117
101.96403576246243,74.57868741736516,110.97692040821977,54.833981063361264
100.03873586179063,74.97252607788245,110.62065156103434,54.593699388898784
100.31465085377268,74.91684623288259,110.02163074323343,54.51577259358413
99.60393544949824,74.45363743534999,109.63740726444405,54.49123652625385
99.90761862454495,74.13625682718276,109.2480036264001,54.5510525311778
100.45110683959734,73.90939105575231,108.96586835706955,54.33399822971268
100.66564968033282,73.75524535677843,108.42835157475328,54.25950240002981
101.14752474492518,73.95139564877711,108.30068426169251,54.203529905269676
100.77556019559466,73.65408731453944,108.1447074999295,54.200874177657376
100.55054275499957,73.74134771691907,108.59886278921138,54.01265909493358
99.23221267692998,74.30526153578468,108.75936384958639,54.091171889369406
97.54845282436924,74.65695654782529,109.78460459734093,54.13564104526179
97.14627758451886,75.21567709097187,109.57252732168588,54.09784642713116
96.80617333593086,75.2918917530233,107.97533294105423,54.46151506588461
95.81911700655937,75.81908188822067,107.30344259190844,54.53268947631413
95.61876742190753,76.08316763834881,106.51087012424921,54.92177868248258
94.00345267273639,75.89962705914166,106.0798523027978,54.81527697708919
91.67128949708776,76.03333269915682,105.80705917014731,54.69506179622098
90.61426087001162,76.11612184874835,104.65364630291592,55.31818848837854
88.48424203559733,75.65819999580337,104.09804590640634,55.61277476991396
88.59829946468551,75.62693551401568,102.65126795180208,56.441162026068994
88.1310003506353,75.59799056346458,102.3330562977385,57.070767222486
86.2890693559064,75.36844240332664,101.92935954085839,57.35752709850318
85.05600133541628,75.07577907744155,101.64610116502958,57.736667470618855
82.45922268413833,75.15826716005839,101.32671663027469,57.933123917327464
82.59529980685814,75.20073704778952,100.44180023168641,58.29955876206439
82.74882315460837,74.79397440115497,98.96041853328677,58.897540695815465
81.1104421008034,74.86939340376436,98.3682433869447,59.1579954223586
81.1857325929562,75.14113460525769,97.78978655601472,59.2568470633516
85.11016172314545,71.00508360595012,90.7187279615641,66.89733437690813
87.13170211286709,68.21414169844113,86.32239426459267,71.78371692401612
89.32318669046391,66.52675389748649,83.70478594161338,74.8365774358413
89.68035088331072,65.59679288511609,81.84094478812803,77.00024490917146
91.08298255480221,64.60714377004521,80.55854793264808,78.47581081566665
92.85035879034268,63.3571732853693,79.11938343039344,79.73838320133927
93.56673712833884,63.29734213806475,78.17380797087945,80.41790256639439
94.55762918945003,62.95229375261519,76.70570412791201,80.93376070020378
94.3970396813892,62.640008251628636,76.23358406509233,81.47766008627828
91.05335899571921,62.3658119236208,77.01682642169231,80.86782422571528
88.11954699982371,62.177644067231626,78.10740897824161,80.42481440464582
89.33551913918348,62.82556415630253,77.96492941166503,80.72862663605753
90.32762157212846,63.52373883024654,78.07544943934498,81.06528388473475
86.99151716436792,63.12425854453479,78.36726236558385,80.77756440149365
84.4107384388479,63.91227895106505,79.1098082237589,80.3386534912728
88.46640935772444,63.743887456737184,78.50803126256223,80.58086485225203
85.91772393407834,63.72139772640306,78.9089866855075,80.27897085072011
87.7427608072866,64.01105130581148,78.204074758549,80.76403146305196
85.71815103649004,64.15682238083619,78.69586522490101,80.645003781434
88.22713624667927,63.96246833052252,78.41019890074449,80.55496573609769
89.64762445470134,64.33607614936231,77.3272899733707,80.91609501094709
89.99938232145848,64.09385960271774,76.7765147630755,81.16829069071063
90.66043404342949,63.26895739251896,77.05154459798025,80.96721687243023
91.10719010735801,62.58660396110686,76.89487414874259,80.88353348981681
92.59621817899593,62.852034986273395,76.65009198846846,80.52924407525359
95.46543245972879,62.67323174088557,76.1957215210274,80.08877995645969
94.17530499964055,62.952389658177076,76.22150113373928,80.42951239067169
94.81163490242055,62.46058165014424,76.04922532514277,80.43132105562499
95.40409932397078,62.342686352165856,75.67543022437476,80.43529476372623
91.81628094985788,62.080653615166554,76.93225660501633,79.53909527838951
93.98884335354917,61.769894262892294,76.14802986320078,79.1369030168278
94.31936034490064,60.9605927106128,75.517825710593,79.37042506860664
95.38839341853668,60.77377838609739,74.99275244604951,79.05153697350065
96.81231221580487,60.26625544225997,74.67605517896676,79.0299604561233
97.52037345438569,59.32627857574977,74.92709440491484,78.37130706862979
100.61333484083369,58.71960731214595,75.51709631463604,77.42825964413149
103.78307858955974,58.406586376762405,75.75630029972788,77.1991354968894
106.34793208407983,57.623467995162585,76.34157820448652,77.12824843692314
112.28410014269126,56.15389158276078,76.27325820054492,76.46518191854133
113.15359307880166,55.28708694549968,76.7922219190071,75.96236650853899
115.0991675256893,55.48472335381193,76.93236975527331,76.1364815450601
117.1716066742475,55.3073849854176,77.08010305712543,76.34323885051998
118.18322038539318,55.092791395119065,77.4527847058027,76.15758635807475
119.33806922406191,54.81551942151081,77.54807007213587,75.90927773428068
119.6081242897155,55.23305646000056,76.98036820011619,75.52966283479522
121.0893823340667,55.32054896498976,77.04761652524742,75.51618911190998
122.40384582591984,55.015565009409826,77.09364681693174,75.34814474737405
128.62041526941675,54.276391504093084,76.4673097258974,76.16053245939685
132.64744386312034,60.59891954132525,77.10088223819726,76.2688876779623
137.3621051160814,58.418666276472905,76.9109090975095,77.00826397962439
136.53376767017502,57.67727569505366,77.24405653399235,77.86180737142864
142.01840104086722,56.75627267591967,78.02430914075251,79.04682675589184
140.97535098511435,57.34831928968691,78.75288593015283,80.18970434401592
141.34216913832222,57.74141418077122,79.23486894937489,80.80451947231636
140.78553030099937,57.627612274991094,79.70128596489816,81.43430589271946
139.5500928269852,56.94085663854172,80.49267189639359,81.66033417439965
138.29342976692686,56.15456461044795,80.9430342923739,82.46115639596576
135.45911790760644,54.44929117111492,80.50397149139195,83.37997639932664
130.49299681090662,52.9138975774559,80.09790153574373,83.40792858946756
118.45913589313614,52.84475759008418,80.82073277680229,82.20954853670703
117.58238527577174,52.44858209813667,80.3400106457474,80.90394715472681
108.58420045052495,52.827012228472086,80.94189100791091,80.90406695558704
107.19725291324922,52.700620014758364,80.44858823509603,80.84166267709331
103.09864115709908,60.05143372108593,79.7588488567713,80.25404226059297
95.54549757375405,57.99074571210147,79.84251391500189,79.91995343862658
95.05905186794284,55.59776168143059,78.71533437325516,79.85422405505257
88.5198852378116,55.2594127990408,78.55402644394246,78.93369186225158
89.23108449718782,61.657163605786536,78.06249899462132,79.30129239872349
88.47835384544118,59.513192282911504,77.04508093600829,79.34261391257658
88.0374913555367,58.94440974293482,75.8351919078674,78.58921710707767
88.22305392702879,59.14476425359716,74.44405986981793,78.72170465424207
88.14490728996913,59.68444829023369,73.45959808660234,78.34242681048028
87.92421939196257,60.57283294427398,72.48987123006572,78.13539314864755
87.54821226136345,67.95012845085893,72.23075074757347,77.8919076728922
87.25251280000623,66.17142385159188,71.59792855994395,78.33728922631522
88.41411039053382,66.80673267960078,71.2346176648156,77.53509237384432
88.54225560998128,66.67927333216387,70.80443431067181,77.43776251925678
88.73675929105906,66.71179942812066,70.28806639596688,77.60122829182554
86.13039111191053,66.64503948355042,70.22197937856205,77.32572874055349
86.86398560483957,67.19145229765141,69.75718185026163,77.4141536845561
84.89916890920337,67.2282659326383,70.05769489165002,77.14376212424952
86.27514564364782,67.67550176162712,69.66190683184925,77.36499345298911
87.17554517488091,68.39528708081515,69.38180786646713,77.2134862215573
87.92107861954665,68.33733104906761,69.02456830581758,77.08460723926744
88.0736195489614,68.28959555591744,68.67233431891749,76.84788657946868
87.56313750040931,69.14735383982774,68.58540542590937,76.63548256619825
87.8121854120293,69.55722250076836,68.39696222918383,76.60732121258255
87.79737288044198,69.96605049124767,68.32500147204118,76.36259902469187
87.99337247496386,70.00875137299174,68.24584909262305,76.14562638555904
87.3509523287953,70.9419173918422,68.44274249317549,75.64868566999407
87.17056025383242,70.8722271946008,68.69859897661595,75.75775455823529
88.31377809577434,70.81086812974426,68.67024925884235,75.47269072936834
87.96887249459533,70.46711026866427,68.72557390514719,75.20900769483355
88.66348155026637,70.0540062185014,68.25176470312594,75.34065735352034
88.77687303103447,70.00779483667776,67.60982302276537,75.3961188187317
88.2602613422161,70.29479716397682,67.73523577198796,75.14762776543664
89.09278831493118,70.71793290829993,67.83731434723344,75.23551287345106
87.10470093629587,70.95296817693256,68.14058938145111,75.37718119679296
86.68882939815248,70.5200699708957,68.85848929239982,75.47284721297737
85.7257335877486,70.33502284102447,69.47662551235918,75.51633692760342
86.55812820363319,69.7324321494469,69.75605110145185,75.52086499616811
87.93898465756314,68.75577422170645,69.48467866485964,75.30426446027634
85.05409121377552,67.33594103947516,70.36836478339191,75.33783117149488
87.55291577541593,66.66540646092506,70.06481556321779,75.2203448686189
87.27815523422186,66.56311139621748,69.84127155542649,75.22458517539363
88.99627511000048,66.7254945298694,69.58005440595052,75.18540583145062
88.40642942833765,66.86668016218378,69.31273298717936,75.16643986004809
87.41105630654013,67.05399757266503,69.30469993389937,75.17807329718039
87.65903948939754,67.2312595510246,69.0536535984208,75.31956348845812
89.42133607774343,67.30172540620501,68.3038156612157,75.02047380361574
89.34767678787513,66.69952378777549,68.04635105165559,75.00596145877158
89.95435018226404,66.97305815178774,67.59804621024259,74.74115252283656
86.19660397650581,66.11959162823193,68.3205302942749,74.37396671733282
87.24255913738966,66.48319758998022,68.25832859639333,74.26084613056338
87.1182992074232,67.21400202664924,67.9970083851249,74.64310896990996
83.05006214385759,68.20174325655506,68.47308784367704,74.62483883900917
85.44435348788359,68.05618327231957,68.85522239500492,74.50258176089507
86.51721074993891,68.30800462051165,68.69460623286326,74.64683386422021
87.49381225743377,69.02525744983717,68.42336391981598,74.747380624278
84.21125528708896,69.6002451976529,68.66472641092065,75.1059412290341
85.59250352592483,69.41711450209839,68.29297390411989,75.40149259441537
87.12095217999448,69.7826961584304,67.79818225165074,75.63689346021815
86.3957535583655,70.44217234386288,67.64950167413082,75.6888464886757
88.12730260074332,70.36888598486316,67.35640533459916,75.2457390118204
88.22763597190402,70.99675926868491,67.27771095944524,74.8915920897915
85.91544446464357,71.5925564699503,68.01049336514048,75.0265444754764
87.99701884963787,71.48304992234647,68.03465290661426,74.91291143916854
88.54430374844547,71.67897213575908,67.7587078438776,75.2214107404088
88.78974280648987,71.8453344092048,67.56929410662258,75.35823900847785
88.90641542730046,71.89304982709683,67.52582025069496,75.561954228869
89.33345873617037,71.83156034012069,67.52542997923807,75.58566167439848
89.57214689463237,72.18121147715723,67.6782232327601,75.58308083491856
89.95701938970075,72.41312085106489,67.72614912437156,75.34137231385365
89.50510583711873,72.9556154580998,68.03174890743398,75.16211138032808
87.7656401012669,72.57947859079519,68.0783068554255,75.7569890219264
89.45625540437652,72.7491278970391,67.9536368132474,75.89596746684786
90.56320254085354,73.14043861108095,67.89346625702919,76.29691940397568
88.65573552212896,72.24136125767822,67.85139970510762,76.5887289579262
90.81813405843499,72.73332180571612,67.65129459569137,76.4369602284886
89.19329382480525,72.28968020073485,67.57304127465127,77.0644711079286
91.30532369678858,72.80086787461086,67.27774253608625,76.74531576998035
91.81207261612755,73.3735892078025,67.60838331969222,76.64554587791196
90.04298769902539,72.72368190604318,67.27346312513372,77.00941896407753
91.4825015288101,73.13183946224264,67.30020219110447,76.61680787980819
92.27575649438441,73.5075139100237,67.42585153596444,76.29586707459907
92.95614921529466,74.08342992681935,67.46184229348476,76.13087725606897
91.00540385112542,73.24321989291725,67.25084761304029,76.30723932044756
92.25613197635867,74.29524006840003,67.21364025821893,75.91742342722279
89.47827515348249,73.05428244241214,66.77049783631385,76.15188308227474
92.70554464268824,80.5603323432046,67.72300422228221,76.26951255162489
94.5024985163943,79.7993932601253,68.10766264460885,76.71208494977047
91.20654189164762,78.18012763441837,68.28284501336493,77.22453649880703
96.08979200797347,84.1181540268418,69.22382330396762,77.71404329190207
88.09817684999874,61.02807778049516,67.66038270622079,76.643989790943
93.28679758102334,77.51517199789045,67.67522536587569,77.16425097163093
98.35106115298323,83.70262123255915,68.61447967032015,77.38229569382185
93.51061928500208,80.42759476626739,68.7761831084309,77.93419923141636
99.3946390194078,85.2748452596056,70.00073072915802,78.20802385966915
96.39865644113955,82.41716283156603,70.24047716239741,78.82920527077147
79.42773739260831,58.46541753164381,69.83289661932318,77.92995768091865
82.36062130344251,61.78416127864935,69.34145502675021,77.45825216170005
96.09695347822552,79.36969861346641,69.10174470245276,78.33118383972217
96.7827749337108,78.5962747605763,69.08651849375272,79.04006182513875
93.29673953486142,77.05742502215892,68.80142815100959,79.50409667489835
99.52720149779701,83.49968801856774,69.41234069669602,79.65570444825502
95.87798242245317,80.78530912148538,69.67320932452603,79.99450262099029
97.74860334984058,80.35144823320162,70.19218704372584,80.08322906245573
94.34396829630523,78.71905024828509,70.62358992896422,80.1454226458142
90.79553904020655,76.67324294698015,70.5695251890559,80.38899452190734
95.0547899159917,82.62381438110539,72.28656287382591,80.06051782186975
89.67684488620765,74.20108793079906,71.7089730521074,79.7812320292451
88.72701735155097,73.40332305592275,71.23832186798754,79.80290840547019
90.3291835932101,74.02084010611632,71.0792965440931,79.42343299849202
88.54053847711651,72.91234059674301,70.94991935303199,79.40319933214954
89.90217537630899,72.89493047285248,70.74756344710309,79.32144401846675
91.18432011901521,72.7502517102794,70.88660972371459,79.17267626108692
88.4479389236271,72.63252053721651,70.81852862770491,79.22315977937856
90.95292440422074,73.34046721077249,70.69801060078278,78.9709124150089
91.85455583626036,73.76531390944227,70.64816844726718,78.99569616572538
91.15895124347176,73.4567241641088,70.2721619040846,79.14469345023844
92.28480709006455,73.63284741057628,70.05895552667968,79.12561871237895
89.7401553825312,71.97488611910107,70.73065211114945,79.20971761254432
91.79632792797726,71.06874644192496,70.45448413092933,79.18675362258962
89.08453125173381,70.096029602177,71.40910766148632,78.83336227652707
92.71681932564883,69.32919709212712,70.84649112364161,78.7083852430227
93.95355021630868,69.17895926019372,70.15029977860884,78.19417323761228
94.11172390339834,68.46677222158813,69.38223770992956,78.01070653837999
96.36604190469282,67.36343997289416,69.09159448993337,77.7266989242567
97.40071793914265,66.3366932774365,68.45653128040107,77.77603810984978
99.51838366096737,65.17009442965579,68.09854277612847,77.31626800908549
100.22178774006572,72.31500172984096,68.04099971650353,77.37827912282648
99.22747749484611,70.90767266024073,68.1193503504898,77.11376274344173
99.86378513003382,69.53035862523379,68.54974909626583,76.73998428879743
100.66784964650606,68.13183331820422,68.75648553325391,76.5798355677583
101.02770258482575,67.5036147035928,68.70437569877075,76.82185502945639
100.87000085484087,67.66604136719722,68.95774034595416,76.80146642988771
100.5282117350221,68.01580783353216,69.73891663910666,76.56836857202406
100.28357656358718,67.92536220273762,70.61637835413265,76.48701516202996
99.25942020477468,68.73822874553395,71.527655463466,76.4114884992431
99.81930339587944,69.48624950585696,73.25688285948524,76.30206285098016
100.81501919415822,70.29009024118653,74.93420345637863,76.07519187951233
101.70935689134083,71.24932103805523,75.85974810901045,76.27771627057717
101.2927396611362,72.14802323202952,76.80758667000472,76.61670399917521
106.78837265506188,72.32400128005796,76.0053284412476,77.353737637768
105.44215463990116,72.1825576235822,77.34404607156749,77.79924108440942
104.45115723310451,72.83065535671085,78.48288037509764,78.15305334291406
104.79120119283517,73.32695126022642,79.77778783031587,78.41408895535464
104.80391473508308,73.40499662025599,81.41823022023108,78.54400060303044
105.1739253155372,72.72655989002592,81.67923747786378,79.32211624097697
106.75376268401739,72.92768057317956,82.48405625401071,79.58553966673057
106.45060309884252,72.16327712629435,83.868522644972,79.66918378736867
107.29926197166166,72.75231493876248,84.81852612354638,79.53245876553603
108.6905964323679,73.19959671931767,85.23844146879652,80.10768435180266
108.48261307025047,73.06862174842178,85.93021464983565,80.48113352117785
109.01337253981491,72.39800307816695,86.25644049506192,80.6223662840508
107.73549597040221,71.48412574674975,87.01105642494873,80.75310458850966
107.40292986379579,71.18028631135948,87.76226042742624,80.5431637183272
107.11585320240815,70.65782913698015,88.6462748737634,80.34763650634062
109.1037224725303,71.5001619948241,89.05429964681255,80.27342439630459
108.44123544841322,72.31102724101413,89.57159350543716,80.20540651035459
108.7545127846549,72.96073920903297,89.63005796842896,80.25187917599385
109.6915164429966,73.29698766078504,89.62586075611569,79.91890809131448
110.78076386656716,74.1708673638746,89.94826784645932,79.77232804647873
112.07322102773617,74.91485300074481,89.83637741557025,80.00778681023677
113.29785883821732,75.5002096378795,89.78188409937175,79.9218042803293
113.47968455169142,76.39456847499773,90.14298617145462,79.79873661620178
114.72854006664653,77.41430612265555,89.5009445207787,80.17556424027397
116.2483017434788,76.94529127174798,88.8426396004943,80.72245327250481
117.22121377041933,76.7636493435595,88.47527683601906,81.2525869208854
118.93659041768927,76.32081054289796,87.75953203871734,81.62805871690682
116.55857087319109,82.27942129507893,95.71450735169748,74.02203449342866
115.62233656373968,85.57715403798906,100.74984995398347,68.94059004661752
114.0422554058521,88.25527200298633,104.19967874362413,65.33139963359073
112.707793031919,90.82258383722251,105.12550940484331,63.04601674499507
112.9735840866925,92.19222329863577,105.068894208758,61.857034963243706
111.62615597512657,93.52827028463817,105.14987647330221,60.57703858359272
112.06472757351854,99.08805882943132,103.76990676465837,59.89401449541023
112.95488437719835,97.99139698334525,103.0903962941243,59.30066106546626
112.42626826220953,98.50991321713313,102.07841680268164,58.69431945267834
112.24896003844782,101.86554328438548,102.39648720242816,57.49479475747418
113.58533394499442,104.90384614838773,101.51847005263451,56.911896686330046
113.92884432003356,106.76820692284622,100.72306179505796,56.31797795571141
113.60652478186626,108.79531459517644,99.84727054493078,55.883924621243835
112.67866140239866,112.0256133229223,99.3061622151361,55.28293820014543
113.84076488113283,115.67803667970207,99.184612241997,54.837650545728934
115.95375345886319,116.68071035107756,99.10798811388003,54.13054708324986
115.34467067713587,114.10528534825434,97.78200666271677,53.90445159329083
116.3705869891834,110.91245133788365,96.80696413299731,53.86998840751977
115.98910095619462,108.51265410558187,96.12246088483455,53.908495454520796
115.8825075205365,106.04922166960155,95.75183641343456,54.13751725168286
118.89438196302201,102.88494716278936,95.37223254036539,54.18077173253137
110.80917271681662,96.07747755076302,96.61639294561797,54.067408954630906
113.3360782024864,97.39163891949799,97.17602582574935,54.16368748592927
113.62306198336562,96.71475204293961,97.51553908226256,54.35474377746003
114.63335509544893,96.86393639823,98.71288436711387,54.44580117905425
115.64889677820385,96.24443515540285,100.79839817720219,54.27958494427244
114.75019485499485,95.57210931649743,102.3088067319103,55.33497495316277
113.90750069952398,96.87000330577821,102.43201452374801,56.139345618323745
113.67810984748213,97.69252580683084,102.71416476227748,55.97114886088555
110.64223079004412,98.45245359632406,103.45746742900285,55.47370582042754
109.70121263762515,99.4818838922942,104.26553317758166,55.03429782419799
110.87730575998127,100.60746307207741,104.32411115024613,54.38773107267908
109.54413308744915,101.02674064789261,104.62533155443816,54.184805098142185
111.69210703987086,100.61573821752638,103.69308237052675,54.2262055367822
111.74999567059275,100.0674910760359,103.05899605232409,54.55584398384856
111.63867237309945,100.13805838836704,102.44564613871236,54.15187928058444
113.3509005501355,100.48996805648858,102.06567869150061,54.17057350082176
113.93876551510785,101.1736356404077,102.39083997020461,54.34794467758802
113.72594448365702,101.13513450848745,102.62132666585106,54.450403157614815
113.19829221985978,101.09302955227649,102.91025946645578,54.526936616707104
113.74914894369465,101.83482508299954,104.18562359828434,54.356374486878735
112.07214495064684,102.37010911999491,104.37836120435979,54.176790113640266
110.5519365190577,102.9749581072687,105.17795909018214,54.00540779289363
111.01600332941726,103.26738092115893,104.29233371770277,54.336210863919945
110.415896658496,104.33392015177091,104.06342115450838,54.208355915345535
109.58531055665506,104.79593626084586,103.7405327130868,54.199924295054046
110.11820914635616,105.29905825959167,103.68519102284321,54.040566097924064
109.3473008617485,106.35443614752866,103.14389177594222,53.996402538541794
110.17049264409461,105.87072958683133,102.11264400016753,53.481096000131146
111.5862344982296,104.77320560923931,101.00803285525967,53.37348182114465
111.99195196782233,104.89513470632639,100.77472112793485,53.19846212645693
112.68543641127664,104.70265548271641,101.39038414372095,53.091956703866806
112.27058819941635,104.01535520841834,100.82918293579633,53.19579623943193
111.83438043939381,104.09528760872021,101.2141835295509,52.76818051996299
112.12380554712836,104.15588949020137,101.89127458586373,52.112453210304956
111.73710918948473,104.14359849156554,102.14843379733246,52.36877124173151
111.11748515800309,104.64464001581811,102.31982483324191,52.19321131839803
110.30086003814141,105.5570158228689,102.9685822941872,51.62160837926134
113.71743646334042,105.33088009645144,102.38497024960583,51.61684658534067
115.08877354688812,104.68371812157797,101.14301813317725,51.21903031349186
116.5539759032974,103.84945164166184,100.15503271090128,51.363632246865365
116.42797740073675,104.18553885536008,99.74249788904963,51.27563579035511
116.97465031589826,104.3103572658916,99.64059020913248,51.10905471137708
115.74699734525322,104.96093107871931,99.84286608870076,50.82020566970602
116.44614447903346,105.63641821839255,99.4545834941139,51.000582122209195
116.4745088960656,105.37630436269971,98.3500686626589,51.14454171497496
117.73490777007834,106.0930725550677,97.66991086347834,51.228833317909874
118.12594270893821,105.5947218180919,96.32964205692556,51.423029239092784
120.06155922693667,106.29484717939512,96.03452415230683,51.299550300315076
120.80068836650028,106.16251832650562,96.23761479304805,50.99793407840549
122.2000709397499,106.21233187520342,96.00565357873874,50.56786696640913
124.04747526624611,105.67424894142036,96.51899102102223,50.23387920657963
123.28400044297786,105.13523932597604,96.62458720820052,50.492845145193755
122.50984392434191,105.04325302712631,96.87275652675294,50.635280815670036
121.38928120442563,105.45501509023092,97.05337919902263,50.62417753449256
120.08272414382392,104.60362883669544,96.79846777892048,50.68715163877728
121.29228873788719,105.21734543761791,97.28798922746695,50.7784121939895
121.44774936750784,104.91764000622065,97.6204426496984,50.652013721075406
117.36270518117477,104.21041039889305,98.1199730465955,50.23070983892123
116.00743390343227,103.44403201737036,99.08085201069562,49.964133148788186
113.31872296146774,102.38376037614509,98.54926491482732,50.1437098250986
112.8744526458962,101.31990353458573,98.24838019673487,50.571029116203746
112.95897685739115,99.66952762062358,98.54056449555054,50.86434896018031
112.31527359054519,98.89575465289289,99.1273275494184,50.95942220887413
112.81690738376338,98.88964160159532,99.51638560270675,51.099833226058195
111.74394562513888,99.13695389026779,99.60099096085236,50.9545755520183
111.16264766843592,99.77512210907338,99.54221987272476,50.900669820431304
111.44125944987648,100.55876886984565,99.18351737257538,51.09312010858677
111.57621128968168,101.68849914170764,98.8546598303277,51.381920968900275
110.90952886555326,103.17217781813764,99.38663480555675,51.26969476533226
110.15332201391195,104.10673615260387,99.53443402214504,51.6288324146371
110.83073749930033,105.23230804246853,99.39558691901354,51.76437925151545
111.00893730613429,105.87774003707173,98.76223971761712,51.85458969086739
111.52941730638769,106.08900278244377,97.63077410968415,52.26728078194476
111.45931044317697,106.10814169739422,97.31847852228377,52.23976142465038
110.49593585738407,107.05850480706263,97.70501959259703,51.81455820030868
110.8123749033124,108.65013202538262,98.48990068080931,51.30024359254139
111.52924240144631,110.42138814166273,98.97679077514056,51.01258842327461
112.03071694462662,111.03147599782469,98.23117392435466,51.25737912730966
113.0288933687464,112.10321462257133,98.05644642802093,51.299016976769636
113.16121574277304,113.07069137316869,98.11008401596428,51.05138811870999
113.83845593069903,113.52700926677191,98.34571811440887,50.7121100328051
114.80903046981595,114.15045237483767,98.43892276923776,50.55978658560974
114.23321863030583,114.7928068513472,98.14936562302455,50.65421169154301
114.01203587511091,114.67500825226965,97.29261225695717,50.612715866636364
113.46338180796457,114.82364860030853,97.09823206822892,50.42499358150114
113.84925586046938,114.52961979937022,96.56101541051068,50.36830714479592
113.63385869006322,114.20354338771432,96.46472796373678,50.14416553403714
113.80681708246081,114.29973305120049,96.52701475097645,49.90153873155991
113.0393330291522,113.90597623821981,96.02171443642055,50.242703362550984
113.15317484582496,113.62902320430311,95.30671875440142,50.34357431418867
113.40451021094462,113.57793158194303,95.06650900100115,50.036948582497004
113.67272599721778,113.46553071196264,95.16825935327478,49.73862735616828
113.42352048583196,113.28764207726365,95.58908236174179,49.393265890748744
113.75276429397269,112.87383114133789,95.94711941796857,49.00644527106891
112.356755203892,112.6822994356945,95.97535867318791,48.89250825630169
113.86771414509701,111.87630331848968,96.30305779517244,48.82298682360472
112.4824978551054,111.57641866338064,96.1181564270203,48.71017312839447
112.3479014966176,111.09746125599052,96.33275028727854,48.55552564439998
112.53722840593366,111.62532494393935,96.71275058623064,48.57270368975935
113.6348502545525,111.97928588502371,96.73662214625612,48.61900575034727
112.9297137221132,112.08563797206493,95.64101270953256,48.88492022789333
114.40609377518463,111.21710492287909,94.75920740304181,49.25663762955635
113.83641824257177,110.47591515075919,93.64515528146943,49.40504102423712
114.79316792450963,109.03433760106147,93.36798091931033,49.2310119042722
114.23179606816856,108.59435554294119,93.4173178164636,49.064510504422365
113.45364730600946,108.58481442216568,93.98715805251658,48.476922068311495
113.55451833488308,108.27665008115034,95.2529501792252,47.800765751639176
112.13370396145912,107.61486968596368,96.0465816898213,46.816108778111726
110.4713854909659,106.76830081511783,96.50958127691064,45.94171803355161
110.04224905079445,106.51539826094879,97.54266829208973,45.213203812627896
110.62017259050151,106.03875644276113,99.25122541418317,44.367473476720804
109.14710976273057,105.89257506104717,100.9162102654343,43.679390378332336
108.52645938257258,104.8546388009817,102.88770917066299,43.036717223185555
107.99640448632515,106.2156999690171,104.79650345288488,41.160979173995244
108.89592249891575,107.12800137863756,107.97025242373637,39.454500169217944
106.03011533563848,99.43065313861646,109.44186795192056,38.82094309396228
105.99848873838133,100.10532652403484,110.67540219902428,38.36305495368735
105.06047966290986,100.47478429689815,111.86883385885929,37.93441511162935
106.55043102346194,100.09697430415223,112.8177598540332,37.74132924508948
104.98988261993631,90.35605067342999,113.75004917359665,37.84040406085523
104.44745265703804,90.45308044801905,114.902168574982,37.99553683297761
104.40385557165858,90.44269767200693,115.68549421356013,38.186850362091754
104.00782139641422,89.52762533641109,116.29830931368838,38.16423030759829
102.69938234759135,88.89615033400531,116.89242916586598,38.292644046082955
103.18480906371032,88.70011730142292,117.32402271887278,38.375485833512975
103.64077441152176,89.16786010035682,117.87709467923287,38.54774862488925
102.28582993252158,89.14525313162929,118.18408818664119,38.635979130170604
102.88099182539524,88.98585938286955,118.52262187045258,38.70946786954092
102.25622437458014,88.67500185388315,118.84023749536846,38.74926433029236
102.73332749458848,88.21338715104187,119.09464262448479,38.87608436745988
102.28717717123934,88.15574251944659,119.15301867964179,38.935590913929175
101.42453696654721,87.96875207686405,119.36474010522323,39.052211817557385
101.28720615529713,88.07004140833244,119.76939384024075,39.23428162669128
102.13749741732943,88.50907230926659,120.34900512187073,39.391616758378596
101.4202379643291,88.74718072528171,120.74692176918913,39.57752676550927
101.0897896719396,87.9760901944708,121.0469178922944,39.64110446409399
101.47616219207232,88.53038339913269,121.5058401322261,39.789658810423575
100.72016134658844,88.94253828663274,121.95640600452168,39.94062532679388
100.96676390911753,88.0405173039065,122.2171887282222,39.99417316974118
100.5733374993864,88.1231081359739,122.49872368088225,40.16226321767113
101.53081683908322,87.91615581537607,122.7118100835809,40.230619676140876
99.67607230143122,97.34981726650949,122.82437151606264,40.093948629342776
100.89923603922489,96.49309431642145,123.00720968988934,40.122294331726806
99.80120110272043,96.01560723529678,122.85662014097748,40.22221518835023
100.61825830285719,96.01460548814089,122.6779134793896,40.358368651286135
100.44758024528838,96.12217831008084,122.29606915412042,40.59247400351904
100.0809150312837,96.81927936851704,121.9632029020608,40.860631720364
100.5971562622774,96.35960529661845,119.10783397309342,43.0200026426722
102.39305153152651,106.65566844533589,120.13041139647873,42.10006415041313
101.38792118660623,106.69458694837391,119.20421278341708,41.770748055076986
102.86323025446049,105.1112503940289,115.91681272870602,43.559780678003435
103.1862175245306,104.90096256614783,111.89338581506114,44.906150935206036
103.63927789316963,104.86307094636274,109.3925280248656,45.97095583367361
106.28356385376428,105.8572101316889,106.16065728699542,46.87997484537601
106.65450159277964,105.79670636009946,103.91046064292617,47.902606889306384
108.3578865151984,106.1012090575532,101.56545062760983,48.79248176154216
108.4645491474507,106.82756314241804,100.16740115141245,49.64063638096653
108.64810718522848,107.39600122831547,98.71596643800896,50.354455103962316
109.23765660788054,107.41129434151804,97.04974165953453,51.010026104119675
111.52090505715837,108.62445200723086,96.45628891800706,50.961914403141435
111.75453071338545,108.64761322924271,96.46724280956292,50.65132826959976
112.2463622943367,109.21815181674121,96.58180428755298,50.49053572585504
111.90187163152385,108.99733110640017,96.63430498373458,49.85589178429349
111.06135967931107,109.20054457354578,96.66408150599612,49.65519876020522
111.56694191638135,108.25240077684929,96.37384921750544,49.81089387389241
112.47375124947517,107.77104635653839,96.00662439878332,50.14082383153386
111.87546951497845,107.9048008508028,96.46850155271709,50.25563906175503
111.89010574633005,107.45205197916826,95.84269340733567,50.64033472439287
112.18825376245759,107.1171621220667,95.6187071790433,50.79567968374751
113.06585777233128,106.86099848812478,95.24409996934688,50.995629767001915
113.65929225668518,106.74918744104022,95.41930525658238,51.02624220152306
112.64505618132667,106.7039004490564,96.02393879188193,50.56965800382338
111.95560454272844,106.41648899764557,96.12728216688723,50.74090375773071
113.00566071195799,105.7384688073791,96.18803704263101,50.968879267429294
112.19917428674671,105.10001638766943,95.7759156223474,50.89211482107443
113.79323788866755,104.35104165166636,96.17006786224655,50.92416470640299
114.29634249206472,103.62016595135015,97.0004067454333,50.87419366154745
113.90421308949568,103.41299032919429,98.10988971171943,50.822420103031334
115.05554741799591,102.76821536049596,98.26033771006871,51.17313173733885
114.39517545367048,102.50963196726498,98.95149321356014,50.89453640212341
114.2160659794547,102.07234389285087,99.65872894761334,50.85262783739725
114.0537462795631,101.42575904635089,100.1303984923264,51.12195674537066
113.49854897473803,100.86252235312973,100.72684442300621,51.166178821464456
113.85110415296273,100.10393070703323,101.72752828175915,51.56846915406275
113.2176751799611,99.18316937723588,102.76524686995712,51.673071099279056
112.5540900029634,98.19019102900413,103.4240889983399,51.9146349238859
111.66587832419556,97.71901449681799,103.95075339705906,51.880985354686544
111.89257226439244,97.01774747575939,104.25787900114328,52.19116521837508
110.72178436465708,96.30011379878958,103.46654574108949,52.550487910220596
110.92355448508854,95.54596761235335,103.49632238665157,52.85877463257273
111.10692090892867,95.21402554420878,103.43271799008025,52.78076410648165
110.86729834737042,95.07746002300229,103.23058451021517,52.89991128768666
111.21811008802334,94.63551248720665,103.69757732377019,53.0285796279776
109.4613175485341,94.79970553000311,104.4881270672079,52.844322535538254
109.80298822799172,94.7235669713447,105.41215036283367,52.417465248195796
109.722692045738,95.63995786307622,105.01609024101678,52.41271333571971
109.65266206838956,95.31648177836055,105.1768068205226,52.55592739985393
109.48384786742449,95.42505371049786,105.3442783561407,52.76665401778567
110.76697463598697,95.26904008759425,105.38262524855067,52.73540929284399
111.37147360736599,95.17591787041609,105.12924896554833,52.91508374469398
110.49496631299522,95.5088917565181,105.15203262682252,52.92458522461858
111.17245685661773,96.26518739504446,105.03983532444383,53.21784707599906
110.82591635830772,96.32327367643695,104.91816755702575,53.27403223633095
111.36395192690189,96.56810362552518,105.06241080334419,53.30127448687811
110.16953079535342,96.73422852278205,105.24801291026742,53.52128991920533
109.58709198297174,97.49726706360502,105.3168096357922,53.53169350276629
109.74185397580925,97.48310207432769,105.2481141195128,53.64762412972415
109.11918188088114,97.65101262298143,105.2365339185762,53.61016740347798
107.86993190734864,97.45125104252881,105.05015289373262,53.73136634777897
108.13205209963465,97.43809111871343,104.76500761588153,53.761316919679636
106.91519128252993,97.31101641411205,105.21797332491244,53.713578727268406
106.8548887905689,97.53648760510805,105.05692454697079,53.82693086231667
106.63845765945115,98.07758213397963,105.2741971517804,53.65897596595045
106.71438414745647,97.77797915729369,104.73972750683018,53.73161189721617
106.77641082735929,98.07054831893232,104.73638627083581,53.59737076093344
106.35506641443506,98.83919725512672,104.72431605918959,53.684136499575246
107.06858647017414,98.90985202317574,104.27974073805566,53.73338058393482
106.68658978102671,98.23597077156825,104.29740957716595,53.98125774264453
106.85632678058056,98.15542236167298,104.55765361232567,53.94590334549895
106.12281152860362,97.92611418372316,104.68574039641567,53.97016518751499
105.87675166542795,98.82647431330682,104.04577956780486,54.003650436579804
105.95935823508927,98.56580636224672,103.87140338502047,53.916962635601706
106.7607159610745,98.6116562489988,103.97150310810648,53.711894201885954
107.17843509855967,99.27419631578437,103.66912264201217,53.98782892083863
106.68353651811877,99.26169153827706,103.89292537330564,53.958386581838155
106.39882707901019,99.13520767968149,103.97024884069899,54.10949747874399
106.89151206155113,99.28325791843797,104.05470392883214,53.96414373418125
106.0947422198671,99.37747709588382,103.61116523161546,54.233783644479686
105.79892688653365,98.93410040137877,103.5618148201345,53.99376772921426
104.766130732105,98.85592549911418,103.42055278557748,53.83370878034836
104.77095590025635,98.58425824706214,102.65135813632082,53.87923444060134
104.85069865683472,98.41910937286559,102.16355584521952,53.85325192175584
