118.5,69.5,114,162
117.30914682116054,64.71035626270077,118.43864429064706,160.22731012627082
115.77512016889878,65.76538051951135,120.56381624942168,160.1356560828645
114.44716840892646,65.59911012855784,122.07573318661028,159.39538096969096
114.05122420647182,64.02826993238068,123.03396683020517,158.60451617695617
113.62148413921189,64.679120540139,123.26143376301147,158.5575953731598
114.12858637426454,63.92854387707425,123.23503847411953,158.3062938223896
113.70612090680261,63.941556311197644,123.18498492532453,158.47781948934482
113.58341827335077,64.33719324371722,122.94649995680416,158.37348146634287
112.83689525046955,65.87225881286953,122.84366442126014,158.54010736806205
111.86804278498698,65.19307342790962,123.29657115924739,158.05474089337585
113.41459050320239,65.53414731933877,122.7220745177537,157.26899311514288
112.14922023424677,67.42032754868097,122.42850666027921,157.00889166295872
110.82365221293786,68.40539483330163,121.59608619387907,156.95476997690375
110.30546980542653,69.19992574683657,120.92644710455909,157.2615292443468
108.05807515028502,69.30512646771093,121.94866051190326,156.2113528959628
106.05928805801857,70.12735117881763,122.50860809617066,155.66666281403565
103.41092647906208,71.42222222694791,122.35984041698646,155.9795918164842
100.96119851630156,71.66472085904687,122.32151596225847,155.09749234534087
97.44395043943679,72.71797636155546,122.83128143361498,154.55175125590443
94.54798881653407,73.76808108951103,123.06341073029321,155.3216804451654
90.83428557431168,70.95665642262153,123.45401730705368,153.37804771183625
89.6303140637323,66.43686035149184,122.64156237899368,148.5112496639711
88.13764571359378,63.731345694185364,121.47951681990182,142.28547630524423
88.3133721870942,62.36399213040458,120.59041495665647,137.3655317909601
87.1919460864759,61.784675721046895,120.90025955996981,133.54934638000017
85.57280182190298,62.0291055273583,121.69624633893253,130.17606327303838
84.2178420408732,61.77537600283966,122.83939093665953,127.53324661483079
83.64532287172905,60.48660268187696,123.58461586132782,125.18732562064778
83.88147058939359,58.57328159580887,124.26896369744497,122.08091143826125
83.32495322634395,56.97080027220183,123.98309386154777,119.6135260630144
83.38443740949933,54.90317057667251,123.66575266925685,117.21442361477861
83.36015144401941,54.972638522304216,123.45950678658183,115.30266438977496
83.91458050399028,54.36403647296825,123.2252353680332,113.9229308320443
83.87360826660465,54.58713065087819,122.9108028157697,112.96614125370932
85.0698126087853,55.0824332112998,122.09523643945282,112.19576328497524
85.1559978057688,55.18607991128259,121.34322667027601,111.29758380474462
86.89448468523909,55.278358918029355,121.1196324946942,111.00984594901743
87.39172523589924,55.66088762449097,120.86778163667529,110.68389637138702
89.0588481949705,55.70446699285348,120.58204531631112,110.50839513939937
90.56339220923115,56.119170377647556,120.15425778484486,110.44914433609311
91.46519568713866,55.80934936892366,120.44374851579741,110.31238672204066
94.24507837879243,55.509100452514964,120.26335859025355,109.81403513907894
96.22625018372244,55.59950520922192,120.36154087455856,109.83949962845548
97.91605482881769,55.564402637796675,120.11104621220619,109.77856340673154
100.4364991839805,55.96236373783562,120.18866965550606,109.67040078488165
102.29108293894527,55.808712115478286,120.74052709751133,109.9206398279135
104.61600494527559,55.40252889934651,121.24583826673546,109.81554987170355
107.50686232067916,55.21677189082516,121.11996486648374,109.646206871706
108.9230329422054,55.393745185951474,121.02434180122668,110.05177663982892
111.42215721562171,55.15190825405979,121.38331342727614,110.17985360362601
113.60646913115073,55.356144075098584,121.08068671993635,110.26042609139691
114.76862517111584,55.849725261183636,120.86250738574891,110.98386111512372
117.74434580425822,56.77583544545032,120.60034424522712,111.72185118436501
118.70501182308048,57.6479802711757,120.61309233148395,112.74772959893903
120.50686234965491,57.88238873356512,121.11533877284192,113.38415695306796
122.02977219549079,59.024647189010864,120.82998684888562,113.87193837820553
123.47708935265736,60.60450274837133,120.6730997269353,114.6062804802335
124.37530740805903,62.00976144108775,119.85658018870278,115.51702864922876
125.66532639149273,63.772469111709306,118.7390925043137,116.2351988945335
125.33891094811237,66.870774038763,117.65904482528614,118.71244196095833
126.79459857558017,69.25885670508431,117.69663988819113,121.17025728398588
127.2282176157924,70.9973685736878,117.52392585752555,124.48983627276158
128.90725195723917,72.0960345348372,117.76144538187691,127.09724287203869
128.3278326886057,74.0062982958148,118.32459021167774,130.79241807454028
129.3274133457403,73.25458549527225,118.65264290001781,133.5121475010038
129.43154056609592,73.4138867318787,118.5951827865656,135.37723080736242
128.91982661173566,74.8759147943114,119.61592333209929,138.20671376788522
128.9625647955026,75.25709598071384,120.58085485107054,141.05481596798683
129.95720999419532,75.73318090953883,121.09641674860694,144.31832289485223
129.9584754971669,77.11539721447812,121.52993809485385,146.6079154581609
130.5483704162837,76.92612356129776,121.94373768170719,148.38842659451583
130.98476893916774,75.8202388362688,121.79034497572947,149.36755542052742
131.2433705112672,76.18320034941993,121.78025993741892,150.4489627641745
130.129669649738,75.98340991255523,121.99583013848941,151.64963030210373
131.08320300829845,76.10049625728186,122.44797987301335,152.58327449001558
131.02238597357268,76.9951989749204,122.67644315358072,153.26663640779637
131.30820715234137,75.25507488263639,123.29981610728453,152.7210819800597
130.5832960734073,75.39238288380992,122.98357707836219,152.09861976770975
129.30938882198484,74.26208023887044,122.7767021261748,150.83997752569783
128.60006387486297,72.38855485959184,123.41841644302593,148.7512953473959
128.66199088375072,72.14584782023316,124.09466918909018,146.1259740097009
127.85539291689054,71.44373219085642,125.03415006782167,143.55860497434122
126.54878478249138,71.4554965419254,126.83992605570566,142.45538843841726
130.60895622022963,72.9745847241358,126.2595883872909,143.13258415956776
131.27063649501625,74.23755736215318,123.25508050075787,145.63250539201687
134.47865787404055,74.08302243312727,119.35658678064257,148.1534254163895
136.93824142908903,75.23182907500218,116.02441622587402,150.2639270427654
145.76184463256408,77.08212611592424,105.460965312088,161.57179586680508
150.86669946575228,73.93650116266183,97.32811702724237,169.1810685012962
151.541726949233,72.8102212955578,92.60685100833997,173.53902760569775
152.2382687359,70.84608921744669,88.9319662112511,176.15507357268046
151.5646058283823,70.62013951876855,86.89544407439747,176.55818232890772
149.09932027528347,69.46479098455957,85.6683561267926,177.53356607716577
146.84182261974894,69.62987335831409,85.83804361086582,178.4054087425672
145.05684295419292,70.96923945441713,85.94546970642796,177.9455736546244
143.70436848843764,72.07165434738727,86.11174142236237,177.15729557785926
143.2599273370155,70.12822953628309,86.0151973588774,177.18325218897448
143.48809592576322,70.6710264482374,85.57197722002684,177.43952259331445
143.56110685921726,70.40677016428154,85.3605231547731,177.4468123910121
143.04379111588284,70.79439749734325,84.37953989344082,176.97081846040044
142.72829104914825,70.36505140235442,83.76090027738306,176.7015136096295
142.25948340610893,71.12329096549564,82.79541495368235,176.06488361922277
142.6826873701898,72.07728246554359,82.04718378053167,175.51062450275572
142.08351244759652,70.95627132775849,81.50229016983138,174.82903370688427
142.80108776826802,70.78188123790059,81.06756486723351,174.66610485215716
142.16487403223962,70.79561942046615,80.10047727314345,174.71811626527244
142.7455160310693,70.56698094677752,79.62173285773662,175.05992482981432
143.47661582620293,70.13537907603823,79.27171123549456,175.24378934123231
142.21410272292363,70.98866673849821,79.40053606990654,174.51865235506892
142.23595376628595,71.05619192057391,79.2978175840964,174.1184692358764
144.00632222035503,70.26373909851876,78.98176872908932,173.7297649556703
143.21100651926812,72.246038034143,78.7808473492044,173.47189983436078
143.15664316079787,72.23962596821636,78.41278688643644,173.3977867771119
143.2078473398347,71.37136422041742,78.39820735824733,173.06886556483929
142.86182126613656,71.72453533192339,78.23933102025006,173.15889051025385
142.7718405858506,71.93428659574906,78.46804051266338,173.25713800739805
142.7641845745289,72.9024360414216,78.13682829672034,173.43854016967236
142.17835618994553,72.24626640325448,78.80005434651147,171.92158571813184
142.03327656882223,73.29531575865337,79.03672124756753,171.864683353617
141.6156433727905,73.65168017255573,79.08367079373714,171.57789226780716
142.14451287381672,73.87213861891122,79.29924102248916,170.42293813554463
142.17682936465303,73.96100908504661,78.90173740840646,170.95789828550346
142.3891602628549,73.94555058010332,78.74386317079679,171.22551761834995
141.6630823449638,72.75058343895819,78.76417584499598,172.419982044378
141.06693816436726,73.19662689576555,79.0086608280839,172.38333562816166
141.46522094541723,72.10473898791454,79.04301322042889,172.4094042295082
141.30447060279732,72.25707635619557,79.3340883813296,171.65748154072332
140.3500585656354,73.32796389108002,79.47200004682469,171.65056627129317
140.04098220823857,72.86290237730276,79.63022970287008,171.26880799506046
139.64450968506935,74.78387269302354,79.96141705949415,171.3776034094563
140.63348169918964,72.69390054909059,79.56834325048422,171.5937947123216
139.44857872172173,73.65678663492305,80.11125373003247,171.74998441085015
139.2695644922701,72.32029394313872,80.53614898912471,171.94171640887498
138.41651627600885,72.30521848674367,80.69971619629783,172.7089803206275
139.35244923641588,72.36216906008185,80.15181367918554,173.6511006259012
139.014338790667,72.01305367113997,80.57960321592215,174.0106527755787
138.53751849703633,71.13914000289616,81.22606220642754,174.71679786871917
136.80184670973256,70.56025290754056,82.02284237313708,175.80465379945207
134.58366928412215,69.58401206743638,83.70691985009037,176.49177512428324
131.1458707804478,69.87233613851393,86.48167342787362,176.70501709262084
129.54414870760115,66.89858591061738,90.01835158569381,176.5306837471444
126.094965071989,66.55674251279905,92.70833577357465,175.5948097050354
124.21499066049404,66.99085430327166,95.54557745611885,175.07678254523657
121.05076262379382,64.84430163772458,98.27049906945156,175.29137473088394
115.49815536739669,65.0864428044436,101.92533134957978,173.36696633600639
111.22710001242908,64.987249116778,106.13754131793786,170.20405896493867
109.51363812982008,65.70900439518539,108.2519793882706,168.67527792880242
107.97022015500744,67.70958198276514,109.31197822737647,170.1239714055289
106.96635781516531,68.42162902471748,109.62732235953723,174.2430415748591
106.26603955297757,66.36724957067716,110.62182061281933,176.4068350011816
104.23120014842699,66.41479959271663,110.476364801254,177.40442256391418
104.93755459156093,64.79985783391777,110.83529049369096,178.10332048771613
104.30326968896796,65.4463510610386,110.84357515979303,178.29867572258428
103.45495173393904,64.1348686117885,111.2077185991096,178.7448217734282
102.7408892820491,64.16530495397996,111.4789292687281,178.4770808130453
103.13874524520455,63.7237194732526,112.07210224441764,177.9589632651311
102.55928666815743,63.44701186546163,112.20571591550252,177.17909028796402
101.40573560078242,64.2268452567044,112.23841996179735,177.65027558486997
102.40394536857632,64.02274882629845,112.27763041392623,177.1626430596345
101.59958925652694,64.38706663918843,111.74683963585824,177.2502754606833
103.06059274814152,63.94923131275874,112.20205995899506,177.3485223741094
102.16675156985382,64.95834523027854,111.1134548552433,177.0720665946957
102.68399496750166,64.18704845835998,111.32474888556256,176.1949289983961
103.22210486758048,64.22529308003462,110.94812853027108,175.79954578598785
104.58132428735912,64.1064055839111,110.73763713562957,175.28742872224657
105.91371197679442,63.380239989011756,110.16107710786373,171.83145665124204
106.07679463441616,63.44078852759735,109.7176758861981,166.5062723166856
107.0206541196869,63.646882858669755,109.5266250636974,161.75013004507423
106.69187886616169,65.26470342391534,109.42683692767379,159.6057778388003
103.26762710964135,67.595260840929,114.60455119892367,152.0518278645447
101.22816883370966,71.80503674194165,116.70723426842622,150.92111397221788
98.91564683836424,73.1008600361674,116.9533395841903,153.75091513767262
99.1405195258292,72.59955590133161,116.68731102795066,155.79473131692825
99.00363474521563,73.4718959806963,116.41887191760799,157.81280392957643
98.45853493122661,73.94133499723989,116.03078194139903,158.6932910402652
98.23495509230234,65.40606010183804,115.2758428920213,158.43444744422808
97.41539970719398,72.0796788232956,114.66469521649827,158.25047904428172
91.22548855706313,77.52699555911462,105.89034271207248,163.9110938331417
94.89004752293926,78.5368574213982,98.9065338590136,168.83616571709507
96.47307267968921,78.34500817094295,93.57713487073954,172.72776922441426
97.22440170310051,78.2047787702797,89.08220587741425,174.4811837294761
98.09601284663576,79.50490988458401,86.12864309046583,174.24169077271807
97.8566193566662,80.04113603050442,83.79618677473539,173.65946349794802
98.3571538084348,80.2516096116744,82.27671350661231,171.90819085133225
99.17036788194645,81.69813966580222,80.98267352220194,171.06923292546492
99.17672376818611,82.25549925401576,79.61115454356874,169.2505005206214
99.91399370879262,84.63774408886364,78.76099942321235,168.4799576416208
99.62502109597827,85.1540870994977,77.39904007826152,167.85693499954505
99.52268858427992,84.53936807350381,76.14184456412923,167.38718744171533
100.47451280873571,84.94086556362733,75.09466968031929,167.10340727040918
100.49324749737889,85.86552327462618,74.59032206769278,166.496375907936
100.39148633951025,86.52796186391467,74.18811563796956,165.72501070655477
102.11379075694907,86.25548959079873,73.29102910953416,164.69631121077157
101.6259361490623,86.49235448826394,72.66820421809948,164.54576700873093
101.4224228798776,86.64739935974342,72.70481986708174,164.58278872931874
101.43660793098161,86.68545649208012,72.72116143664334,163.90991973489756
102.22020481904238,87.27346265865415,72.2741692481988,164.23489803094566
101.93457360932956,87.67591064311183,72.120138269721,164.69009527415798
103.05321876101559,88.24977297690343,71.59433454433663,164.7240008603666
102.40296701838395,89.10673837648109,71.13945942566464,164.9300282950446
103.05447441405948,90.23247019479308,70.83142198931695,163.82807492281728
103.03719626620256,90.96664213812518,70.51627479429668,163.0231995758679
103.00945684636638,91.30506665516604,70.13943846320413,163.0209785015144
103.16439400777679,90.36932090058016,69.92800323778778,161.9200872267964
102.97973284276262,92.08979874114732,69.21285124263608,162.23670729601304
102.6753180459169,92.37491555491383,68.70049577201173,162.1306406077386
102.50551139685612,92.35596754806029,68.6586036999932,161.62800820481206
103.06900062956365,93.26767905125624,68.64577397057819,160.8882019319712
103.1749408346904,93.09875101869001,68.47571097955564,160.62864785468193
102.59826393670494,95.05671706922342,68.29631064039471,161.0998507824542
101.5543909785588,94.2553283485963,68.37456296728575,160.23540481787046
102.10286503751809,94.54184859051689,68.39083053425793,159.7829778866592
101.87525149765493,95.90382302056149,69.03186350096811,159.5173303323409
101.30389437626317,96.981282055093,69.36121681426249,160.4997900022305
102.15968407547817,96.85714915073574,69.44812603277585,160.55349714578867
102.15940318191515,97.93404561147585,69.5014468078949,161.40791941328854
102.65252651561254,98.10179782714397,69.58742296936518,161.61646263562739
101.74538539410949,97.84171447207787,69.94656319119208,162.51058167491837
101.4015432937257,97.21407714911462,70.27992650820876,162.35373395203231
101.88644084836618,96.0061622877507,70.71675595451555,161.56462097151308
101.54031278861447,94.23867147828551,71.08666458203935,162.5836278303879
101.33248363488275,91.28731555142087,71.07320979946451,162.84581672726904
102.3521305055427,87.10502700006573,71.18767196138863,163.712150021233
103.82064172201098,83.99992256583327,71.6062081622564,164.56928529274356
103.10547078613959,80.6526123958082,72.09691904873915,166.18824301987866
103.55687559342263,75.34399668279069,73.30823873905894,167.91459290752258
107.35306296006004,61.998792660708475,75.75563127110392,169.78784702102294
113.60252819647756,51.1697842391294,88.49970082878647,162.4396974060512
109.29763844476464,47.20736951465233,98.50218255408274,156.24051009322557
106.02450973403771,49.82031845081033,104.97266747400835,153.76460053839918
103.98884614663129,51.41923835020221,109.80541096485359,151.1888649671583
105.12347683999756,49.70581097203227,115.56096895220551,146.71497051695522
104.1796456729092,45.51152357073961,119.18734776949837,141.59304918001416
102.91137340780656,43.68849761758611,120.36047181325345,138.95116344517737
104.22089032538659,45.50178143400758,120.27855975085953,138.62171376086653
103.96433356616808,47.880000938538686,119.44761213305082,139.67824443640515
103.43070817793893,49.2428611545042,119.26124907989642,141.93919163753077
101.49049756698867,51.548603279466064,118.57601030194951,144.8151517883944
104.32090753816587,52.91624019384582,119.73119749689367,147.5460744966527
102.60153569634075,53.714704301446545,120.98842596371654,150.6764416801634
102.20659128496763,54.21488688035484,122.595522718935,153.59722482251772
102.10486041472927,54.048778541997734,122.74409638233146,155.09252159547674
103.57185087129238,54.60483247034577,123.37039436172233,156.42808038383072
103.3159799717854,54.71018528051519,122.91661846101783,157.8840393638642
103.83924718830883,55.84927880166558,122.76690576526039,158.94241209405487
104.29402305095324,56.49773012703443,123.21068918210719,159.58108302119803
104.80227710851611,57.64045730922224,123.91665003918757,160.04943524785634
105.42143662709134,56.93818925434866,123.29388742093283,160.15954658534093
105.38272894862081,57.52503513966364,123.1859587225789,160.46957058733975
107.53698488473051,58.53404714609543,123.76976223808532,160.00920465076248
107.38961721663283,59.17585431933739,123.03123436779876,160.4849769629471
108.45294350726098,60.17690596524565,122.51558804646066,160.21365832574787
108.74841605643526,61.47925942538798,122.239875076017,160.37115271466732
108.94778012991836,63.194688338586246,121.67244618930948,160.39463176990836
107.91955914639207,63.7489195942418,121.48634588951634,159.61479028845108
107.54953716613458,63.76307680013366,121.77179473127026,159.1492312825702
108.0451558685398,64.66619376228697,122.05862050452228,158.93272535604345
107.91379502046607,65.96730511930137,122.12040458682486,158.7457393535167
107.40091393356789,66.96046575398252,122.27912064283862,158.27570803357153
106.3408738660684,66.6416762958706,122.48066113454993,158.9158994639839
106.96220327465255,67.35823816127484,122.76502646727637,158.41911928385747
107.98093028150416,68.7619647284067,123.35848833377639,158.18706387946742
107.07359257341643,70.78838019788161,123.10197959162664,157.73403138145082
105.1666742150278,70.63330284484667,123.20591092243286,157.62549558487711
107.03426220096725,71.57019830345607,122.8511725630875,157.68164846763085
105.75807434949633,71.19257982693851,122.65761950168609,157.70156681953452
106.3283336890642,71.75497015988397,122.82261885367066,157.74630581650067
107.0335865056348,71.62261510973009,122.87101224167813,157.555372560962
106.04189991599984,69.85624460231085,121.6085193606911,156.30164888463838
107.0697511512411,68.18821238316426,120.9849317297624,153.52484215288763
107.24263335277307,66.68444461791329,120.19156332613008,148.7943391435031
107.37703176652924,64.20289363973924,115.98406725316485,146.85425334808116
109.27850693499511,62.86483194374718,113.25596878676991,144.37385303553648
108.78160798288414,62.27780328861854,111.86915765549992,143.01081503748992
108.18432995146404,61.70543630840794,110.85645954696867,140.84750456431738
108.27097059931104,62.962922136525634,110.27568388510568,139.39090004122255
107.37835608823592,63.399191486042824,109.72025161994819,138.4952839976663
103.60902025101458,63.44995724462872,115.64595806821747,132.048358345973
101.22062189729925,65.69325420324566,118.65084899580954,126.73463381302794
99.64845434219122,66.98681028122257,120.40197584072106,122.89554385575116
99.83308202506196,68.65985665866894,121.22284045674533,120.19464509490368
98.65953702765023,69.14203975702696,121.53501786535664,118.27937351555443
98.85209871905491,70.34383469884136,121.4074234730544,116.7144720054913
97.19442820014744,71.31384037323254,121.75217725729877,115.7684444022839
96.45969309901824,72.20800856360341,121.45261486201537,115.37785470370919
95.32353048487214,72.32315968330722,121.15545180333552,115.48947373419523
94.65929793357401,72.83079871024769,120.51974871497568,115.35392310350537
94.9524624526531,72.64166392532474,120.52547171930178,114.83297846522522
94.91871526985193,72.26450466651622,120.07311988396111,113.99014939888076
94.48434213128141,71.67076977504543,119.939322592491,113.2564324962602
93.11980349716232,72.09092716510943,119.82132821308514,112.69992922574143
93.08775149599211,72.73913525109285,119.78414733150919,111.89526880753014
93.74723665588094,72.71655788256328,119.5345930578741,111.27662777537466
93.72535046949226,73.61632280282697,118.73055981141167,111.06010038292925
94.9009832989478,74.18407808420929,118.60620498204463,110.4390063359918
94.39175018582637,73.96608161135438,118.32456289472702,110.32293915444329
93.43657019375958,74.20512121815906,118.71805917513288,110.04834773940553
93.53033934002043,74.24694212142255,118.82701831698884,109.71498009934336
93.72444941886181,74.34058565972549,119.09492912883047,109.49947114730834
93.79656875814317,74.65469508972953,118.53248515923497,109.91683553543868
93.24509307333417,73.8248009307268,118.517522805861,110.18659895300775
92.50293983424456,73.90672793886849,118.3850518639963,110.19629074432439
92.34959301570049,74.75530421902359,118.33873380355368,110.2762569860848
92.06830977832034,74.78018290783947,118.05602833331429,110.43840982645344
92.12593807276559,74.46807923691537,118.13378788607685,110.01491437899499
92.85635017689862,75.3102661865973,118.30052846567548,109.94357377430887
92.25113186951342,74.37028664696848,118.36705646056522,110.29771414800773
92.16486128611453,73.59704567510424,118.35376034363247,110.56063366993752
92.20397841355707,74.03566622443049,118.73668874529304,110.69798188097741
91.79908230650305,73.86457741666081,118.6986172256326,111.06617209039707
92.0893731602353,73.32369950151009,118.76821561956277,111.14836911427912
92.307670508663,73.94117518781931,118.64674790801887,111.77455322444878
91.77099841736018,73.11043169238488,119.07904991771572,112.41120343667689
92.9078073821039,73.851380158115,118.58555987118577,112.7744282465115
93.27906979136935,74.08328345790413,118.32899803960095,113.41600313573329
93.8104691258881,74.47667209182329,118.14930750960153,114.43105365624794
93.21621314638422,74.23196708288428,117.50458968841215,115.51109825855283
94.6701863672314,74.6889503724989,117.42470339686429,116.38175613668292
94.37110802603988,73.93746366298998,117.92579631431755,117.87703210151271
94.12541251789843,73.61942978827692,118.53682567673607,121.0496258156758
95.00879697214437,74.61359361680772,119.0810530622658,125.22595479771331
95.24969857206804,76.09393979948385,118.61532852268306,130.62363130595725
96.1194664872204,76.74828533017181,118.95313401050885,136.86379554929934
94.55005140427512,77.89550129609248,120.68476074050156,143.25988676504102
94.57503283995818,77.09751864282141,122.597657022883,148.65192765408742
93.29673986681262,76.26658291466234,123.22092149319147,152.71799680327666
91.13762654492224,74.39640760750683,124.86520557105425,154.93166206049386
91.07521650594646,73.86045208882007,125.19054239445393,156.5752289077467
90.91213980310461,73.2209734525604,124.74601739914428,157.5290484756552
90.04262965088198,73.50749266227314,124.57105805404578,157.8431841857158
88.8422773339287,72.728454475818,125.05335536697606,158.65306550647918
89.57420643718294,73.74115677115145,125.20214588597726,159.5720032906139
87.8400082571518,73.06592240851498,124.59971953028027,159.7481860080057
87.05563312733115,73.10907907940982,124.30609691470792,159.75094967696677
87.06008825529682,72.08568880449381,124.550036237634,159.39632823018624
86.8769014529225,71.78623583999769,124.13886063517211,159.0022046839664
85.4898489469281,72.48968052478452,123.7598494209646,158.86202130423038
84.51897404567877,72.55879189238834,124.10761640772077,158.9584956725231
84.09756133668071,72.71102892319372,123.79481815132421,158.5548649778929
84.29857299566356,73.82712230572177,123.54232695775863,158.57631123514514
81.30637559446625,74.69493310627405,123.81121997487494,158.01135144110083
80.12276847841102,75.06698843126891,123.7821667928924,158.09600797155392
77.77675768413337,76.64365085151236,123.9970937311791,158.94327583965466
76.57126890431839,77.54382735799192,124.3879342191996,158.95997840969574
75.4098883620465,77.01510438594367,124.25488976365851,158.96220351143077
73.07797406288796,77.16611964388056,124.23744585526174,159.56325977705876
73.18302935032645,76.06454495137123,124.7885708751342,159.691214087996
73.835846371414,75.33993502351112,126.20966408019729,159.63809875294322
74.27539155221574,73.72268146948517,124.95290363912412,158.36122804956324
76.80488053634467,74.57068596354081,122.52799725938249,157.36054312475304
80.18703608053852,75.48353901763971,119.37998961490348,156.18621672103063
82.58155615157008,74.96670080524771,116.52322870200447,155.0764040234239
84.57064339217409,75.21371890840685,114.23392631971919,155.11259309405264
85.86700676162997,76.42306138958611,112.48409353889919,153.6210153466218
88.21163398732327,76.80643644286906,110.71286601164589,152.21558209977803
90.17589185294725,77.03740480419775,109.05187857591488,150.82048638339964
91.30618198284859,78.75899780094778,107.57871942340438,148.99063516487058
92.12452117320555,79.56570570370513,106.18571120822925,147.43812591858477
91.2528082882865,79.58920835197077,105.55053447333711,145.92658908118284
90.98809936556047,81.3893386348757,105.35943247807185,144.502234935127
91.22740920626282,81.92151443599322,104.4409763541966,143.57812258653215
91.584774625573,81.56541354640363,103.64316060446822,143.13980988225947
91.52551302535727,81.16629561309921,103.46372724881792,142.57728327194724
91.55611883616672,82.38738921171685,103.06152198439202,142.96019554294315
91.63367428208419,82.7646017261467,102.9294880924896,142.66690274245795
92.36203889392712,81.40527240969861,102.72837946759675,142.8012017295106
92.96529303531358,81.34573806488356,102.75792524766717,143.06040157975758
93.23316956889245,82.22539683810477,103.15574012169824,142.87587439185856
94.87786326808356,82.07476374087926,103.31726901359923,143.313708879285
95.65563786243612,82.26203815441333,103.80029261313261,143.07323620048842
96.10496195685434,82.07558756659562,104.21398802170832,142.8030147030892
97.46841991666545,82.39626318414118,104.38916384364795,142.3305022520967
98.28570568370588,82.56163595848942,103.9847167831389,142.43621883752306
100.20970509026616,81.91586813763996,103.5743884393024,142.68846726971117
101.76165277521477,82.05363448423742,103.14491318773709,141.3554250350047
102.16939657120298,82.8710647449176,103.33676197385819,140.2454383067695
102.2914746987279,83.685888155116,103.08851434097264,139.69344239102816
103.0494313068715,83.34232940823131,102.93678276244943,139.99264969755313
103.53768312273765,83.3031336130338,103.06413962819178,139.6563603599563
103.97209619475692,83.02833459114186,102.6572451896281,139.43202105918908
105.80485701412606,81.69001361493775,102.71440721902641,139.74401633839477
106.80030954309552,80.65712735895858,102.75076747137496,139.92165770869053
107.26041608059944,79.74970978672587,102.08005613133912,140.25221369742474
108.37740545966479,78.94787125523143,101.68106501358929,140.2687200403132
108.0681535153197,77.06111162355788,101.81625054361973,140.67002951629155
107.76899888353715,77.23169079421389,102.16380482495177,140.63143066995175
109.016385960522,76.97927425861195,102.04050016866273,141.47461683859444
109.78101032110271,75.76626569154094,101.6692527511741,141.369875353428
108.86038482930591,75.7800752089008,102.19438656729486,141.23355808474622
108.90834023494581,75.27096374934136,102.7690856474297,142.01702678421387
109.0371146694731,74.73154617408198,102.985309721395,142.2049646607153
109.7638722434791,74.61927046322518,102.27113672645535,142.52969457747838
110.23141027520353,75.06053055280185,101.95134898021001,142.6673952740651
111.16886396283326,74.86932884558296,102.15008600459349,142.63863717636642
111.29199386014778,73.66754896617184,101.66979457742184,143.5209357199787
111.3932830295015,73.61750775106239,101.57149381969087,143.8949524549118
110.8730461525196,73.01355245366187,102.15025324631934,143.53894481679504
110.55166153267457,73.38729826810194,102.88373549524763,144.24284488484483
110.65751975358069,73.34355701019723,103.35480194184788,144.83161837765545
110.25873577710324,72.0473669048851,103.18862382394096,145.1761503159561
109.47255518897869,71.65297534647078,103.8162960839837,145.53887755438393
109.83883174768313,72.89690220632119,105.08599387638012,145.10123741004628
108.08575478127335,73.00155436327525,106.19774125211654,145.2872321135675
106.35074069436463,72.29379602366956,108.40083872658553,144.52703310788814
104.59648533782772,71.37096124455195,111.04740792325998,144.58732540210053
103.14655013776583,70.67500416742286,114.07580405733151,144.5401208134159
101.22808916740178,69.8432237840544,117.46631865014206,145.13209699782402
99.10675775140993,68.5691090701689,120.5117621103301,145.97210797028038
94.03735067982501,67.38319301614467,123.89179148253437,145.8490572562921
93.16580583562182,67.634718716026,125.00837359066043,145.37028726330456
91.66064573666459,68.74948698778059,124.31688199810858,147.63753302265184
91.47030169618498,69.32445822690873,124.86413694272386,151.55730079906473
89.75978422469368,70.21770160519421,125.53814162752775,154.20298681776234
88.83276966124046,70.0469534879567,126.44632562732846,155.1198802456692
88.96029306943501,69.41770683693125,126.26620339169222,155.7658614360563
88.56630277479138,70.01855080536009,125.65714873985246,156.70586923703735
88.86550976261086,70.48370497569431,125.1992458001327,157.37833647009938
89.25237971972454,70.40206228324297,124.9957211707297,156.90496002743782
89.10428967244248,72.08118325628777,125.12700896433043,157.13527484785823
89.31789268311633,74.71737621140049,124.71591782051964,157.25513899866795
87.61639407438813,75.58403388925612,124.43873138891293,157.31564974616714
88.08096822431688,76.29703531131912,123.75554560452878,156.4900679730937
89.22675336326857,77.80855969414472,123.70486392220644,156.9111749004967
87.4632817650363,78.57058018993922,124.46775687338595,156.84515328470877
88.38813121027647,79.81935053359139,124.2545132803757,156.7015976685867
87.91687169602353,80.23263585515491,124.80244905382901,156.4263044841274
87.89253292965441,79.52312669787037,124.24146721280705,155.68724293610188
88.16893576201227,80.6536488579843,124.43146613497869,156.54896940215943
88.18286749140576,79.26597131539286,124.4105651934681,156.7812563167948
86.612730019754,78.9835864104277,124.3991265270762,156.02995592771236
87.53316527968164,78.38791056593129,124.57091126539962,155.38958178090502
87.23292167710754,78.25947774497845,123.49588329568209,155.2085999873363
88.01553889420614,77.70093513319799,123.5282729249767,153.96131677217653
89.90343114042943,77.32960214613598,122.63448554098962,152.23618761270984
90.95959228667161,76.4194075370421,122.02082274004425,149.09966288283852
91.85390012370158,75.0274349726599,121.50261772291331,145.25760903775648
90.63429432563636,73.32546681333201,121.71800958637775,141.96547230114493
91.9269349440882,72.64978485076928,122.3836920373708,139.6023927810647
89.2356471677437,73.98443545375733,122.28166609240965,139.45269458908092
89.42525703008783,77.05285383441412,120.48985753295881,140.98599380265136
87.81166918938347,79.29537823502034,119.23992568949572,144.172910600499
88.64197378175547,73.15877206367938,118.59677220181135,146.64088708044898
89.52223920751277,76.70202113246847,117.40479557288052,150.88343709960907
89.34225839008938,76.5816364390516,116.62153094182,154.3253740699084
88.90132228413775,77.3292014662338,116.40445086032727,155.8909527767592
87.38028815962946,78.24403946852141,115.72314998779233,156.88296089426956
81.6693783611007,80.35301346841769,106.87252390613892,163.6957622154609
85.15825296150635,80.46772849720779,98.8291755022179,170.09121962431135
86.42698244175509,77.95203670383904,92.96976562924482,174.0890949102676
88.89836256860563,76.34382659581789,89.14682549349416,175.63125939758828
89.81739514777777,77.57192611817419,86.47033970564856,176.4065714689035
89.82140728988614,77.01891815368779,83.46052227529837,176.2265242036014
89.75245762332412,77.66069218327024,81.19139507911031,175.92957415926804
89.85347130419171,78.33790537164849,79.26529549943383,174.28618273610576
89.85441692723268,79.00506814628599,77.95936775528212,173.65510252860855
91.4892391819684,79.10880718987616,76.96188520641249,172.22682523374084
89.99067918147904,81.68397040928025,75.75761923250718,172.84123973884135
91.57373067923132,79.9479836071894,74.94554636929634,172.09830331265806
90.44570726460776,82.65614640612105,74.6194334409293,172.67376610209334
90.23603821119447,81.6900045429333,74.03116182275741,171.332528405129
91.23300113834267,82.21172421105317,73.46300184046264,170.17461468291248
90.87433834266861,82.86694006140158,73.23329474176255,170.2141260240171
91.37191631005527,82.02665876755185,73.04616488235241,169.31317091533595
89.95419705551443,82.93438465567534,73.0181473806156,169.11644014738974
90.94054194117157,84.03182303607957,72.12802267849993,168.6327881809691
90.17676341042699,84.95571825084515,72.02617900985602,168.76422767850093
89.84288548104078,83.91315995294863,71.56360621338554,168.24695851494033
91.19370997315997,84.78789684365239,70.84485868311903,167.83300917334452
90.30018719161365,84.9861392560014,70.68320322215618,167.42434940704715
91.25865628147807,85.14893524149609,69.99405921280699,167.81622665145082
91.35566267777422,84.18008983345273,69.66727978598882,167.6985893368155
89.94627666455901,84.08885769322032,69.68205834890303,167.51507090596516
91.17292260907527,84.54014460715446,69.33361555998341,166.57038437373043
90.94775131178781,84.24588597058757,69.08292259538092,167.04383751763086
90.99230915785375,85.23651346723238,69.19557269383074,166.36901405624735
90.62938798973528,85.07424912673034,68.90771680981469,167.13147659946077
90.80933592479695,84.9905840223949,69.08702619281559,166.52447690739007
91.34695683163969,85.2273043650617,68.85458529437135,166.8279968930045
90.10787009947646,84.89316852999471,69.21090302291901,166.59399264322423
90.73340363510454,84.78494284423114,68.96280891213495,166.91562231876796
91.29394238860382,84.43403573705926,68.69893453109006,167.34668913974204
91.05924153491395,85.22214567267075,69.01879366835568,167.44894154902138
90.99835510658008,84.9553400764101,69.3059695036821,167.20053860999667
91.08244355107789,84.59742094320637,69.51293939112422,166.86971740679962
91.22524494773265,84.81114332852337,69.24552119448737,167.45523593114854
91.16240599093021,85.06719863654122,69.50954896899884,167.21526262919403
91.22599773907007,84.9548756937785,69.63519639532272,165.47258783410118
90.38097739390454,85.10369874342561,69.70363967640542,165.2708776159448
90.7400994953091,85.79497168792118,69.46312249934363,164.87030883209437
91.11386569023702,85.96482353393014,69.10317244138362,164.7407797751291
91.52199684924008,86.17024081891903,68.8485893078143,163.3663125023239
90.78755249435585,86.0420133196122,68.76715596176611,163.36665975338278
90.43270407451763,86.43222051423999,68.88959076702632,162.95913175362114
91.01621972168229,85.68486152302437,68.54893430151247,163.4175533684071
90.71852848813222,85.87248077380076,68.56499896046135,163.75507722265877
90.78972558121326,85.439453231222,68.33601885026994,164.18418567733838
90.65578797432568,85.30701232700714,68.36665892026438,164.7983049277847
91.19321119275571,84.87528742039646,68.16980153713052,165.07149590425985
90.55580794913628,84.67516710930649,68.53483443618885,164.59783855671705
90.63009370529069,84.77032040382943,68.40575537870686,165.29858868411327
90.15390443716352,84.22477928326035,68.40285694886623,165.3822272587933
90.97821714787364,84.31182205353839,68.26990087330172,164.4718093017028
90.40975866682516,85.46456876582596,68.43287895304775,164.90831764905454
90.58232072099358,85.36950831086637,68.40122815875776,165.46192154089397
90.25316015862644,85.1341331009625,68.33025063227362,165.4476550782821
90.53542117999923,84.55658210736111,68.09138157629295,164.32447704572476
90.32796663202669,86.50894085773085,68.33381871681945,163.9346394869256
90.58054835755715,86.25533755823848,68.2597753633957,164.49593248424364
90.2282428759739,85.64089474455758,68.44187436748626,165.2721633922527
90.90329365305791,86.55780429702223,68.52379311990546,164.53026645128674
90.32688081909569,87.5954798943265,68.35977611262088,164.7879650308481
90.28516159209278,88.3771927269439,67.98164272419466,165.5444401167272
90.5995238295121,88.16129531833201,67.3118838600688,166.1406758191372
89.25688153227081,88.73357874672459,67.09718981685606,166.82732505923008
88.93017250629312,85.21939646739933,67.14164938606913,165.47379455257297
87.83515762814463,86.08333942289855,66.82811168516702,165.67199518656508
89.35966729827837,87.9692178857572,64.5576538177923,169.9811088892047
90.17959990382582,83.47130746060348,62.77570323329577,172.75167901853436
90.71562582037988,84.20385986608778,61.397103669026514,175.4237626421666
91.40297181814175,84.96055723014534,60.32313036842808,177.37365026077694
92.01068702494766,78.69575056423021,59.722269261189865,178.38441612709207
91.95285370728847,81.04408100366393,58.95866099178031,180.16452278820265
92.61477502519068,77.17450026839944,58.83587328666284,180.8255892994726
92.87116491420471,79.27717571295139,58.532891129408085,182.3745771516712
93.09135626186239,78.86431437319463,58.615524946486694,182.6202906687587
93.10871733618832,79.58899894355483,58.66936106191154,183.02380593985015
103.7874805292773,75.38931451829696,60.810062748853696,181.71566956423064
162.52858854746012,72.55252010827235,76.40411014022243,166.56842899280036
154.37055563072994,70.56917151472643,88.23134826829951,154.5705904666964
150.32430012155447,80.5868286177037,97.36351008449432,146.23961147344937
147.4906881067958,88.67006787179766,104.86720245297806,141.7401795121975
143.50592182496942,83.73398903691285,110.22103930168026,137.4025841454681
142.33899832988254,93.1368374659739,115.52589888416972,134.16868656560527
139.58109362579825,87.26840856717453,118.46797043261233,131.85520275706386
140.40464776403607,91.89226354619188,120.49384556411094,131.5802682583187
139.0586540442379,96.23542080773905,121.79676225442444,132.55006068407693
138.04399894552452,90.19280697625813,122.52038669326048,132.5904036653371
137.7365159743123,96.83736879959078,122.75148918658823,133.46540927587395
137.1366607516309,91.6677849124184,123.59070600178025,134.11083525181783
136.4954666964157,98.01647920258057,123.86433044128933,136.25844312382503
136.46149586435416,91.53218333642621,124.67016324301233,136.49272375231294
136.97415250843315,97.45642576120714,124.8687012779821,138.58312459153282
137.40122156235537,90.42666178535765,125.41988059586546,138.18496802632507
135.64226143733873,87.19652262173892,126.59948106745638,137.8343084720928
136.6648936581163,94.73756774802209,126.36786651870824,138.60827920127696
137.07354185996405,90.15840324741939,126.65109048740351,139.0475167870771
136.40953772456658,88.09947977137743,127.16298004100487,139.09593958678673
137.03690444867516,95.84553749403125,126.74210573842899,141.30858755395468
135.8401152209702,89.76792686178031,127.27965146469006,141.89974574625197
135.0487526528999,98.13665904804925,126.80939736994992,144.26912150738107
135.38215439057444,90.94017095003099,127.3167730909586,144.1839826216305
133.47588249700763,97.90746252180216,127.37465388752213,147.0558169432981
135.14287358314826,90.29316249748697,127.94187177131693,147.14652045414772
132.8447928866024,96.87659548133928,127.30069128361033,149.3542758777395
135.89664057041173,89.7362183392739,127.47434061966597,148.73485983563734
133.47210118710856,87.97596703975339,128.18034201276765,148.81522767096072
134.0493510366695,95.5498940300946,127.65662205684038,150.4121837946484
135.03743638216832,89.5230233820981,127.77121755732526,149.65879427704277
132.7251066909118,97.51749572866889,127.33136516386786,150.96098346451643
135.00133609577875,89.94624454752577,127.51805067939029,150.1550824683432
132.32452515179227,97.11435789800694,127.53469699286985,151.42453909410204
133.94056689646848,90.90969370663906,127.63403845507077,150.90688936557072
132.27186245363708,97.1667766719859,127.25191294360833,152.3469976124283
133.64330104888737,91.03308542249056,127.93330185303756,152.0119278332818
133.01290529250312,89.3721870129673,128.9525301052508,151.13483396629314
133.7538523592728,97.16743708978285,128.5416037651761,153.02371537394134
134.63854806757917,90.68157243332739,128.69165166435926,152.20109215541916
135.1529359975616,99.12844760178498,128.35233727404466,152.43580365627253
135.4947115578895,93.56842412261513,128.54717426021182,151.981344808643
133.61917848608456,89.83517716695455,128.64184806792997,150.27424424517167
134.12238801512737,98.65632563178288,128.1040369123712,150.76074675399158
135.50155842752886,91.93965836699081,128.35856711456103,149.490752197272
134.37379359359613,98.6678398816762,127.8731945969864,149.59111657726402
136.20537070155893,92.70572428685973,128.01423030148626,148.36307744981931
135.64885591998618,101.26385853617887,127.19742490274058,149.58246988562928
135.75526808417982,94.11775815044018,127.9662455624133,148.50419202704074
134.54741590557734,101.09956003753746,127.52430035487521,149.83103739530225
135.59833412620057,95.49984418012254,127.87056448049276,148.6306144500979
135.95776566680948,104.46637785567357,127.1705682884537,149.6247436016814
136.49632545916495,111.42586450758944,126.45783398077562,150.1335247000103
137.9110647177069,106.52621041392308,126.89317627782438,147.513625314406
138.3497967181906,116.03225180031299,126.44507785217058,146.39439341748067
135.1004090760364,123.7422190870247,125.1186215843549,146.67891421972865
134.26447634413086,130.83256408976968,124.65752696706559,145.53377528540568
98.87569824179069,87.00790624343114,124.545823833367,149.65012436431323
99.84870469015402,90.11712711545607,125.66241059560639,153.77228644869354
94.85063463809026,81.64997972876212,126.61501928188724,151.65212069656874
94.16396599504296,85.48976904664944,128.0075554680705,149.73990847009586
95.60218276997242,86.0056080837727,130.6421001401049,145.21858682208835
90.92001485109934,83.3325265552873,130.31054936591258,140.64985577505524
90.33718252598757,83.83382304997636,127.38261517351526,139.24617115044992
91.29129366389559,86.79914289577279,124.17923141202724,141.9235837125802
91.1210572997139,88.90657533275677,123.5110121142523,144.87033754817645
93.03384440628628,89.51624360832216,123.07143376597571,148.02579071185892
93.28630998090156,89.68186843071291,122.96848137770287,151.3639462890165
93.17040985816463,88.41062093959707,123.4875244827787,153.16640555852922
93.52770087634399,88.46732311584972,123.92966844911317,154.55993382225773
93.91389250357247,88.31657916378111,124.19245908763105,155.38096066539413
94.14673792113894,86.8171624733987,123.71317519346496,156.32071559118765
96.36188056413981,86.99899002082236,123.53175074349227,156.7045481009584
95.75511131660735,88.08560152747893,123.18472066746648,157.39579986105224
96.90461916648135,88.37420199473313,122.54146775935209,157.56851762580837
97.80421623897638,87.92014353809498,122.22845141644791,157.54717699380421
97.08921765521625,88.20769128536271,122.0979688237982,157.42757578389856
97.40674693923151,89.58348979057524,121.67495738563713,157.57259022557616
97.62411965253973,89.09962884719161,122.06934403909881,157.54718041516554
98.20472615281244,89.64220973329672,121.88213709533899,157.50575915389587
97.05189923003263,88.74344633465805,121.96781999935503,157.13508784250013
97.45578442940874,88.94470648179453,122.51952306747597,156.34476000018105
96.61015132412868,88.90264282568785,122.20609648514363,156.31320381639603
97.46901609423497,86.07680572914357,121.69180820717622,153.8929805027707
97.2721467915306,83.45146950870365,120.68318458514509,150.15218546775944
99.1128069770815,80.4581503929582,116.32676370869125,148.244442176118
101.94904143747831,79.96912770139765,113.40159636641938,146.31167112819358
103.25795470196395,78.07048251527407,111.64722197396466,143.52261105946175
102.77301484588949,76.75689695283681,110.45034744035554,141.04873228428133
100.30250992234856,75.07060355497781,116.40039466288752,133.1200361973089
96.96727652830536,74.63129501315595,120.04779111558574,126.90231786988083
95.54629539984404,74.14827721479986,122.54655987127431,122.38252077540038
95.10505279005257,74.0747612386148,124.15887672680927,118.48457077128859
95.42514118241827,74.37495889800128,124.8190894703524,115.59874692849829
95.35906162908458,74.07870385999448,125.03915306009971,113.2300913379317
94.27330636717764,73.48149276929209,124.79753187004637,110.70410436444452
92.86189385384236,80.9227437384148,124.61814961751162,110.45662649693884
93.19951366566288,77.11438352168322,124.90988705371174,109.1723821934635
92.83514262616696,75.20448911437231,124.03943961282138,107.01098747918518
93.16964448274734,82.01255262545827,124.04799718277218,107.46624870164217
93.28974308948975,77.99414437094734,123.30314663466976,107.06369982370114
93.75917007373906,76.0507990122173,123.24120907470996,104.85296460350864
93.56113546603794,82.32183154484542,123.06073179991978,104.89647941038373
94.29894035508364,77.78528202632037,122.53227117935248,104.92980927476538
94.18957558447006,75.4539095197168,121.49328704508068,103.57256813532359
94.23648149560731,82.0589391090686,121.64714469609663,104.33115691346813
93.87691988687412,77.76502322011649,121.53499113915657,104.10694550136994
93.70239196510622,75.0819321123796,120.70128030674329,102.72341763383588
93.92856692350963,82.09399872321572,120.58040183311273,103.7383440511407
93.85142257891033,77.94653041132601,120.33617920195877,102.79319888781075
94.16698102347067,75.52270295461999,119.07193819975521,101.45067826792811
95.16890362871632,82.60924243698588,119.05992989474335,102.41098210043754
95.6223786784501,78.47271786184777,118.52916080170733,101.27205539011804
95.5400009552281,76.85863383193747,117.34928099996716,100.26874809669769
95.69931581426371,82.44612002748576,117.53882170778782,100.76147933414114
95.5979632081542,77.33650059625303,117.07196827571211,99.66919189808365
96.1644142801837,83.14082018543311,117.03425832563805,100.29478752959896
96.11668676669677,78.17532359929649,116.71453666298716,99.59046480679166
97.17481978531808,77.96857564508443,115.34080979314871,99.07909916488467
98.33643220335314,77.57532800417728,114.20955888171542,98.64988821748906
98.34625455693643,76.93769995854606,113.51358843611884,98.23102557057706
98.13585078485772,82.27239080023796,113.93308941945442,99.49162225785977
97.26097409182063,76.77084534414726,114.5078906561374,99.06153903674038
97.68503689061842,77.02575652662883,113.84743220486695,98.30314184863616
99.30213393165573,76.86055956684062,113.12028482231625,97.77463432711531
99.02083293141473,76.68405883334864,112.5797916489625,97.33595402758924
98.98430698440806,82.62615606370653,112.8771341821379,98.6541654964389
98.59605910277352,77.61852000224218,112.99568496812351,98.18003294102289
98.97807711029463,77.13691239313808,112.80646935236564,97.94252248460188
99.51170096152967,77.20034366002035,112.40598000837412,97.74045909510536
99.75100093286912,77.13508107891593,112.34834225036282,97.42679441079855
98.7390786024859,77.33630061605601,112.24574447872567,97.49560414204132
98.67452864024241,78.01777989845019,111.93719819301903,97.4022973478447
99.25859656224915,77.95571182585797,111.55587483326991,97.32656473947668
99.7000393157956,77.63321001448656,111.96310504025018,97.41812004278438
100.40491751349197,77.81039504468579,111.90168772566803,97.7119687333396
101.30332331752375,77.49407602419518,111.6904924677784,98.07351114081405
101.12681724105781,77.33622031292353,112.00386117286409,98.42129245132325
100.09418629965609,77.35525240138068,112.41200628492324,98.83567860943475
100.31916352286163,77.55486189580864,112.34130266296357,99.2941048341828
101.65285259642226,78.13415582612448,112.19947798073184,99.68883940797647
99.75244726675867,78.1782893672216,112.67312375167708,100.17636118133491
99.51006859277834,78.5810815809403,112.98351972168327,100.62430332231028
98.96340865863257,78.18206949445042,113.34315981855144,101.37337343312623
96.68067516055845,78.3178585634687,113.43716408810666,102.03956154903787
95.63018743618133,78.76236583680955,114.03798456478451,102.92940602163566
94.76332385587799,79.4612899302257,114.13570441643122,104.37929300135303
93.67398701553377,81.41327507988564,113.55216081387076,108.11564204941475
93.3718168577935,84.48041558044338,113.09927327939096,112.4160658288779
91.96222721495016,85.80416182528857,113.73932487190136,116.4395390107268
90.87539419465196,86.28384332860969,115.2154636231072,121.29673150411509
89.08103350747696,87.12005673033647,116.15383466519708,126.93786232547843
86.23702867956038,87.6586302674286,117.4934003360449,132.6628135255251
84.49845720416988,87.66405212745653,118.94953837158846,136.66769732545828
82.1727881297451,85.38281225702667,120.21956629590494,138.921010634891
79.64593095732994,84.82739178115823,121.73513247598612,140.3299703269481
77.53495579929067,83.56638441003491,123.55251698090743,141.17962798682777
76.128605152851,82.11663846054023,125.0296125332396,141.09690424288806
73.65402149472537,82.11730114798198,126.25866299577686,141.81992163142849
72.78575476506404,81.26512800145825,127.66917329368823,143.76803304021385
73.6037635808486,83.09956408375893,126.6894390407202,145.54282399588226
76.09332600869705,83.0602030671638,125.0795322960615,147.64384913347317
76.5745915817095,84.27023429361448,121.26986322202757,148.47684964405752
79.58602425962803,85.00014080107462,118.74773100332123,148.78976054233
80.59774109004843,85.49084153605328,115.783916053952,149.74279479758476
83.4104705700217,85.0466877487792,112.9423327978171,149.7682307252518
85.04224551513447,84.8395140133266,111.24645694838594,149.63035546742776
85.66571130188046,86.36991409354863,110.50859940720063,148.96912744100166
88.87409043255656,86.01983447842468,108.96420662054938,147.86682731208055
87.98126786545421,85.82373658334723,107.39350610122011,146.97838667244878
90.31469999504993,86.08195492650835,106.80399770369249,145.8045311390425
96.65728012941412,86.59963894083513,96.48328765125746,157.52523420108716
102.92753705547685,81.71384063984077,88.939816931914,165.46910873047457
105.78237772936546,81.12773943903952,83.86112108256509,169.8072683445252
108.22427408314144,78.76917184616327,80.13202233615664,173.67904331079907
108.70675726685654,77.0830271572121,78.08167481848076,175.88196609057215
109.51362663569998,75.54645772972825,76.51621047864394,176.0990551694626
110.16170002390642,73.94444522437983,75.47233776844084,176.01401720332225
109.77761112675316,74.82347651248925,75.37065258905734,174.69792870075187
110.03783401764701,74.43626223771199,74.74701667578417,174.67068723544816
110.7806902602897,73.69825206566627,73.91857664857525,174.96811215584117
111.23213668910458,73.30014465627505,72.95460504134844,173.83170132326404
111.87905112079869,73.4682659998827,72.50816742570954,173.66672838068337
111.75658474509763,72.27097976161332,72.41379018670561,173.20971785322433
111.94901963872306,73.11420106636496,71.86715409388893,172.8919510717011
111.97796158524959,72.10679438185481,71.57450608681361,172.95130019683253
112.56103961427755,72.87427067789827,71.1849434158846,173.06299017047286
113.13138978533033,72.0635881378878,70.98853657277198,173.27988659490754
113.38999293317835,73.2785754612294,70.772139451852,173.31963278867846
113.95419467361182,72.92652331533756,70.75516458941617,173.14432079351678
114.57829558271754,73.74547188449401,70.7100959966457,172.63997024600894
115.02690661610092,72.2330927813459,70.5352460445373,172.82013087425645
113.23098996572676,72.11041950636161,69.86070189624998,173.32542686994952
113.24800093488793,72.9357740766834,70.37674213749305,172.80104095241995
114.05505266590548,72.87597528274426,70.6370222442217,172.07906655362297
114.25954371184244,72.22839696442608,70.46976854757138,172.17354770274102
114.21064028868267,71.99913022982935,70.7821715610977,172.24907585090864
114.23236600889793,72.01804273989148,70.73528652176324,172.1404736529737
114.82330748859708,70.3784322568294,70.45159024601972,172.4096924828674
115.90506907061749,70.27500187770697,70.1520192418605,172.93467097888234
117.30400391380003,69.8990710347357,69.87928292684856,173.34906842165128
117.85941817720341,70.09914282582193,70.12474903199981,173.56384760139593
119.26847425947796,68.86657272230838,70.03719335548784,174.2101531459856
120.37578529162407,68.12773405381293,70.01563812659904,174.0922266593147
121.30424945278904,68.22450107482186,70.24379924938323,174.3609032129046
121.78912247408695,67.02815963595555,70.39463995967895,175.63649979932404
123.35987841907163,68.33393476516808,70.5155506313551,176.79108666400688
124.12283131187414,67.67078159585529,70.97254856469846,176.23785136711916
125.77434190818565,67.88484842607465,70.9328106247915,176.67015420579924
127.34998493722856,66.99826327690946,71.49135175138281,176.32405513309692
128.67657439860312,66.27282928187617,71.68656054683437,175.5917365920966
129.40145853944765,66.90119873068542,71.46629816171361,176.1129904198504
130.71640006004736,66.39774154139364,71.42328865185573,176.27605090753812
131.45894490044782,66.38096598421774,71.26194374491953,176.07965949149633
132.87440989176943,65.78323256049451,71.05458301238315,176.0387556562264
133.36068796970557,65.53786290704423,71.23884941872858,175.30906244321426
134.42038676612233,65.3478326441314,71.35039240626311,175.36643716109657
133.34878220769113,65.26540183582426,71.8899625165108,175.09098615373318
134.4639733633689,63.683497607192606,71.94644305534447,174.74835826303507
134.71375157642,62.84189752831237,72.1479803029483,174.4991344715539
134.48572243875253,62.29370659884718,72.97501380444714,173.62096822905912
133.277554883723,61.261062625670164,73.36021335542415,173.94101203001978
133.04654142262103,60.090670140853945,73.51142011533183,173.7888122279237
133.13333129479835,61.366083837755184,73.82174014314437,173.77505153219556
133.51035710339906,61.13539765357859,73.67752379300994,173.95213677567654
133.44086548907632,60.37744580284891,73.6831410180229,174.84776432404828
133.59017928139906,59.52774398424489,73.69820552627289,175.1956022426055
133.6243279203299,59.46764328700087,73.78587171398263,175.43916739273692
132.81218380651734,58.628003346293184,74.30642854779363,176.04423126596595
133.48570689417983,57.72019338426652,74.46740634974833,177.69161530690255
132.28944612192961,57.05651770430923,74.95173144496897,177.79463218843884
131.39153451343134,56.514489290441475,75.37534201357381,177.97613670952228
131.12792706604407,56.61665274447766,75.64211980722261,178.37214486300005
131.42402908461386,55.29391025015997,76.41617296078738,178.96527718478058
131.03357816279444,55.74746921582832,76.88381022584537,178.5411748801128
129.97905254541004,55.67699815060607,77.76892728703018,177.8666184796926
128.01824776753693,55.62309506320071,78.66355644269095,177.7517586889462
126.48267428512708,55.15216739997686,79.87605832599057,178.13396520357674
125.31674519901526,54.270031982965975,81.1771253347697,178.56626165042962
123.33995685800704,53.07558637227909,83.13580131335596,178.57883680124675
120.88766383665873,52.84636439584753,84.72516342378634,179.18890693869258
119.67712165998128,52.046898399077534,86.18203500191083,180.0079811179206
118.24665545740035,51.84199588272952,87.48900803741327,180.60326799694917
116.8284776967886,50.93202523540164,89.06260709177124,180.2431250630893
115.0914189656521,52.09053702365722,90.38237141225957,180.90540889967934
113.86845286825974,51.4886880255051,91.13787844949728,182.2083647600416
111.07749260725714,51.81732743815243,93.41234533914775,182.46367536555596
109.4505331171253,50.7559849990364,95.3615565538322,181.08073189639117
108.23944512070156,51.9688048023427,97.16052003037184,180.23370819363294
108.04333651741652,51.610273964954146,98.66393721195568,180.3462159901027
105.1739756485459,51.71005532475776,100.88768936237085,179.32655236698443
100.03889786533293,52.20328593766072,104.93788471608929,176.39696601243247
98.19990340923115,53.74403504587312,107.60048561636046,171.84827443091064
95.28087339754569,55.21910369200246,108.67284672997187,168.1846012337676
94.13757824251505,57.46591658747752,109.78490760678272,167.13711525528697
93.93281873511783,59.05524603786341,110.51490994848908,168.83203871764385
93.22871100632639,59.91122283292469,111.19545479612094,170.96400583522393
93.24185561287423,60.815694113620054,111.11343775100593,174.20933068029683
93.15433524203581,59.00449356651747,111.10886742073853,176.61002657621404
93.28824659062192,58.17876587188289,111.42401802497699,177.98498638957835
93.38823954398674,58.397150397430465,111.93870474331221,179.27988366500603
93.97746122880147,57.70026151502401,112.42309589879106,180.26268078797705
92.96241359103624,57.57027595630613,112.23966993217982,180.81003277956975
93.87787202862815,57.056131866367195,111.98269595669998,181.21614765012146
95.092169796804,55.61049495294377,112.02272143589698,180.72265465987542
94.53615587982233,58.3438683611306,112.11481843032175,181.34142334261674
94.24131560092245,56.92213864025521,112.28293071362353,181.1885370259294
95.85946300998141,57.35383847380095,112.4904482658059,181.33041570776066
95.27147740006977,57.917703271741345,112.22782788616476,181.04384479994826
97.24443529951753,58.23524436174338,112.20575380212824,181.1710671047884
98.3791432219565,59.58740004099252,112.41664076791926,181.404131768629
98.85534259908952,59.26931568160282,112.59280982848017,180.9226325739715
99.96314882767027,59.179933153687344,112.37492571909699,181.6136755309751
100.62856825797729,59.34758345759754,112.24853007480682,181.89337946264445
101.22382579680745,57.51157113422143,112.72826052536763,182.14775746289703
102.62013379924365,58.72120945453523,112.43750943062096,182.0683476988716
102.63032636634426,59.15032273072988,112.707037384503,182.26961409215338
103.27416653830731,57.960969785528135,113.01381848161694,182.64474394228893
103.84034909935016,58.09571784963396,113.35737224857695,182.9575105685176
103.5988539959571,57.67299788244401,113.21802201461296,183.01148218062042
105.06717292053997,58.00117910092915,113.64555233256145,182.62024913102883
104.18443571448259,58.78624318865539,113.0005481527573,182.6771671830315
105.29172521945802,57.65206539756109,113.53193629254093,180.84966037660925
105.95201533865698,56.94530619351741,114.16216374476343,177.98996635183528
106.44178861201313,57.17878653049664,114.5376836166989,173.2463089959005
107.41999880204408,55.4631045389407,114.06523590528477,165.7262636391076
109.72268099111034,55.42507838634991,113.5031774010231,158.25243257865807
112.34871247899854,56.08467111246239,113.1252279849696,152.54820970425294
114.38128400423388,56.659060240674066,112.81833421733583,148.09968111976562
117.166126951697,56.42208023316519,111.94019857723137,144.38754923491155
116.75082628409115,54.835588852146,118.21421126269333,134.00529231952072
117.86895304050604,56.52747142799787,122.08309891273584,127.02200934555137
118.02824868857797,55.953160947467175,124.16964634759476,121.67963823736837
117.77824262442671,57.97366812970985,125.5621528563714,117.78681393910139
119.37294038527853,58.966011833347366,126.25021924491557,114.17221665881763
122.22418299774638,59.60061219664735,126.33024430058899,111.66299100793941
122.85983529791157,66.3607024298463,126.29758668435895,111.66053457871192
124.30879380454398,61.75696219049006,125.93451049331398,110.69706035313973
126.11274742130202,58.270681424442955,125.53987034773431,107.9026579264937
126.92923100211472,65.8551767785544,124.74605039623006,108.85035117823176
128.92700654886926,62.04378246183297,123.85238223729128,108.31164841763164
130.0544926228032,59.163233686870306,123.27345157330254,106.4647328144808
131.24206720885542,66.94150311832584,122.26016613353599,106.71247613998526
133.6633560155509,63.41610380138087,121.06832556734051,106.9029379933271
134.48375759861113,61.732130409001236,120.460898022062,106.34806063372297
135.60984402727954,61.66229968627809,119.8448516829747,105.93773202122401
136.13825199051408,61.29680349909134,119.07972807303776,105.62107775386625
137.194897182134,70.98686212943207,119.00501071645499,107.99301661501096
138.4674379167048,68.77044920153642,118.88592340510456,108.20522946802517
138.39642812851014,64.57727022861194,118.64228152848523,106.98433815392539
137.9147034514928,62.372821769260995,118.5646806868259,105.79279504729769
137.4340006725892,60.35315717784255,118.59265658622022,103.98970126794586
137.6440663409615,68.11727300702907,118.72651036834158,104.09122749073737
137.78187224644515,63.7354005305028,118.57501681841353,103.79263933679528
137.79400993010458,61.92051684493769,118.20796688110642,102.73603776566476
138.17411351362165,69.74211918450025,118.6163684987479,103.11412291197908
138.40932991874223,65.0157104539062,118.46765917946013,102.77111060021797
138.89744992602851,63.012298881913914,118.43536236738319,102.1040855920419
138.88432041417633,69.67919711861799,118.41595822802165,102.38418453489349
138.2372250682817,64.69537036495674,117.9390169274708,102.11944287009686
138.05779094971663,62.580848833146405,117.78432594237955,100.79407642978077
138.37951160785659,69.3284752669791,117.46320878286083,101.30862638041373
138.45025418747053,65.24202700664617,117.40544312304212,101.09937129738086
137.81945405198329,62.596134325595315,117.29970402138173,99.83099888360366
137.72550366602533,68.9278633445671,117.0974914693707,100.50688105562102
137.88105796280587,64.74615962120278,116.89881223387479,100.78600085891705
135.91337988462493,62.17142807934318,117.11194463153915,99.15061239158034
135.43270306983027,68.0890925874343,117.44160436149697,100.01095636428971
133.4779560027329,62.3984588255076,117.01075883504716,99.28953605244973
133.92259275531597,67.95883716411176,117.15956661821869,100.32999611108127
130.99212958415058,62.196223698108085,116.65902416858788,99.6105407310769
129.72423367549305,67.27221417244473,116.8357862160054,100.66071584929813
127.78230765204034,61.82933152396757,116.87885347477913,99.62994290772707
126.69554992114362,67.30116372586895,116.71849924090911,100.5349981007871
125.51940979633217,61.76538947609206,117.01939694887554,99.61116047668365
125.94176292601533,67.67549818902432,116.83693238682062,100.83017625852176
124.37026795455995,62.24146722240155,116.78862289125483,100.32164746300754
124.45079496485326,59.86469282950354,116.96278297889688,98.31609438112778
123.76116091163671,66.2709484096415,117.27873915085885,99.13093212069316
121.69550789527176,61.7839536048634,117.26095727770497,98.3827613908939
122.26213972726578,67.46861557600357,117.25613196725544,99.4573108540701
120.73142878004413,61.37934554134736,117.18319187935316,99.03164769920039
120.11742125806262,66.86355791876596,117.07937582571331,99.76712900362833
118.4838953889793,61.539428761938666,117.11035573885249,99.29510323677755
116.97827998905132,65.68559221312577,117.33612988129879,99.92425079119045
114.88731500594898,59.64065245913831,117.55893218293743,98.67320317514194
113.10287393868603,59.75197855901666,116.54343035292476,97.55575037199549
112.77277073348121,59.186304982884,116.1384958007337,97.21220097408228
110.19707445775403,58.21704671121087,115.779468506607,97.29372336535945
107.518211959165,56.59251923555321,115.92790729086393,98.04407889002377
105.59245526165515,55.25227241793353,116.04809649002179,98.88669835114509
103.61582712607512,54.86689667296301,115.89864012995628,100.28032386261629
103.8442982016999,55.451421717011044,115.60369821760213,102.15926910342341
103.17212735914114,57.01362797313047,115.48673595336355,105.26883104797167
103.73817905624031,60.118830576628156,115.68925422702718,109.15824883902317
105.31139792108446,62.84468630338165,115.42365560675964,113.01577486567976
106.98753977168595,64.26321597926884,115.3378671333704,115.49797849532018
106.43167554371495,65.71859575907517,115.9808406719292,118.22478597901195
106.92687114127673,67.93568890627212,116.46959667262165,121.3924206303578
106.54735166301055,68.80278441906901,117.1890011965104,124.77160669903283
105.79370771560268,69.67834671275361,117.89651998779905,128.21586136886577
105.29817983938834,70.67617295322862,119.31154977739814,132.48821759686962
103.97978188266804,70.70328792632317,122.17314682888215,135.68983438949581
102.55120215591288,70.33112241223756,123.52879590069386,138.32995837878764
