153.5,105.5,26,43
151.45637075981324,98.23894564400558,26.303369425121417,43.383759178907766
150.96205064014117,93.15474050379191,26.904709202934924,43.51364292430095
151.015606483767,87.87815092730881,27.12885918031222,43.15814783715484
150.89025575269756,81.54888001930357,26.98919221064456,42.93514935470343
150.66606116706427,76.37008164888888,26.82756145965464,43.18403103815972
149.86182894042315,74.10343817661789,26.875906760867792,43.16434757330843
148.36570512980845,71.54407219816898,26.747504329072886,43.36476698061518
145.83099737660825,69.30329519460145,26.905729325677147,43.72579991917725
142.33084402483382,68.392171845247,27.125010142690357,44.49117103137641
135.6366248776326,66.27450392346911,27.101402004597652,44.741197035683534
129.94478347468217,65.40223978588948,27.28033856416065,44.33733263353568
123.31151383032429,63.81401217659193,27.437743178804162,44.81780181964481
116.1376183945242,62.357351501610864,27.693901207386784,45.05273767346742
109.8444954071464,61.431123712048596,27.478323566114547,44.73549692156779
109.00654617304352,61.2838067386013,27.338556789264146,44.65281045964127
108.92002511344043,60.61636736337995,27.236782246397183,44.26035828700353
109.01286366490504,58.90586383356148,27.28504765216549,44.14075646373641
108.9795128589063,56.55379794642788,27.65483932988065,44.220995930722125
104.32027363071009,52.388547357141064,27.93319384675892,44.2638269737977
99.32911069047555,50.315483318609665,28.24262906408102,43.9954853319274
93.48812864197492,48.71379490698641,30.474993895030014,42.305022795890466
87.432719267234,46.41173699809358,31.787282065898587,41.65335696313291
82.37669111977212,42.77173845978026,31.74750482658164,41.36720480498782
77.89402971737172,41.40545098458559,30.732236811069914,42.30917719056545
77.14237624926994,43.39131706408245,31.161306042996443,42.15876842634712
76.58999677802247,46.23128517618957,31.40228073189413,41.436922984298405
77.25175027103046,40.77417590089958,30.610108384473737,42.48211916549363
80.87527586620286,40.09131307429625,29.993096886053994,43.442700157035326
84.35279148460155,40.96404864620686,29.509292818293467,44.54464064575194
88.28391068625368,43.487862118431714,29.010266046764116,44.672907008034414
92.61525012130916,47.87357603167716,28.963974543901685,44.949122843042545
96.03916396566763,52.34851902419878,28.85926275713178,44.928577220548135
99.61752735955648,57.8137807653512,28.69517741832869,44.982642361290175
101.30498906696327,63.493007807907645,28.41533676337226,45.379507871514186
105.85003751215999,68.63607771732238,28.376022076653154,45.24110364838785
110.54682907895399,71.08899565704155,28.714487931407426,45.54414819344902
116.99856560415415,85.58825600279037,30.463013400904586,43.143302825437694
114.69300319425349,70.11234773623748,30.895028170504474,42.4802283062974
120.06272068061674,64.92187154427428,31.68817548079801,40.67858066886149
125.3391028262097,59.56082054623171,31.90932361942165,39.367387033537945
130.79690488467537,54.709550505342584,32.256381436389226,38.75034703719119
136.73553025370146,50.25694518637541,32.08130011667201,38.73976997828716
143.87063227382455,49.5747174239824,31.26507175391608,39.21076606379553
149.17290160130892,52.77550549742244,31.61285510517294,38.408009172744315
152.74512812971287,50.688946520876776,31.44937529207838,38.151651818371036
156.75798487880147,45.604485417921595,30.493943299485935,39.18448469933023
158.55272679809107,45.41228742590363,30.2342777096555,39.66043554860721
162.7971133089257,45.27801496215706,29.950311969480357,40.26162681623211
163.99414859633205,48.016761289676005,29.765238882689495,39.92887760372962
167.0963228411332,46.37837070356567,29.551223473378982,39.64905343689999
168.51955859047155,45.487650307224435,29.55882120764295,39.19840614059321
173.02424601343324,44.9344217258185,29.425259845911455,38.96926912615898
180.2131681880816,47.1913518396707,29.402114631441417,38.93311294661132
188.0822768543223,49.397288170709786,29.365009092478097,39.13747935542548
196.4064654032096,52.563756015049776,29.167592154005206,39.76313369741566
204.72098850190451,56.30573531443963,28.383664479259416,40.53601103613596
210.2648267162201,62.072300596249924,27.64263817422446,40.729357141826895
216.56147986614778,67.85133981803145,27.459120006082962,40.804669124899576
222.08891406830944,73.35028237447588,28.326136138502797,39.755408622911595
228.05894088701814,79.35007480791958,28.036473126085408,39.67413678245243
237.1117821254765,83.58863159358626,28.07626222204462,39.535137949583415
242.33296753651996,87.77667529370065,28.03307562694751,39.49100455173502
247.55331796888788,91.93126923569189,29.08152004114229,38.47267684383897
252.41547306277855,96.20254113560456,29.548434905240875,38.31536215473138
256.17022586426174,99.53224699261163,29.268564064084792,38.18094672138741
257.21455585726414,103.35738769345046,29.560849999024164,38.21859304264066
258.3468563275443,103.81364055507791,28.855253603675692,39.226782028209925
258.48321557797954,106.7565287886533,28.89809583111679,39.58260893554034
257.87454232723314,109.35717085648272,29.140134689195918,39.94259551368764
255.2591471774275,113.30913750058038,29.591670075477197,40.40222862411295
245.1215142687132,123.30471824730452,30.379831477012218,40.22438538322815
231.96040403013373,132.03799861556408,30.762825803658494,40.30929254221685
214.94843757315712,141.2250882236741,31.15496474178162,40.393821135445
