310.5,102.5,39,50
308.9300778891324,99.9850002146058,39.416636747980284,50.70719917291545
307.34488845859346,99.83860992845625,39.18035195282345,51.2198352027589
305.76939628025156,97.98438349314955,39.327409078672254,51.40431293947643
304.8451892712986,97.27731306861196,39.691879276578604,51.70118880251341
302.51629519498795,95.4070134737988,39.621587633362424,51.65872624935712
302.0722714231902,95.09500937888338,39.824526276887724,51.76114510040853
300.7077583196955,94.38467059258181,40.36032185490988,51.870587006736635
297.9155307234505,92.17195260760931,40.6600575802367,51.903667534634494
296.57917820081883,90.86497238094125,41.117182638927815,51.995720658411315
296.21519204197574,90.19668549140292,41.21876891020443,51.94255432804431
295.1287408320637,89.27910063060516,41.14275327354034,52.075330517840506
293.9696982138242,88.60151195096077,41.225164844019154,51.79892585541603
293.70836176183195,87.49910366025597,41.196122195196715,51.61869452422796
291.86262561508136,86.19047150892682,41.05653145654769,51.34217716489898
291.58625783548854,85.63887601719311,41.116437663116066,51.29425046590941
290.91601603336517,85.3489733048076,41.03142695412273,51.405049411893984
290.0030063126641,83.92499241825567,40.85267587817556,51.404161173172284
289.5042880416524,82.78231779280391,40.77537606346378,51.41869433635301
288.8507385626866,83.10634956481613,40.446245148691766,51.65934146995234
287.50670370632605,82.23029796930814,40.394770231362294,51.84479808504057
285.807435894834,82.27576165290162,40.61394999458994,52.14401989397436
284.4104539914916,81.62554240258302,40.81170141418977,52.06026771601505
283.93158407380054,82.03418102148873,40.969863715373094,52.372160061524255
282.57099653869153,81.76212643842881,41.13625496448511,52.25456468739142
281.6074892745596,81.06540114125656,41.243535157803315,52.26611556726603
280.21317886269856,81.41932262591637,41.368414154514284,52.37349426523613
278.80570100840816,81.18597317089221,41.73630594021303,52.08950831791597
277.1134804722727,80.79225610410217,41.838879269945394,52.133188064594194
275.4748754985535,80.81822978420116,41.58591686936144,51.99542921606585
273.7473619881635,80.54759464235777,41.75672915511025,51.941998626854534
272.4101169566872,79.446072650518,41.97533809928851,52.06766743696533
269.9344440498938,80.21333356015715,41.30942393362724,52.277881931506926
268.7042196278496,79.66807851249877,41.67910539414017,52.63542548457974
265.9499879213373,79.3368988073268,41.61462893442314,52.87302544734905
263.9510245627664,78.98184892961228,41.83584609498529,53.00808724654029
263.31879167116597,78.89057573654284,42.02880466268627,53.10714334293145
261.9405967962897,79.7259654106808,41.748249546258364,53.008687793788866
260.2579434477731,79.5783517095561,41.468505479207806,53.24522360873914
258.6995451592065,79.90831888561817,41.49747771170601,53.10907174829896
257.46861752380545,81.06747868292143,41.33501676699292,53.175880174932686
255.5050605512171,81.29858314819603,41.31875774731058,53.8401563537127
253.9229107797537,82.13390707645455,41.32471564404295,53.7569994134478
251.5136413835404,82.27713881733473,41.45808235547591,53.94376164446363
251.48257213586027,83.1657924225664,41.232272600065556,53.5558120008338
249.683514343598,83.23961252726221,41.43082010368798,53.70564549029662
248.54831124108833,83.38503284334212,41.22038514888682,53.3912605037725
247.83207915826432,82.51322797472423,41.35950946601644,53.13239402564572
246.90309210932008,82.34722325022177,41.11541966963306,52.6659381631234
247.41091635375503,83.76293777595211,40.809839823856294,52.09197304370007
248.0619130046185,83.10938744801264,40.77256660441234,52.52924595223406
248.64286781988952,82.12624244008951,40.75010907367044,52.75259220434739
249.2637687230504,79.50091765349701,40.81237511746163,53.005006075017754
251.5598775459335,77.45108072381329,40.98959144691513,53.70422279060163
251.4725114257708,75.88420001699589,41.29193538396066,53.47919905180113
254.51389815547842,73.67461302335828,41.373391317550805,53.079056175062675
256.44950965552,71.82499210775924,41.35712852063836,53.25607644101417
259.1352929898588,68.65988979863467,41.39413309524692,53.499683616636354
262.5963599809923,64.87455445730248,43.12999910535051,53.49561627363546
264.6985899753564,62.93834370738793,43.43439827418459,53.15336043963276
267.09847821791016,59.63641034827015,44.72406738004997,52.43616411618132
269.7562723215656,57.658499515364866,45.31970639899641,51.849973567331226
273.19646205577993,54.95118538840302,46.15302579455094,52.023336047481735
277.19531469576293,53.12327171282855,46.26059185400135,51.76709407795197
279.4114865336086,52.941677304889744,45.927148019618684,51.660402819566954
282.8533426718995,51.92342397869606,45.824953248682625,51.44003777166746
284.8086844142357,50.530596810050675,45.523691732470354,51.471962050288184
287.9848191570457,49.97092887415998,45.35867286101656,51.22853106015399
291.2951616152478,48.96772766909314,45.562296339998085,51.10866627553975
293.58676593149096,47.8989347667348,45.208775875083745,51.03096010332771
297.19079915261665,47.544190485208254,45.4098495428483,51.08427376823322
299.77274879106204,45.529464652195145,45.25545982940352,51.05000377746013
302.2066404415991,44.08796309498979,44.92776947342823,50.918081650400495
305.1694487923867,42.62838944986289,44.8457253884303,51.074675487208864
307.56650537924605,40.06359344101111,44.942101316121494,51.10540771792512
310.0026222958909,40.15809533816809,44.84515701835426,50.88311022190284
312.0851556191253,38.998329574001126,45.110374872007455,50.529004360100046
312.68213340620485,37.788786435193764,44.87972644010612,50.422935093433765
313.1421482007737,35.954591717188265,44.30680265207394,50.71677347162922
314.3704884283583,34.43070763135363,44.55698536180634,50.47635104004226
315.3093614213567,33.48147367526677,44.15842829487706,50.83992400897868
316.31658903227304,32.70635620022905,43.54360040096334,51.954460688256376
317.2987299995603,31.493890442986256,42.887567343914114,52.90735870207058
317.586473892211,28.593197624813975,43.059898207427906,52.56999569263267
316.8792535058151,27.284823395644807,43.12714550068175,52.442312655304505
317.0710041026119,26.79406519541569,43.041801015567145,51.728899813628644
316.84319829034075,26.37181237806488,42.75840182925729,51.732764009369234
316.432471268148,25.15080807253061,42.634195580540506,51.79162085079972
315.2857635209731,26.07620743347738,42.50330968901081,51.9094338461303
315.07807530078077,26.057448161621277,42.37062106305795,51.73004225111627
315.2239439835862,26.68069672694773,42.4637534815638,51.8444723446226
314.71489843028905,27.094117852144535,42.21993271910903,51.79386847609163
313.7910307545142,27.595198034924785,42.24202989564799,51.89985573168592
313.42089003723856,27.118586898276238,42.16153647696973,52.21846472945506
312.76896995176355,28.320346825409494,42.25121680161392,52.72659887070246
312.89756615661867,28.454205838574126,42.69243114782796,52.23534530665347
312.17847158782763,28.367326175041065,42.340125485796094,52.458783283472926
311.3477839227427,29.01982762643121,42.18671569309456,52.440534869637645
310.52843302556744,30.026377709014433,41.90967520934606,52.00389160888251
310.05895671667645,31.53527276759291,41.906330606897896,51.735395534312836
308.8672952397272,33.042581566423564,42.459303161779076,51.306736894323656
308.8310353871612,34.375371809455515,43.14877099465759,50.619953367183086
308.8802024455566,35.98180329127245,43.03885192446181,50.294425942413355
309.1625263130634,36.6558235746339,43.160753733782755,49.873425416183466
305.4976364522942,37.22147298857184,44.1949249348132,49.698905591450895
306.30725138876795,37.54600669502663,43.99192657488918,50.35466443815436
305.5358660021172,38.084127026522474,43.76600843103061,51.6094107517862
305.83989580949026,39.16517704877731,43.91391613529616,51.671188852494424
306.04771844321454,39.24624831235681,44.09090310194418,51.354943374047195
305.07913863939046,39.48972400696513,44.08223486783359,51.23031300400322
309.04168802872925,35.93083788572373,45.046326762984094,52.851147971553154
309.2180870253205,35.93785729634168,45.60588282186851,53.212538810399124
308.0457735513425,36.04411499922587,45.28829453697533,54.133151570829476
308.65108228402215,37.183955796333784,45.31299573235208,53.754223832318914
309.6464586302829,37.15758533987815,45.64441019795745,53.37518053264092
345.48732434620007,25.77148403330888,45.3249300478614,53.84493678042301
340.8580000521609,26.318874377120252,44.85635810066135,54.5042239905969
339.21505265030345,26.339106089577296,44.25821493287971,54.388901810809536
332.54643741591985,28.902733010100942,44.38302112338762,54.772901803532996
328.4593117452156,29.711293032895085,45.04801610188107,55.648971092814094
322.34115310835415,29.461578249766283,45.64253249517181,57.851584548460735
319.8148170670222,29.49813315600423,45.08638223210208,61.02317421413426
319.11716829959767,27.62512775403721,45.92730507212701,63.084517907625184
318.93684978362893,27.407947272650553,47.165997318946374,64.24138145962426
318.35705161727475,27.32578913314798,48.46709768605462,65.56901696870906
318.3429658124739,27.393100428999176,49.148197171175184,66.05860992027678
319.9842527856921,34.75684939617442,50.044193018440005,65.43080814528909
320.4317145772342,33.74364089089326,50.33833524937406,65.80342383386807
321.7978889869986,43.08816554605812,50.67235763231403,62.96156347312331
322.518600521451,45.312693620143364,50.79955965591566,61.211828594941835
322.0510503624808,45.72101808896718,50.724240247484275,60.40233311851581
322.30770807311865,46.64169459285977,51.18394406849529,59.27450445231388
321.7026719615956,47.06162875617068,51.0368745583718,58.24351383221978
321.00410810840145,48.70700418952721,50.746628388188505,57.55720580036083
319.5679692594603,49.0461820246398,50.40848500071309,56.943864730889445
317.76327187887625,48.92138747078136,49.701415337747875,56.65626262642904
316.95274283487265,49.971021132349755,49.4436073492857,56.868380219597796
315.2782486184637,48.51816398382608,48.88662044030675,56.819540197263436
314.8431839640665,48.54809660915339,48.925831675447,56.48871354276207
313.1179448001548,50.38135368098968,49.27869142340576,57.66643815717664
310.73594668118227,50.23587795179407,49.1658823558699,58.97970464089745
309.66916068210793,48.29372839588036,50.34067209836904,58.660740469949005
307.9508258274719,46.16427576583415,51.04713507965956,58.16708845236198
305.4722931094844,46.02589339719482,51.385759887582836,57.47463171690047
300.1230256241381,47.55414804861152,51.55274158984277,56.71566760869292
297.31704183909073,44.09471499609002,51.476203987207995,56.04627830830989
297.07461443411404,46.43469806273015,51.74062243274914,55.11563840412509
295.83617484826857,46.33772929828889,51.63565202939729,54.72732700684488
321.22813933781515,10.631531210929857,50.80829272193499,55.37233579142624
318.67950674635244,6.216372816469757,50.67761686863611,54.82031691750464
313.31734989100613,8.832686509609204,50.97547984995851,53.874921930212565
312.6683529582446,6.1272111008077275,51.6614543554161,52.339515497601894
308.13592250444685,9.00993374419225,51.918265107372044,51.40359568156649
305.02595553146193,5.636366000320997,52.380126200253464,50.850194536771156
298.16563611890655,7.900541259565138,52.56154803012493,50.152773774447425
292.7707542408202,10.62408151034461,53.11345968974001,49.77771857196075
291.00573427487075,11.715687681430563,52.67577410627341,50.2987782615729
285.1788556202194,7.809580707280546,53.43318913804917,50.010023848972054
280.2261289627848,10.231311377302593,53.780673359595625,50.033215474473614
275.8466921057743,6.141090198298279,53.50960551477877,50.57849118743219
271.7284791063308,9.135966934956539,53.27713655516973,50.78009961825996
268.14433309404836,4.810166947354745,53.36410781710021,52.49926312724651
263.77960998451584,6.7100838902359285,53.38070632650951,53.54977962142799
260.4868377473538,7.629989338593344,53.057529830679854,54.95834723995669
257.5085808262278,6.9687003162267835,53.51043830717862,56.8508203137578
255.19149715737962,4.797821667628654,54.23208452098888,59.10961581323983
251.37119332252234,3.1509495253416375,55.1439557900992,61.52789142649199
249.0553014974106,-6.6395417390386235,63.24133563935836,54.63604032182966
245.65486426173558,-3.1850356925708105,68.99470771221746,50.484684326306144
245.17538591246404,-1.4345581423979716,73.2977963573243,48.0994925325782
239.47788233425368,-0.4352042372037701,76.58084501002186,47.102582517485516
235.0087509061633,0.5456104981405687,78.02537159911276,47.03613577556423
241.3956530668579,0.9834732684672503,79.219429406935,47.00323344228926
239.28647502838038,1.1221519620849065,80.95415244250816,46.79115144848036
237.3779484213905,1.2096152580987152,82.04574274297477,47.0352879179285
229.15522159993412,1.2743775591072755,82.63635706093638,47.65450565790662
235.592620735921,1.4074314259660028,83.29498698110126,47.99321942735155
227.57071000436505,1.9744291330876322,83.90026798553394,48.64952509762672
234.2646642114896,1.6286617208605207,83.98109621984446,49.20418648312659
225.86101322103917,1.8539056703792411,85.10777228521798,49.55732404852854
233.0377482185495,2.278440698970087,84.75844028305616,50.6177343246751
225.30736102892502,2.3417952195758396,85.8044531190312,51.309212818272705
223.77486483689546,2.045699875405319,87.4335567358479,51.85355693600275
223.7241753001521,2.184953789353937,88.71843133088002,52.779977267819255
222.68200229246185,2.7603605718152195,88.4154682718587,53.53131850617275
207.4515674459915,-2.3004989673644722,89.26148315217736,51.91911462615811
220.94276955914535,0.4351088035046047,88.67244287850636,53.0973708442161
221.3532157726109,1.4869240519256053,88.22919314271061,54.29856803749861
215.54828501238987,-1.8650131585341647,87.46056421515465,53.475981810835144
219.39854097424828,0.461767250623474,86.59744080691024,53.5771574160123
184.4806482495427,51.55733385802601,78.33637872214173,59.419860565953314
187.77142971509633,50.62772581949549,73.06183657445882,63.22686333181899
189.85901226498498,50.18768321486145,68.39931564639627,66.64854757635013
191.01597484679357,48.841832339519925,65.83165210926114,68.77348902544321
193.75926148199508,47.58588155365217,63.626824034246894,69.83909903128364
178.26115347101256,38.03734894879459,62.75738415716407,68.69002280728299
172.2502091689167,36.53773339896518,61.95486709118978,67.22620735619107
167.65954555782938,37.688940425338636,60.19215592225116,66.3113466376803
175.49032665337612,39.514843395041154,59.73480019783251,65.88904266093701
176.52312435579947,40.211470947890895,58.39307638169275,65.78131955291819
177.61912302301863,40.49271915118454,57.54331079774275,65.7538322920676
172.78029972240353,43.056132869066964,57.295020700059354,65.36064505024196
175.76433115437735,44.0118545167225,56.77738870616789,64.92501359403458
171.78177484539185,46.47932528992704,56.77764708372139,64.87601402989479
199.45508007523532,88.01348895644298,56.662718447764895,63.443840871667604
198.89558075804976,88.58762949325552,56.02665462123666,61.910655502836434
199.24907677026832,90.87172772352889,55.3370280803667,61.154680092552155
199.56693121380013,94.43250387139726,55.116995965897516,60.38472987429955
199.09524182647007,96.16354237531424,54.337388519244136,60.452215339762716
171.08617146805494,47.40872211723372,50.924998687978686,63.38186165426359
170.58604286935926,48.46431761340552,50.026106348283584,63.955237874978465
166.54450051531083,47.57369396542834,47.832710381636794,67.7457775350533
166.1762750889366,47.633532898264285,46.56147771883657,69.68840464298371
164.46355135454456,45.97367229557553,47.16015202096412,70.31056553799745
159.07625441283335,45.317084513327025,45.97017395156669,72.45705325631069
157.15011065982105,45.03464624188666,46.52044233832862,72.96106659489101
154.92115211790676,44.82994691254527,45.4579031080703,74.58027849076404
153.0053731162336,44.74314127706376,45.0990757697723,74.9414692296197
149.04547053148931,44.4835439460885,45.9516874311127,73.78188655449594
146.00568736295153,44.971269207932195,45.63143582461528,74.2063549446498
143.6625868246216,44.99157425338768,45.47763531817574,74.32042562735467
140.38402794402182,44.454698091107524,45.95418762679966,73.64237729559632
137.75101519103168,44.3334441539579,47.771532731931515,71.22321973028986
135.10708642498366,46.82987526308078,48.58259029912281,70.1033176026813
132.69211239544256,45.584212454139575,49.00593692921939,68.60756360020238
128.19939460683023,46.20228860740139,49.545727174107626,67.46581143134163
125.33765811968678,48.51299806253739,49.965998949816665,67.55907748429595
122.05188830971531,47.66297530172343,49.85688881237435,66.95964304452862
117.45820302376241,48.3110652812133,49.845233276492046,66.15658488835572
113.61795868880566,49.033265105333655,49.966630378412376,65.65310207637677
110.43529084364522,49.465816781245564,50.06038966416172,64.57478057202991
106.11287816794056,50.20879590572949,51.78516439453833,64.73305352328026
99.1516433645242,51.2069679761941,52.505558043119095,65.52295067530453
97.00259230852879,50.24386562435859,52.09743094521002,66.26562004152743
92.86148564987646,51.858660535521,52.68297992917118,67.0447921019846
86.40500492272349,50.560116553687756,52.88749774181453,66.86304977581038
83.57779567573428,51.702484747247,52.73717533003121,67.94724325166797
80.73285691315581,51.00377046881725,52.64558112590959,68.51937826757288
79.12338976150605,49.768604625399746,52.379785185526245,68.16996942057915
72.60189074661419,50.61909805932058,52.55880578305899,68.01846787855078
69.18413085131286,51.42353189134856,52.53309663079055,69.08452840281879
65.63147467477722,50.913770654865814,52.94479497781937,69.92510993886125
62.60590540341802,51.00719315177769,53.296626555663494,70.56508633185162
56.417543871304844,49.9140330644764,54.56160473921358,69.40751297846958
52.67577566727337,50.36754439040904,55.23885004391349,68.63969175907081
50.34894320060175,50.35914889857173,55.77409485320276,67.33362560125067
44.10362745149736,51.128556952280974,55.61306257119915,67.86027852039774
42.13738358986659,50.22323117005451,55.02777905041163,68.97101592746007
39.723374686766306,49.9788605448827,54.98355822059535,69.0142420816161
33.076252086124406,50.79675193308415,54.97420501794848,69.92619594995807
30.13740362423728,49.505794734714584,54.9185504249991,70.42350465288007
28.3912437108174,48.17052554923229,54.48866480368822,69.79980016495794
22.612783835962084,49.34681640523887,53.95166384569622,69.73486236239913
21.50751535461869,46.08795302227483,54.433377504206675,67.0096281984566
15.855534575158266,48.68415811762799,54.26513390107918,66.25281065911747
13.904758976868521,47.100560615606646,54.494655125582256,64.57539020371802
6.882241121458591,48.106137340888694,54.63462529990309,64.68938314216149
5.965340813986153,46.938883346178415,54.0620352478863,64.31503454894045
0.8609088031584236,48.04236514916186,53.20109030958082,66.08129510602897
0.7267127342568216,45.87899669597649,52.89518346953216,66.24966437858014
-1.945147627483383,44.82501268228085,51.70746155080065,66.6749857737769
-4.854892962968076,44.85476132062524,49.533106758970966,67.09817209608333
-6.311472381198993,40.71373965728069,48.17739810275702,66.72589565958883
-7.94780917803152,40.671987736068395,46.70875299372432,66.86278147402832
-9.144011972312427,39.330442384726695,43.42210050733496,66.28546329838531
-6.991032851490264,38.58028514201297,39.16546798144109,66.2356258396523
-6.081824230711941,37.23454520775326,36.06657214319713,65.26653484826267
-8.860401747100095,38.242162777165404,33.41394552924492,64.81300923263936
-1.8121979108264092,35.25509832841616,33.06134660303544,64.5729977149462
28.587866610895844,-4.751016271374745,36.46695181252062,60.87155809128582
21.85813240514576,-3.7031767783081477,38.03290940553934,59.05471768003895
15.623634080925438,-2.5501015100360718,38.23713745351612,58.831373730714034
5.805941984547747,-1.4009468423514662,38.50546956802443,58.18838682786283
1.9533008658221505,-2.2196503120243563,37.43923595922318,58.93151005529836
-1.3125016849010578,-2.858365871039382,36.634411464722334,59.22183389641191
-1.1257062228450536,-3.084152101935036,35.99942827505208,59.260627950867935
-3.7726975068701343,-2.5095664028392264,35.5690894777458,59.212966362170334
-2.4350425301107634,-2.3350225204482413,35.071423777004156,58.68258990801344
-5.674479329613764,-2.78972573812219,34.83101331839297,58.628642113434275
29.499941329604837,-9.792320684593207,39.64462469770967,54.096646337431
35.35893162790418,-7.339854331167498,43.52809025284439,51.403862296961414
42.820312374438174,-8.11884880513361,48.3779174896348,47.10392773720321
30.803093750651158,-3.9294780012242327,52.28790405361508,44.78503586845916
32.79823260665829,-1.2544147639303809,56.11587365986864,42.57971410998169
28.015050990933823,-3.3838677667529353,59.4399897866728,40.656032015193446
28.870746543080564,-0.7257980584594534,62.79887446591813,39.2307524409069
29.100429535112397,-2.342201314308806,65.19767016970542,37.35985640743959
23.97507425120007,-0.9559398275895319,66.11971977256425,37.495532267466615
19.520174475095317,-0.06023252800181211,66.50756192731282,37.50516129793748
19.793685148789635,-0.016432076679812724,66.79118339932879,37.72753303914571
44.60361621983189,1.3612264232624263,67.44338928092591,38.258123069366825
48.71402992927537,6.846194657121686,62.53498079972207,44.71298175240514
57.35440972907076,4.0035239606356186,61.0415060512055,46.701578226554034
59.13535410408592,1.801205462112872,59.74295491332728,48.690303310681436
47.959324847368144,2.588348337533816,58.253956603032364,50.962515333963694
56.73152021852745,0.49203078218183194,58.09228871532801,51.965306313197935
55.132483928865675,-3.025881025833666,60.05686558237129,50.42530137698284
51.248002559856815,0.4720636810147276,59.42690253913901,51.67283351785148
51.69323703366814,-2.9175530238136957,61.346758260400634,50.16155770357034
54.270301810902694,0.7276447063018807,60.82371124072157,51.22951204344905
54.52883972904271,-2.581496013902715,63.231178069923104,49.04903783810629
50.66517282349402,-0.11527127424817252,61.75812201895994,50.477241282381186
52.12870960318942,-3.423218854495339,63.92803475336186,48.53751529571976
55.69631253855427,0.1820166237810774,63.05976137011995,49.56130203722601
56.54699439017189,-2.564120651171624,64.68418115801936,47.71919929831305
54.66955843990369,0.7639262228260968,63.67233657830063,48.553367105035626
50.99689337433021,-2.560834671610138,65.19491900208064,47.39268820268495
56.82717397986622,0.2788659164406688,64.61457133776156,47.76623883932748
54.49408235792681,-2.9881119293584675,65.01006127948584,47.23752000852585
61.71933153728357,-0.47222625542870844,63.56826615258383,47.86222515831648
52.97811839978094,-3.056928032980892,64.16560827536742,47.04699479084394
57.958805097056185,-0.7684295941627823,64.23502616347074,46.43978908714266
65.59445647309568,-0.6862133872374123,64.43107246382094,45.9664741685903
65.7240141329548,-0.2009685843677005,65.0724573224398,45.067200445748256
65.93225666501087,-0.540652402605275,65.18458463358705,44.56375288809346
65.6840964144983,-0.3449759505959413,65.87349452190983,43.7732296747696
66.39692867860427,-0.7039914090405759,66.20762363288094,43.404947820815366
66.45287020195532,-0.15698916511114192,66.623338013547,42.833875922010606
67.62219623046738,-0.2883454726893184,66.84552441744512,42.56397221989477
68.00584098360277,0.24350057631042787,67.2297247650333,42.24289814624449
68.667889265745,-0.13473185662174458,67.49336063502157,42.07459796169761
69.86121967141158,-0.00892689948461367,67.9323166602363,41.99090661031245
70.61482416415728,-0.00804462052768784,68.07485480799988,41.83666073487846
85.82441373149618,4.834244038838317,64.88506104929864,44.311258335274864
68.40445772498909,-0.9293948658847953,65.60988364580894,43.691882969367086
70.98313151608717,-0.3648019866862242,65.82048268836863,43.57584659165384
57.337223500047976,27.191496428486033,67.71846746739526,42.88655527278394
59.239268171393455,27.494082696899493,68.30516954087251,42.66248264550101
59.85594428642509,26.579580798407488,68.72728315210257,42.57056475917356
59.72869703769438,30.790002509543474,69.13273754362508,42.528986168444554
63.291305616203175,29.13284682819862,69.22338695231184,42.52022891235985
92.28512560496625,63.91044678126636,64.97667943938528,47.197038893919675
92.728498748723,66.35632631494978,63.90951443699086,48.48137149754283
97.9986698941093,67.27494715797971,62.76670842398924,49.87495452042157
97.2077285556339,68.40073903329119,62.09527636743479,50.681423071205465
103.39720363788604,67.91635052398902,58.51603075462731,54.60531278550377
101.41083297193701,68.36736360549685,58.22903173389475,54.93503663393223
106.20834329951303,67.95941779786921,56.283431816962924,56.85106333715442
105.29825371372087,68.11353038928618,54.99004864304249,58.220512328629255
105.94290668880151,31.227793696702275,51.35778257363376,63.204502498465025
111.5083592879866,12.59438553070666,49.09609334053458,66.34123765369844
67.55586668350224,-10.760092598363453,54.490443173526714,61.53899777536406
66.65748150673639,-6.425495187116418,59.14284559378513,57.45359277830944
45.772730129104964,-8.835273636556533,61.824404318286255,54.8820440253342
45.82795424201018,-5.647498808207924,64.80954096186059,52.461400117004295
61.12102809245222,-2.9149775248660887,66.39062195970698,51.37692843883991
70.19978548873829,2.23442834832413,65.76482446754989,52.46656636134375
63.1367104637854,-2.5277782822463877,66.24462556420859,52.135038803698166
60.69405456472327,-6.343931282430212,67.65768070187143,51.05691179777919
67.10775210349024,-2.9808518670455584,69.68536432154207,49.52506315530334
70.95981635889099,1.7233115752732324,67.32751543186484,52.902440883397695
62.991187750691985,-2.3699102867692012,69.4742252773522,51.40969969384731
74.22142448924143,2.2883507907776206,67.06354695101017,54.39071534240357
65.12027029924805,-2.302688150044233,70.34953548388998,52.18210909623966
62.42094651218516,-5.766077949106091,72.90624480079835,49.53643519552304
60.50360563582601,-2.6479471543277597,74.82872455289866,48.18586715607624
59.99857056179404,-0.18891107195366175,75.94627289490134,47.891813660456464
58.00130948640522,-4.054268385784177,76.84907398778714,46.745558950654114
56.02783120794634,-0.8936802531137644,77.97678425259063,46.22956371177203
61.905039393022804,0.9753655285810794,78.20188963384152,46.25613441415993
53.01569766969241,-2.8688763793290164,79.95131435247497,44.89950848113979
64.34257159330433,10.381527878275833,74.09747037488003,53.22661515758048
