125.5,86.5,15,16
126.1670655795665,84.56357657590775,15.425205074006055,15.973303085977463
127.69364023634309,83.79848191007329,15.530421725342398,15.944558444333996
130.10405529821855,83.28918853071822,15.577357981901502,15.777959532191481
131.0792333918959,82.57089770514612,15.569419416159342,15.71090029321421
132.00907780619144,82.66697363871242,15.449052057828915,15.537016195448123
132.9471292113274,81.79423236282614,15.927580433088615,15.727110177388859
134.98988181700562,82.47801120152458,15.609792821600934,15.574380991202904
136.65112854475817,82.80169940222405,15.400347204306891,15.589231385954184
138.63475744811478,83.03093454027284,15.393842361613466,15.561264776257508
140.7142327084227,83.68670279075543,15.277352759424103,15.530997229569355
142.7975170407766,83.38432738273148,15.207725565816183,15.557772057229194
144.66921115265282,83.20421119776778,15.212355129997068,15.69970734795108
146.25013247945694,82.99498517126818,15.320223017160341,15.7817580278023
147.9021740378974,83.65761412824708,15.407325899196078,15.921989143728855
148.25888275613485,82.28515289322375,15.359397838312404,16.154459249807605
149.6610792149383,82.307604286853,15.191597547277158,16.41180193045033
151.52540667426845,80.59047423063458,15.200232534164963,16.64732656734702
151.84459067122248,80.16350504980414,15.282021329082907,16.7488189928049
153.76507096406095,78.65884902878607,15.176669797971401,16.97551227377844
154.651764860266,77.6135232340646,15.144895393622807,17.197146500626758
155.82685618086026,76.45583771007654,15.07757756147052,17.46520719627745
157.07924867923123,75.44040432728744,15.146396194794512,17.796576262118094
158.1706692870361,74.42385619748804,15.00401961884846,18.10269886887725
159.47625287834015,73.67519032900472,15.06352962129899,17.872148220589953
159.692133713229,73.61917492081169,14.89803006556927,17.774938511015115
159.71968511462728,74.08047722426346,14.945819408287207,17.5000545986535
161.01389986307632,73.79959503020545,15.126055463528418,17.912242844339193
162.0430394407016,74.2003444391761,14.965983853558342,17.828919914459412
163.53746847140053,73.41591938828309,14.834432749405298,17.74211451297244
164.6875541339531,73.95373735541256,14.610640246626822,17.44893068518933
166.2345358613875,73.628071438895,14.7367631278939,17.626152957973204
165.9856205374194,73.28088728669962,14.977976885399656,17.191857007221767
166.61878562661158,72.19308009889862,15.390903503852126,17.226387427058988
167.2960767589815,72.24488440959315,14.991279022334469,17.069662983295103
167.51165016554938,72.64064301045867,15.049212936299092,16.749237886475868
167.1645436612432,71.76238965153243,14.747070768939503,16.36768570349524
168.49113355544247,73.13560784021576,14.733567551433307,16.060402997393233
169.0049592351915,73.05086454862122,14.673799600004847,16.09722995159499
169.08708314104675,74.30132445566633,14.79619225355388,16.2966270434801
169.36601089623474,75.49426652368233,14.989057065310043,16.0938941525653
170.13362549029748,74.84888954282096,15.233948607584615,14.999041348540967
169.9330394993563,80.01996356867667,15.207943845721147,14.80813364564544
170.6982698373831,78.07322303748576,15.17146262370813,15.575911850056084
169.8795744614905,80.26606099325303,15.114948856412195,15.591878261061831
171.35090356953768,80.90449083736092,15.117948370420361,15.588922658005332
172.2527955672556,78.33383099803507,15.082973335899148,15.508025253679758
172.6178710606369,78.98386669979632,15.035920486515248,15.543777266867163
170.41217840862578,76.0802394705452,14.973306290262844,15.351908628903344
168.42576371787217,70.94677182775158,16.146173151170654,14.600576282959832
168.371443774747,70.61187902758722,16.14813909640478,14.599907738810694
174.37498500351026,77.97042955874875,15.703360181969103,14.832580464939777
176.171043224099,78.3916718941371,15.569947020286882,15.585607588253328
177.01808570755153,78.48816295987965,15.339374354826809,16.124646073299623
177.72938456527885,78.27814109424705,15.30814121380455,16.613006979476335
178.94528400833477,79.30932936591887,15.189667017557863,16.825971231649657
179.66344148775661,80.02492025034138,15.300181282346964,16.624167209386663
179.9913183822678,80.73739488610566,15.486465826740567,16.658652208716866
180.52226005810542,81.81964684639759,15.705765479444604,16.466466341378542
181.45016555759014,82.85443801631871,15.787159556692796,16.349701083941387
181.82178518783502,82.71435095419459,15.788312870036506,16.350837553789763
187.44554567308415,77.31520284592794,15.803554922914731,16.52885255084064
183.63510299634115,83.97873480516878,15.589795481936626,15.944799153294005
185.00272247774637,85.40154539169389,15.887978035544602,15.845047855198036
185.8472122739928,85.7782537043474,16.102210036679722,15.830266769899524
186.80072082771176,85.83941709207295,16.12434744450822,15.285545688980841
187.61486996926791,86.4778922830702,16.204022880039055,15.132411439531804
188.54349116806296,83.88488386220027,16.42257184139676,14.19580388399385
188.27563339833245,83.36641878038617,16.422561429663013,14.19584556743557
189.7987958817461,84.17562507564023,16.42005565190736,14.197912679876987
190.6220240231777,86.5787369318086,16.187293393130194,14.382404948070006
190.27570639869342,84.90981846752774,15.986639970128369,14.534111352950092
190.84124303486402,83.25406528890763,15.920383053492394,14.661453901367702
190.8086430356728,80.78990552975854,15.759977310731658,15.05633998231845
191.32858299273133,78.72175248632145,16.068740461113446,15.563155932092437
191.3514249516488,77.48472135004378,16.292640901017027,16.431435576588363
191.14823182429026,75.93412333794974,16.676007262639214,16.846907342353607
191.75582334907634,74.49643064982604,16.797704896965953,17.594880399417676
191.34051724268107,72.73695744293111,16.930761627368945,18.257460894094358
190.25227791545626,71.02072409580356,17.169095001934263,18.422967444306508
189.72007464773984,69.86361716483904,17.526499314829117,18.135456204764594
188.89753454554028,69.79820562565455,18.274274686292866,17.635287466612876
188.60437863346942,70.54522339511742,18.41881315542744,18.39374244816444
188.77577222231844,71.30401001385295,18.539109781383093,19.2072203219147
187.30350854459897,71.74020305346676,19.14600972593338,19.900880719051216
186.4922548966744,72.51384629395405,19.67140996897944,20.524565631661826
185.26527409265998,72.96254668960016,20.046790482266506,20.853423833518406
182.51694822158225,73.76725948380087,20.529960607448057,21.214576319572245
180.1779571982904,74.9989224929313,20.78712909354596,21.405285392711534
177.41372239420667,75.65502713173977,20.95781633782178,20.810587649785447
176.06103370146639,76.59827526283931,20.857617875676652,20.83300798018433
172.8519957481508,77.03386919053905,20.81818331096375,20.77044945875779
170.59864118041068,78.37589451492755,20.873668119356616,20.5138122735733
168.41649685078056,78.02148453947908,20.902033106894443,20.33045613279927
165.71618070892916,78.66929698771082,21.048415817843363,20.269768665763888
164.30869003857566,77.81931670607302,20.97072175877006,20.596229716367052
162.64823541497543,77.48352585330025,20.944445632664287,20.86977914409011
161.2270871472117,76.71444635817073,21.069688039544868,21.251079094088833
161.0031001049875,76.25634506157974,21.051129208162664,21.614686131488494
160.27918313862216,74.70729956531078,20.79450919573346,21.831284032443175
159.99204784202885,74.6326306876306,20.58964146227514,21.96759150558179
159.2668266655035,72.97668670884512,20.797188092936675,21.53691454654202
156.82064692856338,72.10864867414418,20.6427064222551,20.791578682044978
157.56274026895844,72.98135437537763,20.385685321260844,21.134190942145224
157.4536548301124,72.45747502229223,20.543733828232995,21.401132437641728
157.04705312298353,72.25611320060113,20.66773690078922,21.56715714062762
156.26234312393754,72.37129543578614,20.663854868317838,21.615075163610506
154.68194776377445,72.29290827871505,20.424729416616465,21.638716528281208
154.20020203563269,72.20554535488193,20.239409651777255,21.61194486587186
152.79198777476492,72.6689771363127,20.100297993306455,21.702310383210524
151.76183497908647,73.9748829790843,20.045623840705836,21.815476190953472
150.44981190347215,75.16998592412978,19.965530520880378,21.895042401311102
148.67825764123532,75.35521413491105,20.02287358820076,22.006476449538056
147.16863132670156,76.73969673391484,20.085495748899724,22.051074836811864
145.23509786275238,77.74871837179565,20.022083865534043,22.320851184997387
142.65101287576198,78.90002187027045,20.27778635980905,21.25684897205963
140.21911558502,80.84927343561338,20.312136532876238,21.416481827701876
138.4829176329453,83.32142351538502,20.30618513554252,21.489560475226472
136.87149373330874,85.2016922048656,20.39178418031426,21.34341680735543
134.87587247622204,89.22584648249307,20.894010638426906,21.422974997095583
133.15375916563184,91.6499287848675,20.98569915078162,21.43513239094292
130.8754641224805,96.18603689006149,21.34163377672663,21.891571232740013
129.1554948776467,100.33419180265045,21.65970913963948,22.359778238006427
128.50881706744386,104.9017625858093,21.89199682124054,22.857063887264907
126.35500111803547,107.64401421288744,21.910105118525316,23.165002001211633
124.9372717253692,110.46289766196733,22.076565900851875,23.11238296071786
123.92795820800033,113.03985269743734,22.038415458325193,22.902712506171895
123.4164848112884,114.82093102571439,21.920201405992543,22.651127758568595
122.37729399831953,118.2442301347193,21.714838696755713,22.698684089203784
121.44352244742723,119.50397753448367,21.63171954325316,22.65926441060098
120.68946257774311,120.82425850381867,21.66146694718743,22.406432355124927
119.00629417996078,121.35896871328036,22.06104143844607,22.271167221559978
118.66622357756924,122.60869967308597,22.216110545450803,22.35931292409537
117.7569030345706,120.69939720035892,22.172548867890672,22.348481567364406
116.52346117550803,117.33813935092873,22.10683575946244,22.462314633778494
116.58373998205849,113.09030066051263,21.955152081181822,22.922705111229373
115.03571674979125,109.52932280710367,22.177978101990746,23.50594736284707
112.69742299482758,103.9902848825433,22.378422728617306,24.111160014641136
111.81056062157921,98.36747252460846,22.321271124711203,24.11674395139707
111.07534603050757,93.2620735190667,22.367366734466763,23.74030555806163
110.06257539935336,88.09842103799294,22.218042512537526,23.89482285388836
117.33578560531382,84.8230175288065,22.662918868805107,23.593784607826425
127.84865062244138,75.99935347107078,23.261990470292147,23.75390340322952
115.67433565762455,83.06071349180739,24.6798743214346,21.831458782898867
114.90537262415232,80.39553545172785,24.75300742153641,21.764169866414864
115.425280007624,77.90568950043972,25.442893100721918,21.33831653431097
105.96873956906481,72.23520149319828,24.881952066219185,21.385259498256744
105.95889060944074,69.28249347060225,23.83432630077492,21.98065557350862
105.52349514320116,68.65118168215699,23.266839750267664,22.516574612530647
103.35154468407431,68.65705624414986,22.440498358951032,22.560476873882003
102.93714687222207,68.72254755358198,21.93722995010089,22.906813883018025
101.94382414942773,67.44499778896963,21.634289090071295,22.849945610194993
99.59345587118204,67.49626682824899,21.4254668735219,22.71884287548295
98.28248124727406,66.86683154228639,21.18584051785275,22.547860961751415
97.00239501432527,66.62924508025715,20.837853489350294,22.921141220781323
93.44063482542637,65.6220906402541,20.442784370535534,23.03211321819618
95.56117047790816,66.46186325980237,20.98022077507515,23.056527086498622
89.25500528411285,56.7050527711356,20.464980056708733,22.96075399034584
81.78040678903403,63.5811812555817,20.43575869664664,22.79256436611916
91.18796583536545,74.33452485788357,20.846596567118578,22.643506937516396
95.45629067182533,65.41655378070891,19.59959304288045,24.45251542182178
92.9115157679662,64.52812675436081,20.344519761762072,24.078772617447036
93.04349802088525,64.85376067416456,21.189155991588297,24.162689506938804
92.99328551558582,65.34182642654729,21.80625850100461,24.022635990321117
94.33663627785754,65.21065598628265,22.344554496907968,23.896304131583033
94.40770387080133,65.5870487199954,22.916278213474758,23.333518155133884
96.57747690869913,65.73130213219207,23.092198350905466,23.06308317777701
98.81831876450778,66.69829625569086,23.066102980047447,23.137188049447023
100.97555469663845,67.25613574613318,23.190306042543924,24.249169009281985
102.87795587200007,67.14177818005928,23.309871834902342,25.31346598051443
105.16005959125367,66.60963227810424,23.484659471620972,26.63948896199294
106.69332348110336,65.46342120751063,23.782688958156925,27.929399125030734
108.47002387694063,64.29017330250852,24.044949358422713,29.116720135115834
110.9755797041766,63.4302485475005,24.01431074548519,30.119524337972457
112.28259672486158,63.79656330530115,24.248884959501584,30.41674721266046
114.52786722345458,62.54095395198746,24.438247469548248,30.757253925116682
116.70452123336604,64.14160098313644,24.6812271770813,30.651510638346686
119.59722715247777,65.62700586615446,24.928444828756504,30.49088821209335
122.68365872327473,67.277595957614,25.35389025039502,30.618584190749594
125.6397655624915,69.55621773604865,25.879732087250765,30.602572742950112
128.2598935319877,71.70415251094823,26.19677910007111,29.45678721185822
131.06485565525338,76.27182806764804,26.594701208978023,29.175580194833117
134.16747230708822,81.74182380856092,27.323830793644525,29.98332564385454
136.62584424269104,84.12483041178915,27.808219982894148,28.22061024318422
138.73978818232578,87.6222439293832,28.166100803270695,28.63475404082081
141.17599388471896,94.32993765773452,28.355829863267033,28.778996978100125
147.21991852495592,96.24143939231938,32.73452950247086,26.02088794672031
139.93905837571185,100.05707835584451,32.26843398217241,26.163362709031606
148.9327785200578,106.47762080100024,31.43542026818752,27.43753985027534
151.14443598840774,109.39702185728846,32.76872287756919,29.02010395245108
152.10683874746152,109.19123287292234,32.8506085768841,31.782909681498268
152.75941090659603,107.54970059144952,33.038692932550035,33.35658789571956
155.3619858447764,102.20311648613193,32.929380649267884,31.483472880341544
154.50041475402045,103.72746808182505,32.472468881423694,31.021713553777683
155.02606299885835,102.8056731782115,32.11414183316181,29.33291228968519
149.71716830478027,117.91324187986673,32.26723624451128,29.566591185813234
149.36016912509805,116.07787492596054,32.28937941169129,29.826371810315667
148.64841759624477,108.02806111935591,31.875872562629045,31.55044152404982
147.5403810702063,106.17716883181726,33.51269915331454,32.06337998782953
144.34381521642064,101.7315860033821,36.64714694097924,30.021999029099245
140.9040432353611,97.62632423132622,38.89877075234155,28.88339671108944
132.25532103813708,89.59550701602606,35.91548203826902,30.47937772219513
129.45967843046222,83.5447353463963,33.50634477589659,31.640972025810118
125.7492786345256,80.5729999463459,31.980643589571596,32.493878098127695
119.26773717372346,73.88176560675629,30.602785082037673,32.417757223473934
119.72975986379912,73.81080951785357,30.664647912163918,32.44402220450964
115.8515166961052,68.9723784841349,29.87863089061817,33.268897386876205
113.68034411826568,65.78760032985346,29.78368394729819,33.04739210333702
112.2552209564395,64.62483217666926,29.91302258280969,33.092069416175164
110.22085388662757,63.092164306913844,29.865170037252867,33.12044669964655
108.39344823081983,62.403700171284115,29.794894898291567,33.31639655350947
107.83935015655652,61.70549082011671,30.00848362208216,33.43048307391373
106.14786055677295,61.548464696320984,30.273784656213497,33.61004451862108
105.00949123083616,60.19703216511766,30.56722190694878,33.61427996333668
104.64171091571416,60.466997258941106,30.884920866937147,33.782277956384384
102.83324997333555,59.38929017496985,30.911196484757095,33.45920510955638
102.67852669600241,59.28670083024747,31.091161843019883,33.51109588162558
101.56037601891958,57.67104239722199,31.37372617669298,33.46636957102554
100.61906099847515,57.723466050140715,31.523429252822005,33.53721746098219
99.17114248203082,57.73604867612766,31.243588270955417,33.347991899479
97.85120353752394,56.858101374592806,31.038439428478096,32.961706298157225
95.90934157194917,57.22107067944298,31.144756667122735,32.60184391945968
93.95930384442273,57.898087151313206,31.38618339285128,32.39661218326166
92.50534290937233,59.03333255486825,31.75285312672161,32.1084983092494
89.80519019195535,61.12407108552033,31.97228135284587,31.974103672109074
88.28622890929151,64.08270003198894,32.371439059927695,31.79800521825876
85.8932266030402,67.43633243145766,32.33868518472888,31.713816858225123
82.86250730665238,72.0636474420613,32.38565320026456,31.07256250077519
80.37650707566908,74.74689204433147,32.28112368252532,31.101826203034143
77.10152027118029,79.36425091786386,33.01360051492211,30.721228710485985
73.38537598146316,82.02532615717786,32.68595180797943,30.880241256760325
70.57456805526097,85.55363274316232,32.678893630079834,31.062122481001097
67.95911063736894,87.67777197869397,32.62769205274745,31.17578153282599
63.99618884958609,90.4797677495328,32.97051780223282,30.676782857664456
61.8066850053728,94.33148777069954,32.960695305722886,31.044492641380764
57.88358364036502,96.01255739823475,33.61058274719474,30.635939726260926
57.31709144183105,99.11729844773367,33.706629073011754,30.923475487675653
54.92698310144634,97.88218529276503,33.7174751979035,30.42805648435001
48.098606821606445,76.58458728229792,31.39216923249783,31.68977167032328
51.932486293386035,79.23480167783916,31.129579775938165,31.96320686239511
55.16017328772855,79.99888945038127,31.015241630148648,32.271999023991185
52.15630741596056,75.65693510394084,31.086154297146535,32.461527719618644
54.69069326437327,100.3908702827315,31.83041284324103,31.998788129859577
50.56146148463124,97.26331414610523,32.391815817703126,31.983417386144332
50.018509276572566,93.69788336708247,33.028282287739316,32.170548113043616
49.6791549159326,88.33711823492811,33.31176476886117,32.50330255185186
50.95363122653414,82.85528625912228,34.61404443792603,32.797242992721316
52.20936934288429,78.76538932006125,35.29184633098867,35.10918132198475
52.477735271813195,73.48372862300815,36.45096210363165,36.05099030306605
53.806953105243664,69.04922964636025,36.47951097580269,38.31838951673783
54.36923907479585,62.480946610365635,36.25439696821688,38.4056887735415
56.31194508537061,57.67935889840903,35.71065188394175,37.940682205877565
60.60570506684108,54.44144561634444,35.57540528983626,37.874781703966704
62.887256270564635,51.683737807501686,35.556692130283444,37.20257811236266
65.59069578170401,50.42028634721757,35.60643761590874,37.386574081026595
67.42427683035048,50.30409513898965,36.09963919277962,38.159388533405426
67.6532640324127,50.453094034181156,36.49932156556024,39.14326861835049
67.69564882664221,50.21425479369724,36.76917532462205,40.581357634653855
65.69609763874732,49.89588961269709,37.1980352954741,41.48313632171595
63.33973843484216,50.515080985238455,37.76124618070139,41.92905888688256
60.4049949654483,51.07882371566603,38.37669144773618,42.547294766206846
57.1068493160696,51.43712306120741,38.50513301504827,43.18240305678303
53.313843878856986,52.55520607065791,38.47310189728601,43.854818056329904
48.59540888503122,54.049823689751804,39.616694144459025,44.061904067150294
40.4912356789729,54.82184421002255,40.11809990563572,43.891001215924604
33.27046848016745,56.68367661808186,40.63945398250686,44.31416838909431
27.462471558076857,58.83362928166497,41.09925218612409,44.630772976326284
23.923190092499404,60.181712479280606,42.43151585046381,43.99564173734502
13.328586795655916,59.9475755357253,42.549189241025786,43.85419312937658
3.7806992771164722,60.15305898917932,42.84477812087811,43.483424000961705
-0.21187912614886528,60.077148516085764,42.93487963337192,43.27958251185562
-3.563652827376206,58.82197684607615,42.459232108611026,42.94467834477952
-6.273543969382164,54.15541685580203,40.63311709953212,43.75035634687316
-5.314474411076109,54.440650677510334,39.66696012346109,44.16145346366468
-7.804201462934628,54.68497801783653,38.88202471225503,44.42791828555671
-7.476737732008605,49.76989840373773,37.87561724323135,44.74276245790714
-6.020026888320569,46.18445983925034,37.11290733068133,44.86918119759969
-4.203829609002987,45.994571801867096,36.03195515676602,44.77751636107314
-4.696321470922147,43.35094794561565,34.84573765150888,44.84478764840513
-6.892907400657329,43.30045240699813,32.470555571922844,45.380796728627075
-4.777247942706579,41.40774567895848,29.815928283523785,45.59556008399837
-3.8422249693309496,41.82507609396081,27.671943382896032,45.845247098117554
-2.4434617621954597,41.7366035651683,26.07947149018572,45.95123777328298
