110.5,111.5,37,116
111.4116897577853,109.40075433196155,38.521417618828835,115.65698838350121
112.3090987046547,109.3594432710975,39.36282208760832,113.29339296830304
112.5862795879791,109.45992581008831,39.58929875088732,112.40926919462365
111.0972854240672,110.99083744953322,40.183405032965325,112.06668419698384
110.91093758366802,111.92955783130583,39.94046353057429,110.65232169386036
111.17630646701137,112.9254355595653,40.11333475360314,110.70077863014842
110.61942152438583,113.28808151822491,39.652731035987095,109.40431352175865
111.24699499394835,112.72960059815009,39.6730632943642,108.28756602658113
113.50154924698381,111.78455789117743,39.56627994164408,107.63650253954074
113.4793974316284,111.95763042163436,40.134636192289,108.88300956107011
116.41411313696491,114.79949481125799,39.47354447277808,107.1155744028861
117.22591335411107,116.45327165352457,39.48816697130132,107.47847736622586
120.74396615038307,115.92494944454707,38.981390201846935,109.14688305613444
121.92005145531304,116.59088460983638,38.62860602177366,108.3232515775799
121.2004384579514,115.98419227095894,38.58632042363193,107.20479597861663
121.69518261845369,116.86573852650046,38.41959095606289,106.52943268315553
119.58242268487473,118.52019525597369,38.444848753518684,105.52797261814524
118.16058222046274,119.15368535448373,38.04140310305798,103.81200598022818
115.76703268093334,117.5752710039522,37.99330377971201,103.36457185246434
110.91934511672909,118.33341701438354,38.38648908115515,103.63841926832345
108.2448786942704,119.70739110381531,38.19755390315383,102.19065855798866
105.69914688487049,118.81566037797093,38.017881714916314,100.75022064520599
103.487860124758,117.5640166602103,37.722153462070004,100.40026806760469
102.27717924804399,117.52181377549353,37.45290742931943,99.3693508895361
101.21687471087742,118.71619993151813,37.102367535909664,98.2773380636853
101.08965811541597,120.53079195110209,36.21801000017088,99.0704681915401
100.43529182380485,119.81421937911779,35.640336757778186,99.52469502152859
99.8909848846038,118.11753341868815,35.39389969566666,99.0906328794301
98.65220630094684,115.12504585479809,35.43320775180505,98.42746471573686
97.9080452138117,111.53855520493357,35.30556551338612,98.07191684829058
96.5751675631048,110.44191810412894,34.90038461179699,96.81258914026239
95.73634151707131,109.6122655602262,34.59704915503583,95.79136081894922
93.29332044541887,110.21168812213708,34.52134842038051,95.52350770238303
93.74988214492416,108.35044556303124,34.07133713722994,94.27364651474753
96.83790299345586,107.05118260873905,33.62377673289115,92.4870887479474
97.0962469062938,106.29226710169466,33.45293165609564,91.89533709945377
95.64044392279001,101.63044296533401,33.473337319071845,91.39379292069802
93.84062576860582,97.3542285700596,33.39417876660039,90.75626027783619
92.59042822342258,99.92542327760735,32.932523657458205,89.45093751313132
88.07247336000033,100.26185661270317,32.754448894861774,89.44503161879189
77.44176471198888,102.31948561556801,32.54013148019131,89.06990928277045
73.90656572595607,99.51557813070409,32.549764185838484,89.06061638430373
73.38524076743136,98.51917928297628,32.297791085576826,88.1124200554826
73.20540070906219,103.25138447223804,31.954991303385547,87.84222449782088
72.12130100395237,109.31164277705307,31.917377782544392,87.43553883606684
60.53892171133985,109.02149102214858,32.507961486788,87.1843113576594
65.05748721813123,106.89914933272107,33.86267522265591,84.23890169604812
66.35730223738503,97.25994632172757,33.526776425374514,83.93194623732224
68.01741156209474,86.43541405680912,33.129503752212436,84.03334231012786
69.20702993205482,81.10211258416328,32.69717679756294,84.20873241057092
71.59563332556912,82.42842576918235,32.10820767761808,83.18402929073115
80.07043394104782,87.22720065038665,31.37883082715385,83.57696185864481
81.38276357024891,105.35542447504035,30.49622936904464,85.13903380162256
91.30295128140145,120.88686920310016,29.817923267418273,84.49504006693847
101.16857888274225,130.25314689266494,29.8751335646146,83.51719965362925
103.84527370517343,131.18180682078105,30.115199711225642,82.96759378284013
111.9109080901751,120.7837129611591,30.46601330816565,82.93563933594636
120.55399864134063,100.22735647484173,30.38090871340296,82.92504603416702
129.8012867304006,96.41363701459082,31.072169327275233,82.90101620085416
129.43456065712664,102.2351230947144,31.182902424369367,83.35979155342437
127.73801566541704,118.86685425553502,31.047185482968654,84.3637662129843
128.6263961225849,127.34995421724553,30.93749293086894,83.64964339222442
119.05741520812829,144.0909246305278,31.57525258082709,82.44274223851141
100.00936395016438,150.41594257053077,31.98526653474319,83.06900297410604
100.42601892779841,132.18444548973594,31.762054166583738,82.54571097236564
92.79897700971642,112.66084524436461,31.413910791749174,82.09124444040324
90.6162809830615,107.33694168040844,31.2612011528593,82.17904924135023
89.76810134716953,108.32446832131441,31.142258171873767,81.73541487910158
86.9764934906488,115.38678592489836,30.80554390368355,81.5022429516578
87.98264879498961,126.08344784317656,30.39173831514354,81.5758418751112
102.86001446609514,131.96635380139315,30.536531661653196,82.21497628588745
105.42941332169138,122.28957866636107,30.41261270030811,82.82203417008739
115.14749114860365,102.36081923485749,30.442609237645698,83.68069362757697
126.830790481969,95.67491849788786,30.763537273795833,82.88667116505381
135.74775028601286,84.88584092488561,30.795971654355565,82.19359370607785
133.92121924413482,85.59043970682924,31.295568943952752,81.47072103661883
131.43906953392062,96.30003430190676,30.975281934785173,81.39824205154193
128.6415512225494,113.5273569741954,30.63967213800249,81.33705602703301
119.15809162222716,120.02188279211094,30.385306472313935,79.70133309603592
95.07670934870015,122.57149420498331,30.680791966633585,80.04267347219546
95.6213636514318,108.62628584904267,30.23509914343117,80.04283711706015
86.34396657680045,98.94159060219556,30.294854306487835,80.537925700354
87.48071225114693,102.17938114475496,29.769728479225858,79.51264387823569
89.35046010402252,110.82601982153365,29.590448485068304,79.18201110170466
90.64076667168924,117.55699688091164,29.162370311435296,78.34270522208443
105.34626130917137,126.1656220468883,29.380840417574557,79.07430361449634
116.33565843933395,125.2579726050341,29.17256159914391,80.3861209909034
119.21517833400966,116.41643315185223,28.925617261147465,80.71449980876618
128.71893467517228,106.93064804273837,28.704283167689432,80.23102814161791
136.72553569506255,104.26224738714996,28.721175274637382,79.72002347592708
136.59096138217356,103.91683405362878,29.13708728475759,79.4306609387534
135.52215653801795,111.55854307601312,29.16734948466545,79.43451248626988
137.89412528746024,126.6564564724585,28.417143007661984,77.72642144167013
133.07011161610765,134.9977916358515,28.19185549288425,76.89265190986703
121.34395596338686,128.78310541236112,29.31467422935612,78.1271810646115
119.5615058215593,119.13088117549776,29.582888340525898,78.78230130652668
116.13117113404613,112.7866319373936,29.635039782660392,79.2317737130939
113.78239806895576,111.61352813279098,29.39648304571466,79.5008676939117
111.13433067474011,114.90010085673842,29.16783946805709,79.30200985130244
110.63407036622074,118.14318315362476,28.602788896169123,79.9763238494487
113.83754107074314,119.80295451767316,28.372328257235417,80.43897716627377
117.2119498060095,125.36522415068377,28.117721029927793,79.68636325425646
117.02045259660797,130.04018708970187,28.514408806548694,78.69524875469925
113.06444866882609,126.47925028468293,29.033683088198877,78.41020860741293
111.95181875028092,113.49879525761784,28.982409083202416,78.31517803349135
114.55137395694202,110.1304433149425,28.69621866804917,77.8496848439519
112.98666779169878,109.80432201850681,28.40976033203173,77.44106179618302
111.10076267856108,112.85643721325907,28.276642112491096,76.77429325970584
112.69172863050179,121.53677629897737,28.387644149497127,76.42085156898212
104.00823156931884,124.5043686018953,28.88007886939722,75.85755703120047
91.85193107080043,113.56207757778876,29.786813243509215,76.13498614057079
94.07803664735603,96.72099774665814,29.104163381138985,77.72145412192381
76.15942690714014,82.87601483569652,30.121749377684033,76.73033054260193
67.21249257570581,80.0307263865067,29.859854414454066,75.91031879504654
64.09041531899098,82.3746158314614,29.63835503155194,75.52017641407878
63.7637400481447,92.74437436194131,29.034595215959975,75.16162935433964
72.2374277006376,100.65928006590211,28.71118422066656,74.84273465631796
100.97027219762697,112.8608892134113,29.08165016443196,75.37707358175857
115.78289363410217,113.0186618657807,28.94383214194541,75.78714961967877
125.79530142854254,108.5190837964856,28.996319485803923,75.5008958309008
155.6793784465507,94.2288186032778,29.618054213215398,74.25950582241892
177.83831456852172,99.28295380088808,28.751197441685385,74.19308647089954
179.16332617605036,110.73308415691517,28.255257240162692,74.29882818499284
185.93536663525612,124.00081459540945,27.690703795200868,75.43690551601206
182.43739510428182,130.88980288819877,28.032539286501255,75.57070642677134
176.5744352320896,134.65457990949304,27.723585068483388,74.91844406356513
148.19192975933694,138.52111229929972,27.6177120723383,75.67258860402009
140.13294318921044,125.62379480189271,27.761937005499043,76.77481408345326
130.75589390133564,116.03329460832593,28.09827282490096,77.04475985938078
122.20921166579572,115.24138609889175,28.018469113607747,76.37695515507407
117.12891728060852,118.0170957714571,27.61379699683615,75.78707078690263
115.03702904699533,119.1514971498148,27.418444531109653,75.38168255617293
116.63544472584566,123.63554572978217,27.293644671364326,74.75148174328412
124.24659599033377,132.06848266187217,26.806098612114653,74.5792037653346
126.44498874206616,131.25845551322485,26.817624952521967,74.12120864131877
133.98565311104636,115.99295392017972,26.651121654014688,74.7938400927899
134.83689722127218,103.82044165839933,26.63718867419411,75.27916918178036
148.53952277170526,92.19285185070623,26.763115094079893,75.04414112504742
148.80467349239652,85.19311456457265,27.134042378607603,74.28140389769298
148.46640893493765,90.79705226175238,26.651366652865228,73.32124540702006
148.26297452831966,103.10667852263174,26.433657884218754,73.00951089063244
132.40840120701117,109.91437294341512,26.716548347026162,72.00789158031567
116.71171401477955,110.12891213035176,26.702249849409327,71.49177677560667
113.37622423735911,106.0105566365068,26.699182887831725,71.70371702660226
112.52633126986518,92.4568709810107,26.51023495898904,73.70853783100267
109.40120935934647,86.5164534009528,26.757345959897066,73.16149365762236
116.17602971253768,90.34515036378802,26.569148773106924,72.91961038640139
119.26850507297948,95.1635411610323,26.6962169235307,72.28273628550414
122.60400568729827,98.08758344490134,26.538731644142384,72.64677225075556
135.38753442747927,108.82559748219742,26.109087188682714,72.0189535572669
141.01666203827838,114.16424273318763,26.069041233747125,70.96374099718102
143.042164751547,116.4793239374801,25.685767092305092,70.56906700336049
151.462801614532,103.56446126670343,25.60806415185754,70.8859082048992
157.65314345056618,95.50104617007649,25.83694430730384,71.28882806642699
154.66622416331,93.73004581661021,26.319767447551072,71.20199476418901
148.95838916734775,99.75662942705652,26.09533982137254,71.01387118343311
143.9960911874648,110.10211047696097,25.729408437388404,71.55063315894158
136.43182622119025,121.48125853327073,25.399715027042,70.48554001873417
116.2000073819533,122.37408969887628,25.08393757490068,70.33840841872426
115.47943434236441,111.66279187020066,25.33068537012001,71.19088803298467
107.36674874332815,103.06305608088573,25.239299366044115,71.67380687723954
105.70708404355682,95.3522427528265,24.951087442878656,72.23127013461533
115.01121188131238,95.93506762849665,25.550112880038427,72.0492818560724
123.06769530517077,101.28149295825037,25.183880651462268,71.32105846249516
138.73312483576535,109.58920706906358,25.725963561098304,71.4403867105953
147.15039582835408,112.31597879268027,25.839719076531175,71.70700851604747
155.37725936798063,119.18797314515808,25.53557772115505,70.8065456976275
163.61162958648424,109.37269480848143,26.072523090422223,69.87927537513119
176.85545662188287,93.04002347838161,25.847655884859336,69.37921657659058
185.70167619009322,88.80493185593028,25.601458127222834,69.28832937929354
177.59117476820944,93.34244761102727,25.601139865033343,70.00933172835249
175.79197502395706,97.07547029048001,25.481188704658113,70.43532805264402
172.94613660104795,107.08750504470855,25.547457854706067,70.62886794970453
151.3757279251453,108.53775642879845,25.92591177267348,69.46948099001166
144.3061228339442,111.56653587559776,25.771612471738308,69.67003357331124
129.0918177970804,100.92675774026843,26.354988628229556,68.71599113486346
114.89517769731118,94.4356757615127,26.343189939828537,68.79497210897648
114.25447887324674,93.63795333917848,25.883854679708506,68.42217192419545
113.88244273458436,98.6955011525305,25.590252887628672,68.31943019458615
119.80987619499808,105.81812025094544,25.09799010803657,68.15442080329825
131.81750510281455,115.29988921302214,24.717957588424134,67.09240646923276
150.64538288135827,122.06676987654956,24.313758427821064,66.15798176632343
158.27318462441696,116.72838517146954,24.962300182487432,65.57958226168854
165.3943086784852,107.9084264970267,25.192881893076517,64.86921884885547
179.82767988706476,96.8408437489651,25.54385760030703,64.8301575841144
180.2004998586142,99.5871915306471,25.31885481178736,65.20171315753018
172.2865888786619,102.54274512740402,24.80759596114506,66.29053539211694
167.84066609588578,110.51784076407584,24.6934371932012,66.63053576916391
156.69890678190697,121.43853318076549,24.09159319603674,65.83142541088228
142.22033016893278,122.93801913165231,24.631225898913822,64.83118393017492
126.62533221705405,120.59279032926926,25.607949707944734,65.02075890936116
108.35863002564346,99.63902215108503,26.144161707953394,66.21988691001675
99.49726767752028,91.82063811052089,26.161043432397996,67.60405813598146
96.69617852479423,90.59231185139896,26.277585503566645,67.93118523117538
98.78906424979928,92.40130086639442,26.13821126272405,68.34819083613321
104.54095117726834,93.67838063597725,25.975951041513955,67.96832457661537
112.51938574730868,101.46615221661528,25.890598129155443,67.0803691533764
122.10584761037191,98.63646268867961,26.65456214411786,66.53156015230194
134.9691543382405,88.68261216539864,26.615887378566264,66.90182948194497
144.5197134374258,74.34611576258665,26.664249999897752,67.00119863034237
153.84001406870743,70.78624952556015,26.58137082900929,67.31524510738608
155.1446530195418,68.19948472147884,26.36103636110215,67.5074128495514
150.58274064382277,72.31983670354815,25.94928143114375,68.01887754080829
144.05746228742214,87.25866116303295,25.424652368188173,66.41088575684844
130.00193768031602,103.16925986369687,25.16071302649221,66.37937265117492
104.31458392433296,114.685802837258,25.395291449102846,66.49297707270499
100.52259690672629,111.57105111071324,25.90550449798806,67.38045476895857
87.56299641575627,102.52805909792056,25.70513570148571,67.99611523192186
72.39624646810059,98.93446861548532,26.037697181269756,68.6524596146085
75.56426894404935,101.49911965711152,26.093522728029463,68.57388585243156
74.78777438408471,104.07226002737633,25.972113783345364,67.85568328649299
88.49907931306741,107.95321627049717,25.71691763692783,67.06241875709945
91.84467706064204,110.3359220070758,25.880796547448732,66.53741188980769
96.30072128736958,108.59335808648629,25.744285639159685,66.84137570472633
111.16011723900354,95.87164223144859,25.630302543264804,66.7199747274238
130.78298674948107,77.48078551126734,25.473991470307784,65.41794030401675
145.09951588175434,70.4793795174162,24.758057000316903,65.74020743850858
146.06007308054149,76.27046779484735,24.476885010350685,65.06918372330695
146.69524166305294,84.46541565653632,24.4446173796295,65.08212956792215
136.88268889921468,98.66041158911857,24.310708777667358,64.69811151867563
114.03088464975409,102.20252188623328,23.89334178220379,63.5637143039628
105.01503772002714,102.12379280816046,23.887272046076625,64.28450483897275
85.5836449002947,90.21594927336868,24.362701881098136,64.69367678709634
74.03360322279146,86.95436429604331,24.184382907613422,64.74640778453274
65.08597467123356,85.80472780930442,24.14149914158858,65.54309177066003
63.675868245557034,90.53020130688381,24.103356709204444,64.96727638255693
67.65793470460193,98.80441779893,24.083436227790678,63.82241929568133
82.4014468811946,105.67202359643015,24.658358743501832,63.65186681933338
96.41223530849518,103.26380052784552,24.732841688094993,63.71215269725583
103.38470707713941,100.4556183979046,24.319184390430564,64.38633298573262
123.3637142175198,91.54119221673388,24.541918095509633,64.08186930803501
143.02803884395894,78.87039442398194,24.42082270615672,65.07150566502327
151.49567417331775,76.2046597978706,23.784248565383432,65.369561030222
145.38485740546105,89.48566561641647,23.153993444480676,65.67343417401405
133.83973304350843,105.78984069750675,22.994526363332195,63.65846017150148
122.34038214159938,113.90896421866803,22.584273546788936,62.52135696615401
98.75959865954552,119.08000909273582,22.523516139558783,63.264038374329445
93.11491538903928,115.5482089114703,22.3348934837939,64.94315921415543
84.1372205691367,105.32308716169456,22.867212216006283,66.31086220162196
81.16868877618892,98.96453066272164,23.244344046835945,67.22330295835684
87.33034426056908,94.8359164994857,22.89397256934759,66.85513169529014
92.874537074167,95.2706311121174,22.27336419434903,65.97265255366251
99.39617042444023,100.23697707602254,21.848003110562807,64.27708220788347
117.25933071664834,102.91871012776286,21.284505249535265,64.65874521283179
118.10382445912263,96.53344582061193,21.104830990332832,65.04216407066392
123.50386785749234,92.27533031138863,20.5909866786398,66.47571867843547
131.17709369117807,79.64260173606611,20.582341712928518,67.23460882773773
138.45781063799924,73.39528680298736,20.400891721263697,67.17402858036985
140.48634765999716,68.09318315436981,20.091592516669103,67.07624384269283
