93.5,113.5,34,109
94.64565286777531,106.63753640081397,34.40226368621756,108.21826864429491
95.84164825977635,104.16993603748854,34.224594992364416,107.45307950888522
101.211148294901,104.1199082968785,33.863263302852445,107.69773316122021
102.48874138387892,105.16883267646932,33.697557954135476,106.4804771654625
101.5961212483628,100.98496937056171,33.91994381594987,105.48405182262684
104.95165878053146,97.37720009514405,34.274161586848166,105.17699258369777
105.31866659265896,103.47002962966434,34.31244519269187,105.03692963739888
102.93548261914157,107.48717171811215,34.258178297807724,104.23557135237948
104.1018663261739,110.53352296580341,33.98550881655859,103.35687289676136
108.42033092195783,112.70759701435824,34.41575549016409,103.53845845748862
115.24633201649938,115.10660553549664,34.33436430114202,104.37299213161195
121.49928231409156,113.42278831147003,35.44691387075259,103.45919299735928
122.26265200535121,93.99008376524512,35.849907168554026,102.71055790035597
128.37220655696288,88.81246809631492,36.85259791579455,102.25318338036728
130.67897465610235,86.11526571021074,36.02897370291295,102.06595124690546
129.30106564330075,84.39526570968337,34.89082028533989,101.71229370668516
122.24299868694133,80.21252490586872,35.37422657507287,100.09351189420947
120.9469327415704,81.12520306650678,33.97455362763421,99.71276414207856
117.37372057746583,90.80830354283063,32.8847766695274,97.18697151462618
112.32670934783881,102.53204101393735,32.27681949163546,95.53991924086979
106.09439182498016,106.2552878298379,32.214055474242414,94.98266825814704
93.34534072669257,107.78159708717838,31.949637834391822,94.31908258419483
97.32218879884009,113.5200663141523,32.080745271334564,94.98617470123087
96.03565344416009,108.1712616245544,32.668419118664524,94.04536874381779
95.52382010025421,99.8283543617183,33.36355954800766,93.09164164351344
95.60170614978259,96.32842589464758,33.19164145592681,92.46964713341049
94.59148135155299,93.06617834550893,33.68510946020766,91.65290897820879
94.54309649224035,87.17863903505062,34.06190263445274,90.91135838007021
97.25604252598058,88.09833484104536,34.202038208268675,91.37021195965484
101.3343085664093,96.58550432380201,33.50564206414827,92.77218525000092
103.57722381284566,104.97656438399513,33.52761262718377,92.57581189475141
108.67762213405683,109.9916704842487,33.637603185689144,92.55419420718371
115.38593996990464,112.6904486477226,33.37518523402528,92.28572246733307
116.98182136905776,112.75990106068738,33.04576264758734,91.15428675904496
114.04676925191136,102.90055593634605,33.547620326551765,90.18449663053036
116.65169498556293,95.82125343494678,33.21754438338803,89.40949930026005
112.93177817749837,87.6706931626823,33.18987445184868,89.02330295025777
107.85485011140204,82.906771047704,33.07420028771565,87.46340818943068
104.33117880850855,79.71435787125395,32.46660133466475,86.98084581705001
101.5382358683234,77.59836690251001,32.06392320060025,87.36160476259454
100.28821153574945,85.27684506427263,31.673060525034625,87.13162254490425
97.18952820266114,99.01380586712646,31.48085075612216,86.48574010850811
88.40864266791075,114.43027753936138,31.0256464227909,85.24666120495625
83.81571127853057,124.92085987164732,31.147518608594716,84.19730501206405
83.00097445443834,126.54880593631785,31.154086883205885,85.1589579152242
83.07705608895446,117.03726113583778,31.70201443973133,84.70270791657498
84.85015775547957,105.87257052691153,32.17628983211447,84.70447530386107
86.69323330099965,97.37452801039608,32.72933790260386,85.31475711423573
90.53576087575257,91.57552930403891,32.6142414399266,85.42353867611999
91.44847869247343,87.94028529108564,31.9848518012435,84.88012670813004
95.76040916331122,84.67727104706385,31.84908805042485,84.16306075189871
99.27782079066058,84.6207260356442,32.04988052601177,83.68890829064532
99.83629956820485,91.84669156644998,31.645974290045558,84.18633712283258
102.56202064278835,103.53035788345998,31.075665220407373,83.18713040433991
107.65965244325267,112.70571832867894,31.436314590975307,83.81393903965883
110.41330432378325,111.96630406938456,31.6873645400887,83.98679009452536
114.77590092609557,111.23345985553259,32.038411875014845,84.20754753963959
119.29161451859204,105.03831412109889,32.68802450020256,83.48901427858753
118.01515296443515,98.78934889802393,32.187142972514785,82.72431616943962
113.78910588910249,92.73271569576876,31.798207956004802,82.43515680795875
104.81578949904328,86.33322802799171,31.12014972660173,81.58090338374721
104.43310983558504,82.04614728161869,30.50602881078901,80.98869162362463
103.69077874974867,80.88700836592093,29.886602676034766,81.61919360472409
97.72493857937394,85.34500125390127,30.113123829467334,81.60976205087036
92.62429798553126,93.47780929836993,29.858508639589214,81.999533840351
81.84035339931158,105.19898423961635,29.46815348829809,81.21024677829274
79.49506352971315,113.79510190121181,28.619960644487165,80.39489019350513
78.09173439293183,114.05657079243119,28.367592199910145,80.66754036797175
76.73807211194598,110.57731981213587,28.31893174029064,79.75923391410316
74.59902846067709,104.65069745674978,28.348413314679014,79.5992473474095
79.40992887706797,102.16925278278183,28.388945016687302,79.65127043481685
87.81459144960657,98.09659013367303,28.731023298734122,79.76068417297587
91.18152573481805,91.5927965450364,29.142439381021113,79.08547010360606
94.09030895518634,89.01705698555763,29.138544529182226,78.77455498504528
99.05262907902102,86.62449955601551,28.514728446857138,77.7983311333446
104.16249008179459,87.29348701348232,28.340728449061466,77.28831301410342
110.69233602642687,96.03589254655431,27.803184692121114,77.19234548433641
121.70657661530169,107.03779985420763,27.48061133602676,77.60952658131004
131.11248369406266,112.56353774540361,27.428660078285056,77.6095530267013
142.6736068001503,112.15663188496838,27.463499284810943,77.94490392904262
152.18868134165314,103.76676992193381,27.47110807534048,77.95862329273382
162.08418958283607,100.72300640509242,26.92824146480074,77.2625604864813
160.27875273941072,100.6441713474592,26.712048014886957,77.08335113974404
149.71616774667928,98.04385373301552,27.266585065779516,76.4576752571812
142.28672759113994,94.11259722640682,27.276545508388935,76.03134988386294
136.12106602533026,84.99684557372957,26.6756663008359,76.54332308362663
131.36249699590917,86.11848934787653,26.998650573972572,76.85855919027044
122.0017043411623,93.87337817293754,26.771738111249512,77.5098762056758
114.3343531019766,107.10774495703893,26.24625687380056,76.10343282912339
110.62520318007357,121.89904660286813,26.238032078476998,75.03846869762125
109.83979365198886,129.01674631749034,25.67729510055831,74.86188617816683
113.26684221174632,137.09766594829568,25.394957681818518,75.1097759204624
115.9157955889413,136.46008690111006,25.341563485411974,75.07917506173922
115.87198629825498,127.3988387963395,25.518446273372852,74.36661115165141
115.33585290862482,119.12779354792184,25.40520706641951,74.83127664543497
114.78349799433553,113.69633858312976,24.863990300263882,75.40950430115439
115.07453513389447,111.68293282606118,24.782343863286187,76.26299218400493
115.57564196804756,108.89983419628652,24.476570355254523,75.23830952640948
119.88880577871765,105.07291091625936,24.154693722683874,75.79539485980972
121.3035643869975,106.20092731303205,24.42594244965141,75.74839627074738
121.80744370924549,108.84452215279339,24.161236824202206,74.54889408359531
130.2922021693536,117.63357130644604,24.295908823053388,74.81319346610934
133.76301852604124,120.99663967206033,24.534121442777458,74.8979054478019
135.924314217614,128.21510866732984,24.23140129452573,74.41001549956027
137.90488888393403,119.02477246619124,24.260155650316463,74.2319339345523
145.4709671203751,101.44200426113801,24.526208749272726,74.12031351482476
151.42897245960486,90.96433833827574,24.5091438792238,73.29530516584717
150.8640030820356,90.10794699594189,24.098149025353575,71.46390674204014
148.26199713105416,85.22523247449331,24.538900085946825,70.21714305880202
144.51654945454706,79.8626744949714,25.14174154491804,69.8148605269401
140.99989954268085,81.95069527712342,25.302103689359654,69.99065898186214
133.30532269308927,92.80954923701366,25.02543249840611,70.43978684699377
118.5622255016385,96.53751424952331,25.207074803060593,70.04241004081601
113.77415987064855,98.40056762247698,25.988731463294886,70.3276749074575
110.10576476821353,102.05935673014429,26.18247910377284,68.70208229927012
94.48675587523121,100.05564248554634,26.28810972848259,67.45220802738811
86.90771191252054,91.77829310306717,26.444771910800903,66.21584348363064
87.28855951698785,83.61716352407743,26.069575629936367,66.31368972351929
93.64256196018947,74.81367261272135,25.45903721234415,66.54479988790627
97.40778549073558,72.73914485128714,25.295633646430172,67.09967983361098
106.14327308343664,78.10989901892427,24.93565280001731,67.99938396171565
113.15232925254907,88.09347150341097,24.673954875244583,67.5566110935723
118.79349072245228,106.71911130079522,24.545390938123724,66.05231788796397
122.95721896654672,121.33872896513213,24.48087008836258,66.79961286324522
125.86101990028627,124.72943174461226,24.275702379208674,66.57250379781524
127.3498018943842,119.88207706158073,24.273199569220196,65.83885794689832
135.66382163231825,114.49359982630207,24.481429472014206,65.6223746504268
137.85902837214113,110.70769594568718,24.093683896268598,65.58446456573986
134.4875743608172,105.21491317083957,23.94410868451093,66.51494874794241
128.1150037795998,105.46329435983927,23.69915089369868,66.98779872994363
118.16794671914947,108.04939491637154,24.506625610302457,66.93158491775188
110.39202016075554,112.97988154971306,24.41576422666307,67.69308727515332
89.38104061846501,124.21132979488837,24.92163291817772,68.03297284351852
79.83118501691703,135.51761886342007,25.2230462391936,67.81466274234378
72.74678175035949,129.44174969179187,24.841071522308674,67.36191557382043
67.66818802795231,117.37690143340188,24.827474016866685,67.33379043532695
68.92012864875544,112.31573112755902,24.894825332557183,67.1891546905063
78.59510588687759,107.3683193669321,25.04126215269961,66.93709806191886
87.15541078647831,102.59391418075717,24.743591272565553,66.72050754773306
97.02284996937905,102.92268700047222,24.834308762476947,66.22847262235705
106.90299840311181,106.2797346495845,24.84164533312179,66.15105125143964
112.19037143029406,115.92139111590775,24.62516134083004,65.79338796173747
119.58431158047638,126.86949121706698,24.431780628478094,64.68292384340337
132.78863032078075,146.50356981614888,24.194089269085147,63.678877210425114
130.95010017499416,141.70726655706494,23.646582147328267,63.85573322505299
132.3029572000497,120.0100720201836,23.396183448703418,63.993206252673076
138.07190808525726,110.32915509379025,23.373242920964053,64.01286748277911
132.76253650624898,106.7509597923212,23.00977401233022,63.36393162392524
131.6496476781421,105.2451841300494,22.680621696849098,63.541247280286456
128.21638388235957,106.47591070599742,22.761917221305964,63.29498215481864
122.04328101303513,111.09580734059205,22.521913662774672,63.627917042672834
115.10974588049471,120.54540371474143,21.884640895018574,63.81154518670806
101.6574991791563,127.38580390302221,21.881835255947344,63.591622228664576
100.669654408777,132.01544794924206,21.93207459090302,63.72016868517505
101.46538935769043,130.2670784091679,21.912383348128373,63.46539046948593
104.45572755068468,127.15965395094685,22.663239535839814,63.3915163939847
111.76879129084031,122.16648118271976,22.666060267198468,62.74087042958438
119.41594756624681,114.31795749460649,22.87953446717892,61.932521916528714
126.61040277520944,108.64716668432996,22.60423527056715,62.13540591287524
128.11730328322466,106.79997095733503,22.710215271840205,62.79722962737837
128.86649171577145,108.19716515070637,22.709917468254776,63.09206319498142
128.84733669703616,114.02568659588678,22.837077407878407,63.84882531255515
127.07637175313265,122.4435334935473,22.981836990433322,63.93718852407004
129.39517744809336,129.65329182880618,22.789307311327295,63.426633149633844
130.57224626591923,128.2030454417958,22.383973338929344,62.33862556698041
131.69068393202292,122.25088013325396,22.409745158669033,61.36636545530432
137.62325694565243,114.35493624284112,22.206304148499868,60.19183783085656
135.71934703896937,110.65394496723567,22.267971560895504,60.12718134016683
131.91424366542353,106.3716959171652,23.161598870731336,59.68003698425309
128.22425494187675,102.42960575977143,23.523887089767022,59.3527733979786
123.29925888532019,101.78993676846173,24.332247504271756,59.04205972959703
119.13558567552181,105.57765072412282,24.146897657694183,59.38862173603
110.47083073506263,115.54933533929874,23.943490515907463,59.65279683246039
101.63810840831786,131.63942349171666,23.864041141687053,59.968122999548356
97.35783887768247,136.41225824473923,23.954059229752268,59.68652209701884
92.25648886228,127.12980474923376,23.627654074094806,59.57453203907961
91.78988628556688,117.96068474488393,23.13755311999999,60.12463079716888
92.89759651292658,114.5946732882328,22.597868019704105,60.81420042143918
95.36972035416224,110.09122359096753,22.19822797654553,60.793551025991704
94.28027875157021,108.71965282518482,21.57933424424484,60.1837896683054
95.35593943252049,112.00161413141126,20.893947039715812,60.164357393224336
98.78363871253995,117.7484658788641,20.708238134980835,59.62247427185385
105.42424121404517,123.43180515664108,20.594526952160834,59.51108860875592
107.70108480201742,123.75983038283431,20.631788834749038,59.6665012143643
110.39645898856398,120.61870205746864,20.8070933753217,59.724106051588564
114.75528127571329,106.03335450705362,21.4425648364845,59.30110646552897
115.8064430068705,98.61440519954434,21.576476039087098,59.39898718961734
112.56120998093039,96.75586323679926,21.724560136774194,59.00648392257211
104.64606614330167,98.5248665115711,21.477869128559938,58.611629133129725
102.1541193881923,99.00070940019283,21.299425335617066,58.5323698061388
95.4473851289229,101.1667621745755,21.00183905221494,58.24542216676679
83.27224212377982,111.23943842665054,20.74255932763782,58.707363745258306
61.75762121349006,118.82802242762088,20.35509124831499,59.514952213044175
55.22909732151623,129.50060146085454,19.898489091771935,60.15589720443821
53.70211715451235,128.67873793990296,19.732164963804593,60.341691416484494
52.2694189092922,119.0508553488745,20.104836320349015,59.51448311831679
57.37796174258664,117.04537336614138,19.925600080029664,58.70521898396003
64.67370978863403,112.54722851199946,20.030354903462232,59.292633226850796
71.00964045756365,104.72340532725026,20.142354725881326,60.24561750223299
77.700069685122,104.95326900156813,20.255188668835885,61.64246850366439
83.75626000656432,110.73576435789849,19.979285305614344,60.91884741990992
91.48541851762077,113.70054058056522,19.90021022686081,61.33204933859015
100.0568904571273,113.98920353845347,20.43248874469836,60.75736159493908
112.16855391289606,117.37972967931191,20.32376296841473,59.65859891359453
119.17610983135305,105.86193033642927,20.46528927694754,59.92069524950628
130.57501829819162,94.14534909532088,20.527356605355354,58.96923134317326
132.92187652610536,88.63739340889126,20.503686955863312,59.115237244230755
132.7530875983447,84.38508872133073,20.74070209734436,57.97924736855833
133.67422445455307,80.20552228398233,20.75710040774714,57.97764339633132
131.58148975620853,81.1714286460473,20.392455649620576,58.5770563535063
126.48812631808904,88.68883609649306,20.00286378501479,58.27204739896487
115.28069635277727,99.40178746543911,19.886448920106112,58.04234789288429
108.28536040271605,104.09413674843593,19.637098160926797,57.745958614915565
109.63150807898185,111.75831521288876,19.384490060439866,56.544060807714004
107.74552693259454,101.3806514309531,19.77018469116615,56.04486795532557
107.55371916346395,96.00085908352156,19.586962739822372,55.644201032757
110.47149207861318,91.01484454151638,19.360024201699208,56.42187605945535
112.40140050276759,88.6864484605388,19.510137010372844,56.814189061101686
112.8865346903134,89.66156154696256,19.422250551327355,57.08172202063942
113.6996589568306,93.62767975149802,19.361266004880477,57.34876825774769
116.39649397691483,98.01581449190951,19.310513883870968,57.71495197058925
120.44612053128307,102.29430118556088,19.399848917529475,58.79228167624306
125.78412603544429,109.05791367821128,19.209403094753924,57.28256042934558
131.35586783919246,110.18186385500647,19.04257258631762,56.442304466815074
141.28872894222613,97.58552273922152,19.31725794250618,56.28240376686641
151.8042801004901,86.5733752454437,19.19639389196943,57.37026305495917
151.09359327008582,80.949937790083,19.343484143659342,58.16046911192082
148.86093988551482,75.4395250660395,19.678604355031528,58.5134993787334
143.23479271246015,76.7384275331218,19.442065273711727,58.067951887043165
140.55288341840753,79.19250823779089,19.202423073090152,58.202327690076785
130.61658680107968,95.73592914270736,19.034525203619847,57.438922617304385
118.398754371801,104.69072274614345,18.9139671465278,56.860824973420506
115.51275706957068,110.36401329997324,18.69789030933805,56.31905534342205
109.15690220346525,103.1240653369162,18.640371106307207,56.296293379216294
104.08589304031169,97.07519619080907,19.076727658932704,55.32035079374505
103.48539408434353,95.348887413184,18.866195076179082,54.77933150245282
109.22619583765116,89.84707389862545,19.100473870894383,55.6921382190699
116.84399304156767,88.42580781900247,19.147259567126312,54.976521040547304
121.65609973182454,92.59744205152211,18.97666328255982,55.267229511848385
131.4196872834364,105.92847825189028,18.78267337525898,54.083510611478225
139.9678992906189,118.50548645410075,18.576958284233772,52.895669286403006
146.42769042102424,123.51843300103022,18.41368553270048,52.677484932778455
148.9306026780415,127.58297991533442,18.448612952717433,52.719794989057746
155.7604085665935,114.27524202002658,18.48821134254461,53.1401490145367
159.75635553136237,105.2968626562088,18.42269041792021,52.402304775863655
157.63144972556165,97.69665126709032,18.410790908916187,52.43322052742825
153.39903553886168,96.84174989758566,18.169030537198942,51.80743576491169
151.2244633867064,98.7414580066346,17.752985193834967,51.59513006622299
144.76545678182072,104.46718527344419,17.574218580303068,51.037474360728815
137.70829922851655,113.83549345517889,17.77660169533424,50.61510703595569
120.09737409520729,121.09662339451809,17.62903667874966,50.68620805815621
117.48645165014271,119.39606690723491,17.76321028897157,50.41433428688822
111.36303536624516,112.29154893676127,17.96849794252108,50.19185071947366
102.64725262396315,102.3864499972355,18.088642986411255,49.89073191761703
101.7105286484546,95.57835333548954,18.208944885067844,50.89095081483943
105.1470373121897,89.20470431200185,18.29412944282104,51.08421844341879
110.48848990036903,85.75113485193776,18.314288231306115,52.10054448970664
115.41709689825423,95.21755794014734,18.14433486328229,50.42237894683241
120.57047389200517,100.49001145270665,17.963267521288216,51.085708616049715
125.83993609898262,112.34406319660025,17.3152799588348,50.88888137337972
132.60141063423998,114.23124410615287,17.136266854811772,50.47713037123003
139.74324190674454,107.32705042139594,17.341185967212333,50.265762377279536
146.8249985733629,92.45715795492018,17.614937076419455,50.26427915227209
147.08523769102138,85.4572870460471,17.79599645020282,49.55863480821404
145.4070452276918,83.33967738173307,17.587076859115996,49.242192645448064
140.1208888406769,83.37151074917793,17.39110102078004,49.53661926168404
137.5642668496706,88.08241979360858,17.261992993973124,49.114277605623045
128.31515526208264,95.67510089097922,17.30066531160507,49.39050808513713
122.31481724700637,107.08087374801741,17.00329713704572,48.56436924667111
111.75080273862514,109.9690768006909,16.77743668847613,48.36366723907194
110.52243651092769,110.2435704739623,16.55549468441363,48.580746920574796
103.27063025862535,104.30882149445327,17.184737567741468,47.75691411482235
94.2225121465494,98.98225066628332,17.304491400535934,47.31837905912611
93.64459574670312,95.71923468705171,17.054615410403088,47.82587206571556
97.21822208797103,90.0610994919934,16.909396438346985,48.58353535439173
102.43694899290546,90.57404589267841,16.727281297301367,48.23071632163744
104.77742992336863,93.27911415976217,16.579985570255648,48.09957816240887
114.16146234060218,103.29255230374616,16.360664937448696,47.82333702153562
120.20547563642188,109.35485848236681,16.327166582198444,48.24720660551746
124.49076733593881,106.09511739494306,16.071636169309624,48.20633216339108
132.79760107740594,104.49627038616204,15.886992429051151,47.754735380858534
136.7130799415166,97.50941890220959,16.109886782128648,47.866163225167234
144.9013298012848,84.65766125508634,16.210441658539533,48.41017839734343
145.2435458450776,80.68454645873507,16.485292505619626,48.11459242302935
143.7200398719968,79.11940508991415,16.642064497786464,47.67596313140483
141.04748672590355,83.22273266681904,16.7434197409312,47.55781753722641
136.91392823640038,92.35405927876855,16.910898734708024,47.253954138766844
133.02665383485675,99.20405551313968,16.819407784835096,46.90089312754411
122.3764507634899,112.69480126415453,17.069606789507283,46.780764082789794
106.18444075748394,125.6926551023607,16.922136475591447,47.97108584058157
101.10113375687735,126.90739316063738,17.087394351926726,47.47121282385122
95.68426232181483,117.79059770909024,17.4902786099912,46.94658114698946
91.36035104545162,113.63909430048591,17.221774639890473,47.14146895327282
92.4766962895957,112.23449029671413,17.53773370108659,46.80813793646334
96.48611216952794,106.65439400354381,17.484277841490645,46.75338949802368
102.61811598729946,103.94521897081319,17.46353058955357,47.18939493610456
109.39040816352164,105.56365130523247,17.80849167778304,47.87103712799906
116.44928430584658,106.27311921738564,18.39042925824547,49.09559376394357
125.84924805735513,104.11515785878554,18.44534298752816,49.88527970860654
126.691625874208,105.2597570431287,18.39990415107888,49.674435937011886
131.80627450575852,104.21848619192858,18.340526855629214,49.059248528694354
137.12141066231536,90.53634032380009,18.495032183811947,48.413471371518696
138.4071477804884,78.93850252248812,18.76855106193728,47.10631456142292
134.46655249757802,72.34835826428078,18.958118893688233,47.164427861162814
