110.5,101.5,30,91
110.81844282065892,98.74778167388533,30.64194727112723,92.21303621964267
112.58855149640144,98.56560738516198,30.94351248952745,93.65560349559095
112.97923963287201,96.87941945797826,31.056420047705846,94.4809880016918
113.69905252188906,97.25618836077308,31.362209599604924,95.34125274832535
114.43531536575738,101.229841722551,31.83644659287566,93.97299561201928
115.32298455424066,104.87467053726876,32.74859176502713,92.21696596949172
116.3564013588622,106.39299836111655,32.4252170228571,90.24257285689134
116.79394501413142,106.77229975177045,31.85853549907136,87.15412583920964
118.57378365347792,106.50448661574326,31.782317693034635,84.71712661726073
120.15627674585781,107.74997724929636,31.547580484028614,83.17245426100123
122.30492294905983,104.31342201593347,31.64231021049811,83.4306970405017
124.2345729742473,102.51705569590796,31.280639325772587,84.3895061499741
125.81374883273459,103.92183105750568,31.415709354098304,84.30433091315254
126.82332934241629,103.38566963286905,31.371263090746886,83.58024141367855
126.7860440565218,103.82643372703596,31.141821781184387,83.53841142080219
127.08450000909704,103.37274535042073,30.92442060653888,83.5070076278443
127.20815723278584,102.1847197391325,30.693027835692725,82.84340030397298
127.53322604962219,100.09781292228448,30.200703944776865,82.1671019763043
128.9371190325174,98.30553039182276,29.840523827298828,82.15851594469845
130.6288419253396,102.32686902360716,30.573219837766516,81.08783069696827
132.1119259744097,101.41113077032227,30.597998509340645,80.33450219178876
132.7650877198741,102.3137501794197,31.474984335046976,78.38661186037504
135.41672137335993,104.50295484321575,31.86022458499057,76.8787936964182
137.4665418240442,102.60410325064834,31.440564438474325,76.39624013335354
138.87900341369985,102.90326758672306,30.940876387565744,75.6315946390329
141.04993727966854,100.90473957501578,30.09341511734408,76.28418922140743
141.49628980317596,101.94396051163467,29.651184660392374,75.39384589801247
142.6031261594233,101.06657078885803,29.42482366874573,75.26492652249793
144.81553800866902,100.14211443913838,28.455356329736123,75.44508929346281
145.44275777072204,101.39124876353958,28.873412289982163,74.25801995210213
146.9495711066002,102.01169809920911,29.03549248162922,72.88802399787656
148.1597820877758,99.32080153582879,29.128551420996125,72.68279243591651
149.46749298464636,99.44074463183284,28.866022502926388,73.17501173745393
150.48044571246405,96.99274158686399,28.854320834140978,73.0926633733511
147.16268435239988,97.46094894781561,28.638986296426285,72.53202994913158
149.6567297192532,96.86803148753482,28.55888315732414,71.69479524956071
146.27799734723524,95.82376297447718,28.546211545006322,71.14103190832066
148.0497562298555,98.24555620365985,28.478257782756526,69.39856019986378
149.24144526195474,98.84726478833852,27.957975955740665,68.74329404674175
149.99317448930552,98.56987187980639,27.509506600541695,67.49663604857471
151.76072736792366,99.52841470364807,26.866567219419238,68.31352390400414
152.77911540343896,100.27097111653171,26.557496984684754,68.19874188878373
152.77105059363632,102.2142542234259,26.24087237975122,68.3895906644668
156.26937299505468,103.1149470756533,26.067810702982612,67.84696529307318
155.3657632566282,103.38043529288016,26.27739944062354,67.64563976732805
155.47070101729358,103.21250305630059,26.17604163313756,67.05414787814436
157.47788764732664,104.305555451463,25.93140847774672,66.83661618123385
161.22322769794985,103.37756663569647,26.147258947484183,67.00007057172381
161.64631881346622,101.58367849267955,26.31704980757694,67.31083760902412
165.0658390182281,100.96845186565504,26.33298080689717,68.63078211120396
168.86712536518348,102.08631953625743,26.35072747944149,68.83347231092323
169.684122873906,104.44410082712065,26.316669781751994,68.45036917896486
172.80349278736793,103.21843608473625,26.519206028283957,67.75993569185562
172.77361584439822,102.38584992323152,26.084179522768707,66.39976674251096
172.8845858249723,99.85719592149994,25.664780966583052,65.26755772479491
173.17166585172922,100.7982196981,25.347390093367096,64.31169458741206
174.50139706752316,101.8366942096357,24.75839108073979,64.22396391856583
175.58790891715262,102.35846840491203,24.864956557658868,63.78143395681566
175.38958459959883,101.05631846657045,25.082300265178922,63.532018652148125
176.9426853219051,103.17534537539241,25.66525010764526,62.680183382325225
177.4879598870471,104.03057076429333,25.403071667706993,61.70951881219932
178.42909983272372,103.58853500197735,25.88018012779418,61.20213850119896
181.00606555990132,102.64501203627978,25.955399922370855,61.33592930373363
184.02399339039053,103.95867198802702,26.169319194253763,61.060062942948505
182.96021776312836,104.73926297387851,26.08238742608828,61.41096435862039
185.41476090944514,104.26928254911633,26.22025767260879,61.69524127345619
183.80453585423425,102.7208567784808,26.09929976873306,61.8032817986445
182.79103693792598,101.69046956412328,25.98828614581372,61.87261557355855
181.89440409060518,101.25753711369435,25.865583183915412,61.72923567480246
184.60905562960716,100.27314517608339,26.04447350343346,61.32158212441098
183.95411551392408,102.28172206439265,25.99387414152261,60.97796584054452
184.5346841110773,101.71842502762962,25.95082221237576,60.95641817231796
185.07209677899218,102.43543839169074,25.869709122964025,61.0101357755556
185.46972161718605,102.77189921940312,25.74266303887669,60.662334449987696
188.00524095488313,102.10427614708493,25.603213013232264,60.34981877287727
187.63233331841164,102.67976384844964,25.27393918915227,59.97750181979765
190.54440578315933,103.11982956505692,25.023582425703037,59.06446790741134
192.47767796268528,102.49429466462777,24.596565339829205,58.83261217402128
191.82338090742408,103.82689003605475,24.293931103526955,59.3991979070737
192.30524189610685,102.04113815864761,23.863582899259406,59.551414218726954
191.86995759846442,102.70729918052783,23.607626688521655,59.709916039903376
194.1869566105048,102.57784994646187,23.65223422092888,58.707956687524415
193.73498403787553,105.76342956419091,23.278009615020178,58.14032862195768
196.3685112080523,105.77404165302613,23.205252588356803,57.128051459095886
197.17581877709256,106.32295212460129,22.69974458700264,56.90563731764618
198.53459116002617,107.8356886505907,22.553930196425377,57.324135661159914
197.65573864895129,106.49753146803363,22.714508257820768,57.318149220228534
197.62081564698545,104.80774878135293,22.47258215367442,57.55869462746443
197.61047724805604,103.72848240019776,22.593269435990255,57.58854143854185
196.92689147785103,102.03557372119067,22.535014493245964,57.22190403886561
196.97570122038096,103.93400024286544,22.479337805787353,56.67294814364841
199.63926572381735,104.55114506978622,22.1293106017405,56.81619812451143
199.71339974430714,103.97764540049613,21.65846505445709,56.703559868868595
199.966627024869,104.35507017265755,21.262861661965875,57.14696610190474
200.68921303875004,102.3750915205592,21.010233617663314,57.367986981846094
201.99123295170233,102.80926839413829,21.129032193553144,57.59149972791302
201.66706199023812,103.8821146333232,21.036751894058007,57.4727664303751
201.80368571603518,104.16718312963803,20.680368599186913,56.97760089010082
201.17034890682396,104.79280480748886,20.569931021091413,55.97630289184106
201.03046212404104,104.12629501163168,20.418137871416768,54.75878060580882
202.27430329902433,102.74872667054066,20.095406369075945,53.837676605388936
203.5055673968299,103.23601495677073,19.83559571611311,53.72452376377903
203.5040634314081,103.66564548740396,19.822587623723138,53.90526373724919
204.38001734088428,104.37903091119108,19.735659739463173,53.514146361621656
206.60692225112493,105.28488512126026,19.406496582647677,53.03933889096146
207.15358953961558,106.36186965718417,19.223175144914258,52.24968568653763
208.88672367739537,107.25422679363918,19.048961522522397,51.862350811973585
209.84410541473684,107.77417577293022,19.025667049609456,51.40985168046747
209.87679732795002,107.71761667784749,19.236082229406783,51.14384019262198
209.01167586167702,105.5102798757166,19.367743132610162,51.583165324288515
208.32048061006722,105.44143709683206,19.481259944270914,51.23728522372669
207.24744962782214,105.21237903781454,19.50585312633614,50.32883611425318
206.4516102412147,106.02345946881863,19.566045388320546,49.37047805480772
206.36473097535995,104.76540892085625,19.385776529550004,48.80521261173103
205.94413085543468,104.6296233848263,19.359813051653834,48.40698548842883
205.54973704848973,103.41020219977972,19.363444236729777,48.591921608522
206.21138262415118,100.88879576234348,19.408627449687586,49.250632615718715
206.00219260557236,99.8871124831317,19.346226378704273,49.54503756811655
205.9550784069895,99.89238435999043,19.30192222672718,49.534055082449555
205.45240586510047,99.81196814565274,19.327971937542284,49.28633739768538
205.36416613260445,100.92993569946276,19.277929478396224,48.90370429201846
206.06478692025055,101.41005026085992,19.119434137044138,48.42999325422703
208.80166008436964,102.16294195628018,19.13392423611308,48.518725306234714
209.81644725933992,101.87864717084062,18.812047396891828,48.561235758862026
211.60319961039139,100.79263942222826,18.657542605143558,48.58946220312352
213.51091049825607,101.90849889537309,18.79996341783884,48.30268155887396
214.7838005445805,103.52561480567564,18.93042424621054,48.06982016826153
