340.5,358.5,18,55
337.603423037956,357.01661944884836,18.510307950119504,55.86769722901229
335.92750788442225,357.32326277746307,19.45933960453804,55.69407448860909
333.9951714607313,358.84536561412267,20.649299793991485,54.97778996740474
331.6120007590553,359.1833399324699,21.720855602403297,54.95433403271764
330.1208488902123,359.17436734008373,22.915356286233468,54.973633455741165
328.2273167535084,358.8777572601436,23.802430001016997,54.78097698388463
326.0787924669398,358.71602607559004,24.778240533230154,54.74236676597853
323.6424185224267,357.1457122088308,25.33006509385664,55.04757937460387
320.63516493391666,355.9319785969989,25.665126050478776,55.045538150620615
318.7245226300411,357.7164770372683,25.04251865612413,54.734917153184135
317.22285486718795,357.8810568348678,24.033166975562132,54.45902693310079
315.01084970907255,358.0934014142632,23.20422423927222,54.001321215573455
313.09308195789373,358.47080815511805,22.044461356009705,54.23153188804994
311.32431225225383,360.9388684763755,20.936293636857336,54.40860523433513
311.398920926013,362.1805450819447,20.23729317872052,54.66043383166847
309.6602642849103,362.7452505277146,19.898662981387947,55.178411875217805
307.15563262593025,363.83494047648327,19.805629470124416,55.27259059431852
304.0454413645869,365.7558171672928,20.237110186933315,55.33428674806938
301.3958025656376,365.67639377897785,21.073151929729413,55.30340896014694
300.6184966667356,366.28086654816184,22.51889446549381,54.885045780616146
300.64460939641094,367.9942741614931,23.16917012432623,54.67995864042514
300.1600405184203,369.30659268376166,23.950585420872024,54.46170511029234
298.57136771816687,370.1322415620094,25.375460528062256,54.087156249441875
298.905682166873,370.8168013622866,25.394627448502007,54.314241048950144
297.468243947299,371.1207786190243,25.409811552521248,54.72886894724081
296.3819526768074,371.25851368870985,25.636350959768883,55.03786437116702
296.0941467495695,372.2813445288724,24.911160464200265,55.27717821955885
294.9944110230427,373.7157009243189,23.635882590548057,55.258555693939954
294.4842969983879,375.39574016229676,22.354988212870968,55.05162658436298
294.8587247482388,376.0804529802824,20.894878235668212,54.318170348797594
294.7551495039478,377.0465562209015,19.855600234565173,54.29539770926473
294.07925865577414,378.850794269043,18.882204261387322,54.30633951878933
294.2643791236415,377.8382897723819,18.384280133161084,54.735866639552796
295.02682684972933,377.38617656270617,18.18779494881526,54.9272437399231
294.95232971925395,379.14595085583744,18.310527544838994,54.66816554398038
293.6707396231367,378.0021763643826,19.498347486600586,55.08155650210219
294.0475223240916,377.99952174529017,20.954120034443605,54.948942901956855
293.35956838660195,379.4543159216598,21.579523594523405,54.24122236804992
293.29212680843057,378.96255097670036,22.58542533940906,54.11224074235149
291.7227667045798,378.29129089785545,23.084900275427938,54.20613800575421
290.46433104651743,376.30022137204236,23.36400580252066,54.875486186713786
290.1541629391807,377.4343933944915,23.074146487733216,54.63713305329925
290.8484026837185,376.1566634161208,22.642901440891563,54.44172254380844
291.4066466522623,376.3030182130028,21.746378365673923,53.77899107037135
289.96566426645126,375.4262304534938,20.89953020432783,53.53267983821446
290.4776158746291,376.6191321787882,19.878282513198194,53.59003930571646
290.36896739451413,376.5823887468801,19.153183488301735,53.7047397862615
290.0516024066458,375.3889223007446,18.813884399859788,53.79053380066382
290.50848262454923,376.1216080339953,18.449095974665532,53.97644369097394
289.82749153730015,375.35986399546425,18.560292798364078,53.93851371154797
289.32231877544723,376.03365461662526,18.59681322498596,53.90892694459069
288.40634079298235,376.36502508906625,19.573732275567075,54.02927867730192
287.1428480506969,376.9560099488481,20.63780055146635,53.927806699437525
286.0463955661222,377.7562625858654,21.782672402367815,53.75445799297646
285.6198817536771,377.77255276919175,23.481065432340806,53.331040433788345
284.8724680882781,379.1915626924931,23.80531952858066,53.10909634135122
284.211687874405,379.9502923459044,24.496140744290663,52.788674016111216
283.76475821134625,381.0538918001438,24.668122853115364,52.60524353262032
282.26944190848394,382.17385815128574,24.756458438881452,52.41481105731087
280.3567729603026,383.00364689502186,24.49720923807628,52.40154819081037
279.4942735178846,384.97538973146663,23.255803446474808,52.53100048331382
278.39798391146195,386.1621107025849,22.010138078097622,52.688416819351836
277.92771169304797,385.75534337267527,20.597890967150274,52.57778205797507
276.50884323205037,387.91220252966025,19.716137122620196,53.066671757158254
275.0574228292529,387.32769209529795,19.02703108792887,53.97301942670603
274.2809280519809,385.5708323882503,18.536974168016215,54.252658526165064
273.09047065831317,385.17414649668837,18.383180217024588,54.31357070454881
271.787046288288,384.39447636415883,18.642585614865936,54.56510268961675
269.74477358315573,383.1231570743856,19.516738073165257,54.686991604856665
267.7389579861246,381.28862296735224,20.211821158172942,54.713666468322096
267.34847116380024,379.51118208058034,21.821258714831814,54.544358006728004
267.4476582093126,378.76774056135474,23.004480712216605,54.1092750884912
267.7675428197054,375.9963236400113,23.668782083357563,53.998063826197566
266.3566187431193,373.6406077559855,23.865222779177948,54.16928773139528
265.0980360778465,372.8519567018482,23.73231458143387,53.91630858204037
264.4459406016189,371.02681615933625,23.1869458691628,54.559378935558016
263.6092220754962,370.3918601927365,22.229609377096754,54.311354877470286
263.1009934567575,369.4501576862248,21.21662835735666,54.290011093076956
263.77690820493575,369.82773264907934,20.173781620714266,53.970264991220475
263.8077735568298,369.3938614974029,19.280576731936364,54.00260772649246
264.8277384056898,371.51441381296456,18.54314215617218,53.541725988130366
264.03579599031093,371.9928432294337,18.173902582976375,53.98700431549335
263.70059866831474,373.5174795125657,17.89838194519607,54.152080542258965
262.99840161055783,373.10870248755685,17.60008557857037,54.565718352538234
261.3395725249805,371.91074737152394,17.72229511271628,54.74581757042867
259.27789475790365,370.13030239361245,18.50032326955064,54.83338132004438
257.25671794102357,368.0414072656236,19.48300788551905,55.04238938951387
255.1434863139728,366.91867982456483,20.54570213289149,54.748746962518936
253.9540826251084,368.0799782829768,22.094847366436184,53.591621241869554
252.75518425867526,368.9514858870669,23.083254126615692,52.68767826116739
250.39567301676323,369.4319919675777,24.119980572765854,52.39581514132165
249.8314235905317,369.30730617486427,24.33613330057982,52.57588675320102
249.42630046683152,368.76681433221466,24.268502789404774,52.86103881780703
248.75496643146454,367.24651174733776,23.919821472969854,53.27656697835983
247.4021603531778,366.63959709052733,23.323052114040337,53.0026769945716
246.2729009116723,365.8646680133171,22.098068132213704,52.834208103551404
246.69581972067058,365.4262524815463,20.970269937444495,52.519456248925884
246.84178165426397,364.3140597601219,19.81234279534012,52.42975906924663
246.69298487321205,363.4555190187279,18.6675744065696,52.63331292027498
247.2777869910654,364.29630957295853,17.78778139460827,53.1127554286045
246.69891648033942,364.8132597710355,17.483981836264377,52.80662893725097
246.32619352554175,364.5000400223502,17.191365888636184,53.20500695231128
244.14103183382824,362.30752813996406,17.522094144957503,53.48082165641459
242.82813025064274,360.8752854258692,18.163823195575347,53.658483478113205
242.40184705656142,362.4932592892876,18.649470394046453,53.42819556992572
241.12761889518444,363.634129823893,19.178307251926146,53.4127618546884
239.3656188410169,363.0183574082693,19.628900902360208,53.66313936949893
238.48881334919574,363.5116908785284,19.74739161336614,53.53908819312184
238.162271171496,364.8165667026307,19.66456144039571,53.566431042597856
237.20278369652803,363.97637275892487,19.57652426150165,53.54707768569349
236.9986569366718,362.19745854601615,19.322359832968125,53.50172117308006
238.53374484135097,361.9073772789469,18.7991067073256,52.86517695444148
240.65000495325916,360.23859985577025,18.2353694329569,52.28585619998003
245.52912509819328,358.8723069652693,17.658467453330324,51.90662342896478
249.1054496781901,353.2527299679676,17.025822088960492,52.04876013536007
250.41356365552747,349.92229106165746,16.505052641823596,52.1923983773627
249.92133616087386,348.7936464374449,16.385549858875816,52.42522278013041
249.4950594487545,349.4285484348202,16.351702225871236,52.83028069333887
249.36845262324633,350.8354429847427,16.320138384602785,52.86617726243916
249.5530782617366,349.2834834343658,16.559664690267663,52.694328083163676
250.89648921811676,349.0565744978811,17.27846049143557,52.694941115711316
251.61588400543684,350.67667201010465,17.99369909405675,52.21555122126913
252.21381917467585,351.3798143920759,18.970532736978246,51.88857878185057
255.08484028706332,351.92486882323,19.798124472927213,51.8782475179234
255.73178072185087,351.43833125905684,20.824890604618595,51.771139736304235
256.6772895602507,351.83023134399417,21.145355214272175,51.35782898493618
257.5730839762514,351.6363270796805,21.227000058227482,51.550713904068445
258.7001947454099,351.5333089522906,21.39538427285552,51.537835620226275
258.739262023992,351.8154890002165,21.532028973465614,51.53166390318544
257.82107147747126,352.5458660303574,21.492917970559844,51.43881653254747
258.03294713587655,352.77550977052067,21.38815542399569,51.64609935804509
259.06283320393885,351.0497271044506,20.828582844221856,52.13976106660439
260.6955810285929,352.856040434417,20.081428497785357,51.84505437623024
261.166128285912,352.7552056051172,19.44656652494679,51.694416208549264
261.4499492289114,350.86458754577,18.843800936809266,51.89832507580931
261.61937990410354,349.4674132107491,18.322251573705934,52.158406797151216
260.8470387164965,347.8750163147225,17.99860907308832,52.392791653657596
260.7094459533563,347.5525866097869,17.728257366016127,52.52372455748623
260.9758948737642,347.1335060954896,17.47482797217028,52.72531525164631
261.1906115050398,345.9394617927466,17.481638869556043,52.50787907876618
261.13158031861167,345.7504147613243,17.919763283694945,52.656677336514235
258.7961960693271,347.28136157826424,18.565568880194935,52.31829468324047
256.6241550409359,347.44356870450355,19.054297104732523,52.21473912388471
256.30759906063844,347.59742868264465,19.31654568727945,52.34966227358622
257.2058197303581,347.9974933801641,19.390920101776956,52.20286552920874
258.4304192302127,347.44790008663983,19.52207436210801,52.22795734391843
257.86979962230686,349.39726072944507,19.47821610286784,52.255304841114395
257.1371915886637,352.5016438090492,19.314501005412527,52.192422242086764
256.34782353322674,355.9872737843629,19.12291836971974,51.8374066075604
254.60145356292782,356.11018557236116,18.709963110351165,52.16371949329865
252.3536520635869,356.11436794840193,18.176561058373792,51.99655251503136
249.82000475594396,357.050558577045,18.07215281187385,51.89535617900977
245.01969824162606,359.3961552140125,17.726925958612618,51.40340835795574
243.12530348643946,358.56095113831435,17.41182981835108,51.03252169619587
242.27029681211388,357.8095593225815,17.154090948755737,51.31643933702285
241.8500452368597,357.55686454503973,16.933723332624417,51.83305410354048
241.35806550503278,356.9066502118003,16.8553535039809,52.03601785092903
240.6908288017581,356.9141769286451,17.04525429490676,52.48368215896737
239.2770831670315,357.9853439644156,17.332923939604115,53.00354162418467
237.4110194440389,359.3934087722047,18.061068841643987,53.59459637101807
235.86239699487203,360.00381407077396,19.190684188090234,54.27963713801525
233.7523614107578,361.13826082257043,20.21479149676061,54.68150879593655
232.7645228178668,360.5726987533695,21.32245708872393,55.33028344917959
231.3198560078191,358.67960692703997,22.29219594410985,56.33655916002035
230.1345339621854,359.81293293861347,22.69138744157384,56.89453692050372
228.7358654140238,361.05723489145356,22.988390036630562,57.87704121298938
227.55187667309113,358.6583764193998,23.570887138437616,59.057062587104795
225.99386983070005,356.7794159456824,24.14097210656024,60.0586175200591
224.2311329530903,354.7505707207997,24.675289045297163,61.33330845429105
222.50160958961098,354.6035002101624,24.84524680779358,62.21066501025264
220.7989991087343,351.13590226193946,24.557736865921434,63.15868258104547
219.89587035120957,348.3707921584571,23.72479679300396,64.14272540077263
218.89703929878115,344.79085786852147,23.214426099093703,64.82589748940244
217.49060504673926,342.99023393703044,22.34327241499085,65.94458638670159
216.92609516663228,343.57966598228563,21.938228597552843,66.6675683474073
215.57310271610814,344.21706572880925,21.71826893187442,68.04516815588902
212.64120508147744,341.8081928515851,22.130096484918802,69.3514872230967
212.62349432014437,342.10511555847347,22.42616625816474,70.67346717629383
210.50453646245532,341.2480456719451,23.755723876466455,71.50612065269684
208.79560471454872,341.33326168195987,25.49600558517026,72.19985703820012
206.4070668232183,344.659033301516,27.19021899066437,72.56970519084199
205.98094735999382,344.2469179779662,28.113221162338306,72.97528828044454
203.97323143264924,345.95578295162517,29.136553493483095,73.96235016509686
203.0741963924017,345.4125835965514,30.0599966990545,75.65086706934753
200.78395210228206,345.33884461944695,30.585977070065276,77.01781480924684
199.2980381650814,346.3021080326982,30.53376329178712,78.2255703332845
197.33524155327603,348.0152140505057,29.697364060869077,79.39812462457381
195.66396635761373,346.6131047170085,29.26742728864997,81.10968334131175
193.7746386415853,344.8708215684404,28.648196444461675,82.48557868851204
191.2354764268467,344.4027907220305,27.991175510321987,83.75302772235442
189.7866542279739,347.5694648577527,27.680226539537287,84.12737684242
186.4943134174703,347.8065057710823,27.731731261588195,85.41836426205293
184.31462873123454,347.28887098509756,27.69952625127773,87.52115099539168
182.14937807538914,347.03019029241676,28.286760742060924,89.28069642368393
179.8932689339805,350.46875389394364,29.138611297598555,90.6526803961673
177.15066125816867,353.67041189006545,30.82385125401956,91.90621760292885
174.59148959159776,351.2907335147985,32.920040494372714,92.61433295560511
172.4862467989015,350.4641658991397,34.572917475334066,93.32890340954843
169.65411116340888,351.53758851166884,36.32090323148776,93.94495543752654
166.7984142337237,350.502052692689,37.59448714670533,94.95003996534832
165.46877190072811,353.7411392617932,37.586044342298536,96.55441210759649
164.0359249665069,357.89000663794445,37.39824900251949,98.67422362757173
160.52954708152114,355.5308537365161,38.920427074737105,100.23932761196227
158.31501197797587,357.04610404198814,39.60389848879785,100.78419898168538
158.3213241792319,360.3202564383911,40.02725619440194,101.63156746387332
158.46047350512734,363.2389841438302,39.56967168850993,103.04522928245683
157.15356591721786,361.0451712649248,39.26356308198026,104.78895464582789
154.71129396794169,361.0720362712075,38.7288913013639,107.22764578347001
151.87570315840432,362.21908888094475,38.81725059759318,109.90769742053234
147.34749856054106,364.7822509724308,39.56531304496761,112.90434381861496
145.35821959332895,364.4409882771062,40.18073802574801,114.60590895936332
143.80541176344633,360.3937082530658,40.80974302496032,116.25331639285054
140.98688894548957,360.75600989718066,42.76710402189681,118.35221254576774
137.1395953009944,361.6371657491414,45.02227633285982,120.66976439012515
133.8853616867969,353.806680089082,47.13375230835564,122.33784916696996
123.42014831819134,352.4288830028631,49.50504742325228,122.97073334986011
121.78188278064313,351.63060615545226,51.7762642674298,124.15500365392134
120.33041990539718,346.7191659087822,54.6499246197621,125.36083683738592
120.29158196141796,340.0915044228691,56.41455572126729,126.17316092310371
123.06601663377201,337.0599488875885,56.15765424536412,128.32456149294777
127.94829752731115,338.349108275635,54.935654943027046,129.7729184179961
135.69054665790603,340.25020350768,53.85439020997448,130.80131295680528
149.76226874157942,333.8205492446597,52.909892041773205,134.3665664977995
162.66956266063573,327.05968919953284,51.90101785722504,138.31709480033348
169.7114517159083,322.85139500719737,51.99293325864275,139.89100559177328
182.28501837298268,321.8958958307388,49.87731697330267,144.1210718997075
188.02330964369082,327.35775781284383,48.13289786114662,146.28011542206963
198.12699518262903,332.9996131404747,48.48814503888544,148.73258697963755
199.99720672881455,333.3458257749491,51.087843692577614,150.4636555728408
201.43290158548072,335.7193911618679,54.6193208196078,150.93538256420095
209.31963675323544,338.6598922226784,57.8407082721843,152.32026102729674
207.6766742280381,341.1360573235137,60.96216449771554,153.98381512967285
206.1853867945621,342.4054090048322,63.210516773744246,155.8354458963693
206.6444005717065,348.2650563466565,66.24436800554246,159.15030038264268
207.1188787200959,355.45554333284423,67.24167812149871,160.80854149815772
208.65919825378495,355.11834267781205,68.4658371803413,164.20534275824951
213.08603064908783,356.8859157851673,68.81002833913735,167.05004263957795
218.73906436427495,360.38328386823093,68.4135573519394,169.9195824057626
223.68484466278255,360.7519054729048,67.24298788956779,172.84559250375736
230.22040579883117,362.77763144527546,64.63688198252183,175.74012015420038
235.8732341669521,358.60088391358994,62.32380566009829,180.99963848150276
236.57730400538702,349.8038539839987,61.29136603978136,185.2651079476189
235.9669152228358,345.6350021415236,60.472808115610675,190.13254457515012
230.9593882629223,333.7175883319881,61.43292944113844,193.54144598572506
224.39276746130867,324.5368358210388,63.01544415380171,198.3157975728703
215.69140012196596,313.66887535972063,67.29041413064387,199.62640836061894
211.51239813723276,300.66053988293544,72.68679061674233,201.63934281821764
212.92699830940518,290.9419016184357,78.47218854662844,201.07788010466342
208.05395118784998,283.1020407733157,82.53704556897466,200.38623529404896
214.3363685133341,286.32921734945705,83.44806483798936,198.12410139912097
216.0962223966152,281.4741390063708,83.55444783642656,200.30377531628102
221.47536881085875,271.6214163563792,83.42026904449952,199.69938327495558
228.92862480920897,279.4318419444818,80.28200655951781,197.68998515508594
234.615982325284,287.43951691306177,77.09422504482382,195.9882195456237
239.89240394331947,284.91262643774644,73.51485964917646,196.75096341358224
246.61853940166333,278.47907473630175,70.05804352069676,197.37376406683774
255.97901161711144,279.7132220595383,67.12117005842848,196.18545496743047
259.7218970145123,286.893940264558,64.46187440705933,195.71054847987637
263.74099002383446,288.93246101464206,63.199912047930425,195.77057954287972
266.6233490524977,292.29021170218874,63.24306962384361,194.56906523214784
266.2212274870604,295.51957942757014,64.58659275206706,196.21881595692219
261.63044276377366,299.83947154373783,68.81005758819745,197.2316005417255
256.9201376937354,301.77157566573453,73.43442072281132,197.17310189818062
249.91659368220405,296.414208200187,77.8434223887573,198.34007586583587
245.29113869273698,293.03037965505854,81.96457639387552,199.06308144776142
241.47277723822708,294.51420042825896,84.65863754065776,197.793313374528
235.98568174034247,288.1263834510663,87.38744050542114,198.3645415443063
232.31796763612186,282.8138890132286,88.45715454531378,199.99351487127572
228.52917121846468,284.297663416335,88.14950491846992,199.59138097061106
230.46393335590915,282.1766648986321,86.27040158111913,198.52451436618526
235.23082697052394,280.0436278794065,81.78522313179678,197.32061817834875
248.21957872510393,283.53687129804166,76.55282918074224,195.30870543012855
256.5951292292431,275.9011017365012,71.72657959000534,196.73582888853673
262.817225544665,268.04768923549227,67.98297327813134,196.57303642839628
266.413568342072,265.50752654962605,63.56391448766921,200.2328397063559
271.46569915767145,257.8044235662355,62.0342959915411,199.11084552360086
279.76648962841773,251.97205753827595,62.56624280578585,198.37653640367768
279.1647548317656,245.28141350376222,64.38234479292703,199.12011962346193
280.0857824551724,246.16387218725157,67.82421984777969,198.7467611420576
277.50451966704577,254.33646427131447,70.17076928114963,196.6758222360778
280.8948032456334,259.7021659872936,73.0022912810789,194.41688527293059
285.9899527141376,261.182312978445,76.43362778108221,193.14985625187046
288.820525433299,265.1886607438788,76.75467056755188,193.29807418841
290.29038974414755,267.89875773350684,76.82971960622467,193.1574288541736
289.46935412389183,265.9058970396689,76.15530091181479,194.36615601348637
291.8175808648605,262.6831807194591,73.60945358527306,194.72853697238742
293.4405097390247,259.7158920140668,70.14846172291755,194.11471398110294
291.5987975204895,262.3516474684387,66.82374321183732,193.41154289703562
284.7277079781597,265.53678165878716,64.9348740939823,192.02661129688678
279.63937381823473,266.544854803602,63.34775800526285,192.6109527163025
275.01466551320874,266.20827939508797,62.39282414381835,194.37021186024253
272.11981336665553,264.1641104966477,62.65943712070154,194.28784100081197
267.9002454100242,260.772884124862,63.417774026548464,194.4925039609056
264.2727252659643,257.4417059124131,65.0504798343826,195.26747549429336
252.99455040277974,259.2290993651851,69.64096728658183,194.62228572810795
244.6086296888725,266.14423652954923,73.48633795786556,192.07075323592755
239.69926394748444,265.72639508602515,77.30086469058065,191.91609475763838
237.41499659775792,265.2040389851505,78.6984799716987,188.21066581558887
233.69682859480628,273.4165786684439,80.8192279801655,187.58039102206118
233.74695835736975,270.69857911050826,82.39725214644477,188.90852098967792
235.71159578957483,270.008713726436,83.30803036354706,189.40081739445736
236.33678260385545,272.5906797707243,84.16230151037644,189.16953539514464
236.11903349564503,272.3285347951699,82.5049850428831,189.96181706788354
233.6306720145376,264.06310506234803,79.13988156619413,191.20323542482365
231.03255451511865,261.0813858366525,75.06255508737094,190.80853674547745
225.8453676615306,255.93105770639676,71.57489781157588,190.59826675934582
228.55196020933948,259.57282370151654,69.0923662880406,190.60962135815663
235.63229202002103,263.4590052249301,68.79955201665307,189.57755467516006
244.8592564451433,269.3798386630483,68.01869979604719,187.46672943558139
250.4036466055794,273.7317665241335,68.41297268257243,187.45415598574976
254.15114238486237,277.1851019160629,71.54147813328389,186.75578007036034
257.89642254591814,285.00627365552566,74.98752994038371,185.50717247705487
264.6478197966155,296.39488995542706,76.6543368794187,185.55405944512307
270.29553897977246,317.34659332588865,77.47518192985288,186.0857608890144
275.5775842454179,321.89333919260525,78.89881665643559,186.45451605041757
279.39136825150786,323.5251503089282,79.11993676986592,188.42283885561358
282.9068427873871,328.64955845751024,78.64847408726757,188.83098209214089
286.14593197088766,337.01526057563876,76.54576349751869,188.49028105717773
289.03871500197687,339.5857247748977,74.07742551418244,187.63705760327042
292.1060868613561,342.968273783153,71.56283927566383,186.36600818218835
292.07254593527125,346.22187649154654,69.50997345594327,185.98351809361785
292.5808388639405,348.40678279368103,68.11558618030026,184.03183350295964
294.030984108477,352.0281442804949,66.87262227032122,184.7002509712264
296.42298100735815,357.1405597216916,66.97427672313886,186.6096478415186
293.1087119534185,363.18409760362994,67.9074141161439,188.5501866711478
287.83590753970964,366.2544509315576,69.21162603956981,190.73434440280477
281.66551253683724,367.47116256679817,73.53946514809792,191.07165162777642
276.68628752866846,371.0850612663234,78.63790215631781,190.15384654211095
273.08350927542403,374.7293940194177,81.85597277718642,188.03239304535225
270.12118218306694,384.716036071394,83.84533924789613,187.6530534909602
264.7341997048188,392.8056483706937,86.26342155973913,186.91218433822266
261.46400797355165,391.95809627450546,88.83878341201344,185.72907202554853
262.38939353378464,388.5630558078501,88.26108799135363,185.02247937487488
261.4879855351515,382.87481068501165,86.9421738994323,184.9871463478467
260.87372486625645,379.50603149354913,84.74082034021916,185.26398180749288
259.8375207995599,371.6353245796852,81.67451988215117,187.66353867873886
259.789923465942,366.60211651364455,77.95487518628876,187.86148461886455
258.7947327184627,363.8084567825945,73.60438105563713,188.64410704422153
258.23147438075966,355.923078285105,70.98578102038029,189.30513331868048
260.8927080039289,347.4220562628355,68.99438658135381,191.20458012658617
265.03116911962815,339.88614308485256,67.10935439893605,193.53003044495438
267.3932688194551,338.71007226335007,66.72295216419907,193.1010825436631
266.9608543799415,338.427476078234,68.33815154569825,192.54804123317012
267.2070144180766,341.16841833419176,70.31380994690613,193.3315943242514
266.75187579145484,343.5539074977232,71.83342369554906,193.9946784781151
265.48932242762135,344.60915721058007,73.64826967435287,194.4098405209072
266.2098631555647,348.0132761445618,74.62239965759892,196.15436563817326
265.4522827952573,352.022130278007,74.97238768210005,196.13599599814432
266.79501227924646,350.8392097434152,74.636014521922,196.9112773463349
265.88517330990845,354.94087386157736,74.07152192837148,197.30985874746185
261.6932903374624,354.55873110364723,73.05373948764353,198.96201451545454
255.4538205644705,351.17212583177263,73.95876355205985,199.7600964085384
250.03972433733136,351.8068392629315,73.47026842241478,202.82774907121467
245.7518578505671,347.4484525404489,71.3177747342612,205.97499202911928
247.74136732746504,344.16769807724074,68.09958028197975,208.12956574053916
248.13393740767077,347.2010623693965,66.99780978790628,208.05273440735692
248.817437011141,343.1536183969754,66.33341600727724,207.8780291133685
260.0870141595956,337.3232392601799,67.33192612382028,210.6883330565151
259.58725335754644,332.9052583253216,70.17540574812882,212.15058906227912
258.9004424528689,334.6393647503148,74.8003777218974,211.4007151786623
270.58902419143845,331.1378826769419,78.16893796912345,213.15011258346482
280.98806392059834,330.78729568014717,80.8790467584844,214.4194261301243
289.45906692012346,329.591290962064,85.66457219253962,214.75184594188565
300.74072244389413,324.9676759261787,90.3372306884553,215.59597599992344
312.362717626336,326.3662682259527,94.8277450232786,217.04690932411194
326.2676744216846,329.6335130505294,97.83980141854329,217.25762793835574
329.8240010662926,329.8314261708508,98.12962300954575,211.81164891908742
337.18404630882964,332.6513627039664,92.50766275060703,205.70913601439915
358.59560295721883,332.61429943767405,87.27147877511763,200.71550541731466
374.3347047801341,341.62030073486824,80.90737272450201,195.98344724278724
383.2923737785384,343.64128232925697,76.20098286306941,193.25160964338042
392.6034168826221,341.442193829414,72.3948699367622,190.83990686325075
407.3767259325745,341.5400864590515,67.63581897552936,189.2380420732598
421.9917791898357,334.11491587106366,64.33036456061632,189.6548543490889
427.5489629114522,330.2346244655786,58.00983275733699,188.00967353396047
431.2088214100984,331.2710758935301,53.44169528313118,183.61168146182513
433.95074769052707,338.88946865933144,50.24603237185569,178.4663246869364
434.9489833562495,349.2468348660594,48.38664524138898,174.0815731237002
434.0989116971131,364.5473669751362,47.61220445703127,170.1521302281784
434.35072730443136,354.04238084110153,46.89019928809869,165.08542708120868
435.0321986109342,370.6400445104979,45.94166669997431,158.33799097776748
436.55587239368253,365.31339846287494,43.770576673273105,160.24731983143627
436.9248014466233,355.9460626484705,43.516779570122914,165.00182883970064
432.5476262969688,353.3686778245722,45.12567260167066,168.42061845362275
423.2697622514812,354.6420005426639,48.89860860127629,170.62160122941452
404.62010872180804,356.2284051533344,50.99018250632574,173.1956644331528
392.3212074053563,358.72814802314986,52.59702978644606,174.8066828439125
379.3493689629313,356.0966676680796,53.800107992707126,177.8117752641056
360.24204391120594,357.0989449833037,55.06951807540583,180.29008119884293
348.81852288437483,358.4533421379646,57.228205636880574,183.76246450564042
337.1410140624705,356.73353308837613,60.10170930363849,186.00027856295497
324.63917461807347,357.0243245934407,64.72468331267177,186.13257042932486
314.7995636998963,361.81250033360453,68.59756397776155,185.7852438360823
308.08368321324986,360.2606205452412,72.85781997668911,185.7601930070777
301.3251373922403,360.73346757035466,76.70481903600562,184.18770020788077
294.78081203785064,363.0797529875034,80.00871689902084,183.13097145846797
288.50286586356873,364.88164521104136,82.08296652450115,181.75131764188512
284.63070659230635,363.71624209468587,83.08258511203928,181.84951650994168
279.9612542166918,362.2293828988936,83.49333396422054,182.75562082300445
274.1445047282542,363.91622075353916,83.29135606579051,182.1937601371355
270.26699139126873,365.99522098858495,81.05617411396801,183.91751883376145
269.8701919159348,369.36206306974805,76.53142799475066,182.29266989177222
267.52866946217756,367.4579529831932,71.82460035130079,181.6375645643937
269.6434640117917,368.4190812273185,66.97572513213456,182.3660861313341
269.90633420885354,370.49984466092235,63.821894833225784,182.98864215368332
270.35041765567837,372.5760220600042,61.778231461495345,183.87202820787542
272.6877070176604,374.76495873118404,60.35160734454115,183.73837607599563
273.79699714460156,376.49203437152676,59.54949773751704,183.72123556038588
272.34302315940124,377.1432616958699,60.872290340066506,183.11999415232305
271.98865258356733,379.5562295810338,63.98488681552574,182.17761713214776
272.0832707416567,381.6392093719453,67.36219479370432,182.03270180462772
272.07953709440216,376.53264508699283,71.18659333592461,182.4323995883999
273.81036117344274,369.90144857396297,73.94914256553875,182.9950893979069
271.92489878934765,366.02744911136,75.24696285680018,183.55890043401374
272.83459564723034,362.97647866418595,74.87529908621767,184.12196384117925
274.8134104417733,359.40132607318736,72.70887406885561,184.51419903111096
273.86501614448775,356.98136325434916,69.79755910202539,184.9386588370308
275.6869079292858,354.32802768005945,65.88561915296799,183.01770509242164
276.9922828517092,348.52403915366517,63.57774587000127,180.8022139368973
275.06250940040445,348.3901388867601,62.32257624276462,180.12683778394364
271.89135601066874,348.576863426739,61.75040948860563,182.42336756102623
269.46544637847165,345.3512330263799,60.27006065073549,185.76953345207653
270.36436345783795,341.11214547769373,59.4831417713913,186.02677082056698
269.3698194683248,345.8997185755495,58.726076872609944,187.35930513633008
267.3861034408121,352.38897343464885,58.90709907274642,187.48454660068757
263.5077782684154,361.84260598271766,61.607693394895776,185.05072167483794
262.0018492837087,365.59632057503063,63.33818143976397,182.0636310255208
258.61749693376095,366.1084312728372,65.58127283170654,180.38225501021395
256.8556386135306,367.5048473758105,66.63691157414178,178.8919979156565
254.52642149144174,370.6811206136549,67.30275705985085,177.7912944155841
252.51159967194843,364.80909581049826,67.47634424703992,181.9233287745525
253.52929123514775,352.24924755118406,67.67083501628645,185.0562661073899
253.4616178472682,349.2195900480242,67.95522050919625,185.79489286602887
251.92027266476987,347.6384028424589,68.27805584222571,187.17889391652568
247.55142532515447,346.26206441070474,69.32621490362814,188.48865092968464
243.75081795316393,342.3660831698709,69.06751868264342,189.7728819736692
239.02226669672854,343.7585699036585,68.78192729445219,187.7159473535404
232.33670349915062,343.3653951985098,68.09097139895863,186.5498592438106
228.31582636506624,342.81675851791096,66.81883902467135,187.3409770426075
225.17709516999025,345.44240753610086,65.10853610262846,185.8749654327719
222.1537515658746,347.2765008768782,64.74860853043378,183.8127403124203
218.3207218284983,341.21054938626,65.61619560070638,182.88478401783874
215.56982512338593,330.35671799890315,67.78356189262972,180.44433544916868
214.8703339628591,321.73910167363954,71.04701326504446,178.16859321566272
222.6395798236404,311.56128795773,72.80411099050337,176.85504454579723
228.9445055653954,301.69294002615345,76.5130575721789,175.27609328370613
237.3493113532736,289.520172924339,78.33884104647134,175.15941969314548
245.5380659523678,275.0330300547006,78.06085348524583,175.22638350249082
264.1560087890826,259.30700340559906,75.67426056694316,176.46697096512253
274.72062582010375,248.1451476202796,74.0012280582456,176.43419716894016
287.0685252515236,247.33095761341923,70.9215752830523,177.04321890534004
294.09481258524437,251.16053368066426,67.18183821631881,177.7021362288578
297.2025005731544,252.90543060659007,65.30772601155597,178.96420681029477
300.4093601846209,258.0833118918024,63.51990181196888,180.8041382095967
301.6402025062463,262.03409760593706,63.606881976991474,181.77487455873205
298.8212532546075,265.64210197133957,64.69765418708668,182.22499017179922
295.6430546534346,272.3823279460236,66.08387183163212,183.03749266731631
292.46947367096914,283.513572449267,68.86041421343317,181.44465469232375
287.54096447916294,289.94136795653014,72.60760603225674,178.68773272992144
285.8330540256909,285.4406373693266,76.12930883879609,179.75953787558097
285.1183083520089,288.2723662505174,78.34062346363353,176.70595197751817
289.5589063526366,289.40451893432316,78.75825940207537,174.33409955025155
294.1556025242776,282.89689323807875,78.48996738533152,174.82396985448352
295.87410143741556,282.67989543862336,78.41972885928743,174.3483283002456
296.6400424343796,280.5154675861821,78.12609080285178,174.90128697906613
299.1205794888091,283.2234561853126,77.63886265270257,172.9534923445868
301.4715205043225,282.44245090185507,75.99880661235258,172.07809732525925
305.19257807442955,286.6814712571529,73.5902326746836,171.22658869245282
307.91498775136205,289.88405205338546,71.07676784352374,171.91106819419554
314.1196689602159,286.7090719431294,70.58642607858698,171.77367508981757
329.65893898888544,283.4319798910489,70.18910321485146,172.25979355066798
336.60140306961466,284.848769652958,70.87186971739442,171.82154040281108
345.43674470873907,283.1251370448836,70.6937554088722,170.9092279631676
354.6244308767768,284.5809619329122,71.0059040536318,170.02078918946026
359.32213388229314,286.6073591131443,72.21329268981579,168.6090244253249
364.9274877687341,285.55513825999583,73.74553440271268,168.7360341190638
369.5559869631455,286.2329590190983,74.55337060861658,169.0381232994444
375.68208289180063,295.20703611834494,75.11771470101323,168.92698997497445
373.9636871686658,299.21372121401055,75.12138375081382,168.43204095673897
367.9177702179349,297.8390104389704,74.96172801299335,170.11402998404557
366.62973297288806,305.2207612808079,72.9808018660326,170.02214390095645
368.43661807348644,302.30572077885967,69.91556206463515,170.6745963877021
375.52981778176513,308.6676919185269,66.32621140753821,170.40131958230563
380.98846235265034,317.25342115490855,62.796330045461445,169.80841144828736
390.0207719164436,319.22903554312865,60.16008139364392,170.4676667950772
395.26221235441176,317.5414589844141,58.63831540113053,171.10485432870507
398.26019400590786,319.6725318756578,57.68613480916734,172.17010446220274
403.14104771256666,325.71171086492427,57.103068715124664,171.22699276052526
406.6233708265026,326.9266287861891,58.084903238290345,171.9071503757898
405.378069643195,321.955666347538,60.79163913981388,171.02810757883663
403.0368818945408,317.97589519127473,64.20723855222235,170.9279622769222
394.5273036465087,314.9500870082889,67.14623395362105,171.5504004049789
372.7115090061453,314.8685900169322,69.5737636335177,171.85859288188823
351.67843769836384,318.55299117128175,72.3146727896081,174.8740621948932
335.54325409558356,318.7313460246236,72.42551317021737,178.14284625308693
315.75875630710374,301.4557693392967,73.21587562950133,187.33452162691447
307.71817227412225,296.9488733133559,74.54964531899935,192.83691512494778
291.7753813825224,295.5948248945249,69.81933278457207,197.39179357405231
277.41938176766354,301.3367292382429,65.70809364148718,198.98062625929703
273.0982214856313,305.71108840584054,64.06825535392804,199.11996658651623
268.8476812333142,314.13175118306253,63.039881627300176,200.21744375118848
263.1201485536893,317.9971381587993,63.151901751869644,200.10296752157768
260.09378585797435,329.3906418785198,63.11409484044315,197.76135269077935
245.12557231144103,343.08265601653875,61.27679260916897,195.84828884650412
247.27962776748916,357.4559079164642,60.53694236678096,188.7691567965312
250.0099168013587,361.3792828538143,61.166372557861436,182.93921543165766
249.63588725432365,363.0839389862873,64.95706804643231,176.4652414254549
259.06379335351886,357.296551354583,68.87940259181627,172.16510538057486
259.52839215794705,338.2344993636834,70.98864616414278,170.372503277169
253.85537740592486,331.0326087689639,73.46149432510853,166.22944952092936
247.77176970072543,329.69211514949404,74.29536050760213,164.4441501006284
230.52457865511897,324.9128690133886,72.9778605797721,164.57217953561994
209.54012789681283,316.2665849561272,71.72060776899178,164.81409800719854
209.68347845626846,315.6850892302231,69.13447818709835,165.16613029867867
208.5366782300519,302.59692870525413,66.41730688812763,164.18585802586279
213.00773181191556,296.8085158453489,64.05511620160371,163.67209612970652
216.94034342478784,294.63651602996805,63.15953227715917,163.36140168011536
221.51577177268675,289.97368504245924,62.805088049317916,163.72940011906118
234.74389080123882,281.58585327263546,62.177997331080995,164.42733920192165
249.08231256252003,275.7722524826364,62.97878823845018,164.10995688909748
261.2179328372953,267.02537282741565,64.81608536284985,164.65347701802045
270.2081676032633,261.02206893298285,68.0533396773494,164.5807925095228
277.59780696630185,254.86832034261056,71.87242482761506,162.9898140432947
289.5778197563385,258.49097464086265,73.91708560313265,161.12508491837863
293.28429509135515,258.3826451544198,74.65705565606066,159.22571677448886
306.17774308587275,261.83535928943377,74.80841306973545,157.93489583859792
309.5872339874676,271.302541015825,74.63321865057895,157.64542984675293
308.100378243307,278.4720000895215,75.78146219475505,158.8705804936104
309.1358520232956,288.06192680056404,74.60007408254303,159.91888411498235
310.09942983086785,294.88868602606544,73.62441876399132,160.9718332924586
310.56944438057235,294.27891386748854,72.0559175748149,160.84818646276182
309.975117272825,290.8497133532361,71.21263061484873,160.1914741375374
311.2033911883958,290.4868323955122,68.48977843976834,162.12355252408508
314.51729932876356,286.8170078927503,66.03454573904989,164.24305105887512
327.92591488087777,270.8228242545186,63.55018130352266,164.36507960548025
333.44633918504564,275.4453190564051,61.77212146776996,165.27982186663638
349.2623347412019,272.1798576768223,61.063199355701556,164.71196494745735
362.284487655175,271.2561250231839,60.685391711959525,163.43120039824288
373.31700258579167,273.05311874307296,60.912500904070896,161.97021166337512
386.6554597569092,277.15607614254697,61.19432107416496,161.2551101197372
396.24361877820525,277.25460727822787,62.137904688677224,160.6642065221387
409.5338317987196,274.27453023348346,63.461405497013864,159.19923692006864
423.9728418047284,276.50239027091965,60.805448549571494,159.55097190806245
425.28596358694654,273.52630402224486,59.259858771794335,159.09955420308046
423.5943914388241,272.5610428266639,58.59744127757288,158.60252079475825
422.4372114711794,273.47065392650245,57.39744960649332,157.92761836780136
431.14885024666256,280.8202520893499,55.52979606370567,158.3764857017745
427.9882872546824,276.1770837040098,53.65795081811275,158.61283277213724
428.8760571077247,286.41438988212076,51.948274438220096,158.4181028469456
429.76452969537166,282.1695699486571,50.75446713276109,159.03250143427096
432.0662164907536,291.0689156295531,49.053843795674574,158.24685442977875
432.2753509996852,300.53055473266454,48.56653304883803,158.2363798734582
427.5788639584025,300.2755705152312,50.57627358419269,158.60217020094396
423.1179644530419,303.9268326186899,53.15663144043393,158.75819692404986
409.3489020981767,301.3769382980872,55.2181574105402,158.41173798758794
400.4332887898904,307.8307151878684,57.388209252942964,158.68192621242008
381.7372347732864,317.614077891903,58.423131922381444,158.94590263235386
365.0483294718595,319.4262799150382,61.277114018765516,160.68655700817197
356.7265127034609,325.2021099040769,63.34839037782827,161.73948077032898
340.2845254190874,326.8386617947009,66.07760649320622,161.14216777582422
330.7570452636012,326.3813997638932,69.48670708585587,161.27502883685585
323.70619975085015,324.95347535589923,71.78159059335263,161.99930469103663
316.8012159407487,328.00492182272467,73.23599218877519,161.4880741643072
312.2810220728088,329.9961455529793,72.16109786593913,162.11923744827408
307.7698618203689,333.24210280288264,70.31350622329711,161.1536610489008
303.839922783287,337.48672506786113,67.15070782956526,160.47366019799054
302.7778721989283,338.2988756971614,64.34506761568383,161.58880224154453
303.0640419607464,333.7022804832672,61.81640101132099,164.652028794516
302.35202144387455,325.4016935745629,59.93089271339966,164.29281824302814
299.39590539052733,322.911306942224,59.697431994776686,163.07362793806482
301.47993757539797,322.7703205988571,59.00373071364322,164.65680471014866
302.6151600228305,315.6557739115155,58.52894440718761,165.2655024244315
304.4500787170662,311.3983269091055,58.69140887380341,165.1199321424473
302.25633891107896,310.05837426255255,59.46397192274389,165.5259278667665
296.34865226613795,311.58169284718343,60.03436630790175,164.5892808174389
291.4041069337944,315.3514933911474,59.984101122369125,164.80297038273972
284.967199851797,311.50136168935654,60.59585512095878,165.49531447479796
279.12965421372354,306.98289000612056,60.181144608775476,164.95234088722947
271.1642635703392,311.28436790847724,59.791174705358735,163.93793898800314
259.80776426504667,315.27842527017464,60.3781299962416,161.35567419823255
249.42897928320718,318.4705288741192,60.268512459920544,160.01443383299474
239.881854761006,318.5908933095808,60.0032796927995,159.43184854203156
222.51240435784536,311.8036964902702,59.140450152441105,158.9174951561165
215.13530239214987,310.272471894981,58.45925788937407,158.93447172477727
205.15033039062035,314.3293688041043,57.31897812229146,160.08291354801014
187.80081868464973,307.74338642943184,55.85515210796319,158.84666086724027
180.54284307296626,303.9028680384444,55.714590117218805,160.75360354444828
172.0769472322609,303.6838505719319,56.80852836692788,160.4159051257659
156.4567290604641,306.63723813528776,59.585234852123,158.20119070805376
148.27431241045238,306.17030146683635,62.95513693113818,157.16480378246732
138.4200026067232,308.2807177625906,66.52110784169713,156.71222380211904
129.1658396522602,310.00655190252127,69.64512302827205,156.13517739039125
122.15206421311512,307.9569232219178,71.50148650574432,154.2211457768363
116.14029307453008,304.9463059079796,72.01971872432065,153.67047956013872
103.65690794458041,303.66404707698223,72.66794268905399,153.9369344207723
102.6525808666378,301.2044303412375,72.57312342002767,154.10608873729353
99.17970992030892,299.6072641203766,72.88806554233022,153.1722268468925
93.92217898090018,297.13718291264206,71.88185285449731,153.85204523388865
93.35714816407693,294.9227475056721,70.36057543403614,154.68530948235315
91.62621812415695,298.4520177203824,67.66444744243447,157.07441614765918
93.06961307638504,302.09984990532604,64.82757453180491,159.47082655346762
93.35699030907281,302.78148285182164,63.09987717054007,158.63107642137507
95.77605217598514,309.53596328839814,62.89255463758214,158.07612460431338
97.3950769766797,309.8497175376468,63.8981950500785,156.08724971463397
102.88321575842632,315.84067338297757,65.59101347962726,156.5027169454813
108.9187897887245,315.0431698305125,66.45038738405776,155.53081402195377
114.52111803946069,315.0374784146052,66.32431936830315,155.01125727475846
121.00713062694246,311.93899039703797,65.47513888938454,159.1783246528189
129.4522350465727,313.60149236327095,64.04237710212598,160.26850283400034
136.31710290954393,312.80829709187685,63.88608860366155,160.25059955354646
143.36745089677032,307.54807658782846,63.51007734447976,160.88343489452896
147.8078691831435,307.3290793333372,62.52341725488769,160.78561112472198
152.33161447248284,305.62863582237947,60.77753714602716,161.32350133000227
157.38031685230382,301.29774421932,59.52962350576995,160.81590911650449
158.61878763167036,298.7364866442612,58.06217994718184,161.575552619741
159.62172683610137,297.1082357778197,57.64641195950054,161.5754923580714
161.8825050864932,298.0137119812049,57.193780362586494,161.31011437795198
163.41695995144346,295.68648094065657,57.47253713468487,162.18751475822774
163.9778841038222,291.9928656945073,58.36266864827152,163.37234981137826
166.25378621794377,292.1478912884799,59.925599069686584,162.30722346674438
167.89869892198016,293.22183690870474,61.14113188076058,161.7831785187904
169.3338055579897,293.72688419913453,63.643941641883536,161.323296678829
168.47379673792017,300.1537286069107,64.79321280060404,160.3144736622269
168.3776341399325,297.898874083824,66.11889957456702,160.28945656551696
171.15048712693104,298.06973305334117,68.37422662058945,158.60907826710002
174.07023050352848,305.22085548520397,68.68690623397175,157.71393884923623
175.99450396087525,303.721200570526,69.69033380658288,156.52308315887785
180.73536085441847,302.28810457335055,69.47909445339538,156.39102562243642
187.94573505641435,304.80684122765285,68.23499132833427,155.51036975005016
191.6122080818002,308.87588873700304,66.72494986435458,154.19724783773398
195.4477254692771,309.53264716671555,64.80512482527112,154.49084302836545
198.93440222347417,306.4838654158138,62.21258348499834,155.1887850435052
202.6179136715578,307.94484834090105,59.8196459197942,155.95014662977783
204.84352611869502,315.19356115322597,58.69531292462865,156.52727926318462
205.41609401516678,318.23742234780593,57.67899759570017,158.12594250558598
205.9795379485794,318.8311730893273,56.73444418174239,159.2914223515075
207.2195015929412,317.3963031280566,57.22603469430358,159.15965689914032
207.6287513579501,320.8988070673067,59.662041752267946,156.46385407587707
206.37840764233263,327.3200772375601,61.97170404560158,153.79164855134923
203.62264987502203,326.99015015863824,63.853573040534656,153.74760129909004
203.4238942046585,327.62688190028825,64.78137844196885,153.38655278380384
205.99053032611124,334.52444300983655,64.07758865908536,152.03280915815208
208.0828344530977,335.586460367411,64.21960098387828,151.78125555071497
211.78370823175456,332.0132401970153,62.72466847859702,151.69805159295294
215.28280213952198,328.1445573145395,61.14773243689645,151.1001388468571
219.26214014416274,329.7554425958806,59.37290623916883,149.43738212771126
222.44805908352038,327.8529970010766,56.47255254471874,150.1137320861639
226.56418053319166,320.0867057733713,54.317550112447705,150.52846328425028
229.54584108855437,312.94104477072574,53.52948334666246,151.57932298637982
233.4160285373149,309.6558939593252,51.86301582447708,154.9586704008068
237.7615415969137,307.3854379881209,51.48578002662957,156.6836169291683
237.51729242028307,313.0357472851391,52.75527076861612,156.47201715684812
236.4244927335002,309.5244888099882,55.70214710255482,156.6598649939907
238.48884487434592,306.5009649309658,59.7471965592667,154.0442798098358
235.72695944199725,309.75209902879965,63.445840537596226,154.0707639411334
235.88858287814756,311.189808869245,65.69494225996112,152.45934932520703
232.5655991740025,313.636048923325,68.13782519940969,152.4845861970275
230.95496583461716,309.16407951636575,69.17684972310532,155.65542940318852
230.45966971555725,310.6996803791107,69.97548484509812,154.5423328841881
229.1822793911398,312.37533342739493,70.85577683025961,152.95157895551205
227.4290423834483,306.51330360994564,71.6466122080999,153.77745381410458
225.6734515579159,300.51709993442535,71.48761258475058,153.06959241972274
223.73017760854208,300.00319193122505,69.09575767816987,153.99506706477948
222.0080561085398,302.2095527467136,66.05605197059387,155.9636129814098
223.14198716330264,294.842079833091,63.70699626494351,158.8379669202273
224.86961626042248,292.71849371771634,61.04895198271407,163.05629891274813
234.35182485780754,292.44267529303175,58.96644320469197,166.95151457757757
242.3441588763398,292.6680995564557,57.94684779946341,169.93835678559296
244.72403982323254,299.03854574985303,57.337084093696745,170.07008974975042
249.83651278057687,304.9630460008748,58.04768696135673,167.26931560421332
257.48198883600617,309.3938191440183,60.779613497348734,162.5176855281007
268.5376239691925,304.9335607000728,62.04894129921334,161.46705392508596
277.5473707927058,305.598545379039,64.56806383260667,157.75590046604884
286.90373936170795,301.4653944655249,65.72192100917752,156.18807200590663
300.2769911815644,297.73113341708085,64.83882259712576,157.3699105433771
304.8707039157588,292.08867383117484,63.63492955747852,157.65204307883653
313.48539072855095,288.89687387607523,61.7318041008394,156.82242763793096
318.24025438619685,290.6354443697261,58.449942481500955,155.2741523217872
319.2059745644335,292.7893790670948,56.0211594491034,154.85603173877158
321.69393720826827,293.37870359636224,53.39024992567029,153.3834742034071
323.43963018469003,293.13524726256867,52.7250933067044,149.97786692012758
323.56413318315924,289.95602918768657,52.83356676285284,148.13848717481122
322.62148485563614,292.1867730568616,53.292998602187026,149.24137817486434
319.97781104699794,291.8122353872609,53.72116481534962,151.24690583607213
308.15914477142496,284.4101613245698,56.215471014566845,152.8893708788737
304.22953394932046,279.19769048075773,58.62223284661156,155.20550023434453
288.8008277589729,282.8486507028932,63.6331867922481,155.18792446323033
282.3063176446383,270.79882084377846,68.71353659550233,155.82856738153308
274.7411035188296,265.97629572692483,71.51656940797176,156.56155401660743
266.6013958239345,269.75213008298823,73.69532924203682,157.66324281027906
259.40312487026074,272.2218184379709,75.06292141183555,158.40188991546864
257.41478963284226,263.91585521467914,77.12779066768601,159.51363230290923
257.84157249878376,263.63005548494186,77.57689624908886,159.10587332770655
255.1244344675789,269.9687886382889,76.27639343042549,158.6577771382
254.0062623272192,268.04949945579784,74.76621552295833,158.42932411966774
254.92832769452406,276.15051339147954,70.76207492735615,157.54205264173694
254.483605449251,282.2051976647198,67.57019722475653,155.6840097025563
258.47469397244686,281.71662172232834,64.82787546782403,154.64674584637237
261.3777673444869,280.40254688422067,62.53524061987728,154.94666108845996
263.6229804341101,287.19856985804165,61.92907652559194,155.26537029828864
262.24929874688814,294.32801843448505,63.27457012617104,155.58137758723535
251.48423041658197,302.7208193135132,59.83490202298945,154.8760675772259
253.1905841819879,310.31130852954425,58.85572887595137,153.0140035586159
252.1579478676258,310.21441809692453,59.263558696524356,152.3315358853613
251.01872061371566,321.5391096408252,60.416135108717825,149.84491639314103
250.32958630985692,319.0294835319199,61.38640253197177,150.2716149953816
249.69489372568384,314.5023369858708,62.46642796089513,148.598505400407
249.33288111215003,313.35846189747303,63.35292713477255,147.49742300808015
247.92632043667692,312.580678809578,64.24434550472361,148.0628423680934
245.82241658644074,301.82909373517003,64.9596843712726,150.60567964642598
248.31605036637214,293.8213109067338,63.46574371379933,153.33884231104992
248.40495659403928,292.5523440518025,63.66572951772329,155.20346520462454
250.6846801328147,281.9706467671473,61.70487305258399,156.11477122718196
254.85341185549817,270.666264855976,59.819449802682115,159.60374401864084
255.1431392919212,278.3624926105599,58.481387899921216,158.82521158228798
256.96371814458126,271.4308048809513,57.5020894685116,162.00165447772335
261.19754398664026,269.5153132120797,56.65908778591946,164.23820188521444
263.7307852357358,265.3574590905515,55.85354488581183,164.13558565775085
266.53698027040684,265.5159320695257,56.12735905917617,162.74417049108513
266.0632245451567,269.4679981552947,57.26077243464418,161.44702007385015
263.401086486085,265.9542508904093,59.70790588501725,161.47136795521402
261.68336765425835,265.3886028075772,63.417838405266494,159.97197116204646
262.0324774648476,256.9851675137267,66.04850839247112,158.15942074449833
264.3228826714126,255.8634436515104,67.8208559764725,156.91465826766753
267.6353089404984,261.49349075516284,70.21475172168708,154.1333600656117
270.65919706248195,264.1448599688831,69.76756761410311,152.1668593071622
272.2810279666711,262.81456243026776,68.24330823816653,149.8028467260067
274.75952660731474,264.51125255138555,66.36918525497488,149.47617886322664
277.7830789625002,260.351046604305,64.64991562761179,148.1902389049708
278.6672748372825,264.06617752323893,63.952489644954014,146.20975371657806
278.8446036337885,263.879027416923,62.43487176103317,144.2997147396805
284.57318727630405,267.7250591880806,58.57107062208972,146.5811924571309
286.9722464245899,273.25973345720143,56.16749788063265,146.25026822003667
289.5109698740532,274.03652350857294,54.29407100505209,147.57338708808828
289.5095944849178,262.1378489540043,53.64150715901342,149.61237056612202
277.2669816506675,266.0052955553979,52.03770733007745,148.9254595792163
255.35285038683014,280.85144661560287,50.991557321131026,149.60183459808854
244.31164492186522,284.5825708222331,50.437951405357765,149.23657200178366
244.14669139307176,277.9617341039987,49.93473620952671,150.53361004701705
229.72972403161242,283.88375264680474,51.05473508039462,149.5534607482703
214.77098277018555,280.85821481485846,51.27332310251592,151.64142286579136
200.22335097801144,278.5579058232672,51.85593142868545,151.38378403210982
198.3604610456548,285.8118513045611,51.98762416952786,152.21030469061577
186.3750362642628,290.27072821456386,52.325745155651674,152.2004898278247
173.72358548222957,282.24859223901194,52.67935167577286,153.00604565344022
160.97907599724812,277.73583020293785,53.129399698470166,154.06719375284058
152.91264713962113,285.4384842459285,53.26566489205662,154.4240774393202
144.5328299569601,281.75705946873956,53.56104106340898,153.60901714262388
146.2631758498374,271.6278512989735,54.03900584618155,153.30507271860623
148.0344341136289,267.7545795407901,53.85820463537104,152.65389971275624
150.6348817012571,264.81595976553047,53.81920568890496,151.80889976895168
143.6381884013103,262.59334276829543,53.66622330839083,150.92826563369164
148.1816787276526,265.6546127932447,53.03164477057434,148.96428013777864
151.37625812723283,267.6350416472558,53.033908719979586,148.6742719914478
153.97687653685938,263.38814125135264,53.01444413278213,148.4475155704245
155.41738173942701,261.5318160342273,53.02559128227338,148.20994923450297
157.3911875603173,254.6281289166274,53.02518113089499,148.2107743974372
148.39235026634424,252.01261231382196,53.206687887420244,148.37899718205807
150.92313274491406,247.60909088867206,53.196397229902175,148.39548217102976
154.77995296058808,245.76486143818659,53.496123497772906,148.17014321662347
157.6107198292701,244.96647956603232,51.934151451693026,148.0545134386695
159.33326725119713,248.6833794027399,50.56901242410789,146.97085862838298
161.60241368434257,252.93695915342798,49.25617150407554,144.86097838954953
163.4825976662885,255.5913898298047,48.52782220168267,146.42105262181803
164.6659010662959,257.73974001899916,48.47972045041974,146.9756057529506
165.50363880179538,258.7153831460029,48.845996602574445,146.61429652492882
155.8298838768775,258.45730933605455,48.312067243425865,147.86967972479312
155.49364916420046,264.05780148680674,49.25970037889729,146.97197720734636
156.51043762978702,273.96194446511277,49.791720028229506,147.23145362561223
157.05922141542166,279.3032621255879,50.72112928076701,147.68040247214245
156.40266558909755,279.89082025059315,51.30751833533934,148.46211648526975
156.57490822600647,293.81945609560677,52.38714502383994,148.0717503891145
154.8868369095223,301.1722563680451,52.47928273012681,147.2851971998897
155.1936542202653,307.01446964807116,52.93376250855072,147.55335681384886
155.7854874350053,302.0307606274454,53.13865828152434,149.36676122137237
166.31939190960165,304.7844318738771,52.378538999079694,150.05766091600884
163.8181005713119,304.0999522221631,52.74707321374512,150.389034126488
161.55996261020297,298.0229311362041,53.724002917853866,151.74037434833278
164.07470358608498,306.2928266876379,53.96136714605203,149.81285360068972
165.47727939094872,299.7862981700839,54.16401540013983,149.64934165081235
168.1800959035813,294.8225385381118,54.25781493865641,149.31574202590159
175.25523258407566,285.2360749161429,54.44774581655929,149.5469311411773
184.31040147697928,291.3679951735167,54.8733405716456,148.16191009206696
184.52935003790887,287.6486156929957,54.29324013369393,148.4375602274254
186.07625667190854,284.89875188254985,54.754885411379405,147.95574144633952
188.56215520668007,285.9512526687659,55.175679341439604,147.99177280809621
191.4401159877612,281.9963253754384,54.503520424998754,149.5093005629336
193.8326962901278,276.9246310864097,54.220969073195235,150.0145532309569
194.59484586569772,266.9962422667187,53.570181534470755,152.4203802477802
196.00569073717762,263.5198351768644,53.02781846883333,152.92224094390738
198.49471968436376,254.59120976871282,52.820083374143664,154.71834979243704
