204.5,41.5,23,30
203.8958773773599,38.134846978061525,23.345962641301092,30.06897439028198
200.71441570456926,38.09128050212014,23.461357910710518,30.265753170769443
200.49298791654613,37.877240561492314,23.743594928230717,30.19458240161921
200.08822786946158,39.80607983256099,24.23524136565012,30.59564333091741
199.2803649309114,40.92472983150725,24.324286177191105,31.083049744386578
198.21284112474046,45.00827870311137,24.389947545712758,30.845143113696654
195.49646720669284,48.38638912840358,24.537766106295308,30.754015208211108
191.9168989106227,51.863952076808154,24.79255098716235,30.39963737353575
191.07016729647708,57.14555188736516,24.823405830367577,29.961181214030624
189.12127290470735,62.256286665507346,25.159231055710002,29.38476266024869
187.40530101011282,67.43644109135583,25.23662114540567,29.081316639667456
184.92517921960263,74.00565452472534,24.692083957077894,29.447596155679896
184.81141290427146,79.09280269581856,24.43248961148864,29.28797113917706
184.57209710827738,84.44180867249737,24.5955922444409,28.86249546359042
186.23636830517398,87.88995128822151,24.553258718674417,28.784216270807903
186.8037384290419,92.38807081132539,24.60175876539507,28.16778278948052
186.9964550051501,95.63859570685409,24.79239854446837,28.16549942069485
188.5183062704109,98.06352188341782,24.925536796112304,28.163497390290786
189.77553360672277,99.59243104041407,24.574801539153214,28.592882674320755
190.78876922018867,100.13412480549405,24.792494063823575,28.686963920863654
189.50648453971235,98.85120588096427,24.135116231630477,28.147455090235724
187.99773694027675,95.88232069997557,24.014560159063056,27.866720546512468
185.30509807357325,88.24454883212158,23.344272535261837,27.526685630792198
185.07511522857882,78.55660106769717,23.435111607342193,27.07662481503652
180.36774941309451,67.13148756102987,23.531802390532526,26.801951010500037
176.18433811991702,54.10695649493211,23.76784094215848,27.346706349482663
169.05300212564686,43.97474497280332,24.119322897739842,27.466949095888676
161.69739325624616,38.04973838707693,24.720317820073948,26.49334147113786
157.20665183631883,32.70771374010125,25.12183888319519,25.639468859571636
153.31264940300036,27.347291012192695,24.96913177473447,25.048360770772042
151.24583602348852,23.782171575892654,24.1811639140072,24.422760772369926
147.0447374710747,19.583791842901682,23.855511058507638,24.3299562963963
142.1694042522264,15.062078937986303,23.94092862535466,24.35099841634669
137.33227793737194,14.222592250584999,23.931572246274502,24.429034782291573
132.9755353332556,13.486365093695632,23.795344129006715,24.769622640992182
128.14772244484496,14.621739960157889,23.816097469304587,24.489471944284404
147.0435801664911,6.50583319276053,24.604338080699765,24.176062242995137
154.16897737207267,8.055595966306285,24.282888800457044,24.24798111194977
162.7848306605593,12.683237053842355,24.13639302365471,24.055120735583685
170.45838139969962,22.946426265180108,23.83831231258596,23.857611178874972
178.51594398142404,32.639722562810114,23.656231582730893,23.76038816674485
184.4553939482084,38.80511540171277,23.270154296256848,23.56545721000888
192.34710042953435,47.553969223647215,23.110430031419913,23.327992028298183
200.40604562063243,53.89623756206806,23.282336478447412,22.899635161026804
208.73227128656958,62.711284852914034,23.398748824551625,22.79162004710829
210.40805774325395,64.2292668071838,23.40409901451537,22.78419674983585
181.10356766850768,85.23966336268212,23.30992746112709,23.051764234542333
183.1093998118377,87.04565083530498,23.07249818461414,23.016868108571522
187.02478125468548,87.2244481345287,22.66221841125379,22.619430420245514
193.0490245799398,89.23273346513949,22.414177317385747,22.47048642604665
197.37942213090494,90.97186876126246,21.801094541505293,22.296718320983338
202.3944946301257,91.35673811085732,21.93835753256571,21.793243822004175
205.7216937515295,91.38391421115732,22.14898004171124,21.124221046739112
209.0912806542351,88.42405865101215,21.657897457155737,21.23906203839787
213.86877740927878,82.87783134478003,20.650573357773993,21.3377031361526
218.27519178371068,82.40880517273376,20.576001063377916,21.118721440747763
223.5333427563487,84.01080743686558,20.029937803709792,21.06510110018251
227.43548630072578,86.59429527248646,19.68270437630205,21.19374634721467
230.5896186961156,90.93124001145492,20.019385207012945,20.947519718704026
233.44602333771795,96.64309677252567,19.860432296641488,20.641770941130392
233.218056448827,102.84914050291893,20.076118422488726,20.337133011899056
232.43189013765047,106.02487154266153,19.573815777584116,20.507436641337204
228.8501459840827,109.01110682525982,19.539682262362454,20.94014271569752
225.12883562055902,111.68865660219576,19.218240107940098,21.252603739218188
222.87626639370947,113.37537830587749,18.87967767586651,21.53698079503527
222.38242093407158,115.33667244852163,18.783664838809877,21.85987304716157
223.77420471866404,115.92105661983015,18.48753570994783,22.400600129768808
224.6014849086693,115.01157629300727,18.855009736599325,22.635970037488683
224.89210577067993,113.58532272312846,18.52622041588502,22.980946249588218
223.21113273623888,110.8762392713996,18.53423958771817,23.27846524578885
222.51262648056777,107.63472617782007,18.81448230841096,23.543761387629296
222.77077261524687,104.36449022150953,18.905397277726934,23.684405819934238
223.71751144167854,99.03464902381553,19.245225079117745,23.513548511953076
223.6339822185427,96.07266358597461,19.154162541550367,23.499211625488922
221.44393068196928,93.21558679220978,19.193511582562216,23.317101613622846
221.90008878847604,89.96386726606991,19.03954997379294,23.359032391824197
223.03528900691856,87.24488064416805,18.94829582673333,23.369802934059322
224.7584463244004,84.64408897520269,18.844718628064207,23.503905231035432
226.64664870826397,83.08640420324716,19.24025847856218,23.553958574690164
225.7711462318106,81.11334575658515,19.111040038028634,23.896230348537856
222.21772428043226,80.28813035859383,19.340883608906644,24.08122850063011
221.85392263691006,81.12675566007631,19.411420967968745,24.002425220510613
221.98312980431325,82.5885063724767,19.344098260044888,24.214737747202143
