331.5,39.5,38,42
333.8851166452692,34.165215674235434,36.41101823534052,43.70836603006917
334.77322471149,26.270162596188833,36.97833371148048,45.06788918597927
335.2188808658667,18.168558073794912,36.62455665291391,47.6748887047051
336.49476972198426,14.24106080558797,36.624112368108015,47.83316788619955
338.96711879069375,14.050142669650072,36.58499713550471,47.60773385768701
344.1836088325902,17.629036866693397,37.363323623672265,46.49780179447194
353.45973779905563,24.246640646085858,39.38571931622972,43.64697552993751
358.18706996939477,33.50551999097661,38.494593526881985,44.16385810602515
359.977251422932,39.61031384284658,36.49145272864848,45.5897741712061
367.023368251683,51.893680813904204,37.112974678751414,44.69263976217191
367.69412736538413,58.29901627585937,37.43331870549195,43.5665753903856
365.2040510529453,60.389053426378794,36.58289061900488,42.25846864343915
365.75142149708364,57.99608614326311,35.86465650634578,42.43761505125377
357.8029386513481,51.161706355092726,36.07047439355671,42.81323230886896
350.97312344828805,43.63780733903174,35.69007813494284,43.27715468486301
343.08091859290886,33.514726683586076,35.88788468102839,44.06550464016351
330.49685373217443,28.220602751056763,37.49362693606652,43.42949312869626
330.5031086752876,25.051642191195143,38.306261996415415,42.29728428168366
324.08140532323074,19.218881445122626,39.21210098965268,43.21741106710262
321.54437317335635,16.296002062305668,40.57453852128922,42.65892111828951
322.0677507494185,18.82639325820377,38.98866329107803,43.15088740660806
322.40810365333584,23.315385101553076,37.19431741328185,44.087551775939716
324.6538312614954,28.55930728476328,37.251078539888766,43.99087981857693
329.2058140840401,29.25223926221651,37.800050783898435,42.74629036058342
332.44991015636094,30.449012581084695,37.58494089557398,42.97286186402137
334.89140056996973,31.921928744546328,38.22841356338195,42.43269827260225
336.0673060953134,30.10448286575042,39.76493249545216,42.32258370733335
335.3309981295999,27.918853665746195,40.04460628439268,43.55687492518238
336.4384708134891,24.068901283388996,41.42623474626505,44.459929485429
346.31515828392554,20.75386105017691,41.180410998629554,45.40714004065933
355.7415423675807,21.56832136113818,40.302837762349604,44.0380758514131
365.45826343947135,31.815318898159184,39.24960077298718,44.87988667031543
378.21326275622283,39.049804558287235,38.89769082356625,44.3618068448103
390.8784514396289,64.43797016293459,36.207566523770694,46.93849916456833
395.3103048881055,78.07491353890009,36.84451956944443,44.6771036388336
394.28708174008676,90.70322626351202,38.7881388380418,41.50320752920938
404.01760068468514,102.90725981941807,40.756410793815846,39.43630405265118
390.13894177810374,83.44552180368422,40.28223751811142,40.49840618275168
395.57602734782506,73.98414938265847,40.091609583929966,40.62700544069672
398.59993939524816,117.61022654994326,39.608375466348164,42.544505952318545
393.9730092636527,121.8397570238951,38.61709279283251,42.867209034871415
393.85074792452957,114.53026721688755,39.03360637231056,43.12190413350565
386.9941749441967,100.01614665307375,38.66951997213658,44.58091994985398
381.1096822335783,87.7378236370156,39.794656974183766,43.84742582999274
364.16649246641833,57.2443088978865,40.411062753621,44.571046647362266
352.94860416801293,35.280788037367074,40.695292872160245,46.43198729418236
337.5387515094544,21.33908583632423,41.456417790717765,47.89909187632176
317.9390542363529,16.330134969902662,41.95456035327824,48.8438620478856
304.4500669627989,14.718963370999532,42.85523578234411,50.30272982760104
299.78757398798297,15.89839805377682,44.0670673206602,49.55598585877498
301.30844419619956,19.920009216265363,43.942285474707276,49.693400893417035
303.7401398805545,27.109634109322304,43.631728616800615,50.27311450146819
308.082917751077,26.369067106365982,42.91525141655769,49.875332363009804
311.7200721320306,30.383039971114165,43.16362675194043,50.93473080313014
309.2804941721237,23.372093890747994,44.29400957376227,50.6034048852492
305.8688079941549,20.857626804848696,44.400463461224575,52.52465730579657
302.6188070438364,13.87901988801893,44.92224966743412,54.49219275658257
296.8611360420094,11.174032997133377,46.85053265009209,55.4188248444755
294.06597255062366,10.124254693493967,48.00872643507904,57.01353994527315
292.87211453795936,10.509391152292686,48.09471540390443,57.88073274308404
295.8037549663507,15.137206427676663,47.70188494842783,60.17803111687663
307.6064992709332,11.604655185425699,47.94291771682626,63.07548290176308
319.78370353343485,7.285158437442682,48.928181280446054,64.67500524828453
322.6563816103318,6.582233123088713,51.229409255985786,64.83605924327208
323.39959580325984,3.8455408494348724,53.07792178046894,63.389437515402754
321.9429360213789,6.940741929325949,54.027363070266915,63.307965466552
322.8794022051148,11.286918700382458,53.97013278352176,65.34287632873585
321.13414298059547,11.710679850467073,55.222469164689315,65.07571271262958
320.8206723573111,5.525442953856796,56.6824425424532,64.03078409343559
314.7585506215556,0.528424989173196,57.871990770128576,62.059240989904836
310.9673557938415,0.20585548867031278,58.13683072005158,61.47431464514644
307.19050327931035,-0.4491334591942433,58.77736588827392,60.3292024949466
298.3476650460506,2.6945583667687245,60.00062475225438,60.41828416360782
285.8527325988616,4.537961023202158,62.61776129885399,60.29214326610045
277.7393881135738,26.040972003267733,63.20466164180519,63.38051217510993
290.2485434202646,61.81349931638413,63.3642112884334,68.13532327153338
309.55693017621564,96.3954216746672,63.19295245548633,67.27318296170553
317.128053139187,135.8310198758526,63.57590832702893,66.03581376880737
336.7649643780944,156.98646868549497,66.26247021811054,65.66683738365353
330.6264619833209,188.52907807927295,64.11812929690328,65.97531442739637
330.2306773011133,179.93505916510009,61.65646689747868,70.73847508899408
330.3563042406942,175.16312452619962,56.91545404996361,73.26277687717098
318.7901208714479,165.63239014367196,57.775989276005006,74.15606326917941
304.60429591812294,156.98854748082798,59.06885233267943,74.45087063466228
282.01768295596327,131.75046716615657,61.49726243058271,75.73895524471801
263.8878959852624,115.81924830122071,62.54302259024622,76.5525762936815
251.14732766565345,99.95319636332492,64.81591490573362,75.82396010721723
234.89363479454943,66.62662333113926,66.26289491674046,78.22097976777997
223.40705562855723,46.728776163792176,68.05482079633232,79.5150566708335
209.25821432332236,23.679601693731243,70.9631372568997,81.30690231505693
186.5210752003818,12.765603957169013,73.26169528793709,81.40581568063745
168.29823719323375,27.131326187592265,75.95166451512381,78.07981250397063
151.15363634576283,23.704919641634405,78.98634007175997,80.19526464160168
147.82554471564754,20.726117589162946,81.21594862495934,83.45969843747783
133.26536062803658,31.239094575398525,72.58708355433161,92.74636081327327
149.21114994262996,31.506276109428,76.6874673580062,94.37358069199166
158.75874057154934,34.139496888659565,79.85538958527485,94.09259655387766
165.45504458105052,36.041651880362416,83.93759312022755,94.237493399543
165.50510461868402,35.9985271217598,85.55559052047022,94.77459307567806
