58.5,100.5,28,23
58.21810705134749,100.01110167466416,29.430625902225984,22.53339732363196
59.902079880790886,100.09101385224764,30.668745993461258,22.297066391032853
60.20063299728367,100.13564064736303,31.373496516686018,22.340030848778547
60.162800811946205,100.55226385587862,31.959057046533,22.41315685968775
61.44221017722296,100.47121078396765,32.55115536920215,22.419652561348137
62.914316243183386,101.32114767545154,33.54245220372722,22.426550390547693
63.404265875916224,101.58394800068623,34.394188413420245,22.481736683513986
65.4051778574329,102.53331095097863,34.802034326485526,22.680047383042123
64.78786141877677,102.465358305125,34.807475542916734,23.019859717491173
66.02537246915497,103.25509882238347,35.23608274513885,23.044768708113054
67.77354257278726,103.53966893459534,35.21677901400952,23.063797045147922
66.02873569928892,103.85546178526538,35.07757711006628,22.66663922802892
64.60589759072126,104.90017645551592,34.92693927843451,22.270882425331465
63.47670841402917,105.41740115302278,35.01073491201582,21.70829492921683
64.04126759929765,106.1695709807797,35.40375680598995,21.579138975218186
61.980986243646136,106.51366286906914,35.92167102066519,21.30633925282328
62.2521838436065,105.49781576793636,35.57096502889437,21.664948957637048
60.554164263218574,105.83149922913498,35.25204981344952,22.023801045592894
60.5906674012911,106.31988246677167,35.67807156436211,22.261200019461963
60.482285126526065,106.26190385338921,36.07018189235745,22.51585932588064
60.13615632113965,106.05168352186074,36.12174238151011,22.575352797222333
61.05508318675109,107.12099013069859,36.43879444633825,22.687875644076065
63.254647155207344,108.44892827724718,35.41266617754708,22.21865368027879
66.0265143486668,108.25642605894545,34.23691703919385,21.93207583529275
65.7240711167436,108.64315487008548,33.574378681186616,21.699389816596966
69.83180226314357,109.08075003372299,32.89321337782757,21.408744147982844
73.39780970199172,109.03708053257473,32.237733820413276,21.074068854224514
77.6134164590705,108.38507892910896,31.985133015301095,21.325544871901315
82.21450909329788,108.17323277041073,31.75733014735905,21.364111671452598
86.34517510060209,108.57017590897986,31.793851602599258,21.36470828110558
88.3766669408958,108.60296598996341,31.766392290297965,20.89237475791336
90.73105837077242,109.40601709069176,31.36703001617707,20.652966887625787
90.2993311855702,109.74752606648993,30.710373302597127,20.4045398121319
92.43992508694477,110.77010648850471,30.37711583584652,20.128777418953774
92.8376137750478,110.51270464735612,29.658462094837162,19.825486132455193
93.67893281916187,111.4317071148328,29.5223921618977,19.579784950400978
93.96972594686801,110.90526808048392,29.381531024407252,19.45601332942437
95.2824018495147,111.048098059757,29.616814738141596,19.44446878430556
95.76972757954957,111.62336536386428,29.92145550390955,19.510266850117503
96.512671211159,111.52442829424157,30.292475966024853,19.603980166434958
96.82572422737289,111.12401453909324,30.544965464583868,19.722982098518887
97.98281315452988,111.74532106823558,31.111568783975947,19.76328677819501
99.83759424742284,111.72048246895818,31.466500254348468,19.79751475829784
101.34137042209352,111.91533294183803,31.616979607048744,19.703778351589186
103.36640084402006,112.1787758004708,31.280574234997406,19.332329731277042
103.87273956358594,111.88670498866983,30.944203997251144,19.087789230264256
105.59301497002909,110.95084557402267,30.184882060478742,18.868592618045533
107.48267292769658,108.76907060602724,29.97960608120942,18.641226397267594
108.35733346829771,108.64439992822855,29.70858890930892,18.609123084095124
108.64736756605576,106.6510356726557,29.626327471481336,18.670454437571784
110.46403619614156,104.79673464424306,29.64315314656669,18.78752736346138
111.70004384707235,102.3085519811352,29.59151533760979,19.240054646464202
112.9298608939434,99.58369529168117,29.976860530061543,19.53435821244502
113.93233400753077,98.3282810620343,30.979772817672576,19.370021733765732
114.31464667469675,97.61763133517218,31.62433098553789,19.27209475564336
115.2823100247481,96.9731707357141,32.32860694656798,19.465094557350348
116.65541785061023,96.73124297940612,33.220781597501805,19.936055911714725
117.77650680795904,97.2618733485615,33.488514981556015,20.143316243884332
119.05593141054376,97.54996209005562,33.01772043336898,20.44511261543787
119.37681896913577,97.0335663044928,32.441049525071605,20.73793880732538
120.32088160114424,96.97288455254919,32.7119392013165,20.70224754419999
121.16627499456624,98.09989841647766,33.01071921745104,20.342119972364163
122.04292804143992,98.36977510194679,33.412165139771155,20.346512483555586
122.59034680225491,98.20342085289677,33.60379958106996,20.17964611178449
123.06566468130579,98.75541945429198,33.746176632721614,19.931814020058972
123.46707014263932,98.68544543598605,34.042443292413886,19.779876829705856
126.07226395128399,98.80945593927873,34.240090953444835,19.946003647169512
126.80625412776709,99.17268852400548,34.314149637229434,20.109248367604778
128.54896392377566,99.49821867976046,34.91419738377434,20.267018436534585
128.42578350362976,100.03258399506194,35.253797442062705,20.253323397057088
128.28343201940103,99.72938038012614,35.554083562471604,20.293792452204105
130.69135596525365,99.78416142864208,35.3430568759055,20.288558384029965
132.84774035405465,99.83296411513466,34.67456781670258,20.24225755629832
135.08195936520116,99.83172794074565,34.13083911447792,19.976006804652506
137.54907782740952,100.45631541059421,33.227750146909344,19.70154674017664
139.37432939064948,100.54643778990086,33.091178533262074,19.76741631006695
137.99325559529882,100.58299186815466,32.97966150642493,19.697348559015325
140.12725553578272,100.89036806605625,33.19533329064878,19.774000684677446
138.97400266226205,101.45606264257552,33.764310475144306,19.66935351314526
140.40585148740985,101.48952598808317,33.95812534659254,19.679753850046858
140.8840945659467,101.8407128775663,34.680211486615065,19.534062657750514
142.60920002923933,101.95602492653072,34.036675278886634,19.62230114703522
143.17584395691887,102.08812484037982,33.45816349602968,19.68383465316308
143.82916464224076,102.68898580724854,33.3016788617598,19.48725493133968
145.40688042592993,102.95795081762762,33.24499430938083,19.61134720319552
147.1901498548318,103.17306515939296,34.3951898609094,19.653959067226488
148.248394738798,103.50070535430939,34.99412844533293,19.71740924627943
149.3127851910953,104.37210680002872,36.56021634376266,19.87580474198677
149.23790705549592,104.37361643406082,37.91352021189281,20.185763622382947
149.41186832140392,104.7924183035554,38.281057503685275,20.58119962014154
150.17058643330654,104.29638382423816,38.83932108609335,20.85738967491019
151.93424949378695,104.32881128341597,39.77720826393016,20.826433884991612
155.3282923189842,104.52256726932512,39.9241292320354,21.004514559772126
158.46033455698614,104.20772612016206,38.19978150377325,21.418128918101537
158.47519601768482,103.64542498662733,36.76260039622625,21.778034229490153
161.06215406945847,103.48794675214565,35.334010334854256,22.013816977080438
163.65645072767256,103.78450370812027,34.67411737014118,22.090437483523385
164.52843910453015,103.78652576573602,34.286236407289024,22.03322348450426
166.24863268429485,104.27212646496753,34.08811304170494,22.040518458740973
166.28659078988477,103.77524095379772,33.58883540989372,22.010158898271133
168.04288497945493,103.78973190545614,33.36783700611042,22.15025926402684
168.77999348878956,104.1783845541634,33.48975679583654,22.119297638887844
169.59117461538568,104.78595604124386,33.458288288066676,22.215168601723384
170.5133261395737,104.86578799666513,33.27431994599709,22.22051633524424
171.7982492405295,105.50563177682155,33.36466957156968,22.347172950270156
173.32884577300277,106.61259468709235,33.539525443466985,22.02276694040513
172.18346194300685,107.6165579985742,34.139512940647535,21.639187288953266
173.46834003209247,108.80358070269227,34.54196216294321,21.230719125475716
173.77796913495837,109.3333242103869,34.627239560734694,21.00119978767971
173.94366655856965,108.81000304717693,34.52013593381945,20.946779101022845
174.09847528350366,109.73334447225263,34.81933999522003,20.800893212655836
173.54571164408955,109.80236556778135,34.729689242126895,20.68981470258097
175.7406085146871,109.63607989135099,34.7691261909342,20.445914488287777
174.81401471706076,110.66942855746011,34.751212287583066,20.22338057388568
177.60940064476532,110.50888951657738,33.896310316664916,20.106547890241682
177.6493245757663,110.8431614316213,33.19536143289636,19.86701409376132
178.86052881696375,111.93830420176849,32.25303498556611,19.828329391174478
179.704050439866,112.80178933461272,31.872665028106937,20.139116522184004
181.93394454171616,113.10199533774613,30.674602011708238,20.028531433565483
183.02373425945873,113.52947543177137,29.508700530896885,19.785838620507384
184.51524327517097,112.51030757598751,27.46397387034107,20.86372046416281
185.72095651206777,112.18505615697134,25.73511827123847,21.866892809460232
186.33067766224733,111.82828747954436,24.2823410868319,22.23646949169724
189.01628844766043,111.4602420810763,22.29910259973065,23.187687861050627
189.56679607890402,111.87558814957038,21.17465904057314,23.36466386161282
189.56515498379707,111.88088107190197,20.613445548070686,23.482290364576343
189.56749739370971,112.32359827246096,20.299405111675853,23.493787730922044
189.8644529965039,112.21237264030569,19.84899313146552,23.378589172997472
189.79389402454143,112.33951237539222,19.366704963196394,23.19817089201097
190.65196162226863,112.83955002679936,18.804222078113416,23.379201798951645
190.3677615708293,113.12557464923421,18.431466270500156,23.045798420595197
190.0776837898085,113.30928567996753,17.665031671218152,23.464104932927697
189.93896352328804,113.53385547224515,17.50183956294363,23.938053183684325
189.00583600140268,114.03438268472807,17.778812451677418,24.045394573614125
189.20033195323794,114.2188756090287,18.179768057772563,24.06022687457952
188.61309325119387,115.28805502104368,18.93016529862026,23.919760311101015
187.53822741443437,115.76093932364878,19.83072130437646,23.731011464115284
187.71068387103304,116.09602590325507,20.862913746441897,23.638809346105255
186.89214625254093,116.35140234689338,21.586918185505894,23.66590713679571
185.6279330193857,117.38056836668312,22.189758666632677,23.740296521319017
185.1967168490525,118.14425080874152,22.85861204878765,23.839348678027108
183.88046118034976,118.21372327044323,23.883777924347804,23.63922117001014
183.1195593582648,118.47704257581023,24.691880558767288,23.56381621449044
182.4303642283139,119.24088471313712,25.451105278927642,23.895032129236355
180.437430231699,120.09768441190083,26.513044534517032,24.243616111835905
178.78076381611348,120.75333029634771,27.741293404201254,24.28636031649104
176.82710965923917,121.26014610699147,29.132964558602314,24.224022282888143
175.599516934207,121.72443355279295,30.19878147457853,24.44422988296916
174.93647163013168,121.83419301676376,31.024922776479592,24.68643616021054
173.65323483825208,122.18080005793037,31.953789620240933,24.74836023667555
172.16969185051823,123.1892143705108,33.05218689312531,24.775014868808384
170.3256269923184,123.9423856157662,34.504251460217695,24.572464735742358
168.8013108664748,123.55954565805932,35.681598511785886,24.526444545488992
168.202706369571,124.34665137493194,36.51045351289294,24.570608413104853
166.02396039946123,124.11219522294351,37.69913937706264,24.795360616264034
163.8524263449524,123.48232051047388,38.71545386974729,24.955260459484837
160.9333219949644,124.32044418016652,41.1677308394529,24.688297115727917
158.52062604996163,122.37494189724062,41.45235935131513,25.316604461731085
156.66095099185912,120.97187091400997,41.5667328134674,25.58303209179712
156.08506268365335,121.12641894287867,41.56831097025375,25.523725853181073
155.29275059664678,119.20736735571757,41.417183873018985,25.111576780646608
153.39444872442823,116.59618752815594,41.41872579075018,24.85167906958943
151.84775829735057,113.63619586234883,41.39289449433174,24.782994436268353
149.95087137559477,111.30367858559448,41.85419863607639,24.696481176361523
147.22001790412264,109.08102983009238,42.841920383860746,24.627267578967306
146.7140363305158,108.88313322842787,43.46562909720409,24.654237373215807
145.19139907242499,107.42227588438047,44.263935105619,24.58315111030658
144.60909641030608,105.3093982079232,44.23487194516902,24.45084228856902
141.11313924835608,103.70408974723227,45.63170589339761,24.54681015256255
140.5292482388618,103.47938487527809,46.23942043754407,24.687187456285386
139.04211644389514,101.85084035658633,46.49955648688905,24.617236536622393
138.1217180153836,100.98399374563809,46.50650260252572,24.470305106609995
137.17555985684746,99.99135421057503,46.80528421157494,24.319168456750155
136.07203785688998,99.88778088670837,46.92049247426151,24.2088261063088
135.2455499515777,98.64359882075432,46.67963202504414,24.203622771481065
134.9499207626679,98.45222866862194,46.82176600701643,23.946048735154402
135.7645644491936,98.6535093674162,47.13209495648236,24.26369574401423
133.6991001897599,99.11953443227016,46.789153674782185,24.14739162365615
134.31323781323474,98.72820824833313,46.60989693006791,24.15154069277073
131.86653700140246,98.84317860245014,47.01892260005814,24.25009480155525
129.36885003429714,98.26999460276448,46.959672930447994,24.279112818664885
126.03337587388788,97.88488039384598,46.490950879257255,24.381422792822093
125.30297277367526,97.48741450312903,46.132902390084396,24.24308417945389
123.25511516476973,97.34179018053271,45.371903836075376,24.44207838714033
120.93849568539912,96.85754023026152,45.237992392747515,23.853362120232745
120.89567533242517,97.0757549402868,45.00811728248371,23.405285426395842
119.45202930690118,97.02312483958453,44.510874259297694,23.08254389616625
118.71520341075636,96.57017971963114,44.33520032317088,22.992964804331688
117.91882144019813,96.32882882966439,44.1007751764196,22.94838643242116
118.28974557497015,94.93376363270082,43.10863934426684,23.763250965790757
117.37354430054087,94.62279072788792,43.241705125928746,24.276008911649384
117.73736520684741,94.5244858378386,43.26210381061868,24.729973666494743
115.55437858769524,94.22383233275522,43.80640317883635,24.894862024127008
113.363427488199,94.4902566708012,44.14276647554611,25.01563657133979
112.41375316106883,94.96282250348088,44.222512640335026,25.004637601178487
110.69403302608472,94.3709470849507,44.354411063074224,25.08627948285556
108.41769896921241,94.60791936761495,43.673697428619406,25.169391046505787
107.2261462819864,94.18664425266003,42.520129495652576,25.222698710783753
106.73653532810394,93.42155644686504,41.48688616484634,25.255230851609575
105.4353358749618,93.29302721069648,40.63409012102687,25.002500274321307
104.5642537207645,93.09305003018143,39.78505288561347,25.024933627098306
105.56281344885717,92.55470926620899,39.20283766622166,24.95315429002243
103.71213624502428,92.48804993504021,39.12844334418162,24.863411793106884
102.24132521542354,92.335756064661,39.33264818231376,24.55716112062678
101.24712890457253,91.59512303197482,39.01411097727933,24.69516534803985
99.57311700265787,91.22999406555459,38.5039516355856,25.02427210061295
99.39004177837745,90.95565351757703,38.087395763860634,24.91292575220543
97.65931635556421,90.79039773307777,37.47211635817483,25.132327446061403
96.06028792556322,89.89358648603042,36.96669082872678,25.144877323578957
94.997400009595,88.96493418790126,36.673129626437735,24.832301768088612
95.75596782952579,89.02526397502378,36.0870051269227,24.586161616493914
94.59274009875924,88.84715497014656,35.968443250656705,24.443634751055697
95.29326507682535,88.19436710405556,35.56962739581998,24.421809202834574
94.82601559579774,87.92544994165897,35.29779486640484,24.38634638464525
94.83405994907197,87.83897628456003,35.44416802182443,24.09217627006352
93.69062401918154,87.70386529823577,35.709457278150694,23.929333096504244
92.85886949566384,87.44725693859445,35.53038874854883,23.890607288492745
91.428282088484,87.79260806011561,35.85211196378741,23.84686774772473
90.21715773680161,86.88779024175577,35.52745462505319,23.790246670577233
89.36725053883575,86.00443229132736,34.98975857825116,23.579091868690504
89.3238737000409,85.8557201152835,34.39392862575586,23.4971947350204
88.13166603183166,86.09434177892663,33.53523640487758,23.257206608477816
88.07127940435956,85.91207789512396,32.71344791417816,23.125430549512668
87.7407752714716,83.62107722083775,30.657715810157335,24.699792251554918
86.56016612755691,82.61334924904364,28.576144543390765,25.887850789041927
86.7760641710517,81.72924136615043,27.22084392501769,26.475635546489407
86.93053521015041,81.55346517681907,26.13647754519595,27.192896008066473
86.96170431995152,80.67185458355097,25.562296001886157,27.821425479362198
85.9275323802111,79.29569864953044,24.872464985126754,28.199670994559042
86.68638331495136,79.27527291259791,24.404531563522234,28.380308175420993
86.42772104493515,78.85444373481187,24.389523325577642,28.069017674639326
84.17300093512007,78.25149791424913,24.702647302989796,28.018826542556173
82.64536308035792,77.38058047959098,24.749772434968918,27.489364672294236
81.96504707885443,76.60910210078745,24.541016167597803,27.08890650337236
80.81259201019286,75.45710626152818,24.400287409886147,26.46947536847538
80.06767786368458,75.70996334240884,24.276936376845264,26.334672417489436
80.42823421836772,75.76265640876069,23.95298357172054,26.328886041086186
80.71182382423216,74.70360376918501,23.8313707459761,26.45140873967115
79.31973861012202,74.96677826339132,24.159393503450538,26.33533595560614
79.31837971117682,75.06571300261747,24.39616319946277,26.23724056958967
77.53799361033613,74.59053951621756,24.891405577840906,25.971891445969202
77.89401312477756,74.62675421272547,24.955873628559353,25.87388234525632
76.18554206366831,74.04432262870986,25.44178333157313,25.504045000401494
75.37734798694157,73.58606263737235,25.498241756518603,25.010006640142876
74.58527106030405,72.88243384612687,24.965733345923418,24.943443655502787
73.68690185968836,72.04580708122526,23.87760193323573,25.482414834765862
73.99864118569006,71.54547112557677,23.111188139311274,25.65820936473808
73.80757611879407,71.30938377053116,22.189049316918865,25.981929587505547
73.66601885388556,71.38935232791177,21.47568630242818,26.06368266139063
74.21729161758356,70.49142390691001,20.67304762489335,26.603672737418187
73.35984329970184,69.52088035296065,20.56360868555302,26.58300659614853
73.06701585171342,69.14817451116272,20.012696942583332,26.7302398334515
73.68347570506728,68.65784333956681,20.077298469434243,26.563382826591436
73.99070881015929,68.57560923326065,20.138455854964803,26.422591960462693
73.5079906164583,67.71261792093873,19.833271538669567,26.122160429146458
72.68155734237736,67.73607509180732,19.622417431390172,25.393913320399513
72.72468605975357,66.49521139127252,19.385769207724977,24.663335652499406
72.84232740107247,66.4037278997389,19.200381908504795,23.919902987377093
72.98144106641811,66.36728744566793,18.719749259195666,23.94304478057888
72.75786567195883,65.54921725069212,18.21742398486276,23.813623828291096
73.24880147388527,65.37059588719437,17.5783001587103,23.906763142658427
72.79925687701666,65.59230633358054,17.176105396873474,23.8847113852659
72.73117959563432,65.26850088231673,16.847859280765114,23.857681811089858
72.42785631197499,64.85627385122018,16.51381002584484,23.77809804006914
72.23361844653547,64.11665291691648,16.318035068171024,23.610778286056913
71.9385523625579,64.5309445736971,16.253422730243898,23.25087323830571
71.93299777758175,63.73056717281031,16.194020298330916,22.947438572649162
71.1177581540939,62.55243481036709,16.088327703685195,22.620607365528777
71.6129087939381,62.67862894965592,16.02335974509131,22.401121372407754
70.9021801655853,62.358226426293996,15.89728301284427,22.26519170939192
71.20352194547776,61.83047609106981,15.885194460002115,22.035826762088224
70.49640025855237,61.63429604512254,15.63902707201969,22.092505504943688
70.92883768659544,60.84161069611274,15.48995470664477,22.086631386183203
70.71190775481853,61.14708571101058,15.369885062466219,22.035051993327514
71.60610371901687,60.77142318607228,15.222181314992973,22.102140814738085
71.68292729573076,58.92059768332355,14.842633407232643,22.70884972734003
71.52775930519456,59.1728458847123,14.652698902427064,22.65412353673599
71.90521965501462,58.84876032388047,14.421740164056336,22.63796179173096
71.34488199533513,58.4521146405489,14.369938714921645,22.212135397735842
71.0976269300094,57.44485678028017,13.96087270993776,22.099916384691756
70.71148885996341,57.09573783380077,13.756904579228165,22.085503203717902
70.70283910480447,56.24616497848396,13.757556255215249,21.966820735945753
70.69729361799274,56.39608180260699,13.731680212082171,21.888119336339756
70.53356897083388,55.98786803852428,13.697760701229834,21.754574771399867
71.02027013737147,55.28383128622881,13.579334843393461,21.928056672711687
70.57268805057744,56.077876764604476,13.661346048098022,21.70516790445218
70.18574916509985,55.07386235690935,13.664468230044868,21.488713468270777
69.01609240780495,54.79165178561288,13.609451958333999,21.438588073464427
69.841777915101,54.268473973084554,13.626295980134117,21.317374180431784
69.5899667990629,54.29100310125309,13.935540670668235,20.88169619910578
69.67491874967948,53.97781629103112,14.163328317305739,20.4932606879274
69.3423217227928,53.11322807588446,14.302940713192573,20.384903763461505
69.71783159177046,52.89871024931177,14.35848572352447,20.41338139196203
69.71730916244326,52.180182681939826,14.514486967672152,20.109135824610885
69.25522020220492,52.95854430958419,14.534721826320201,19.86371380070643
68.89758263035637,52.2052983818967,14.279220710118194,19.72323216536639
68.88877891558164,51.194212899399034,14.190649453644873,19.85435481817453
70.1764699437908,51.282104871848595,14.176287771524628,19.842866338029513
69.5116583488124,51.73479772082737,14.288981168123586,19.7449843403283
69.73822621105359,51.35276145512024,14.230366650258595,19.777293747276634
70.208632503979,49.97057709662238,14.154758815899289,19.732448349129527
69.52312869233104,49.935528744469494,13.94567055201107,19.62292890019509
69.95775863848591,48.54716682578632,13.69015772000025,19.616679448071697
69.20270761144198,48.92399827346726,13.45360061442777,19.559275455259545
69.73918821498934,48.284240188958634,13.403811666663804,19.378819242685005
69.32294127165738,47.75795818181522,13.295418877016234,19.527276997625833
69.05843560559032,46.99549923504674,13.434785407533703,19.407604870983036
68.85860464586005,46.517857777598394,13.354171159601488,19.539599583593976
68.64001696920032,46.059887874930894,13.310457579977612,19.631200833592963
67.83590766933222,46.50750607762147,13.315492314166644,19.702668617989186
67.53245884382319,46.16295927085694,13.876354355045333,19.17949817054414
66.83929151095339,46.546698809961995,14.155990388544643,18.94129212547611
66.45518396590568,45.572174076355765,14.5635351504998,18.487284971137065
65.76371084708693,45.79326754272422,14.542313139960715,18.31252178737017
64.14867918709473,45.86963118756523,14.960141581405093,17.689624029596192
63.81786983387792,45.40924641902309,15.269468763428446,17.292540592742476
64.29519495971931,45.65294369328894,15.483795176288812,16.988410240129824
63.245339072513936,45.47421062399727,15.045053133332022,17.244152134058982
62.780932195709276,45.05298940385673,14.737306303826719,17.28565704096147
62.37032574965414,44.523934513751826,14.471165489577116,17.478776825214847
62.93876312542265,43.94292998169125,14.298515553408752,17.61632068605079
62.575683513292866,44.175542734940144,14.30495596377214,17.709901896948775
62.49673202842344,43.23900194791638,14.50874434739612,17.77697680099814
61.86866136202795,43.12556661900555,14.870197014320237,17.87573649869387
60.69350238258385,42.47491027835254,15.63558169226361,17.39668931576497
60.1903668819439,42.027569006697405,16.156560944304545,17.27010027265709
59.45834848369104,41.80742192072513,16.88102277199542,16.78970581545125
59.46194489098208,41.70470135281068,17.357322212624215,16.74625431617311
58.106511175857534,41.34330556641595,18.011949799504784,16.555960607113654
56.47796459791021,41.126890059399344,18.735993133545794,16.654701924739555
55.7547900717903,41.63552160111774,19.32524473886711,16.736837454278845
55.126244456644045,40.86114156426139,19.794420739362266,16.90283581114889
54.08383425878407,40.988207814366994,20.23717692132946,16.777430657596387
53.061959502805124,41.062829468900276,21.01629993029664,16.482327719614037
51.397677885294584,41.43348074235891,21.913930166660485,16.194315575586018
50.994493070046055,41.18264993028899,22.69447210992387,15.97295003002143
50.88620812105766,41.05444168438842,23.29307571361202,15.903989683376896
49.03260174938704,40.40751936897694,23.311731547392107,15.809644402357506
47.11493605661394,40.5959418525343,23.178417121857365,15.675608134850632
45.945818356083386,40.38615662215353,23.213391242858663,15.537823906967773
44.62191341900615,40.57090608489667,23.32144648787801,15.623116050512248
43.818845725686835,40.14484158505559,23.604536024716523,15.696413925888685
42.55065887774512,39.956757673387266,23.817323495090307,15.54467717912264
42.34288339256606,39.55929736054975,24.000228417379432,15.478387935412913
41.23979664474268,39.87609395942378,24.28850898013434,15.680216597882904
39.00311573166089,39.74108759732106,24.971978848061227,15.879517351759048
36.945132463995165,39.62971019245302,25.69265548547398,15.868706011425894
36.01761711095833,39.18187647148058,26.073761673916124,15.871165486089438
34.8414504396519,39.42368830820781,26.51726938061894,16.093835097528014
34.59287949458903,40.398564639794714,26.722044736273176,16.050427563367265
34.127575562689174,40.47182404234535,26.888040104173676,16.29067125807527
33.46593963893527,40.148648108246526,27.02633859257353,16.43750231781458
32.83428417410754,40.7109416547608,27.032015359326145,16.572571296448924
32.89057565848162,40.30223311999974,26.97351146871586,16.585039797626926
32.35812894627302,39.833091444192895,27.123113226148504,16.660060972726956
30.957070432447278,41.01346369256469,27.784077871903015,16.625808070297936
30.531301430302364,41.800319399087265,27.99337547111014,17.007507495379926
29.752864067918573,42.29455014976869,27.9388276571204,17.385511562559557
29.752971287906917,42.81119104220771,27.82928738352507,17.678451839792416
28.785030446310365,42.48944802553426,27.362178725531646,17.77927310682767
28.775989834146856,42.58408890896288,26.755346972640037,17.968392708826862
29.00113769936968,42.52992737052581,26.338790354511953,18.073000726912333
28.980490231414826,42.6824500206105,25.80359286164206,18.072335396578232
29.476959672522845,43.22055364828507,25.335119659548393,18.20067495042558
29.052612155909642,43.276614088930806,24.330287385264427,18.700890287491188
28.94182746524122,43.037452004135076,23.76586265410966,18.93246976475706
28.868034286156547,43.585365701544525,23.533023290872073,18.98390482397106
27.65616382536886,43.86294043470129,23.354181042510312,18.98681659976112
28.097348371044998,44.27583666685121,23.125742555615894,18.943508130422046
27.914883668671997,44.45736592270954,22.644977537640035,19.13505343378412
27.543122917655165,44.283962582190085,21.8002809467553,19.2937426703078
27.08856671783306,45.13578799769493,21.07019933471128,19.493156924709183
26.89881702172645,44.87178914237931,20.29495565155371,19.48215805807755
26.85970771813568,45.060782998486424,19.65864706900365,19.464371496042233
26.365832068082547,45.22017807930821,18.976302448547173,19.59524443702546
25.743926072461523,45.68883625287904,18.594904273811743,19.36237637260246
25.510898450599147,46.40682288318171,18.15266543584857,19.116778797688955
26.011705544255264,46.708070174061476,17.407547737584338,18.992721282007615
26.571605835759318,47.103494751659355,16.82348353658383,18.80498637413393
27.391593184920524,47.504086024478426,16.41526445254212,18.643296340245065
26.84463083630211,48.54542229339468,16.345851680677995,18.654256023634467
26.472011736928728,49.189143579753114,16.247047757060713,18.625061422452337
26.67614182999677,49.46778470549641,15.82136615584897,18.767991589998786
26.579276518501494,50.0566533341335,15.511072154015,19.08230486125092
27.064307578217623,49.10113765566167,15.25474621107352,19.20704068501435
26.81074993432391,49.076380224049345,15.117482240705126,19.090388944673773
26.902925194007175,49.73429222796253,15.131915715059602,19.043854311198906
26.782584099193564,50.56800918792793,15.012681634907622,19.074526203340874
26.125538179261582,51.398595956419285,14.881860087473004,18.78946727321545
26.270881629925803,52.21329555006629,14.501291847965451,18.643312028182184
26.832345106321494,52.60099162834822,14.21101579506115,18.544862279703196
26.830898667863785,53.21126430749874,13.957709431292063,18.43333202855701
25.65438201536186,53.71960221630947,13.830239892439092,18.29473550609393
26.33071875472696,54.25080409188619,13.593506865330905,18.444369914310908
26.21065140164454,54.56680214817899,13.423059565518118,18.163165464656736
26.044235378083297,54.53319527937555,13.424205711952432,18.096197121637147
25.664194995597477,54.871240860991314,13.367433788134704,17.92087795776474
25.838211866005565,55.32922899407428,13.45019071008403,17.77150998942368
25.30476428586148,56.227323779447715,13.432124098407176,17.562772830328417
24.962967407981882,56.10428647938304,13.490820314550739,17.377931419124298
25.122566856082578,57.301773028342986,13.906708395831185,17.140337471595036
25.253908083544285,57.96171291204841,14.010265160811722,17.07376707327139
24.89637893826977,58.545447628028306,14.259032262167029,16.669920521293605
25.108686988781706,59.512541858077746,14.340495000445213,16.46045623474056
25.091813662616826,59.62719074924417,14.504755320835278,16.356572093741292
25.819148032573455,60.09855561035019,14.648405515362635,16.36284159762255
26.035773734958337,59.92401493689856,14.873553871315984,16.470525146464446
26.561479665104738,60.642556767829504,15.522333747244497,16.330683291586492
26.175404753101823,60.78588273724174,15.801235645015122,16.398763895992076
26.46143960942539,60.8451373581332,16.058177670668314,16.391989871482394
27.463914366101562,61.13581255746001,16.20965172604156,16.75724855266658
28.176865141389584,61.58427129112728,16.01612305544751,17.306157973416447
29.37982665974819,61.97402229055012,15.741179079857005,17.445260050479433
29.994873125543112,61.717116340296876,15.473667901997935,17.385004239155776
30.25661208632425,62.37258003083433,15.373031410146046,17.138280954875
30.686338576561514,63.015569573176265,15.254161611052746,16.832300458753135
31.263986663064497,63.93344764383695,15.240511465611782,16.436705664820995
32.089203768815686,64.24867878450438,15.43573376827719,16.28926652034031
32.04260451048371,64.87403621535677,15.578299075742429,16.211573452000998
32.01678783238287,65.47954813344784,15.679402193494536,16.17601806064308
32.00945229149721,66.0168882114964,15.594101071891942,15.923972661111057
31.798704806912465,66.40716377213461,15.701088467218435,15.791078099778778
31.879407544871018,67.13951225878498,15.638599894439487,15.829391280248505
32.52174049400625,67.60074962693272,15.798475331274918,15.87888066481788
33.719186646224344,67.8115830578827,15.86141703219457,16.24073950825546
33.93177554931424,68.2314031239425,15.826173259170211,16.293202511721617
34.35871018441294,68.37909262552189,16.153099181691314,16.58213237124901
34.99181659386957,68.71507174137017,16.34673750852238,16.90377432923829
35.55578871063331,69.32609595874055,16.73117971622568,17.12199083475936
36.497243577143486,70.1887707097286,17.322436614903935,17.273605425037886
35.94836804034286,70.02727858036063,17.91533604923441,17.23120534348758
37.75758444935856,70.25135939983053,18.364054300844124,17.798620543994776
38.33498628839495,71.02014844809831,18.715908580802036,18.01290545023632
38.39711496389364,70.69573911261335,18.970310776179925,18.20056644164846
38.05213701113553,70.97272804285183,19.180789127136457,18.41259677943276
38.95736369001123,71.67610192615852,19.701357793539714,18.672534951654505
39.43428104622821,72.62297031113695,20.172206651967567,18.647321302577765
40.19516673178461,73.21095514353905,20.547699284608427,18.590162529878686
40.48230215223923,72.88266921212505,20.73974140050919,18.796255779330068
40.510960939900926,74.27333859977355,20.980162198465372,19.125498402043334
41.491974623676256,74.58894348316666,21.276848076306543,19.01714552641234
42.27958245691361,75.35200502290854,21.516900211116635,19.569298604307736
42.3605657487233,75.30582988355943,21.942433901678616,19.717514219215488
42.35493592536477,75.34982033379104,22.275772670462175,19.86918096053026
43.48052013236113,76.21919861055794,22.363566811401096,19.89467551993439
43.514894279356156,76.6052295493017,22.293921418729155,20.14268038057555
44.209565013225046,76.28443942185194,22.5553843514354,19.876544182399627
45.8871742338676,77.28021536146795,22.54481999340225,20.003173293386745
45.039059519254806,77.44378956519509,22.682639970189477,19.91518849329139
46.44283250950128,78.21553640070506,23.250401788082158,19.617368597944353
46.91969470318022,77.57608567993341,23.147859623090607,20.021854045797156
48.41047549138952,78.1928512041834,23.480496540629535,20.200204086507703
47.3792101174391,78.31784048266636,23.55874098024179,20.25975426780207
48.69070357391493,78.76686042225887,23.807594067442714,20.39525976348733
49.90852600222421,79.6252556585489,23.623363509835407,20.687750210935985
51.36199622251307,80.1007775034823,23.427815471906598,20.97991814807567
53.17346205554754,79.60090406666689,22.913957683172256,21.17756197910397
52.505755885126696,80.01044602133331,22.740293428707542,21.107952237594937
54.214574525001225,80.05773275113768,22.895281309175772,21.089021825676568
54.994272240265026,80.76931880303471,23.20269333943308,20.91352514073628
55.32282545306555,81.4588285177849,23.202922433622692,20.836192713417912
56.15643797014732,81.72321991323217,23.232492028556123,20.937978724880082
55.95804509113928,82.03685445262155,24.024982145388357,20.944097628946615
57.40376383825492,82.45402035768345,24.61877366650742,21.081996968496306
57.68186864910149,83.4545955010559,25.349107056479617,20.621314301647317
57.17747343951458,83.75017030542983,25.912725106173315,20.74073842575239
57.91675467120334,83.72856549401514,26.217811848957282,21.196028843154608
58.870005389322976,84.73134551846081,26.513061168028074,21.21599221841183
59.230956857416245,85.0980810251099,26.43718460475108,21.687181620763063
60.87311763600094,85.3341852183463,26.59010793970205,21.674374513978144
60.2338439339031,85.42084988721493,26.656063218958757,21.77570162102886
60.65771765357974,86.05377363605871,26.747892047801606,22.113211915241937
61.014997422214684,85.530297585852,27.054672403872768,22.009329574470357
62.33896609910729,86.25212701036662,27.653347837334266,21.869617220497275
63.26030296296287,86.94634178686803,28.523500600025322,21.819504108076742
62.43056704587146,86.230262486279,28.6053863794062,21.674159624118367
63.609055692777225,87.08977928368816,29.26217132123615,21.482482057856885
65.14363564212958,87.9008480055547,29.560148377792682,21.553468550776916
67.29396076892276,88.42411105516084,29.53501034268167,21.647587955562457
68.27893181436613,88.22336617995563,28.52732861728107,21.510987715357032
71.12189095357945,88.77926288807774,27.897916972612965,21.926859318148168
71.9944061604276,89.66042319464172,27.205200363543128,21.599798524050943
72.55379269876218,89.65054817975081,26.694759861241497,21.390274415024507
74.64063202351184,90.01616564950237,26.53363967197778,21.6171126147121
74.86478682376497,90.53844904939606,26.968116583846385,21.547262120657418
76.58146656743423,91.44535853480676,28.029423672893344,21.35766149452445
75.26185231913527,91.28190684447353,28.61143361785555,21.429839359348474
77.02505927429368,92.0785018767682,29.639898419239163,21.615229245091758
77.82991833010621,92.43119988900872,30.087827535855077,21.687795905242083
79.76205068930732,93.09045146649747,30.53825197684617,21.843295588399343
80.44648951620917,94.00730957896786,31.047667122038426,22.08440631925386
82.63237097509453,93.8492414189868,31.28216688813611,22.801656864603558
81.76366284398965,93.91935822235484,31.12992410321912,23.247683338204975
83.03757787909416,94.36569956954152,31.73082502628098,23.17420831213608
83.48923626487048,95.01565465304633,32.742758436880116,23.025835086654784
83.51582113745613,94.89044082564052,33.859557296750324,22.900360297342154
83.37519659756202,94.9666753574036,34.722039877972875,22.7369994665973
83.77046921417687,95.14297276077677,35.37677531586286,22.329534922374854
84.94770233565622,94.91902466504476,36.250428446225705,21.97983245384666
85.49271664727287,95.37164759794253,37.174586920541834,21.940348881389898
85.62874904361718,95.27249966866641,37.53949574731427,21.96302521224456
87.69246832491362,95.37507594191847,38.17498471691743,22.367744768477884
89.8800686276716,95.13199822714944,38.30558721961679,22.579104218754523
91.76402411471216,96.86744435945361,38.454117686117975,22.334937770872862
91.86105821781238,97.36513223239429,38.33874503792905,21.801789101283564
93.76752848857284,97.76520796588889,37.786056972146675,21.115415554898114
95.89190632394218,98.61592207284883,37.33716368620411,20.82689517979965
97.14332078714415,98.48361945274534,36.890159039585335,20.599964309367042
98.91757091068106,99.10819591044046,37.34828158380178,20.750271590471858
99.47804507006252,99.73080491594227,38.104277091714295,21.490227400917526
99.87687800569591,99.05058016197947,38.16104267081447,22.20453764473638
101.67409936328991,99.47200202602548,39.404330840178474,22.187855360831534
101.74075382999686,100.56349169767267,40.38704365912207,22.648129582371713
103.68681542346249,100.89649374619796,41.49242089180751,23.03600760736094
105.78222574525628,101.09369162880665,41.9327805346274,23.015411046969923
105.70853638140815,100.81300737095013,42.00842312773496,22.94514437362657
107.07449326968192,101.6441767767119,41.897481269293486,22.98009383686805
108.66868942315523,102.20022861433938,41.81922714021858,22.914571429923612
109.9396190026295,101.72573070714354,41.79445257981129,22.76978553464429
111.90982213209051,101.3834118198928,41.99992368218686,22.724914730368454
111.59250262477002,101.30210648115047,42.16511684240244,22.80162227738141
112.42099790204884,101.4210201735439,42.353182106402514,22.93125255064699
113.69996945062422,101.33276748085996,42.814185180058644,23.08045150783572
115.54604673087618,100.71306466723411,43.23864877598781,23.445118441850138
114.74170960421958,100.75749853681151,43.956892757675526,23.823801189021538
117.0212067892428,100.33715653890633,44.43974370928437,23.892196445150645
119.28300034302264,100.16516953136312,44.7768638847447,23.921685029519615
121.72638438590437,99.92146610325446,45.22602471591239,24.004348691156853
121.78941610081498,99.87717854799118,45.20789647629198,24.05170054017806
124.19631028622351,100.52768032094507,44.98773841934822,23.89284525057215
125.95281485287477,100.7723258937721,44.08442972740615,23.60515680229051
128.47031370979275,99.6728395904588,43.18336555772912,23.744396733364752
130.11672873998128,98.97084645985521,42.74184145896094,24.093754264751695
130.97481019914088,99.20873057563742,42.104098345214844,24.28339595578705
130.8111329537012,99.17659936624216,42.66466363817244,24.62105498579126
131.15253332743913,99.51609197305487,43.23909364936353,24.655054393690662
132.83339329220905,99.48985091349739,44.11415054858956,24.45712267775694
135.10731935038547,99.97173864968748,45.826888985520455,24.525675334191455
135.37352376379204,99.45063736988303,46.24213065089861,24.716304903382877
137.42021816912683,99.63042580824478,46.08901727090833,24.828526029379248
140.4867520904286,99.67006495097668,44.94214403890048,24.773678341116444
142.1466876342294,99.76145523104955,43.966538650685514,24.693074059800267
142.52690118672018,98.93324619925812,43.307605515263624,24.670134594696595
143.14083071539753,99.43659904183902,42.981068107460324,24.75882757400931
144.36825953447686,98.81623213323883,42.77041355996938,24.82725926432522
145.16994038808286,98.53885279788614,43.00828069549266,25.032370442860284
145.13742946769793,98.34267118048066,43.390268086446795,25.12791512326983
148.52194932981502,98.04152069963517,43.84378876794378,25.379073410276288
150.1530084740201,97.51435942780601,43.92339201426262,25.75516954259196
150.16731104514713,97.43437968046877,44.099551267960784,26.051394017105807
150.95031500412458,96.65895858734487,43.826022030616556,26.209777526061714
157.340677788755,96.13154809504057,42.413234503042766,26.382391772675167
158.2278674263944,95.34751371922073,41.24841053181438,26.333965153449995
159.27127230309355,94.05308466375922,40.52131171019404,26.073024585021194
158.9484430088334,94.22998140116334,40.16674809259861,25.879581373331703
159.18426527471513,93.36912013914409,39.805376616567386,25.66253539132009
161.5275848589523,92.96815406985284,40.13899635159647,25.433008436808713
160.8735907319579,92.61121178332557,40.38106997469541,25.393670305929533
162.81349800183466,92.84504472905249,40.463254374456014,25.7121332334645
162.62298418455225,92.60856268341985,40.5198949653063,25.85802723753533
165.3600609873324,92.38303175628047,40.32149438098629,25.86076748112491
167.27122893067167,92.09899605444878,39.49310886128157,25.782244121986203
167.02093977596937,92.40002620898798,38.74699510926195,25.585071429542154
167.3028582880395,91.50888928488902,38.450468644871314,25.52293736167103
167.6022507642847,91.60367412164469,38.230510131761534,25.360289543445475
167.33248027552708,91.59999553741358,37.95963709302997,25.679765808425245
170.71289660951462,90.83858890256019,35.82834582214962,26.82332709139001
171.1721666296999,90.10337436922853,34.42978382819631,27.478024215399657
172.33576644119302,89.37698267714177,33.16300984436256,28.225703427343436
174.07281032549895,88.75757905897179,31.557497767927572,28.935999318296883
174.661051215716,88.23653600421004,30.54515494535154,29.45172896915644
175.3616297158726,87.58573739431007,30.022347726074685,29.518837820922013
175.98607815759487,86.48119903956204,29.336846760045752,29.499820906303086
176.11424667178136,85.95791980907335,29.352650443218746,28.973427692819108
177.29338130971678,85.92998415249185,28.226053215916615,28.8517972530095
178.78920035084707,85.82876257276506,27.193843324841076,28.734854109038263
179.7338242493789,84.91224879139705,26.103068230280613,28.737707702505475
181.38687280448224,84.6495302431715,24.760832466318757,29.102118380747495
182.85484252977383,83.62407728277316,23.731488365047394,28.998791561141942
184.3566372134091,82.76805445228884,22.502315921299775,28.891217685710746
183.77126641781197,82.69145186541807,21.687618092747663,28.86849739601425
183.8692936517247,82.64315009324764,21.226489014212053,28.689046558030906
184.55183394854242,83.11224338896136,20.88624174214795,28.402696481076433
184.41166792378766,82.39588576316056,20.689834712897337,28.32624942589242
183.3543544425266,81.33392948871959,21.5653136546751,27.064737122403148
182.7892254516124,80.46851326533222,22.149894332235643,26.18636956841497
181.834787619497,80.26208300946917,22.72611039430118,25.364262013925554
181.86836369103608,80.8892064117794,22.930683607801882,24.94862782536726
181.73394168323335,80.19860574904173,22.861586155645362,25.004956895517264
181.33702280690989,80.11344470811744,22.970565347730144,25.16174799750154
180.58670722613226,79.76044570851974,23.310243106766173,25.29630279658558
178.94515143540406,79.27852194640384,24.173146234090495,25.277643628407844
177.01121280171827,79.47825192334658,25.586816557950122,25.257948112197845
175.81057764749318,79.0013982756316,26.880365418455682,25.13258853503107
173.74931201733642,79.05417670377379,28.48654545577724,24.361628431867107
172.8191182642981,78.46076043518417,29.83810831538092,23.779627689436666
169.890803110125,78.89355975272974,30.838334319222703,23.322478972377226
167.54846742159918,78.4393672477932,31.38793632600457,23.15645282845696
165.7750148278669,77.68037665570043,31.745989441707096,23.362316078415525
164.60070101460775,76.79822428256729,31.849871098453043,23.665532167302644
163.54873242081737,76.38184098984097,32.08936617597212,23.857399869412554
162.9200398049524,76.08343877739793,32.008491829950884,24.092670712088093
161.78380796642386,75.47359074846139,32.64650733634608,24.335776374987404
159.97748564657505,75.08579921122632,33.06448654406738,24.925738202762044
157.54789177879573,74.22784645149021,33.66718738692585,25.320563514409535
154.71910199194195,73.81654187047307,34.452936497223966,25.564898068785432
154.1105289352639,73.66312895102213,34.9501514253346,25.441735642649768
151.68346098816298,74.08816635261601,35.04306924855251,25.25314418687792
150.90335860805405,73.43996260414838,34.17659535123862,25.212777453809856
150.76410740858088,72.05155838444718,32.984778479097336,25.613406198082856
150.692881915772,71.06565205399843,32.44049860305124,26.040948462747735
150.5105169540922,71.3046764459907,32.29639601212484,26.26331326347239
151.05411706400534,72.46838136722099,32.37189501486324,26.23658381995284
149.36030762049208,72.09451527261515,32.9334638587837,26.377211528897938
148.8040455604921,71.92609430965557,33.2147478016291,26.740242811859424
144.2750678511519,71.20783173890197,34.50931458658148,26.199645884961463
143.46805653639964,70.95805773600546,35.81590423674064,25.85691749638727
139.17142517180687,70.35566131124739,36.274480495894466,25.621730911890026
138.46057772520763,71.07093091627527,37.772276163202335,24.46655279273277
137.51794860842244,71.76405659190314,38.751515066747984,23.742798365877363
136.24149890320234,71.88742540453042,38.80322643740854,23.525255090045874
136.32584425498723,71.96713232131155,38.64543288875851,23.039352403982697
135.64465303106917,72.27598303406924,38.63385782183178,22.759258272788383
134.65013862173248,71.53683560315814,39.019248825983375,22.66519750659696
131.73527002731316,70.77813129619102,38.96718488643455,22.777569671098846
130.33888209386652,70.30316581962826,38.679604870683214,22.871129400297804
128.28446304792237,69.534011726318,38.84599077026496,22.81449299062775
127.19982045502985,69.19680473285929,39.86628294076071,22.419823286901853
126.33270444445475,69.46827220364045,40.461286379528715,22.193692843773583
124.16369308443194,68.80349345968942,39.33063157882237,22.36510895708765
121.20777868473704,68.57507128009391,37.98870004038257,22.41069268161793
120.55294801828458,68.78032365369283,36.74067218337659,22.31416568257569
121.900549769594,68.54542506042574,35.557771198648716,22.268656217517623
120.63240657137786,67.84897709807571,35.038835799045216,22.042859148099957
120.56344962876558,68.08608197825723,34.604137577469686,21.9306562904316
120.41662897949791,67.73808825099583,34.124676175294724,22.10077693844729
119.3653863542918,68.04582689403246,34.51809586918076,22.369347518241653
117.86388778891694,67.63704794451873,34.77576648091802,22.255349430864705
116.17013230235942,67.77710727912479,34.85279662097949,22.31414098370609
115.12560426685559,67.45750721866175,34.68770492396651,21.968006708269872
114.35680805906256,67.36458513713964,34.57145155250424,21.402284282435456
113.52798008738426,66.88537913810181,34.37745976121879,21.011049235375626
112.3679225809258,66.53355359305782,34.25298086773312,20.48793767306646
110.77656329523069,66.32860265470256,33.68334028728317,20.27472973227207
109.82605322684121,66.22980241748948,33.26864511110434,20.03980132347949
108.97736306623128,66.04978026818783,32.675367196774275,19.985210023423274
108.24030251342874,65.92833833268725,31.37585887542317,20.831991644802102
108.00080081076008,65.03099845457885,30.77054447737762,21.199561682696142
107.34489975539657,64.72299096114003,30.490728884666837,21.26176321208475
106.54243400363823,64.6626046609205,30.40483516426078,21.561418530610084
106.26574023684259,64.13357864639197,30.265846859095532,21.619647108624942
104.58038323649758,64.49480532864206,29.765764179335104,21.78262354368151
104.83676521081634,64.04219505686038,29.359932967630808,21.876442243220186
103.33432379899864,63.354505773628496,28.927789052145727,22.00694609387891
102.47619012841754,62.199444286604134,28.040283276242498,21.940311207743918
101.87006397771799,61.63650911500335,27.347949858533017,21.94733096214696
101.45713146762675,61.35483571667417,26.966401205314614,21.96622145568567
101.17363502574634,60.84527402891308,26.82256763252866,22.0972334782873
100.73490615026353,61.13591188461632,26.86435556795397,22.244035357346384
100.03245667150921,61.031339879892904,26.938952883044703,22.28293398758369
98.47642802377884,61.17748643476454,27.56058697599078,21.97101635029664
97.89893410937393,61.205290895709574,28.34743556763517,21.84148428764233
95.95630031268033,61.183751811044694,28.869329643032234,21.57182064092824
95.7866141580874,60.666230019827864,29.007167561768558,21.403622040630268
94.20479769870789,60.99309619050699,29.1843490931222,21.384117273143634
92.54022162206564,60.04604052364472,28.772941906883375,21.01810845344105
91.56712820469586,59.25683164831275,27.67474950730898,20.875002919192877
91.16993860694552,58.62728673660625,26.54276440017445,21.028752261801426
90.84103017672312,58.440549676966356,25.651658364234066,21.07642935969222
89.6675779437503,58.875408876383716,24.9156668359933,21.175229456417192
89.2250652905053,58.198325154827266,24.160748185154507,21.49768293697515
89.51563745369697,58.20979787286337,23.753361471476413,21.60045040225678
89.32198732883782,57.391566784209175,23.104946618045293,21.67286977293981
89.2787309798815,56.5578329926488,22.65319599503507,21.910566171139294
87.68736972814187,56.13060924972024,22.173624110696935,22.44870494999759
86.84748378837627,55.60105668436621,22.087616494988914,22.355029428659428
86.52699069526732,55.39153548218148,22.02396420006668,22.252722402944674
85.18593973197355,54.56874725987829,22.267004961798243,21.7135909675309
84.47892607715617,54.3969498232761,22.567095608759058,21.30317063344464
84.25100357827391,53.748378790989825,22.60319405858619,21.150395858417586
83.61476453331265,53.77228725414412,22.838923739237448,21.10516550616984
83.00200476044967,53.77049579071668,23.023240024541693,21.11134612125634
82.32151367584964,53.956874438988095,23.317842646622573,21.120215549910338
82.09773301368266,53.16842986664817,23.456344887494783,21.066507580027213
81.0940800306584,53.5151847758097,23.944563419728283,20.7536388942973
79.43060492188725,54.00242094547932,24.434175904955538,20.524289822131816
79.03975960418492,53.63706693516367,24.2760453566787,20.280760281537226
79.18866464147683,53.59783819081367,24.213322661908077,20.15197902156761
78.27131004971575,52.85463175694987,24.062326350549572,19.87708715315781
76.61027160782382,52.68453525834128,23.942317729801562,19.78437936397516
75.69454719640223,51.89253497745138,23.15608886404614,19.888785099056648
74.40242427071989,51.78462103451078,22.60584994749697,20.043694948089556
74.74787632782949,50.946630678089385,21.768698908281415,20.399857164228237
74.43162582764981,50.6379249074539,21.38138386764803,20.53636564625505
73.84738893481939,50.46967144724463,21.106825388599383,20.720582237336476
73.86390362141168,49.89720689182767,20.765707086953746,20.857890059870826
73.50260240825773,48.98514560817798,20.37427164190086,20.999208281085618
73.5050043319564,49.38164306374243,20.082174926604594,21.127620175471996
72.84190303184457,48.55159110601547,20.13300979001185,21.040972067229024
72.7436948897734,48.35833796375441,19.92011919034224,20.848724045911613
72.8366054719355,47.75286872065293,19.938651343636398,20.328392099642336
71.01819083049827,47.11685969181434,20.487935946869133,20.0692344247069
71.03781873830502,47.3340492835752,20.474561566977737,19.909127355223667
71.10397788742968,47.0799338112361,20.648444577694107,20.131955078056226
70.32881189927754,46.20339099435392,20.870237182507914,19.976593565404883
69.72111708959099,46.3320599715521,21.014344534310517,19.91133820981394
68.19941685734283,46.286363472225986,21.413332719677804,19.553280238770128
68.60361282543805,45.89227111025111,21.533081244932212,19.435685302971805
67.05429671795322,46.41547179450416,22.04606301587112,19.28039608322746
66.06349812362042,46.36801671530938,22.230299069053935,19.103181742534446
64.97979161590081,45.941543405653526,22.47424218340826,18.641131642485803
64.14206747175467,45.46432796849942,22.264897428563934,18.36177283440572
64.20513556187615,45.171797463291114,21.852680768699095,18.151452298801818
63.49586211150813,45.04012756016873,21.402695369439698,18.109922870484667
63.47642988093604,44.93646234947937,20.920454123892146,17.957800030964798
62.87795284904244,45.07384500888849,20.521588952831323,18.126500243018892
61.74810662035245,44.15897946677312,20.442316709512436,18.227051944925417
62.10388963265545,43.94350743846448,20.18697467939992,18.296739968360562
60.93112562230242,43.57792405889741,20.3716037762321,18.557924043836103
59.95242424385221,43.32993433351406,20.31487880180927,18.90908550155794
59.79894879039006,42.15022041349512,20.008021136441247,18.955642839123897
58.866954843397025,42.02223800263071,20.12775026902136,18.72586068113928
58.30484489819706,41.46133789069088,20.387935804734553,18.316566711560384
57.42967936232887,41.759290882686145,20.70337791753996,17.906066637584964
57.00575498814324,41.164908505019966,20.622055401739637,17.79001717344252
57.01703477145022,41.16413324225236,20.66640600514434,17.790910777968662
56.47020945770465,41.093610495700034,20.99577619421233,17.66503549589823
55.913892515559915,41.36579021886728,21.284295755839437,17.518995323750815
55.4906123555845,40.61379580572174,21.389370360877848,17.500918629755336
54.74884474317522,40.71743056806213,21.83212504141541,17.360542347374118
53.163995593875654,41.11476167301499,22.48926178033742,17.233307319665965
51.85295572251435,41.022128113247156,23.259882854351225,17.061906145725526
51.26988691619323,40.36690080381456,23.6660120722753,16.84088092908047
50.44896252360505,40.48455454811284,24.034522658789847,16.691051925114486
49.342227170444616,40.33561608824303,23.97798742371972,16.576284011527783
48.102279379231476,40.05445519272407,23.839796191265634,16.54643246462929
46.368812727154285,40.683741818880044,23.57196015109018,16.3492975343846
45.92554992588549,40.87858604382257,23.270251782032005,16.171516054046823
45.08598406468076,40.3946143415329,23.16311789279291,15.970790115631466
44.92143414110052,40.023501270245134,23.060494681729658,15.988795326677
44.746731990874316,39.66272784373179,22.979056075945422,15.987597774434075
43.61813816703982,39.72859003353269,23.1132154452636,16.164561946019784
43.3561937374413,39.31814344536273,23.095737786916835,16.375234809287505
42.044966801776894,38.76947219161017,22.909577165829255,16.425076229603903
40.19685286481271,38.628321494390704,23.295050979012384,16.412538778313014
38.497844814158405,38.147992622518004,23.881744391264608,16.275029937089833
36.53523142478504,38.0178369813477,24.89535770565586,16.151406155353072
36.31733404404715,37.7959319477704,25.485219670534164,16.012090213997077
35.72520081496961,37.86029452480922,25.67260982930798,15.999581034011918
35.23417744553366,38.057136471841815,26.277896443019678,15.979210507313528
34.91362042593536,37.59165799017904,26.965375922108073,15.93071319169316
34.04958541525946,37.44510016020419,27.473039411172287,16.001736700000997
33.14981720388104,38.333112623490436,27.790784695280134,16.044684957060408
32.38679209086409,38.44898246078208,28.07583820290737,16.108676320332286
31.04012777712381,38.09196162221133,28.10693395456395,16.141873034876884
28.708396947467694,37.89436299459933,28.363863803115684,15.80554528619082
28.422683190676324,37.95380296655415,28.098528292368286,15.811122165153341
28.210337112587847,37.80289158514708,28.229337989143154,15.67497226313441
27.375258472393966,37.903346893943706,27.77960386442533,15.746219255003899
27.197312587211904,37.86690354656491,27.616319866890894,15.665301483633137
24.98097409586103,38.1343577801978,26.577835960920766,15.983568894892123
25.531503091926822,38.36721582565167,25.539516804600797,16.168755492487655
25.312833400379986,38.875671397194694,24.586199716442025,16.120605316656256
25.138953292523897,38.54202531871026,23.850434512918973,15.798394745639737
26.100629129641003,39.24796059424632,23.215034546524727,15.460331195681507
25.596732302384932,38.83925805143411,23.06200592873615,15.278968190104155
25.755606992679855,38.9615102975136,22.684974856237467,15.085508612816625
25.86704196049166,38.386909711567654,22.641681317555992,14.906260535440929
25.608757148445036,38.55792542396195,22.411347700968552,14.837722907239339
25.659217831266133,39.098679710788275,22.311732453071468,14.761267496161459
25.776486999459024,39.12646901469176,21.947846688006223,14.70798132816169
25.015578472856554,39.51501965680717,21.723598363022077,14.486622963375915
25.440502477232357,39.88889528664625,21.30190619371368,14.299722204758226
25.591724132622375,39.95406676378448,20.93316207355025,14.115344212725805
25.973045303623408,40.14274599524878,20.634478918817397,14.162230600671155
26.214355416114735,41.01712812439499,20.125393732365566,14.160611041475406
28.21768266244544,41.868629456895135,18.833229176532765,15.623160754175924
28.120236585400804,42.391956096509695,18.15886978137812,16.13727905945761
27.71182501763731,42.76637729824317,17.017655778919874,16.701028923980772
27.534279609405985,42.494895210947305,16.206559547424146,17.022516379789124
27.623654863415076,42.791987371628096,15.5829063213388,17.08140465402386
28.248937412380705,43.00826655768817,15.139595180202278,17.04953683747622
27.77562326649703,43.42709504503374,14.542087066978482,17.2311267986295
27.67512221435313,43.5990612483415,14.16420319876643,17.229268965053986
28.069230741245505,43.88907375757246,14.00906120344192,17.07882788352176
27.412274224300372,44.30999966563169,13.646636399159268,17.116869131902202
27.22481189384946,45.18342566371798,13.329619858374237,17.219389403452713
27.579111388291523,45.46021386924811,13.312933162924256,16.975340598164486
27.809998246311753,46.21766582118356,13.075037815619105,17.025744430690366
27.338073143678606,47.43070211923036,13.116504514587337,16.871587747224932
27.798391929278388,47.954154725396506,13.207753063230303,16.662830830772002
27.54481445287437,47.98845604921706,13.377607477021611,16.38497747967688
27.881783310447382,48.33211904291035,13.135899727800808,16.34393190019588
28.49858584519125,48.66954867554695,12.965430043826373,16.509457833515828
28.79722400512438,49.06452470528022,12.685168567185594,16.62654815819693
29.160343943788778,49.85072945568645,12.423038498063358,16.757488486104563
29.062831928187293,50.02769523835382,12.368717107475245,16.54491788912118
29.307477667537324,50.69491484234141,12.139053924673625,16.599943893967957
29.593770431472645,51.47582272723256,12.042471686025698,16.710893617578606
29.761976756689684,52.165943666705,11.98645567589237,16.497849204530343
29.40118467296282,52.72054802341257,11.828282856251219,16.432833282100308
29.662813965494983,52.99603816688118,11.909389798816747,16.180015038257725
29.674123003745393,52.89489496122271,11.88862947813806,15.982503890790166
29.868180592405793,53.86498685025039,11.844993593448406,16.057935099154488
30.18149879396781,54.824250287565704,11.844740316106389,16.228291862905817
29.519600767109107,55.4413428836283,11.895778839611388,16.098690053387127
29.686238014023857,55.50120030539613,11.966849828369705,15.899189624448029
29.813231415238427,55.96844639926748,11.968697396792084,15.668422953501443
29.67526349681138,56.49086443435294,12.056482142308973,15.500791599536115
29.62300599953334,57.377714636189644,12.223465196226027,15.529335739891946
29.762719259549815,57.57478716576031,12.567126320770106,15.329293653496503
29.442239892431807,57.86399791329346,12.736214245212654,15.279022776506539
30.017518101152888,58.14885260638137,12.713318817531846,15.422239956931524
30.165908784268865,58.7817386891492,12.5874548132746,15.48118829329558
30.580213035895703,59.64064078031005,12.687087503315453,15.588424570606747
31.077405923564072,60.61315385766278,12.631550342671403,15.768830907203771
31.55810756933647,61.20307750478106,12.638013471872451,15.757289367628783
31.708021035596733,61.020870574080526,12.631646491229525,15.747235856135564
32.059719155590095,61.35319179747693,12.597507772872131,15.981030313296301
32.719419975018916,61.56155369150835,12.41161910779989,16.08312764549561
32.77980340841337,61.49052883633689,12.343716934116205,15.95657045466971
33.01871423523126,62.80318126015953,12.392622897267383,15.992457070494872
33.50771821903077,63.30513924703728,12.309324039928375,15.967225879721253
33.103487551635965,64.30198272796738,12.2785432143977,15.848594230971397
33.105640417771085,64.20468973198986,12.3294489591091,15.633280928550068
32.91550807166641,64.69678251191218,12.278599335331812,15.749750209174795
33.0705090465697,65.34563711555043,12.365335050463216,16.01781854210521
33.79161202693654,66.16021967935406,12.560034402267675,16.17012180591641
33.16191789641158,66.8527658340921,12.587474049197114,16.35992988515799
33.16401734083385,67.21019851689641,12.91630025819956,16.404830144549358
33.0517428605363,67.81998677423326,13.131372273059146,16.431002984238155
32.99600358210377,68.1630082424783,13.260000710452655,16.643914796855416
33.807131885469936,68.72224053216871,13.262256418516774,16.974910604704522
34.66795038300021,69.01773481769595,13.132271220750832,17.16282694850601
34.97726776356969,69.70271426368666,13.253830661081292,17.306346097219777
35.26736587290891,70.9565948784995,13.299793991162312,17.594839502451258
35.43503269380495,71.6917868335373,13.466186321069,17.633080384474667
35.82442581746423,72.08083485146317,13.409359485848375,18.49491292795338
36.294669982462054,72.49181816466348,13.362043360347199,18.946857300850827
36.5447163116608,73.05949459277254,13.504234081981298,18.98571511224291
36.9415596346049,73.46645823687777,13.64121835312725,19.180549706814407
37.219491242000686,73.60647915637742,13.666536604915109,19.461184144498915
36.564884034567065,74.1627869438953,13.576706506079962,19.451306115430285
36.789959509912364,74.90043881894343,13.605748855398126,19.596430093033298
37.215801011403514,74.679054946504,13.663550060045996,19.68963742812783
37.46794633452253,74.06826864364305,13.6662728539401,19.818764660314578
37.799734782339364,75.07122473261037,13.812938372780915,19.619709233821883
37.08953899513176,75.8316097060634,13.995409424506304,19.748758661000306
36.81594377384461,77.12667181966202,14.29022855589286,19.81449056631039
36.84680569629711,78.09458049122195,14.499030166462722,19.83550241344474
36.84929315255866,79.11881972814388,14.488064393887218,20.501556314936586
36.26404303766357,79.47715300726439,14.488225039326807,21.212750135914604
36.44795798581763,79.6753856535176,14.566443879590953,21.366844304524996
36.91568826659177,79.45409988643574,14.664234007549197,21.646405181855037
37.53783041603783,80.27596955530444,14.796873388962561,21.62797805324699
38.09615918700517,80.34374195925645,14.8056627626544,21.744307334584
38.93468878706556,81.4356509696664,14.881279691874749,21.595834391278736
39.174493586936194,81.49181221039441,14.798441642312012,21.743234142641302
38.97797504014178,82.50473900846919,14.957144430972061,21.878942035597
39.557496653524964,83.36504124509467,15.120725410748669,21.854746310972736
39.909151595653185,84.2027487921639,15.193441060168361,22.073862466834278
39.82107019368637,85.14267732510964,15.363898309598063,22.27405801515481
39.74929537760441,85.35935725042275,15.499276878845448,22.53375403267742
40.58566150927436,85.96053117835795,15.546620580433235,22.461381853343575
40.91739396459462,86.63918548949661,15.565212931259683,22.34787589773037
41.47293345947902,87.93052246081433,15.40688510115885,22.362665562883016
41.175364652517146,87.32821235092398,15.313424380293325,22.397046691744244
41.203903865119614,87.86300438627447,15.372417253806852,22.269496984789885
41.398946977090034,88.93887073141926,15.737967423889902,22.010775387639978
41.64118424332312,90.23673001432482,16.12780404054406,22.050369855886444
41.76731921243067,91.61662619102155,16.42053942383164,22.498630137685872
42.01635964491828,92.54071960664402,16.65438839751379,22.94225143479786
41.877893194709785,93.49541364654442,17.059511442827308,23.42994473011912
42.044238097022976,94.33161943621614,17.385827280138177,23.75376601801659
41.752279779008795,93.98354911664856,17.583646604192964,23.678499470166756
41.325961210297336,94.06944480158546,17.732952330731024,23.496526078175876
42.612032871047894,95.1341858334944,17.783330886518723,23.304969829940255
42.39756244829552,95.87685406554337,18.026459869673968,23.111575723859282
42.80382565957878,96.77205407852843,18.296029904588842,22.757356051053854
43.82743845869935,97.94344411302626,18.242316102345313,22.530335831606525
44.88953361795548,99.11637512812095,18.191771375568884,22.467685747904557
45.781353393558064,100.25935386222821,18.34662364565278,22.691961205105077
45.85767540769759,100.74489382837207,18.55666955949523,22.79516225006651
46.417292319719564,101.21472457165314,18.630701888786852,23.343463367073404
46.77650032963657,101.15460394223265,18.5950484917861,23.9242413442829
46.82076139899941,100.80094727402847,18.6639466455571,24.37247862182668
47.52706485958742,101.38926136218414,18.573782494385355,24.674765302426046
47.858274271622975,102.54703264385573,18.94297272869438,24.612564890724713
48.03884571102056,102.85747342993739,19.329710904777436,24.54253192180998
48.70735418849385,104.25737777189362,19.661782313478312,24.23903132620014
48.95163510430957,106.08027582568306,20.022051300976823,24.576404774285322
49.78661854946778,107.68361812184197,20.361549628250728,24.515644750143764
50.126071745773686,109.0915725995704,20.537270546868633,25.218393955850246
49.66073430766983,109.76490055644474,20.833481337974263,25.894597138628658
49.65224354853422,110.80837684784848,21.061969222975208,26.28632755066372
50.67940534700397,110.76646352114263,21.35115148541071,26.536712797587008
50.90186395157494,111.1835412490747,21.67121429440767,26.41163934913101
51.16825602830142,111.55705948931666,21.90671815727397,26.376751177401058
51.568584925457884,111.51906656537028,21.94341210236764,26.500704738620012
51.54288472720619,111.20177534023104,21.751091118041202,27.020305477987716
52.50375124464439,113.50970845395788,22.56763957158338,26.308611432617138
53.2314188650025,113.84837706933065,22.050697685283055,27.04978511572049
54.33194207007864,113.91576174083302,21.915101705047157,27.706401780978393
55.305271034560775,113.36604954396775,21.758054758024116,28.347530441972346
55.92583802994647,115.54611828940673,22.57944246334343,28.18743662937804
56.230218285949036,115.53808977238366,22.425656811291212,28.76814956342573
57.26628293531976,115.74108669037784,22.368503060340306,29.491352848103872
58.23394988861299,116.27332088509661,22.257176545683464,29.87600915253688
58.532412112752354,116.46609126689877,22.209627571857702,29.88941452516874
59.777408570621354,116.84483434454086,21.995610121894245,30.12085364807136
60.58744344961994,117.91057474250759,21.886055934537637,30.431583288005204
60.76462158878516,120.0314074389735,22.42236453171455,30.460757109398354
60.74700248309443,119.75503410595289,22.399181220717097,31.047219537637552
61.41841984245025,121.90221473851705,22.996091093718405,31.049496284441588
62.29987081298171,122.68645421484895,23.47399883168685,30.780428032575816
62.59273486215403,123.95111774709174,24.059379217610406,31.403828333584013
62.40899976543113,123.83129592820269,24.336103537306936,32.32694228014279
62.31960852712005,123.72358813855433,24.5957465914528,33.1684732411572
63.023464541639726,124.82702116161812,24.604293851201298,33.645590759406446
63.998123835706316,124.3462429705759,24.489625183531686,33.79943011621087
64.44547267547611,125.42097520471053,24.53405095570183,34.25795734334569
65.20651129725432,126.99061890596985,24.705795857607463,33.71648163974059
64.86310257410854,127.3014849092083,24.77604402327464,33.09415490481204
65.6121151124608,129.58237083662246,24.71785890571472,32.700950707454425
67.06792894770891,130.7854385759232,24.877788518619983,32.69151918736427
67.16397949458376,131.95261789534254,24.926430778833176,33.33218810971333
68.4177751136853,132.36219176262568,25.088810053020232,34.21577365342161
69.77415908111098,134.52434196817012,25.229487409688033,34.33872790007811
70.13077159654136,133.76611198122916,25.573800768986878,34.73406730186984
70.41090794587501,135.3408613784405,25.663180909026565,34.55133438803189
71.49246953958668,135.41371308597334,25.63249471234114,34.59375743268397
72.51852749947469,136.2816495896468,25.66476824073101,34.21734561365335
73.26729304221286,137.8704829104376,25.6709295437892,34.179953496760476
72.85924917604667,138.87629215598068,25.800561728311976,33.97620479765893
73.82952765997723,139.55401679882078,25.84881088895277,34.04814382241115
74.94510921495493,140.0840392886843,25.945849311361254,34.6817618437446
75.63558368310792,140.96960077770498,26.181085086511565,35.06707316326485
76.81165968682697,140.94975962542304,26.486365635225795,35.472947570260985
76.85120992120694,141.52867891830437,26.681331525270572,35.78811559060032
78.00299847053608,143.82628916757432,27.24719951213779,36.30401579289662
78.37342001226472,144.4500880126754,27.376258085785018,36.63949350686167
79.13946507861161,145.21246367336533,27.360082274036984,37.09834423244832
80.78343878081925,145.54650847859492,27.584120410011707,37.28818444777194
82.58503937821042,146.68058876645716,27.77751693442186,37.63071899571992
83.26412109364564,147.9556293360352,27.954307455387074,37.98840181454116
83.29446434128948,148.76474901295,28.417564265114947,38.02258012047105
84.22381770467989,149.27901810389432,28.755980827442414,38.44958831767176
85.83774179064476,149.90468159297293,29.169391610514502,38.99558218225747
86.69816870189466,150.3985913384431,29.463195523839296,39.44955720597317
87.40384357511384,150.86067820514273,29.710460174449885,40.24747514737864
89.80466436721862,151.84135090911897,29.970694410400228,40.92183473362782
91.76767100920917,152.1678304200646,30.298430973831252,40.9969665940379
91.76292286684702,152.2435059603306,30.494761638586155,41.29035130876537
93.0647570844205,153.55494777609218,30.749835440530273,40.915504777080436
95.5376857875388,154.20947921824347,30.964934417045114,40.35916171232361
97.16197735390307,157.1092305541543,31.167669548324184,40.01672843747462
98.57808293147421,158.18842772793724,31.283853406991092,40.27732923189178
99.05717767861859,158.7326769964607,31.47078858654571,40.452993831327085
100.7887274905264,160.56600966091395,31.453801595481558,41.22460431647697
101.56043715746054,163.06995855636853,33.75264929805128,40.76774192977314
102.88669342463444,165.34014440834656,35.38231707299912,40.68730493727337
104.06285536936979,166.21918215735957,36.63881695977355,39.90475094412638
104.13282056515357,166.92560199825596,37.27047596659007,39.55692777043598
105.55804312879435,168.29268253341138,38.013920075758705,39.211152234411664
104.82449962974573,169.6817426881501,38.65751800391729,39.11793530818918
106.31292714164255,171.52364233109773,40.01206861977209,38.25156270381248
108.55543126318321,173.42907174687736,41.217196332501324,37.528348449279605
108.37630423178862,175.4126702013175,42.76067647809229,36.96925905954914
110.93972012994503,177.10806597980874,43.91655571083223,36.65479887959607
110.46904788512109,176.92956485076888,44.24351972162118,36.713392003526224
113.84508832460727,177.3507658034759,44.31006858431749,37.210331500166006
114.08754451842833,178.8035862011035,44.2164273706294,37.759538994400565
114.38916471644984,178.99324250938474,44.43163015371691,37.95879871069711
118.12682267728756,180.13197971051838,44.52918925492966,38.39061838916411
122.18248451264276,180.31327908738987,44.13847667964775,38.78071936820159
125.59781198732733,180.7361159448848,42.82458398690091,39.016061836111206
127.99340657503937,181.87060748975748,42.66132592948829,38.683357685612954
130.39439596867288,183.84495955875562,42.706636227609465,39.205273226114
129.56337430526702,184.92981550544226,43.09907785173107,39.12425638202659
132.7088762022018,185.30284648338665,43.01607900933856,39.46047351225084
134.19793587430638,186.6051836051908,43.51573547727841,40.05683834449397
136.5967590970282,186.82903254661318,45.574487614293275,39.87950984236169
135.69238463458822,187.46210088160282,46.556097638416404,40.43858171711353
138.30692833645222,187.6858993865367,47.15140350708832,41.31290534056183
140.9592429087963,188.67210796276413,48.425260804966065,41.35261892541167
141.8142719258657,190.58954600780956,49.33362027227686,41.27616568688329
144.08196680515556,192.64816385580679,50.01486860192345,40.234916137815716
145.19068819452826,193.45522999256752,50.2036579417846,39.64685553196546
147.15033115432314,193.63943907877788,50.43325441126346,39.26632652646613
148.25501696600145,194.27011604151932,51.49052249737951,38.61097940211166
148.9656979474205,195.90631534980415,52.92263324419717,37.79472797945069
149.1573721134015,196.71417388325696,53.66956254590218,37.18610767997059
151.1619649997205,196.32981745313805,55.21408437290407,37.029077079553204
153.08963757482599,196.1062166540831,57.46413310925928,37.149902090510565
155.02057791501338,196.4453338489701,59.790870135183305,36.98932694765816
158.5761596225244,197.03439653338734,61.479118493842904,36.74253315374054
160.4461015062286,197.4916856086731,61.65273312807638,36.530947978880846
160.52975005253455,197.9686695909591,61.87706728107751,36.38567264841447
162.165112854135,197.88477172226658,61.45196231004828,36.13629398690044
