163.5,44.5,47,164
161.95682686555477,42.22506707165269,53.762407422302346,161.69069971136992
161.14533217019687,39.562627646042884,58.24624523983699,161.17896633801067
159.66370121257435,37.339500620793316,60.722921299598,161.93389424715238
159.11220802808273,38.860247266385585,62.728783747663726,162.77058718185896
158.87506487679843,38.791884287734334,61.96071661090126,164.14065340252816
159.21099661825906,31.305826882661876,59.5662256074188,170.44405368935764
159.63799763702494,24.388253177258335,56.543457548158514,177.31573636322625
160.99366593142668,13.55700168896908,52.70775932510058,187.86909703633796
161.3670448250344,8.691202045774943,48.87559428080503,195.6988790009489
161.90182961884082,4.902952415335918,46.19014265412211,201.53293601157517
161.63988902386336,3.5219198334557547,45.912830427958404,206.98965158694133
161.07185164368352,3.552148120176355,47.26788460659583,210.7754825024375
160.63953661068052,1.7319666134431344,48.3779400161153,212.45872879284335
161.03467500007574,0.45910808540118353,49.4889559190189,213.35958391235803
162.42481230302457,3.9833328934386145,50.338340012156905,213.2896508749575
162.80313628368313,7.399780315283408,51.63255245580803,210.77238503670003
162.10547402209622,19.98864650739614,54.05510473834312,203.19204568836324
161.6839228699165,23.628774905842533,55.52734455872429,197.6599298225999
161.1618370249469,36.36968495571038,57.66349169917927,189.39604337764936
162.22862248657967,50.566367122727485,60.17228861572694,179.31456678470403
162.6119921462485,55.51456220707385,62.73645211125435,172.2239958890063
162.42242625920693,58.71891481310962,64.42880307498135,166.84003411470178
163.01373542644203,60.12733289284432,65.3359700779593,162.90651530657362
162.98345801525772,61.627300536253415,66.84126448048231,159.88288525120743
162.6203104074947,64.00459270633598,68.0610164471165,157.0241553841563
162.93164294797583,65.22659213954577,68.1195118757406,155.9296600348876
159.20112330659674,66.83017988516332,69.13923455388452,153.98268409046648
153.51665289685837,66.80634948289449,70.4316401484467,151.94850652563463
141.0389404658269,70.36008218064556,70.79018886610048,150.35417799384098
134.43869984497934,68.84768202217232,73.65629377265158,147.88105207558849
127.32439049475964,68.26878590244014,75.62119959009536,145.8244962372788
125.52755994101494,65.26327300508208,77.95485677321494,144.83521256467924
125.07666046841679,62.54134986408978,79.788324238385,144.52682867927493
120.16768240000565,61.39706472888673,88.5180554873594,138.9649241152389
121.82214204177293,57.879940399848735,88.74362321287329,141.61676939959662
118.7668766281656,56.333959118690686,94.29373567270207,139.68190844125232
119.03233109474891,52.14541148025758,96.86727458117973,142.2165798022555
120.39356125000126,48.545267994942606,97.4347388922571,145.7464148933841
121.66379823260695,47.8746677791362,96.09873746885478,146.3478110571136
123.95872615625534,53.04905948653263,95.4575059940403,143.85463705928242
130.01117493146398,57.86426663945247,89.04496216905633,138.30480489531897
133.63896062134953,59.820405206315144,84.1402881014496,133.4666421438606
133.92604630579194,61.997599458246086,78.79933111092168,128.82506734520464
138.11085572296844,62.265899175110704,67.23797963153392,131.67839315294574
142.44724460720175,63.57388574082731,59.333694680945975,132.49537361762765
145.00296279938198,66.73255155466295,54.05316196081685,133.22538190618562
143.31657366426106,69.82055370031784,53.3613612210489,136.84011572064975
142.09840275880626,72.08732955971348,54.1938831848516,138.0189615772369
141.23322965023328,73.10099602132107,55.60521941249747,138.12818527938794
140.77611222558673,74.24447960524284,57.029135128985715,138.24191915753437
140.7897769729507,76.19134827085782,58.12419507002591,138.31686173124217
140.69786258219796,77.87946323316686,59.02601490558949,138.84827035642877
140.41365191562008,80.30416917316833,59.68096500192026,139.03233244493168
140.01272749152122,80.2751830197151,59.924803212357794,139.1900173620829
139.01407560771753,81.83138138032385,60.03437960016629,139.65672077285393
136.99788296867766,82.3330323828089,59.94580988785908,140.66385935588127
132.5165694332967,82.63784297235713,61.09931534988684,142.41346654935865
127.19364988552846,82.77618369918336,61.990735118641105,144.73249346591493
122.75054346369417,81.46199618011892,63.31898697521862,146.995735278126
117.86336498595286,80.20108372566632,64.15714092777156,150.46169704501764
113.5819833127911,76.5398265213561,64.46875414286949,155.09289818688393
107.83198021623836,73.18655318659337,65.25661262326744,159.23577612853464
104.289112691516,69.09373632141848,66.04258733106789,163.26127125185928
99.24931944484533,66.50032993760635,67.55385736475348,166.40152516251942
95.80600290498687,65.78561782490847,69.15436716871355,166.71680148638015
92.97398664528156,69.24291762318491,70.76621415269327,165.48278775103333
91.46359627338703,72.6984930028153,71.82638975198161,162.57091625240793
91.11547509208233,73.6385247601896,72.51066204346894,160.82690914594542
90.87320312581396,75.40590386150187,72.01219878339398,158.26888802532542
92.27925464998609,78.49031649775654,70.94472869441557,154.94895186528862
97.23163655411909,79.71686609601635,70.0294458584396,149.6786832408973
100.99928851308054,78.74462668966873,68.76516330663608,145.2807243094519
103.60392862601304,78.30408511015087,67.5903431485201,141.02078526313485
103.54347577219275,78.5581141234075,67.00632492837674,138.43856022345324
103.74574723434264,76.58508421325703,66.27998662992191,136.5624912710186
104.7489532425722,72.87760292351527,65.5679818619598,134.913250588173
108.55474389641968,68.78309183252931,64.27327934988861,133.00415875647306
110.14234577588823,69.55660467683101,62.614114366395555,130.33116246583413
111.72538645222008,69.59060618186953,61.25334564724626,128.1903528590011
111.23477956285375,71.26157393834623,60.3844254108956,125.99319977002078
110.87766399757163,72.78902649913519,60.08479965364245,123.65202546051563
112.60987869233895,74.8217803417094,58.82190405851087,121.52438923151345
116.0471408579385,76.43042785281995,57.31046261305397,121.10060273895546
118.14257070195406,77.51763714490691,55.639597422322055,122.02516553524416
121.80113804002238,77.18248891672448,53.951153465789915,122.71052383295535
122.1266630847328,77.45795188606085,52.690565715293474,122.59509347948577
125.48174362112218,77.33756428594857,51.16389777987432,122.6733655713281
127.46355723807385,76.50172202859972,49.846237552654344,120.81476973438703
130.10659922276875,75.82174375389326,49.04676828739663,118.8171828153246
132.17263124584514,76.97363871686805,48.14664808699275,118.24275847660951
134.21484920309436,80.24030984443966,47.84564394091167,117.84559566864036
135.20094425565182,81.39825404264525,46.62574450190009,117.86824854153156
135.90349092688828,83.69037391496362,45.95259268059495,116.76199584790496
135.65086824168003,88.02528058461796,45.61357825248464,116.58185898412117
135.24557511846436,95.5789014565163,46.54566302405869,116.05967640627907
135.17659847897892,98.24478870019743,48.03025665146403,115.41337679150593
136.4207913016155,101.8152478725077,49.70641463488347,115.2325652965558
138.63128379913286,103.11574646767932,51.07025591853527,115.99484911779399
141.84149380494787,102.15886141347639,52.1806977614585,117.0475806009595
144.4962806006084,100.98136718654162,53.265397928072005,118.4283881180157
146.7819784007546,99.24505146023934,54.822845158437524,119.92236673572799
148.06052333520336,98.3249556351698,56.280092829212904,120.45056705190558
149.56845479894605,95.53260383168177,57.33499062865619,122.12632867470502
150.76362935425743,93.77939400239688,59.118765282071564,123.58394214278405
153.77988801557456,89.11943513457373,60.97130636245241,125.6380746611452
157.147521010726,86.27997999438179,61.72054697920519,126.57593660550005
159.82290448194982,85.62011360735806,58.92233321363747,127.39669580133284
162.3283928354994,86.84758379275537,53.33501642723074,127.13104047043996
163.25169359168595,88.54134920696572,48.2788685872667,126.5066026367092
162.62691951695808,88.49792113925292,44.599575145841094,127.04175856752397
161.5435401582622,89.58694568454426,42.46013478944133,125.4896654162342
158.93277856878592,91.12166775269912,43.86284488283785,123.4857544410878
159.02195237168166,92.51347212173633,47.303589503074846,121.83576811092662
159.26613335899626,93.47689308651479,49.397784968249724,120.34012451010312
158.26532773355612,93.18725526614259,51.17786518561405,119.59081226117621
156.92609609898494,92.96029237291651,52.28000816419089,119.04890071681018
153.7305603613191,91.2390786802592,52.97396755608754,119.31745396233904
151.90215379482274,89.91000582709324,54.09832047637273,119.73532738511689
149.41752905341986,88.14349726636232,54.31794141532474,120.42463789876014
147.05027115403442,86.3008695715827,52.95694100926164,121.30253955334929
145.44447023351327,82.53927216135571,50.60905503063232,123.87565064119826
145.1271423123991,79.60661146632488,49.306557652684006,126.54989336838761
143.86448090582726,76.96744437653165,46.89497317441527,128.52980854925582
142.60077610227094,75.46803297253388,44.11140150787678,130.04193344503517
142.953438727066,76.03757333305133,43.798763012751834,132.63911719123965
143.32679017173328,76.11245594480748,44.98925923917039,133.71065280810515
142.36917032190655,80.06543916455306,45.87776494433991,135.03485757222728
140.0545638280612,83.0330214631989,46.72651066022584,135.31949440086942
141.31854122878545,83.39058943749845,47.4092239457829,135.82254435391218
141.8618394549419,82.10428792477103,47.576698848336015,137.13826280447688
141.97557093483132,81.14745934463494,46.79840194805122,138.66134077091857
143.9918131270496,82.4857806398288,46.31278970259173,138.66598833021956
147.13666414465519,81.8867025453785,45.97098557845234,137.27892132118316
147.97172811916838,81.65370478065597,47.22623547519008,135.37893455654557
149.85732418348925,82.29128395685508,50.41394141402267,132.72144435600282
148.85071227988152,83.11732826034765,52.23217355813985,130.87832558942506
151.21822720638474,83.58310515277067,56.238844831232015,129.01253629136872
152.17820884544537,82.91596815728312,60.389688056406655,127.76156228887457
151.94266545602574,82.95140973834057,63.03511269916804,127.0275890765392
148.41800660373767,80.42124617965597,66.70709890845916,126.56898003668184
144.0471742673209,80.6264398986153,68.57402965642694,126.34921317013807
138.9273029493226,80.81756108737949,68.63859662561448,126.69321238120222
125.34466842294731,78.97730112536226,69.47990251308187,127.15430948800645
119.1399391584857,78.5345338554052,67.97239460371163,128.39530601279338
112.03846833872142,74.66836610771273,65.0090421453398,131.94980890472374
105.96482290494113,73.21809438015043,61.53441147359373,133.83108086689026
101.12592366262183,74.49703130938309,58.361480015910544,134.38049203116054
100.2349047158243,75.19004859098868,54.8255762438562,135.14947341338393
99.3565717899373,75.6219408294116,51.869134509723224,136.5011463759607
101.57613447540803,75.50322240744222,49.9671545149872,138.16030503596238
102.06425456745667,76.7385809812546,49.119477004816275,140.32733756027366
103.08464930097419,79.61837230494558,48.77666233884477,141.70582501939805
104.67019691328628,84.26474575780091,48.96788419948673,142.48365096677577
106.1261948478528,86.55877886664224,49.45053855122464,142.99344365488534
107.78877378213349,90.20287021660853,50.62510888548309,143.129038535214
109.86041334953025,92.58050369984105,52.656911957415645,142.40576638839008
111.81550118422115,94.90250596072636,54.13104653354775,141.0609454737209
114.34043392953524,94.74857113683932,55.186050408611734,139.3863839481704
115.06406539672773,95.84851828833385,56.93119985063054,136.31663495653692
117.23710683594294,93.20197715009391,57.82866107391523,134.4651549886015
121.50979829812462,90.21479329452157,58.41926066297959,133.59141393128306
124.39001889044484,87.51730045496136,58.750788491553266,132.1434001520905
127.07778210191603,86.35092159454828,57.761391447883355,131.11131569647927
127.9927740817711,84.87660403500678,56.476533032244376,129.7037892211714
126.61378437008983,82.6124349691977,56.45278251900719,127.18253962619654
125.32682733431972,82.55947249776517,55.46916380322443,124.02173402211031
122.31309230327969,83.20236894107683,54.14955077356864,121.1092788811535
123.33440623822871,84.8763367175984,53.31581191123896,120.56070455705321
122.33460768591652,83.16185144635944,51.69272954389375,118.40263705937002
118.2334047173105,82.50538540798017,51.18302114699932,115.75150954483522
115.05642621457767,85.81200125142979,51.495537188719865,115.44327434841449
111.36932179084525,87.65601348891076,51.76934225047915,115.41358079081095
106.9007581758264,91.24200335693988,51.46979898643727,115.69140631445732
103.77030130910642,92.6575970241729,51.710077115018834,115.3041379233964
103.0607484088477,93.42344205399138,51.68192646965154,115.76518491858428
102.25247166260252,94.26106438871884,52.01916294077199,115.67057007472141
101.70930792233358,94.93325119322513,52.07141408826392,115.59945777437886
101.4801550464107,95.32410980273971,51.778882096827346,115.99198245579373
102.50760407205783,97.84918010404884,51.2177424855508,115.8977034216264
102.156324676331,97.81588698380571,50.86815877612709,116.38753750609344
101.28218394333356,96.15423466845483,51.7300168331368,116.38543773120134
102.21150932013693,93.29701932566853,52.59090596028264,118.06245863436428
102.32550667297062,86.03244028295714,52.894323021621176,121.84907159191842
103.71761435554464,80.21632093422936,52.956004138940784,127.45190374182758
103.84020987887084,73.80916856291637,52.58932055741251,132.2496612813896
103.35957129188645,70.2706578059837,52.477527682095406,135.91496132728312
100.56045965984484,67.1294908202639,52.49535667814273,138.71187268748616
96.9699159533476,62.57931859435726,52.381280459698004,142.2307294836598
92.24281567304882,58.225754512858174,53.27024302133317,145.69564296693994
86.63219293100433,54.440310063896305,54.808819819509075,148.74304668114786
73.84219066888646,57.162024892397596,55.39432132250457,150.74455997534767
70.15614619787218,54.11380493579014,56.64819804148014,153.23942975916805
67.92975994119944,49.1307603844012,59.18771784352956,155.88557829492933
65.8527858341224,49.36069237051933,60.657170131780305,155.23562496281357
61.889594914911136,52.81420671730761,60.36850508757344,152.75321117554805
59.31844236210883,56.73418248183894,59.2088635531634,148.94451679904276
59.97813330297787,68.6824968490649,62.39653027829789,140.66557433625832
60.23484769857902,72.40007642987487,63.670072936947584,134.34032673565065
62.161732107286575,76.19476176013534,64.27564564556396,129.56149603599093
62.774880439001784,80.67159614406353,65.36782375172582,125.44648655463357
64.54288733062467,82.11374508497073,66.23881241751569,122.72559896389487
63.68640002128373,85.01822710341112,68.2669847424201,119.11373938105461
64.64054977504063,85.86481978069074,70.22207472694123,116.00286768330234
65.08877111450947,87.05986234646116,70.61359543835388,114.37470598411164
65.81616155403937,84.64705272603561,70.32782102615963,114.7746174078851
66.95288353364151,82.36624558049499,69.08903156505563,116.49579047200712
70.74595481365012,84.22287945814305,70.02158769736019,116.02248791713518
72.3184459919503,84.63004368892689,69.60083944491632,115.23220454110196
80.13317529405725,78.53780577709482,68.43492854730643,118.73718073860644
86.78405062999201,72.37773262591412,68.91128742591296,123.2145950883006
91.53986125080246,61.840159878687686,66.53494345556281,130.89453222398882
98.4900790360939,62.75474050627571,66.88484357833933,133.97218220614798
105.39868895529693,68.51450450739519,67.98640120575358,132.37220414592562
108.61478279858096,63.333345218695726,66.57078217992161,135.31458749688412
110.61147206209083,59.381520588614805,65.83692013048669,139.4742382295191
112.17064916881546,55.51915790610451,65.46879622938484,143.30833477984243
111.96351381655123,51.60194282095125,66.91739169911868,146.46874370609987
111.26417275084174,48.64889466238816,68.6188680187987,148.58187103480748
111.40342178450516,54.02886528751911,68.03406490062196,148.298975797424
100.84077712980735,61.65692907761871,67.45060634624804,147.689752208924
103.08321876114955,61.75123512551994,66.70386223609049,147.78764268303541
92.9929447638293,59.360364453563975,66.54282697877787,149.9899214987186
94.56277578494334,46.72696887408782,65.03480334425701,153.86287568257325
96.09055801484902,59.28179232340506,64.7080732750859,153.05545580420244
97.62622635965106,58.27176881492437,64.95390076814479,151.8267979108855
98.56790924646245,58.248480586496726,64.05287103883354,151.798277805236
102.25697913453581,49.412927930075625,63.76407099581058,155.21401583902548
101.91047981288241,41.6096180794611,65.33296013251031,157.39009640908998
103.56365602047083,63.94235344367982,65.32380958920544,156.25629529735176
104.80497481329063,69.48858223673847,65.12298920136553,154.04427746953525
107.0006185136894,73.97940479153938,64.42950386737095,153.25425032563166
110.39443262330019,74.96422336842522,64.30068340266598,152.26973495845436
113.56131472063633,74.54691380250755,63.831169867936325,151.43110937555278
117.51660002497482,73.12192571322345,63.650193013074045,150.99519712066456
118.02401099989947,73.49610679018184,65.93737373160548,149.27864680012942
118.24012240964564,73.79203575272257,67.5611623504829,148.47458316702108
119.39840206656027,72.97320365412958,69.37971532226766,148.656541363879
121.51291284375428,71.05627714901487,71.20310150942626,149.3172028267146
125.14944321088333,72.63162241482547,72.10772555910371,149.5968513930701
128.96069267669242,73.06996956016935,71.84302997221207,149.0031775391461
133.16150915638192,67.24121501781156,71.66411429798933,150.5175391552948
137.82954522583447,67.20573946411058,71.71723092556374,152.8229820878005
142.41885475824844,61.142641553451796,70.73856970833099,156.83617990039005
146.08949993091858,48.37651105277821,69.01365767033329,163.04720524499893
146.65016395949425,52.77289780836563,68.79811725995236,167.01282406780848
145.49781384045295,44.93586940373871,70.98489984858706,170.6387260461297
143.18908129660616,55.235781637392975,70.27219525854626,171.2162010783329
140.05797174124086,54.05660959005468,69.49237116020095,172.35384109433517
134.26366026670212,57.15542548795274,72.10787341988637,168.98134572165
129.47565146348597,63.80603165199611,73.222276417554,165.5393186123743
126.96302999034003,65.04838179533658,73.30145632215884,164.3246853022406
128.83460617462111,65.50496541580885,76.11792957920701,163.3196206332603
125.41387075449353,66.44515413384838,77.42483401702691,159.8251845834041
122.21856687291694,71.81737394564522,78.13103216180241,155.70900414178675
120.5269682046776,69.24888013844443,77.66192623175581,152.9378549115533
121.49619727384798,68.412309339396,76.21557813717916,150.09386327371877
124.48624510788454,68.71463568636932,74.24395395805868,147.94204077519908
125.50874258197393,66.97612887522757,73.42566134237654,146.310584911246
135.72990074197486,67.23750367458933,72.2679824735466,143.90086348120076
135.7462853602041,68.60208082487438,74.7388195565156,139.7838833339586
145.6535125071477,69.88153348312068,74.13646433794577,136.59314309324498
146.72741672693942,71.56428783476053,74.6313415501415,133.2413044600621
146.23349117922533,73.30322219336195,77.26485757591334,130.2825020170254
148.93159420905374,72.47336053648392,78.92665875655186,128.3695050415511
150.53566123915314,71.65021481284224,79.86155390930473,128.04588097961053
139.39142916076486,68.03546012840462,85.1941350399583,126.91492625241641
139.3702183296461,73.66126251905905,89.39854400688328,124.38623044480141
138.6934701329807,76.16503322822395,91.81924237222184,122.82887241804266
130.23230220800826,70.78418143563027,93.20144665325803,125.04354555431644
118.98005492129796,68.00823771089324,95.15565588732315,127.75263286340966
105.38130654223534,63.18928558041142,97.96573580584878,129.1919420773762
87.85522405013103,61.57866197072889,99.47175439723515,130.10129917146662
74.42645736585449,63.25485304017374,97.70919346647182,131.41126434931886
74.70507529975872,63.952614981203055,96.49201354119876,132.23960597629343
75.41935194856464,66.39734212790586,96.54587723100603,132.1135832319601
76.51700139885827,67.88040689906978,97.95583560313912,131.34431900983793
81.27208661020848,69.79299135257045,96.54560452675219,133.39107116530607
85.8702853252319,66.39652982618126,87.36157494966884,142.62817828294956
86.5742357635261,66.13941091134114,88.35635542378844,142.6265731980485
90.05625479441534,57.99515738373384,80.64817780989357,152.41868037380755
94.94805936944236,54.353628398611974,75.2608389349555,160.0720626874942
101.74084922745777,50.02399914274952,70.28785286974255,167.89437042025793
108.72756816212393,48.42977794772875,66.68435098979012,173.16443946397072
116.09985130975008,51.91748955684287,65.1899525412175,175.39265527619904
122.38134512354887,51.570071463628466,64.29941021086114,177.91040105621
124.37501832439425,51.83719083438507,65.33506548000778,176.7798736336665
125.11795094903081,51.47076498036509,64.43454704870493,179.94131301680108
125.01911098705524,49.327487031851916,64.07616993673307,181.9814127675872
124.79462661857978,35.03258498686776,69.79998856534658,175.7273676754266
125.8037757984431,34.061604065675795,73.39243515877546,174.42823612067002
126.72267747548742,34.60444273536385,76.80614767001278,173.79651157060056
127.04566562228099,32.401002658499436,78.2297390567845,177.10394685814896
128.43029405242967,33.519666100662036,80.49397380796786,177.51233521048758
129.04278954676357,35.761071452402604,83.90231078026807,176.33120006509665
125.79012766525872,42.76084156580603,88.82346408257678,169.92663674029785
113.51802614091649,45.651803300976354,94.08746808035792,166.0382202737414
114.69680723792803,51.24122261589336,98.06428412882751,161.30671164192373
113.92335988194873,56.4833305572774,98.93557330527892,157.79748612704506
114.33642814184621,61.09341416708584,98.18208143642008,156.4716560847048
114.15085011580501,63.282769736990474,98.48011143320224,154.41623934606434
112.54090041430688,65.82404871651812,98.46876388795633,153.72965554624977
111.444558472632,68.24350816952118,97.68107939552789,154.00705057456983
108.96548499663199,71.36002375179058,95.03430739077132,154.5994111794402
107.67391424250762,73.29793342529467,93.33388766931424,155.17577555588173
105.43250380256848,72.48808204180618,89.83489702575504,153.89849589144697
106.05261144780684,73.39885273759192,87.78404771828765,152.92446215549606
107.89057563954975,71.99433004095742,85.91543396912495,151.56219664712322
110.77310098382125,71.28001120071634,84.74805192834806,150.8406589945823
116.9971454800378,70.02287817892709,83.67082494305606,152.48241961175395
119.72764937725373,68.88192865089022,83.37303183215693,153.45457228320703
123.13499672592154,63.82130259768874,79.51996390293348,159.50525582805602
126.23787874487404,61.44528736791865,78.25119251029216,162.5144096386933
128.0119208027121,59.06272778783091,76.125984633439,165.20632285099282
129.26621103018078,58.84924446733049,74.85882349383975,167.22498849616693
128.9732172831935,57.31426717936273,73.21987736354673,169.65985194613734
127.86328616539596,55.07673337372266,71.07175768843624,171.77900186523303
127.44194777468377,53.85362643342708,67.90868524424417,173.3095581063207
127.78055749038971,53.62392586702961,66.03690826526301,173.96651354431145
127.14262027214133,53.1496853188728,63.53865259578748,176.11226264981087
127.33375642692185,53.5973484996465,60.31223045826928,177.40969127216545
127.50172996694832,54.01977216793985,57.60068828544293,178.84177784404127
127.02545996009458,56.11732797170217,56.26467506123535,179.12562818109672
127.38815405305651,58.25458121360052,55.70701424140131,178.75227025496298
128.195991815975,58.99819336365198,55.11745127202184,178.85948593822798
129.92820073313942,63.038203288199696,55.354740085565936,178.8719820345671
133.30417191740983,65.64010000760288,55.6043355168603,179.16723253725854
137.01539238166382,67.20300667975665,57.87261514651887,177.45227639357356
137.45195245154628,69.47799781131394,58.764072753145236,175.99290034307495
137.0029103878512,71.73163684281337,58.920984388031286,174.3807820014506
135.7380164150803,71.70370104451857,58.661843824814525,173.20150218793736
134.48793415104663,70.88379030418152,57.3864212709727,172.69261937822145
131.58828206919725,68.16615955420318,55.59945605600936,173.6651399800458
129.10400708730967,64.25458957103773,53.63734577198177,175.8420339899558
126.62182067243927,59.49660640589798,52.290825066108525,176.75452379588228
123.0906064764885,56.337275575077314,50.70645437048566,176.53889323645427
122.05115574815117,54.72231590692493,49.89927556211515,177.1568824408468
118.39656230916447,51.07451174893208,48.89417716176824,177.61419100555077
113.24904167654952,48.58695977268266,48.799952412899,178.60186772339995
107.67474848030345,46.167695884006264,49.22740843429741,178.2087408567403
102.25273710296368,44.273003873383516,49.54539301911612,176.7997901840771
99.11726416627282,46.822936468033234,52.59813272527676,173.59121673233412
97.41515493940801,48.171279283518146,56.52922303903371,170.1454335156862
96.38655182446368,47.423296276388754,60.024965078439266,168.0261889968029
96.79022737531326,47.69277513014565,62.602458756708344,166.0829091419197
96.32188130077716,47.248647007298686,65.09924287813162,164.53595968960033
96.36185729570839,47.85140852642621,67.05330797429824,163.12928046726802
96.83854801293268,49.5774043902114,68.61774069924299,161.07149502517433
97.06901310553562,49.20703771412633,69.47795366436667,160.16425197887645
96.42794535049353,51.25356881476728,70.55527204328915,159.64979018424128
94.83277662007669,49.82220146784468,71.45987580432426,160.25638774544183
93.115665568111,50.322858188715486,72.26177559685428,160.13364366824794
92.5991053229332,52.51144770466372,72.76685412840098,158.7868153214711
92.18540664935222,51.915247635923265,72.90388067745197,158.63819260986907
92.27995382344152,53.8909310960305,73.15590835452477,157.32786172328497
93.25892912281273,56.158298482784744,73.06924331352923,155.80774939965136
94.83446113736403,59.34382742067672,72.60961295256323,152.97895360119895
95.79496249382314,62.798155375927806,72.12633769096948,150.76522109157568
97.6264986857753,63.09140049543012,72.37517345678438,150.03705237027697
101.52334926459335,62.62349156550491,72.39770641093416,150.51983293836219
103.89412034230571,65.38396548324845,72.03383549726972,149.33763689578282
108.05819309970511,65.21435848725417,71.4826837339968,148.82382259034705
110.85492515360875,64.731676641287,70.8186129176629,149.6001083536191
114.29268987615112,66.3580417801667,70.33700007948124,149.15961200072542
115.50204958513123,67.96095496583936,70.05800634664064,148.32155963908468
117.31592290603544,69.97684751772934,69.71216559434332,147.20107972443742
120.02199928720894,71.1609315110758,70.44226098568285,146.54647923309057
122.25558915581132,72.05058390747865,71.14494876404207,146.33005984391798
123.45109944011374,70.5796720229915,70.7955784906948,146.91110361220564
126.01314606498448,69.93168187768741,71.16153460313592,147.06471761272135
127.44770427072748,72.57104916582736,72.02067870877028,146.08494467584575
131.18914246702064,69.49682472286592,71.90794811391345,147.75301254980573
134.3340920184076,68.16744839251885,71.50918565741028,148.3342081235553
136.81508104827412,94.38057649912099,63.65334654230312,142.92661340937445
136.39868813135945,96.52051500703809,57.080610029635835,139.05897993859566
134.61620497195793,96.9597258291924,52.23641573442522,135.5351172389892
129.41520995554916,98.97792501339197,49.04326435641516,132.3257672914961
125.95245320187962,100.00242944573955,46.49025842405694,129.97481664456484
124.12761457248604,102.75125611292441,45.71481962067982,127.79127525820843
125.22876133423111,105.0226792751244,47.132303299795865,125.77439533967699
123.09271761183365,108.39362516443148,50.12921302738192,122.42354269413471
122.43908541334778,109.99576711286045,52.69399261638553,118.95613585125282
121.88342736300515,113.50215860124933,54.960320132552326,115.79287165041501
120.99776853768174,116.11225603851284,56.50225842729172,113.27272212310174
120.54116343136067,117.5491168492467,59.98772735079507,109.27767477035654
119.98685384747316,118.60807514847633,62.3135038824617,106.83027916298427
120.74464913123563,120.31433644706823,63.910776617167585,104.7110122525604
120.47037764096686,122.05396032905098,65.99905455730747,102.6880964569024
123.32242802866358,120.81601016679956,66.5541424339526,104.2901523366535
126.17143902542013,118.72282590866436,66.70766482062751,106.64622755515627
129.5693772364623,116.01510975020167,66.27571671656686,108.71693617060458
130.6575623952979,116.86802743236079,66.58799910504187,109.58009175210239
134.19075579312442,113.85717153407337,66.60754074948285,110.6838796213701
139.5865367656027,110.40546821449419,65.40192679494378,113.81825974266042
144.80895625337286,107.45621464520654,65.18289405567054,115.76395492483007
150.56460449911123,102.15715055889224,65.28720673320018,118.64467205619891
156.0837699431751,101.9934073116123,67.18764518558754,117.43891239120526
159.63216182318305,100.1248490506769,66.69766770380038,119.01579827647939
166.05028564976354,102.4523048650785,66.99284304716043,117.49035604236002
177.05934133054407,101.81239590262251,65.66073441692261,115.9465507868826
179.78413123507258,104.42829876696653,63.969037679765016,113.65928436674253
184.56641320980796,106.5345177485475,63.90051312085819,113.49822322319119
188.4886626597866,107.31406193322464,64.0250837017969,114.57552816247645
187.7524103875994,106.71659744493503,64.72199025661213,115.36625211481325
191.64877008642532,108.66151502025117,64.86329710026283,115.83355798209479
193.2317999491563,111.1853961898378,64.57693755866921,115.64202876288611
197.05165259183667,113.3105010348961,65.19116045781777,115.07227165798984
194.1381049736607,114.70494965261089,61.9529566600511,117.00678502894456
197.07448703817244,111.53213605169721,58.57930609075051,119.32269192437545
210.71661816690454,110.26603534510562,61.080257303745285,118.26314867622743
212.6863964127849,114.16952211028519,64.8079643198276,113.2965734574833
206.39995432393656,116.16673559173702,64.27755698598862,112.55304914732011
210.5724230632045,113.99267427432324,64.51152652039221,113.50090108169297
212.85244652541115,112.16088267647947,64.89158360369981,114.65353251994947
207.40564191544894,109.04660158011254,65.76320300123656,114.37742743057886
205.36376510106777,100.22923248437706,59.23558558965465,119.29737909250876
209.2775854833946,89.08977829045135,52.638605263538565,125.08126375294322
211.20387648352042,87.02594727338388,48.22164476330221,127.79051310168387
209.25356686688178,79.21784705483294,46.84099396941882,130.97539811672763
205.1098074058503,70.28164882521105,47.333677800844626,132.36550240067845
202.40392383116065,67.62293877095459,47.517392810941644,132.3961025743464
196.9544706261393,59.32025671081064,46.89097249216352,129.50763696746145
197.52499625559744,52.42958165227981,44.9116332836852,128.5608014308366
198.3713230609065,52.940658001101674,43.382847221175226,127.33036374419349
196.45465932544383,47.78194522140784,43.365289300865165,130.09717351607506
194.70933731054942,51.10420148588747,44.01243271648772,130.6270069572696
195.7835532610407,51.04624041774173,43.59919180309212,129.84387772532455
195.283632224371,50.70366246425502,43.87305872060119,129.74197188140914
192.11168064624647,53.08995509402959,44.02988149354944,130.91214518204066
185.3641018714422,54.56379048067916,45.11948141071173,132.15327998888068
181.6300475092488,60.35831349165852,45.81338874197104,132.1042119942657
179.11111946000563,66.75754748118999,47.29139557821985,131.39214118622328
180.23402402362032,76.80794003002799,47.02171538680436,128.98248768034415
179.4233886790147,87.54273825442627,46.72616614593906,125.03942626572729
176.62468902072595,93.07165356244381,46.932107904838304,121.59104122159161
