162.5,188.5,34,84
160.72100423522352,187.22987485214108,35.36537089452031,81.73635696800484
160.1030527455382,187.40018892947,36.513805264677096,80.80485753887567
159.8071161876538,188.30803612811292,37.48939016552396,80.0649943164403
159.36356152620073,186.6144232050016,38.36747495871228,80.53945370605895
158.16834052715095,186.04846032794052,38.69390562143888,80.92244417795074
158.41582248042454,184.91157885931733,39.34566927684241,81.81319935038087
157.51794827123757,184.8177712239849,39.79018147104185,82.09534629870902
157.8052116586022,183.10360118138445,39.53143828639096,82.81639597291446
157.5792092429327,183.06396385984826,39.417172766319986,83.13781534965422
156.91149569574998,183.1339172753149,38.75377121116455,83.62859140436771
160.5190119914323,182.54137278646039,38.65344799708875,83.63307687789587
158.0913716504265,183.83485828907655,37.30536669103272,84.30724264291193
158.85778861888105,183.14439002243887,36.34531842964928,85.20692310843447
159.29874309832076,183.0352499099821,35.25013366565419,85.95221860215067
160.5818975653275,184.01227878951767,35.2051307695435,86.05611086291597
159.66247886397073,185.25457916012317,35.48771080512297,86.01094441163717
159.55416502151508,187.30327737921107,35.50446851458664,84.96099613172555
159.7244552476583,189.4198281947818,35.470400000872054,83.19087763199282
158.99321835576222,191.38829465111934,34.413362800243505,81.92067464638072
159.05769892549012,191.92121897935698,32.91750729643068,80.80435827151278
159.3986532145699,193.30783421734952,32.17787837748281,79.20381723339393
160.70133577288894,196.41419759556405,31.749882617000097,78.3527447585811
160.44799812913132,197.08839098033212,31.397459172043867,77.38092058441234
161.64164235670978,196.46880690809922,31.311768788938913,76.96525040528499
162.04549221500957,196.1583554266992,32.179978353116326,76.03444896134684
163.96287656062313,196.66439961301535,32.88454348223222,74.97427403862775
165.39609008520608,195.38922944355954,32.921590048712694,74.65787033609651
166.58162964577178,196.76907832616342,33.28325848236031,73.6610073582575
168.60610483652735,195.3618514093416,32.470369197040625,74.30291814304253
169.28038487270555,196.26197296671674,32.112075686192384,74.68854472204835
168.25878566385055,196.12599898857164,31.921898316167407,76.12164587562705
167.38321193294695,194.4008710260252,31.808771514592664,77.88274979838539
167.39131300930129,194.96154315307973,32.32526197310148,78.52325387477401
166.81462193900703,194.0472680997024,33.6723346818987,77.06241651700539
165.87324417531684,194.87088236738893,35.092844089303,75.55837118318374
163.7762862244511,195.231008055985,35.831203598364844,74.00556558483837
162.21064201169744,196.53633798121004,36.279397522376776,72.39352743658247
162.3228363502563,196.62021046856148,35.711937265325915,71.22406727862153
159.86195839327053,197.59759557047732,36.06139369885918,70.51727623891341
157.90503841798198,198.5969605351135,36.67161044997342,69.84626015680135
156.4950459826564,198.4067059800366,37.12431793682024,69.4486749156635
154.971228267063,198.06455432049532,37.04486792069562,69.39896640584669
155.31408336355358,199.0280980544201,37.357817934509235,69.61949580124788
154.55305400014365,199.8077919267212,37.63751320841771,70.22944795189407
154.0691354459852,199.58840485750878,38.25927925226239,71.62137719066455
151.5027755515097,199.79646091326805,40.043922220839875,71.97123048127233
148.42182458044348,198.70714515341442,40.8837192320946,71.6705164409057
148.70506426596447,198.44084608058154,41.62141511873546,71.65843893835907
146.9223692435187,198.87550083359446,40.99578181386502,72.84691732753582
145.4816301505131,198.61535807058337,41.23481872714065,73.4817860329127
145.22062874175535,198.1554361934673,40.30714026261267,75.80283842628974
146.44099171485985,196.73305428107784,39.64693785499317,77.26489775468497
148.23657204621034,194.61625684136607,39.46231639402863,76.08280507307335
147.72830997837056,193.5387860876771,38.42915767410209,76.5978894074853
148.55971710497238,193.82416529612428,37.02683497086717,77.56246247824656
148.0173587060616,193.77237005869853,37.0838015150114,77.87729187378669
147.25926480521883,191.11494630505524,36.204721591706075,79.43044685711698
146.439107080363,191.42982969649188,34.74747186731494,81.09657278969777
145.5875882557091,190.12412835889847,33.55000611963483,83.08153935057338
145.49405440941038,186.6621134625024,32.44936660264519,84.83211533553475
145.54130791550992,185.35944067857935,31.983559220944997,85.36409497663826
143.97249827273848,185.96311967469916,31.43782150613692,85.23448766722944
143.9638294970079,187.2884950441895,31.32578069410792,84.18830672099632
142.07658062871977,187.5005490678548,31.292943530781894,83.849847456217
139.96776426837863,189.65087633335634,32.59089851708916,83.93503858637726
139.83406239689506,189.3451674074733,34.04066052497941,83.79454610927826
140.52958562458227,189.48826401322407,35.044860575342284,84.30665930332098
140.80915550434653,189.94315105304423,36.28201276317857,85.01293200998896
141.01392620136463,189.376820675804,37.43542448365198,85.60877145871763
141.9427450530829,188.42059294016585,38.4216273792755,86.61055563625843
140.9558223609382,189.16237610569848,38.80779600003029,86.27056759613247
140.67712291855634,188.6251953665786,39.32292388539222,86.3120872727289
139.38281934314696,186.88742062548226,40.1750316074619,86.78088378708706
140.1369528140579,188.8037223367001,40.87546913722812,88.78747609295341
142.21378555519675,186.7467907740802,41.66135882310233,90.69657866674055
145.03986865301576,187.90706101270723,40.49733797887422,93.07988655145553
147.13047073053045,187.53488443980535,39.84417208716574,94.51088264207206
150.01801230104508,184.78158089824257,38.498405943664594,96.24956923111802
153.21786561887217,183.62613632844676,37.903207040401746,95.69970531132242
161.5494346804658,182.85825860945715,37.893072609841475,97.05208354297613
163.32807587124918,182.31232486997487,38.016539406207414,97.32717987230532
169.48836776624753,184.5070219640539,38.728444439147744,96.72578602937739
175.08746138051933,184.55960434630796,38.49646090017931,96.87229704945713
181.3625305967352,184.59602881778773,38.73963167947854,98.48768219730269
181.80806584584303,182.90119172935232,37.95988803221361,99.53840740910087
186.38535121298037,181.9409886741205,38.59180201626167,99.1291345072659
188.19506521765834,181.68258503646578,37.86501006762043,100.10410784540721
189.37727824566832,183.9839859728851,37.58380163245013,102.17998782300191
190.8083281509047,182.66673315865793,38.50127097099464,101.53491261992855
193.370449530553,181.40874607182053,38.171332105741016,101.62048689888901
195.6466147288535,182.41867985423738,40.16961558929751,101.35436536677012
196.9854512447385,180.50443556629773,41.481759461595516,99.02015328957326
197.0119944129086,181.5941257048411,42.67654762362265,98.25989535078149
197.29240993970674,182.4773606114838,42.38308929742046,96.67160770729114
196.8171356109136,183.80149400593484,43.85941267233766,95.15546844181134
196.73006641891646,183.54045924131256,44.16194379741604,95.76898714236056
197.00247219932623,184.9007985472167,44.01096176111355,96.49192778180353
195.75925686821776,185.03275496802559,45.07051945465681,96.76339810506839
197.1626872287474,184.18553173452378,46.46987888359141,97.755156176095
196.99854698529867,182.21532797740315,47.45894367463087,97.986066238554
196.01582764309376,181.40596060929204,48.50514325524661,98.88353929465006
194.5798885050492,178.38317922307854,48.182684401742776,100.57820046337834
194.82549296157293,179.7659288105677,49.18192599013731,100.72058278673681
196.15634797195068,177.32404451483106,48.79935167342232,101.6854082114773
196.95253818267363,177.7067627901642,48.6560862898945,102.88260169430406
198.32010631668504,175.66584910316723,48.37320455563939,104.28641455146754
199.00337065535376,174.07147123084752,48.978272834555,105.5225686248881
200.35249411377674,172.19964579393817,49.52687521618623,107.2642935534248
201.85903821526443,170.4296011222841,50.805320006527495,108.96096334488354
203.01902848480984,167.78215282655947,51.048837726027415,111.67323764667523
204.7548169032566,165.66241941535938,51.73036376388971,113.46600556503796
206.09272499337362,163.97489664577637,52.94924024303371,114.99890339626481
207.68480871101903,161.90593624943162,53.60984753079589,117.41460197997759
210.25373290523532,159.65809391343575,53.94928548116947,119.70505450856724
212.1795561972042,158.50679970620834,55.25146179609645,119.98770302357745
213.79635531357664,158.3419671470086,56.3302958524751,120.20728463646566
214.21064954932802,156.9456399456581,56.61349434252783,121.28719468396498
215.50913400718937,154.90841755942355,57.27172533601532,121.99362512080171
216.1850013475532,155.5739317077962,56.96765839706318,123.01386773813422
218.00495725595437,154.65957192456452,56.96023864569053,122.82501800108496
219.35801888071762,154.7230161932173,56.879812055252145,122.47913977860165
219.8222048211868,155.20549228145748,56.32179676386957,121.54326567405822
220.09918734029324,154.58412145314543,55.61760698038307,121.35375993039852
219.68081951461104,154.965843458049,55.406885175158735,120.24406273412704
220.51009089359687,155.3707450178503,54.57606872171817,119.78678547459563
221.11559236193753,156.00928920970347,54.639250131235876,119.18779946496616
221.09444066133923,155.1336235567876,54.52109753067388,118.02645014488233
220.4426938117616,155.70312084677326,54.839109788808216,117.39343975203718
220.9883260621118,155.5277120190077,54.01501282651226,116.97281475581961
221.18548013491323,155.70537528163666,53.18019360326697,116.40672310719441
220.94315164299394,156.48882436804837,53.18749504730681,115.6311970547514
220.54500053272287,156.76094691566806,53.04860754388044,115.12381804697847
220.8183905417412,156.8806592051462,52.8131120083229,114.30270619642721
220.53671127724172,156.82556650508437,52.773754806654736,113.98258998989577
220.487224731852,156.3968981238298,52.19016280439371,114.17639568741772
220.87189544172543,156.5879777581958,52.08893407986395,114.23883977242453
221.4347071568511,156.7511584509755,52.1637167241366,113.75428080509704
220.90991717131558,157.0440776462691,51.80398122832681,112.94116625319678
220.37018176189466,156.88203326763687,52.03774981623834,111.85058561596816
220.67283320115706,157.19551209373338,51.66828460589397,112.04962668728203
220.08474223176432,156.65739676817586,51.954473949960494,111.89707838007651
220.89381336483123,156.24522756611557,52.02702863855389,112.45986066547033
220.55446673479435,156.62853064562682,52.99437369282284,113.17583719477942
220.48032535923397,156.1505985293428,53.322220368613785,114.2110730808447
221.02570494191306,155.57421633540264,53.951960241951916,115.10759739885881
219.5084010356236,154.37450017442364,54.048492512080855,116.72438288596649
219.25786235664083,155.00754066812993,54.47267078857781,117.55812632711232
219.0798218966127,154.64432227008032,55.03968111730353,118.16644891254629
218.85171290536263,154.06159682907423,55.721880216098555,119.30271979122838
218.8795650871549,154.3259107305477,56.24277419874737,118.74804046698019
217.80859115614965,154.58976900914715,56.218103236752775,118.84148274805334
219.25366145606304,153.72479055610418,55.85956192014438,118.18300977399706
219.08165280773488,155.6065439963213,54.24495223125076,116.87056032764488
219.8780550146903,158.00935716010815,53.64543889733797,116.18195699125161
221.2270833125608,157.76690733022429,51.41703566959313,116.24827909917761
222.63451285443116,158.7354900470276,49.6619260699146,115.3705805044076
223.96011704933838,158.86995403025742,48.060373594406826,113.25013033068782
245.44475929446872,152.9320589291708,46.897302483052364,117.11050629488497
243.05017288876638,147.8737367000966,46.74386550746979,119.19691832352903
242.4462665576001,147.05082578117492,47.03630490405905,119.36364529843445
239.88147125327055,146.39851203858848,47.90494208635708,119.8715413711966
238.75139632843968,145.66947822211557,47.66662830534253,122.15472736704601
238.09462723375862,143.87155258019618,47.06534129367013,123.97943020766272
238.30573584678942,142.5720733088429,47.24044605476062,125.88098335247727
238.400826515497,142.45743175013354,47.17359585434703,126.4765576650502
239.29225798945504,142.8088924854969,47.490092657178614,126.6992475710859
240.2928278398968,145.77516358729997,47.5025184966088,126.04599365941087
242.13435672757623,145.74328497048955,46.898859830136615,125.02650358906902
246.17923731579344,143.62620201582837,46.959547452835494,124.89187553400538
249.0767174997262,143.07426319438213,46.02687174530937,124.15649867841611
249.78842289414393,141.05201706780488,46.16285269345816,122.65738655763874
250.10937864677922,142.65741244284635,47.03243558630464,123.12876357603419
258.6695358656528,145.46468686876375,47.02395662829378,121.64006301750383
259.49972970120274,149.05235651473726,46.60226624761448,119.77128185772847
270.3520148050629,154.6271028417063,44.6435303904801,117.36268352141735
273.6500987811663,156.11423960606209,43.150608650278805,113.98648687268394
278.3992529571485,156.76127195318008,41.69509071121723,111.1479159862406
282.4761427589471,157.69883271706658,40.87889894102463,108.642933222849
285.85175164016175,158.20206851256407,40.79057399704624,105.8617059155302
288.3697126295942,158.7224640758067,40.26693105184235,104.00852779945143
290.57476471123755,158.53667060871885,39.85419593953524,103.15959423725869
298.84793274285147,159.98067667660825,39.73695419088256,101.50284013618605
299.63163809119345,159.65260721807263,39.74305890939028,101.71716728305654
300.7989596939248,160.42154749680037,39.58362570301202,101.62081242330922
310.7482822923206,163.31933096387633,39.28443729332985,100.77358209041458
318.1967331418042,163.93862813109024,39.08793403949198,99.00909341213375
325.21441008111,165.23171315289997,38.378830237174405,96.88817317515685
331.60690785258845,164.56219765360532,37.15925865967151,96.00159654015548
334.9986430132087,163.0435679705805,35.71935714031092,96.47273003645412
337.7751517753002,163.6240646815965,35.48250649387457,95.62845385165619
341.3060101992839,160.95493200822563,35.37729351401011,94.93346505182203
344.3743350726793,160.30737489222423,34.92533185849739,93.55012059318156
346.2182540852436,163.4237452640525,34.85137256032801,93.28007687863877
354.36977956698166,159.33155367615592,34.461979738941785,91.56989256480787
356.764096737691,159.60095680706553,34.180949996522145,91.00545308708446
359.20859484720705,159.36653857847062,34.2221081010679,90.9056443053979
361.1905831843736,159.81939484507137,34.921442908210516,90.41162081524146
366.8037694327584,160.22945636759783,35.531929160830714,89.95199962580037
367.963647244692,160.61000471908,35.805738762564644,90.49975333043642
369.78855214216026,161.51498489271788,35.924140570792844,90.51995908461635
372.51764060544497,161.35803464169382,36.132271570401414,89.90556570286397
374.3768618632423,159.31611521369308,36.51274844643878,89.35789239379588
375.5117080463187,159.45309435998064,36.70934059375955,87.92764762317816
376.74856854539723,160.65141444392816,37.0152690916809,86.2107117637929
378.1684600737564,160.22698369117253,37.17634958705603,85.46602640193355
379.21146286605034,159.8123760078164,37.10994630120474,85.06455486564599
381.23778762870046,160.57979022832782,36.927441381541165,85.02001503984984
383.9789094145049,159.94697329690084,37.654773463008425,84.9373507106796
385.7567591210707,159.1035830266378,37.743570967601514,85.63129167639178
387.8716353568319,159.1856343937527,37.89652323088126,84.86511992189068
391.52407332212965,159.71277225310445,37.49249282793474,83.77329449887395
395.35936082856654,160.63091519647477,36.788667006345136,83.08537077186232
399.5498777524928,161.93361196277226,36.058769079970816,82.00598441471288
403.5052954428611,163.4807875197326,34.66349003468355,81.08033351899293
406.76268699140456,162.2350696707121,33.1505131967518,81.15576885082291
409.4486083207889,161.7653752311088,31.77346538356425,81.04696880524013
413.5040275209609,160.9514411889619,30.763803245122006,80.45130683544151
417.6706033459771,160.37524338871677,29.193687369320582,81.13369555278742
420.5568735054148,158.75298331661048,28.19160717922939,82.18062248487227
422.16216633889036,158.6945850596061,27.169625628718077,82.24270158479992
423.6663480743832,159.8090785659021,26.386980894380976,81.56867100836521
424.20490980600465,161.61342327405058,26.04199701854047,79.98298898495152
423.5630379886757,164.6599994042257,25.73120220295719,77.37113469441945
423.5665985808405,166.1030062277731,25.545497918189547,75.39203098995155
423.692001951638,165.7396074495369,25.678696782769006,74.81335295381075
423.5244546478075,165.21555625119043,26.33765224434046,74.10953250466319
422.8455922279456,164.0806320315084,26.966719301986437,73.74181008602557
425.1971080779988,163.13644936098396,26.81806754191307,74.78965945589066
427.0917016984577,161.0829177149388,26.30891794252044,74.56841559618658
427.1395716615933,158.47614469081333,26.017677940432137,73.92457743957297
425.38771396589226,157.52153475178767,25.926909479447822,72.737231117368
423.9665462756577,160.53834931996755,26.04507584403248,71.75148358424916
421.54842566834816,161.42400029375943,26.9516667519499,70.86854440197763
420.21779885644963,160.88735601547566,27.88744256107259,70.2082774032015
417.9282452840385,161.62379126973735,28.143325161369766,69.33661850213434
416.85376868122523,162.62748081938597,28.150745469047006,70.24457911116536
414.1407279732658,162.7061136116925,28.243405177812484,69.84797775117696
411.3885502316871,163.72519352176573,28.557498820149696,69.33469023403953
409.2491260804595,163.7555457327975,28.517801781113068,69.33266011765342
406.20258177286627,163.48255022593878,28.499894149961698,68.67765067932916
403.6042649124608,162.304111874318,28.28243866789184,68.47774156065607
401.2075038522757,162.83665254075942,27.741296920311573,68.2428281173683
398.9220112096619,163.36231645311665,26.325968385653983,67.94510822140673
399.213243185073,165.5803287346837,24.05774202943622,69.06236019712154
444.73577154319577,163.31379732498647,24.335118784870325,68.87410429474468
439.65440657266976,162.95241203654516,24.359684205658716,68.63145283736374
432.9637923946004,158.92317052824515,24.540473108672522,68.65926091957652
426.95461687505593,161.72731244217607,23.917634572566,68.11703715793786
425.7611731104901,170.52770632799204,23.528332536039073,67.63529273652561
420.0106988535187,176.0066686066932,23.058428198114246,67.7274398954319
414.3796824203921,174.83761564295935,22.24300745108616,68.74416449240945
443.50843892192006,161.39587634220803,24.250047518098604,67.8743052338047
442.127850963906,162.24394180338456,25.033198593771843,67.76611238174887
423.0158619480102,164.09845758410654,25.14785503132517,70.07886941741182
422.56178638646696,163.15236741794757,24.649125060432745,71.25768628108281
423.37587206552547,162.04262376083472,23.45136381922668,72.32376256453915
378.96555927625786,169.71043071940613,24.553727679011864,70.38715262994027
358.8560127507917,165.91718147397896,24.91406371090129,70.697815606726
352.1800255405301,162.94784938239445,26.60567779512072,70.4393748590173
345.3488404072481,166.21033562743008,27.247411503152087,69.92431962816235
333.0164416880611,168.78886045853702,27.63250007922139,69.54421221906131
324.11309927681003,174.34934231101323,27.92145037413563,70.86724971192383
314.0326478883985,173.66534398811575,29.069240129108064,71.62915605048306
305.8189632377409,174.07593553083552,28.698200922122457,71.90502112845753
298.53887030601237,173.72733142114444,28.470269376827066,72.2378365606216
295.98803159745046,173.68440779905103,27.87029235974687,70.69388586932259
288.7774972674662,174.02119307090004,27.299266026124094,69.7382710639306
282.50795260591946,173.58379763647423,27.050724314366462,68.16552808688073
280.6778689373195,171.1777373232797,26.217446255143024,67.74561546055372
274.46248675577465,170.34504332000682,26.04529962274932,67.36542045737966
272.23567549404294,170.08456293536977,25.495603836428856,67.14008648979154
264.9842913811377,172.0407709142263,25.570970519575624,66.42379174789883
262.5295916534332,171.68767455716622,25.49616854371027,66.4213214752636
255.92093023200044,173.47562654670782,25.171813911600225,66.19073557517518
251.7126621697015,173.4014819115211,24.820746161991575,66.88842130083651
251.4713263685957,172.65831422014395,24.150046787755105,67.90595575142189
249.0790477284644,173.4476708310357,24.1659435226686,66.55691506589226
236.71877222416884,180.61689787678415,24.9276837249853,67.57057279080166
240.08133068973348,177.6374676672033,25.23550241321027,70.6636242461877
241.5318675935197,174.1818988017772,25.57730036695984,72.64163934215216
243.1847167549833,174.2493479434614,25.556918272899207,73.26620061393287
247.64239326410754,175.93037602001098,27.130651405773776,73.44175594536132
248.02125013417404,175.37065535701117,27.573503719031297,74.905767431273
247.92962033068505,177.28573634310533,28.531502770265107,76.8687511156704
243.16767584934294,172.8429620935587,28.45861953904063,80.20941254887623
244.3481781764814,170.7041064694392,28.345894456296914,84.7734525598849
244.7168647186354,132.42190957694004,28.630953937677994,84.70013577359418
243.77044314606823,135.24733316535045,29.587912785918263,82.99060400929471
244.22973190118097,137.26180829734784,29.9921789465378,82.31024411929289
245.72741575200752,135.7349964665679,30.12918314735057,82.49252130715885
246.25661524575122,137.57973261321405,30.51454765435473,82.27391545559327
246.27870349211037,136.9220295144242,29.965964471038887,81.60871056728128
246.17274944563502,139.57183172217697,30.000523547919226,79.48130325527606
246.5059630095907,139.66003300968146,29.9231163146078,79.94217780657935
247.76503154928554,138.8476173724846,30.337153202579543,79.71597265156785
245.790784045956,138.96028636934955,32.20669708886204,78.38379416654311
245.3835060938613,138.93819053764847,32.960665665124054,78.02749855601377
247.18612426057385,141.43491606189735,32.106082598605745,78.11974039005385
248.41517320199577,142.2611774756707,31.6872431958339,78.26645731718395
248.53341008279406,144.37360485987287,31.628672624492467,78.45283835810581
247.93299449827907,145.89887298477802,31.753605623051257,78.5701077799874
246.94847627671106,146.47997994814827,32.005886079973614,78.80772252565595
245.311673865915,146.9176846182353,32.468405677414104,78.69621680334076
243.89072053578457,146.36028533280992,32.85123092631328,78.21518290711236
242.30925702334693,144.80574428424245,32.426945150208944,77.29711961850512
243.8285694438423,140.85966652216823,30.954323631819534,77.81765734861669
243.92096063140235,145.58663284813696,31.06306632665143,78.19526861910353
242.81477017256856,146.23785077893282,31.448237414034917,78.2996954932601
240.76907000515723,141.49654359609198,31.771026556154325,76.95171388878798
239.2111256063486,144.65306656265363,33.490372923847595,76.03497113254457
238.26930954093103,147.04726028443002,35.00572062060258,73.50802205874277
236.26391878555634,148.35816810262702,36.53910325897645,72.0219982009132
234.74582152158098,149.0556398048933,37.01654215071199,71.29950885550464
234.49735842004662,152.03414588654078,37.01552510145565,70.6755760302834
228.36230291724115,146.4443367567419,37.346721808055335,71.39206810732504
229.62980088753054,147.45249042603024,36.855577243056416,72.69861886391745
236.12045774808956,161.61729390792863,33.99196505239491,75.98146917551126
250.29787112172585,163.97200209769522,34.13393968146512,76.44698384532498
249.9643416124569,164.0074340224034,33.20997835431515,77.27030488331788
240.92946063266638,161.93714866373236,33.98029611528777,79.50490872272263
234.25163407061362,156.3277932769709,32.48504000630005,85.62202886285323
233.7065113158617,154.03866322268482,31.58811422349891,89.3839342198385
227.9804444962928,155.70572329350912,30.8656634739038,95.98851856885148
228.10201139708207,153.56266577966346,30.62343350499322,100.32160769299003
228.70317684292388,157.22599684835018,30.895276516774842,103.90065863697644
229.18898541650492,157.7913973160588,31.47543339457614,108.33928852965367
229.19289314904742,158.19537507232923,32.63053172877702,114.44882540679183
228.81217419561267,159.15179453450344,34.30449582592746,118.49559265309767
226.06777621817804,156.13018745656152,35.83931324228352,122.2498699555727
218.20154497853565,153.6420420332648,37.42555265333104,126.1508679764673
226.6498946933241,156.49947904651964,39.83386688037032,128.6399658127506
225.6772212511458,154.80934195550256,40.91056666618567,130.3246746518816
224.66865022265821,151.71028412903544,41.37476096353254,132.80856715837723
225.09717218281236,151.5042609840003,41.6712568200263,134.14261516792232
226.5354064705378,149.60172724929046,41.71561134180445,136.26329292691565
230.96218049398078,151.8878173709507,40.61128461983914,139.1296049817214
234.57628876312535,151.0042749175372,40.410657402686454,139.46236073644116
236.83588230218905,148.73201061005864,40.52294815735327,140.98837877133545
240.09500805574424,144.46161599166624,40.512530131077845,142.5476192219569
243.9339894294633,144.4871327214966,41.24642117392289,143.36272189596696
247.13840120263578,142.8582848429108,42.03564240449448,143.1191545115065
250.54748992550387,140.28349990547576,42.86797717723361,145.43021840302393
258.6617398293408,143.86455418239996,44.27101766802169,144.35372786827952
257.9304802124572,144.63156699667957,47.059271755533395,143.09283852764793
259.27879225866604,146.2122693404117,48.27604497527996,142.72851101913875
260.43110595762624,142.61727948882407,48.414765746686435,144.28819258464924
262.0007007397998,143.85930430938254,48.94406802270184,143.79747294536332
263.4258731053965,143.2738226075972,48.36926817332917,144.90957865466578
265.04916983213155,142.43816905148014,47.605340020228276,146.94445943728718
265.2065479201453,146.3583581924463,47.20549428732795,145.58113479762778
268.4923077401047,142.19296518298208,45.68263111103214,145.61968544210555
263.33175213541546,144.39627081138744,45.962077243201186,145.89679000560733
267.03249042277844,144.111713119198,45.81089487700188,145.92849638243695
268.43605779666393,148.23695220345027,47.22517135741077,143.47482597989307
270.49609031876065,151.64201702730503,48.274028260696596,142.69178831216405
271.4855641649698,145.73690886490408,48.25474598594957,144.9054737226593
271.6070981166119,143.3708213037757,49.368918044289416,146.99917128105804
269.7857554415767,143.67806740798773,52.44957355579771,147.48341833902955
271.1060177522289,143.8566232961695,53.43292192986999,150.06196477914244
283.79352149259125,143.02682247708663,54.58653993742652,151.41960201510938
282.8098019196539,141.9497470440457,54.463784142734156,152.2427850972633
271.1136283129427,138.1340212495546,53.89483145991646,157.68973909141215
270.90895445379766,136.36674514450374,53.86310650560101,161.9151744015467
271.9134482044083,139.50399005655225,54.252132834564556,161.24038788936983
272.0549182559854,140.16848064010983,53.92622061374803,160.6585625674199
276.00815676060535,139.20339245412185,51.4697500894935,162.28263928615186
277.24813887738446,142.7918722368737,50.469427412675,161.71566364169917
277.3422411149842,142.54688753073455,51.89516711033481,161.21806527157543
281.2106458692778,141.73580989171015,51.03035352765086,162.5352125852516
284.7062721792177,147.9942948465723,49.677811406580915,163.41779215978025
286.57256676156163,143.3534730953799,49.35572038413544,165.62168068779977
289.89415042345894,141.52261674131415,48.841048753547625,164.67200375893785
293.66013379485895,136.1625519354973,48.051858404638,167.2505051051907
295.711459092177,135.30904865268224,48.891553429203526,167.50903952860133
298.0558429321679,140.1111369341702,49.012699384475646,167.06096991447794
298.74600281333994,138.45968365040534,50.67863544908161,165.92417492484822
301.9932065786072,137.99546555562563,51.439754938047855,167.9019870060931
303.5374040072258,138.53625852599976,51.65565848168953,169.5579200911475
309.7992429907361,138.6897501806132,50.51740036025005,169.3977022673265
312.5476074420561,139.67387476429764,50.23819503243912,168.94651087640875
314.8259200123177,141.17820849596293,50.0478065786225,169.3570710131758
316.4045524552476,141.80858959903827,49.70988525965724,169.89205179561154
318.0825729485713,140.83085848115417,49.5223089336544,170.4941910485917
321.1084046100767,141.35727891123005,49.02849406416525,171.94559928435666
322.4336277161318,140.36075123831785,49.40107193423886,172.35838863134074
324.08535467187465,139.59936934802514,49.408651986910264,172.65764977597036
324.5325188592546,129.8080964080373,49.735849281248306,170.03752079022337
325.9513529829036,134.28129529311514,49.96564824662729,169.78400746525816
326.5135189249065,138.006255579092,50.442431350948496,168.9775204641662
328.04439523593226,138.7250659051337,50.79216297038258,167.95206035767035
327.6479777828793,139.6011544654115,51.55937341874175,169.93816210292897
328.40918824474426,140.14031133673674,52.075686692628395,171.118866543033
327.986477705029,140.73539142071056,52.403035226530555,171.77815755935814
328.9382709291972,141.455601055795,52.723395111125726,172.4885485308885
328.4609682793152,140.798077553964,52.93160255799202,173.3842344200485
329.6876376500284,140.57741273756818,52.91747327777772,174.76844313361255
331.419885329987,134.16189140996423,53.025511286924896,175.17032185602017
330.33109621164573,128.93535378038948,54.00175826578729,175.186648610531
330.508063844832,126.70135835282603,55.32214524691999,173.58744977220695
