347.5,58.5,103,251
346.7408211413893,49.82559676301486,99.34729286355318,256.2295618984698
346.07994722168326,55.37450394573442,97.7438826791311,253.16393022651212
343.27023096358715,51.51075816593459,95.60313710618144,253.86859797553439
339.5703728051529,54.378413199465896,93.96318343251038,251.66041612807626
332.78882416575766,52.54210286514399,91.47319538415238,250.91662015167003
330.52422803125836,55.261283782780254,89.67899669245764,249.77084178197367
324.8842471556211,55.117198645479704,88.578746613593,249.63456744073386
321.30177275874144,59.02419583575349,87.51606193109501,248.2958690806941
312.4608121792024,62.285502831485445,87.06628448177472,244.9017951282927
308.59408262891134,67.47959055340402,86.19360153828939,239.28500106262936
302.1878078769836,73.64135635136084,83.791919551056,232.94872694733706
296.3953474342018,76.79990991188905,82.03744109885096,228.37205256553847
293.8215936826998,78.90501281653253,80.77797142518878,226.5869878523666
293.66511223072973,80.16806657243706,79.95139401445454,223.83801976583527
290.78455791600675,85.48031149993878,80.09025637848907,221.62651285150565
289.2338012545191,84.93268886432814,79.89543996475481,221.39822458772326
287.27381286716053,85.82784117404702,79.86398474980221,221.6789365183496
286.22651024635684,78.05981600475639,82.08991446145279,219.14566808556856
288.0710862291769,74.02120597213414,82.87424224358486,216.82385937273688
289.72216166479404,74.3384644298281,83.69609382901555,213.44201417594638
289.15811907250236,74.93315923398242,84.64255556963776,211.22979956496744
290.00747826900937,80.70601784099904,84.8110293257861,214.1319173195011
291.58100104388785,77.77734390923723,85.84258361047122,214.8597681317857
294.3581818522844,72.2952227530795,87.87790981792737,214.8675399545992
293.21937629905165,79.75962035357534,90.10981904811021,218.6949741542423
291.3748315708723,83.67339344862766,91.91314640901757,224.8268281411396
291.44750089370007,77.31547962840845,94.94743732764735,229.3474291122665
309.37386000399056,67.61629962999709,98.46544283143156,232.4142671211742
328.0094357297246,58.595272746947074,99.33198669246346,237.45866120404668
325.9638690772896,56.72426339857731,101.60813448364638,243.3095768715351
321.45556496161316,53.08034627176488,105.22439500534352,247.3893446616895
315.99379314433037,50.767762531989206,107.4028510163129,249.441097100271
296.9829350756372,48.74694297933215,109.16333668494912,249.95042977286113
293.29490841908694,55.55519543027614,113.89822259578233,243.60247908163598
290.74232648078186,57.31055460884299,116.77136704795393,239.80461725564547
285.6752683943982,66.72878907899533,119.39321181645496,233.52131756582907
282.98282472083923,72.44222178470994,118.97338734487775,229.61164118027875
284.42755621388557,78.75254896580077,121.69335181087256,224.43180035950945
283.1350766081664,83.00905710672657,125.29135025361123,220.88976901341834
287.29635019603666,86.88176238038845,128.19163480394496,214.432554910606
292.1415086629443,89.29900947855033,127.57390297602555,209.03002016452714
302.0441928892497,87.89637380914122,121.58974919931818,207.4256426080817
308.8462796293977,86.89142522017015,116.54066090121208,207.53961867491697
317.7074006287264,78.40925371264782,109.31363336483486,209.9848357515461
324.4055284092236,78.71327530719441,104.05339846424096,211.92045201107658
330.397108374695,76.26037181878496,98.95691055325666,213.84318098496578
334.28304234094867,77.47011508430792,95.8959734450291,216.08168634005878
339.14114018622905,76.97049484639035,91.8012629877752,217.62458280744818
340.403888536482,76.78197308598476,90.62116983932475,217.6606231785115
342.67295550294074,72.95746634541113,86.4246775411099,220.453882284201
345.34024437571867,70.73769229548584,84.2966396648625,223.4839687665818
347.8114384368554,68.86011513040361,85.35595861961536,225.94773077039127
348.0993996100138,66.32141125604757,86.92640620738067,228.3976429918359
351.9823452420143,65.7160201963557,88.80813991286205,228.06713423197007
354.4200447166377,66.36823401806672,89.49635151735669,228.5510050762113
356.5957689613598,64.60760756013462,90.86916145076401,228.65606569890838
356.94817975100955,68.60039875454588,91.46231004720761,226.64753647552166
359.12840407977666,67.99684351824652,91.46599140981505,226.4458309681628
362.02874255010516,67.15762986541013,93.60545996171179,226.20997225641767
362.5984145528838,67.77518744546828,94.59487367137967,227.6417384191621
364.08234339722134,63.56363303873226,95.66172114475293,230.08732915096908
365.00824734772607,60.53253424350012,96.9614654440609,232.62388339273951
363.79277854163115,60.092185538400514,97.34109466277226,234.27640182497242
359.59917973811463,52.550747019115235,94.4849851561579,238.81557387697072
355.64050056823226,49.539899947279366,92.79937718732894,240.74079575730627
345.82164291393633,42.51446950469662,90.915102673533,243.6602355532994
338.4598100593163,38.394722187082124,89.451918788657,246.73252771584163
331.082049474482,35.94285077848956,88.78185802625758,251.8512122581616
324.1535313425445,36.19166036846306,87.88037416378987,253.8985662132091
316.5041587136804,33.260048565370624,88.10549290326858,254.11404039541327
309.55226056780054,36.60343340031058,87.91319506355859,253.32985337094962
300.8637134191738,40.845699615188636,88.95672269516263,250.55500722049038
294.03571746030224,44.98718136075904,91.61110385698528,248.06366207651755
289.92854021456844,50.96171980358562,92.57181483572711,245.69640758618908
288.5018424602497,52.203855331910006,92.33358107762575,244.87558498248984
288.4717055241694,55.75723039453834,91.89816314370833,240.78641298223317
287.17732570125474,56.80645041050053,91.99297981353976,238.5427424484186
284.23335807042537,59.12321109986502,91.45036831463939,235.79119815098846
280.9440567412611,62.949449445273615,91.34071518607222,234.0193042696195
275.32582301475713,64.53680224954381,93.54693590446101,232.28354836524935
276.199683198234,64.40098175297267,95.20541809220994,231.64733760277258
280.2734796481216,62.684211724478686,96.4446278657746,233.08863842292888
281.4667723160311,62.34970069333508,96.71566510571556,237.34191093535037
284.7080270364237,50.82498862982452,96.2887877793408,242.05419021068693
288.9022918233867,48.868232236878896,97.279412410737,244.39982868417735
295.49126794917277,48.99983167552189,98.00563591752663,244.35558904899685
301.68871974997757,52.13638727258294,99.35735249413972,243.3055923453838
306.9558216965585,59.91929507658918,101.63543593160537,236.42374623505196
309.7482273770017,67.25260918006649,104.78817244516961,230.20028571455975
311.87579554848526,75.71735949125875,112.32328211202908,222.61587500458978
314.2884466083552,79.38296714041377,119.86211382712818,217.57979830376814
313.002574443657,91.2128599908642,131.61254334481794,209.1831799841539
312.4586830539846,95.51732742514587,140.74082581135764,204.34428205139685
312.4798338425454,103.75590919313213,149.83639502281022,197.98040548747022
303.5006769066106,100.74138568810932,156.86091010470187,192.57252660945431
301.23911929738176,108.41218276433067,161.6800797758172,188.7463180847582
298.04368881969924,108.2983383413805,165.33367013753897,186.8398633397314
293.1959545082801,106.81044068116209,165.8853838012708,188.051886649365
298.87149498115224,105.22056882911377,162.61197867492356,191.44508501721515
291.7456537636864,102.21329838104862,161.80072814171552,192.80313987895215
293.6810796468529,95.60689666052275,158.86448644418064,194.53507784148826
283.3672609138598,90.95912906860643,154.5737183773299,197.95244062770738
276.7034783579262,84.05774679950946,148.79862044903598,201.2418117638017
268.5255160845182,74.95816701515264,137.56760423047115,207.08382793041574
274.2176949349493,74.88059125633484,124.9199564819634,211.42773734447468
262.3982043136384,61.074229884118154,117.77907627438978,218.50387523478207
267.7311381817459,60.34123458616122,111.58687186825296,222.11639908150465
267.8987968024792,53.811886428852276,105.7835647052166,227.19501908310374
265.2454250873899,55.322529206802784,103.2665161546517,230.8766100950433
261.7649866096871,51.55742608513481,102.81315561082019,231.3856419075321
261.4299023817262,55.26224718380004,101.49579860363782,230.68498503887594
262.6905432694719,57.25291524990219,97.92435391673132,228.35328302952016
265.5831218798013,57.054059338007875,93.37988895395367,227.2721379321128
268.9804754317079,59.148304012949666,88.15024616116801,225.15076722694357
273.96133212837634,58.641283557220916,82.84118455463533,224.34201000550465
279.68756627708217,56.48215293285392,78.59405759633499,224.16894253796056
283.7367361753995,56.09076510844463,75.57577112916807,222.65413269941342
289.15507620907044,56.76119359440938,73.49647440838389,222.66698184892863
294.7344779589728,56.41384541056516,72.23856221259533,223.3492131261262
301.03431285939286,57.43222843078976,72.1761810775266,224.65824891596873
304.32090148474174,53.50009878609805,72.19225200721824,226.95203930276426
313.2399220725384,50.403734993846285,72.47374627779197,229.9959197841489
316.8775993347157,50.187680080893884,74.59725363850818,230.89169506563346
323.4794399027202,47.061063345615935,76.60758846319258,236.85562085248307
327.3012856162887,43.98346598224441,78.05923490379237,243.15972221248398
331.2017588664303,45.815138207165774,79.65643312549406,246.17739134677822
330.76980930926334,48.78245103635692,80.06550683852174,245.03003098914667
328.6554626619168,55.0639462562651,80.52759809387771,240.71801425080736
328.5788576110196,54.36677591413783,80.9553760679579,238.84106844748254
330.15207742370615,58.44403805219238,80.32691391870483,236.92258905510147
329.99786068495627,60.029927526767665,79.91010382778413,235.55533929601438
331.0903604848189,61.861762019434124,79.4042896185313,234.44915899056733
330.7295484662036,60.8310990814756,79.01960722208429,233.20335381446716
332.7184068450359,57.0354167186769,79.69396766244822,234.61491946016955
333.68316636255236,54.03670885627301,80.65210913080271,236.75881097690848
334.26862073800527,45.10723442087922,81.40346698241311,240.73866190915845
335.3009098750409,39.345659275966,82.04991323112323,242.8478422053936
315.72818655159807,37.94013164759946,83.75129859871194,246.2259070303411
311.9082720795048,36.79051234811382,84.22917981569513,249.35946915474113
308.3168106213608,38.09033941016307,84.15692046574779,247.83949976498712
304.78413106558895,43.23373542212883,84.05175545696066,244.850048134122
300.5451826572852,47.212225474033715,83.75068060151007,242.89465446753758
297.29694352931324,51.7950230676924,84.89017042743082,241.3740788114702
293.2866038255931,51.41866587862731,87.07891776700001,238.99128512914507
291.923926596969,49.83056702073445,89.4192498224385,238.4294307151853
289.7376091064202,47.427625494575224,90.3005811212088,238.5394552889576
288.17048895504655,44.958725755112255,90.49762636131877,240.36444606350733
287.2475012712467,45.58577562154744,93.24571391487359,240.4553369417133
285.99039345941986,42.383969186093466,94.88768452481335,240.66406837341228
283.65252275427133,46.19577043468851,92.94076863606873,241.1705232111221
282.6923318294729,47.54283849228702,92.4254803482602,238.70455561327623
287.32115329906105,47.884056859300614,92.3051483908344,234.89930660813087
287.7445193143943,52.713096642133024,92.16168214633873,232.5865987656411
290.31469877871746,58.28035235817154,91.5798549788619,224.74412887370994
291.2822271410812,61.98353428004651,89.87127446150993,220.9202912369302
296.210610154891,63.8893077545749,88.85840529973507,217.24578369596117
298.970455856691,65.2697056746879,87.33742476687793,213.48674994784866
305.9019997901743,67.64366231520472,88.10150174060958,207.0662843196318
306.77594937159904,69.08483528486897,86.77017333061919,203.3924800120019
307.8184140825258,57.5229874763975,84.59547619939124,204.83555352811476
308.27676582017034,52.44845553777583,82.6924559239846,210.91737812084273
311.49945855848847,42.53642949935684,80.04106034412268,218.5848321065552
311.130540500005,37.42121133465491,79.53402198370318,225.11928979444906
313.44640817635775,38.57261623555853,79.72441874159338,226.55137927509728
314.871984079414,39.423447981852206,82.18248677266956,225.11158408056366
319.3115775742182,39.42915471612716,83.3098925336105,220.54093837705892
323.27289681354955,43.15498112575658,83.4921334342203,217.94472712808206
326.67533611374796,49.205460600742896,83.74205868209006,214.2535906420987
328.33208318760853,51.80017146505878,84.34065793532412,211.98638365994213
329.4318704199559,53.445621169189934,83.03900366191735,208.01730117291396
331.42272487830473,54.604104559216026,82.29528202511169,205.08364381678527
332.100677779524,49.113364823387045,82.86151574808665,205.10631915788903
329.5198174364978,48.52014490162085,82.56814877239579,205.25877410190054
331.31685654967043,48.71533365007589,83.0553607911067,206.39500840995262
331.7045346477846,46.052543406348434,83.50523135478903,207.87759301537324
329.32891199052676,45.26538719976898,79.83915164946822,206.21342199957706
331.2387041166331,48.140696398053194,78.55008998217076,203.05559992869223
334.90257970453985,53.72646180752237,79.19933713551985,199.0912415035527
338.36719246005566,52.86844140864288,80.31117493320401,196.18280872953434
339.80764871156526,56.2349008131969,80.24905548858021,193.0146601421365
340.78045788935026,56.84216773881079,80.08585502641995,191.98674789725868
343.6009160099179,55.40648987800017,81.10872710391871,192.7148674586016
346.15436840193615,53.37897683651403,83.10253461922915,193.17608489060342
349.1449792522914,52.84366565273024,84.91777354702812,192.9437674855651
350.36602765350653,55.666476782163016,85.41876456083627,188.0267355959241
351.3968863777358,57.82719143422641,85.2694676236234,183.81948518029705
351.1173011979444,58.25135306519347,83.32005419910286,180.26823075266773
351.5990077801813,59.85622650603423,82.69717178776477,177.5484646282227
352.0165741911301,61.827386121268404,79.91019331996269,176.37393142375532
352.40489327530923,61.135371101273165,77.61083827175968,174.22206563931343
351.09194524955876,65.0491485551036,74.10040753340468,170.77403639312107
352.85078891577837,67.25531383450986,70.62976831893096,167.87111502353278
354.6412295802905,68.76361292735712,67.97443244393193,165.75698218131362
355.27596880275115,68.03011939334388,66.5226208425441,164.97419121703723
356.85270960989146,68.211684370385,65.70633843938407,165.52388833748273
356.88133019356485,67.99834053326136,65.94197080361732,166.14250922639448
357.81301112048465,64.99466212739367,65.75176389991968,166.3472670848828
356.51061108973084,62.841490758614185,66.0259558319259,166.02028090779942
354.4613981316803,59.52759397551276,66.29035111982259,166.9045427700533
353.96090362943863,55.9750185665298,65.90173090666225,171.51762291312298
356.06815006331544,59.392558460670415,64.39402896298083,175.76884206740766
357.27835159315805,61.26704755320648,62.11116271214408,178.56903437641512
357.91176789079213,63.447804370901835,62.01927594817476,179.27327038625756
357.83382681909046,65.6593961355113,63.16947878220992,179.03598849888434
357.5159365154551,66.34495460854185,63.7591757156458,179.86235938393895
356.94516893996797,66.77236310787288,64.88544295897832,181.10771371286785
356.24186052935164,66.21007601967025,65.50197231873942,182.02254143908732
355.84039868281667,66.31353024347149,65.40736724422355,183.49306040256425
356.6902315531535,61.28075279798078,62.92629229954369,185.74114474300856
356.8430877257353,60.01097351940376,62.156861689085076,188.11129260949735
356.30020761203366,61.92156640861859,63.43156643505453,188.3287153820931
353.7261785702218,60.92625150987956,64.4297059624648,188.6843337450161
351.37445505147423,62.04901639522751,63.457541503988296,190.3130691682594
349.8077297885718,60.232944702599326,64.25155335295898,192.95234919644867
350.577385775288,58.14603719051806,65.47157165220118,195.43701841715966
349.375714863676,58.13122203336454,67.77563045820705,197.7368430235352
346.18800098964806,63.631594912941324,71.2427091690926,195.16519348630544
342.24476922352625,63.53748388056039,75.57101787994034,193.8514317892799
338.25327249459883,69.01824514522933,78.06097792867646,190.1390628739862
334.9442282869401,74.27423908323019,81.76118843147259,185.69703177746447
321.0827529693831,76.1629843267275,89.19970188702123,179.45420568294116
320.67964126369463,79.96735865080205,94.68093216485315,174.93156476565753
320.3484733864326,83.26110421681754,96.6792677658357,172.0373903317009
321.3079775134719,83.96374818216388,97.64131438999202,167.74493733142813
314.9638286762461,86.18352111740077,102.67955522545425,161.45242539077918
320.8465733254425,87.65333227605711,104.81892642358258,157.65478139692613
326.33261192054795,87.95150407675605,106.0130832497901,156.38620415438064
330.84703832269884,86.72222063855861,107.23036138878658,156.35402620159766
336.45836879482033,86.49900365283398,106.85115671285416,156.62266561225687
340.7624406303339,86.64916530715053,104.58661569914509,157.82362380348644
333.90381101180657,86.14323883514021,102.19672199735706,157.75343751048467
337.94040750153863,84.94475630803001,99.68455320688824,156.7177074143297
341.3316082197713,80.98475358385963,91.43810684187221,157.3246397044063
345.6884408696221,79.84544518277767,84.47695542766861,158.16903023207988
347.19499972529906,81.88361290484103,78.68397388193361,159.6567387866714
349.11039654935234,80.40814156277683,76.81215328394461,160.60593290894067
348.59325216929903,76.84627651493582,76.03376060751248,160.35978709672474
349.40197560237203,75.70165335736823,73.25313422457415,162.774221077084
351.4616584468795,78.25479085740392,68.0641580590655,163.40169928135833
353.0006414096772,78.82302632632123,65.7774460578398,163.1716934566867
349.37474130669364,79.72737277423647,64.51604073554766,161.00154014334714
344.1003022029164,73.20419092275533,64.13107151573396,160.74541647295737
338.7298161294576,74.24398725518014,64.14175134240008,161.21450912037886
335.0226627550471,79.68061385871185,64.00399176507968,159.84954429679934
330.8675610105694,79.82653728033296,64.1707349802926,157.17803660875427
327.84282159398475,81.89124586429762,64.46962873426865,155.8284689700913
323.7190437218276,81.02143688381398,63.97338431531396,154.8708770960061
320.0825667085777,80.85882153319835,63.2202772837693,154.48840259751887
319.0555486733561,81.53790215552476,60.61048116655986,157.2171411102513
321.92294953842037,85.86946492521551,59.873845997558064,158.24614947437323
326.70151275536995,87.7504009874073,58.08863881414719,156.81409679083131
329.4385568332921,85.23483747374598,56.5598509989553,156.95083752665005
318.0409260152565,84.54569414805478,55.51639422071994,158.86039962921578
317.28183355596116,85.00122719893726,55.98793445165799,159.76393947876002
318.3265676950966,88.09864350308075,56.9335094129806,162.58558540898622
316.9421168427957,82.39158884733708,59.51181657853607,166.2572707092431
316.28477405034283,83.26729723180017,60.265009541543286,167.3153868211
314.5881659190406,82.51576745038977,60.397839337167724,168.2013596753751
316.09985163024675,85.65266055257479,63.16010052507646,168.41324451440107
315.182827277962,85.40621839469954,66.81716038954282,170.41365188999654
317.64905966904183,89.37002721847965,70.11976202126259,169.2670629899949
320.95660418100226,94.25804083753027,71.73887442861613,168.57982664544835
326.8889691659153,95.90120241520606,71.86840333940528,168.09465595782444
332.38474159506114,100.26996879113344,71.46797061795444,166.65810806543624
336.2789241601389,104.18461860376038,70.45260143659037,163.22497667214645
339.68363159069384,109.02807369915723,69.79388952881912,159.00482425570578
342.8525272629363,111.94794669080392,67.98944054578439,153.95828418929398
344.6458815756537,116.07506628659999,66.86876418696643,151.0622636675932
345.3201769453555,116.04192211070053,65.67494184000648,149.896233022009
346.1112268977745,117.32550570475469,64.64769066573257,149.3609910353167
343.0126549051231,116.96546477229313,65.33965476898585,146.59541997665582
338.9463708784583,116.83012904832673,65.84284068883154,144.37795489466615
333.9298899947038,118.3136489475701,66.98833316465354,141.8530581787981
329.14405060210413,118.29811179783918,69.3638487723626,140.6664210295905
326.80303848977525,115.5075674090499,71.78427178737988,139.85588011127675
324.7153068485067,116.19537236726131,73.38127556865051,139.78495185359873
323.6840086257547,110.2123708316991,73.73035017596641,142.96400099863672
320.7979184482987,108.09958461545736,74.31071038622504,145.7532886506179
318.2218200181227,101.79844335239426,72.17370169542961,151.03919067595064
314.38828184230954,101.6224077973711,71.13097923418971,153.49087831355433
309.83301032383275,102.62834305269652,68.59229417513495,154.85968812555058
307.2134646847837,102.05381787198127,65.50410445500312,156.02547951689928
299.6311189210055,104.2918939448307,63.68127957936116,157.33690166242965
303.31244742107594,104.21934799299969,63.4869756599698,158.9173362355787
299.0279946135087,109.06800045457922,65.51450373070124,157.09152274460956
294.2379902052914,107.4707312670439,67.86438044416957,157.70543367827395
278.3162751788681,104.50844803880561,70.82791624042436,158.54569723252885
278.1728783005931,105.98324855314623,73.91727128008594,158.06119601540158
281.1410879315363,102.4903354637986,75.20108545859874,158.13911423129775
282.2699892648764,102.78964262794001,77.38540334398148,157.77951786642436
289.6264213994476,101.49788709726319,74.20132287305685,156.23995201203704
299.5339163902729,98.47357171344062,69.12595596116938,156.29897973707963
306.66520013624074,94.21989774837762,63.135495593562375,159.241441574066
310.84040205616077,89.09225408735851,58.798518534423046,162.77668046852241
312.9291165024924,83.05125596258603,56.55270177573958,167.28048353035376
313.7517746816855,80.55706902395961,56.06545633925125,171.17811481956338
315.2408567965292,81.35132090109943,55.85196987254904,174.32824136008355
316.0055371166441,82.41833544283432,55.83248977507439,176.30565436569458
316.6099915219186,83.00268934352474,57.25603559823821,179.19412029325662
314.38354916382076,86.92015839021829,58.52075989496975,177.20111449662244
297.95089806800075,97.87792171560395,62.770886839417344,170.30260902505034
295.55145967525164,104.74932460346372,67.81974405969089,165.29050660321263
295.9727827878091,112.92642583626876,72.361962641705,158.8272629236133
294.8836679797002,118.00081928221502,75.92944372848858,153.80714195579304
294.4170520822751,117.69474936722116,79.397712087212,151.54175287991222
296.23563336526365,118.1471674933764,81.1903762576851,150.9816762706796
291.9859093221306,121.80055852077986,87.80098784092223,146.87570631723682
291.9978475897596,119.90684440501346,88.21032251305414,147.0562250352961
277.8682125017533,119.35555366027369,97.78165972092714,142.86142273952785
272.4882168626523,118.30960330463884,106.09059165769854,139.15494259905194
267.5320884713485,108.26672909469902,112.54988651861407,135.92927057825776
262.11139580606005,106.84544546416497,120.32625414899576,135.05647982045073
263.14260255926666,104.74352046559989,126.65831085742624,134.2556353557584
262.4826419020313,102.89774428888525,129.19228067672643,136.7790862792484
265.80801802331064,102.38281060012457,127.34182998598652,140.56160367927646
266.46835939408606,103.45425984913378,125.7122076384844,144.47960586942943
267.23090021982523,102.07298465184847,122.75577933211412,148.25226330440532
267.82766172788,101.12360994592544,122.16450981265142,149.94097608085252
268.7341516324544,101.23304882694255,124.02937834258344,149.67373148534008
255.51503509870082,100.4389328651452,123.64792261309358,152.72364191387862
258.8419286779775,89.73939056118313,124.78068836057665,159.61047657520854
262.54913771858264,89.00856503784837,114.71770212598496,169.54688290904846
264.4604169687946,81.837146250702,103.83922397834418,179.53101591638563
263.23542008261865,82.58061025165284,96.96022490706824,182.84716132070344
263.1663029064871,82.5226400887513,91.70338536864533,185.21718218048784
264.90580675005083,77.76269335124988,87.59018712213063,188.326441137821
268.735438093128,78.145214783178,83.16226865899874,190.70078421260916
272.201971209214,77.20268142201357,79.27037731543764,192.7323604034935
275.03475532818123,76.43237786176276,75.87635567975221,193.45311219162053
279.29519965740815,76.88097514087266,74.9074184296846,192.5457435508086
284.54486795435577,74.40299393960626,74.7050970259139,192.4179566590604
288.3908118875016,74.08142459231158,75.23047047401427,192.39316701559892
292.3414861343593,75.65811015295947,76.8002208801403,191.40951797453386
295.3944629565567,71.77426783341684,77.67869611834436,192.88602820184542
298.9059141039194,73.29110159260746,78.01207748832233,195.87295194246687
300.0355445282078,73.71899899955795,78.7986087425592,198.53067903827963
300.56685585424475,80.01226810289678,79.576124883477,199.64984742797648
301.2599742237885,81.37733427955706,80.01729407395493,201.38095727360002
302.2063055769329,84.35999042139655,81.84407802675422,200.13120399565835
303.1781426299843,89.98012960341414,85.04627269888019,195.88110517034997
303.1967406099046,87.17496012108161,87.24778404304038,194.3037948849845
290.62471797560005,94.49548146411294,88.06078225354408,193.17481999372166
288.1700197302368,93.09054161821003,88.78536429114556,193.10109730477492
283.4612166813391,94.33478349723592,86.67745006423384,192.40949617611767
277.16781410349574,94.01533389050013,84.22662227772096,190.82377313998597
274.38180123818694,91.86748477537705,81.59736264609488,192.7946916213155
272.24496236198524,93.47940049055072,80.50241761865203,193.58787707863297
271.18983627351656,92.64695418777387,81.18640479429244,195.0681391858966
270.91684141255723,94.0100315185945,81.61185760025313,196.78446556520993
271.71734831556205,98.21973378076767,82.96238569487828,196.72532868002375
272.4226510437891,96.74821870799764,82.93244542149162,197.64326693904343
274.5639624660141,99.22605643148066,83.32806621412651,197.1451668132749
274.0677651775047,103.6440079610357,85.11394082978818,195.2446556570884
274.2370462457094,108.60506412546265,86.4744430673488,193.60337561888392
273.9968974080808,110.9171752463863,87.97497628108857,191.6512362780376
273.51757193276336,102.86642993817745,89.00485785931994,193.40870891197238
269.9670363054963,94.32739588716743,88.58338282250266,197.97822160169994
268.4651430603873,86.18546955951805,84.97772231030996,204.75673177347818
267.6007837588131,83.24768258529889,82.61110113837277,208.15731559244568
269.7672188723642,76.1387313172385,80.02554059602409,215.38137218893024
270.88248684663796,75.38397437799208,78.19599009702901,218.4035356035559
275.66566897231775,74.0843297729999,77.06971411776418,220.54844698351172
276.13837653495955,68.70844620585119,77.13521725210124,221.83447582130034
281.6516940588772,69.29414962240264,77.25402135221526,221.67806730496227
284.45831968359033,68.08000861099251,76.95613160257528,222.03505406639948
284.6402404400158,73.81695530761482,77.35402952253608,219.99937592889216
284.0729639581824,77.86947386093644,78.82549321084275,218.62787649619912
283.8322529398695,78.57664715287584,80.03693845274887,218.3776122010624
280.9448500287763,80.1248390530812,81.63804251178226,217.75364956993266
275.2094067308238,77.11437569901804,87.96075815965864,216.5453816369457
271.52294821703356,75.75025371137392,94.37332878650133,217.49244737622627
274.49496225223197,76.38715859406776,101.2090200688267,219.0202662004687
276.520291445765,79.74255607657837,105.65349889642124,218.82031641977366
277.3855985363426,78.10257361634599,110.16511417693602,220.27519605791267
278.4466793117505,77.28317844795656,112.05818280495325,221.39595896987922
282.1815121002954,71.73510079034853,110.96411851951999,225.18504641400153
284.34182837220214,70.8778241201642,109.21675486608726,228.278527342833
290.46043291009534,61.116456942129744,108.7522794786554,232.05452040404109
295.92016346169453,63.448965810849984,106.03086982809367,233.36877884686794
304.0762263304901,63.31475878822192,104.56380539268761,233.95556690006435
311.43636983205994,66.92472635992328,102.43991388210166,234.30362158286403
315.25520398579766,71.89388906126015,100.41429992261817,231.05319243186875
318.1257724496851,72.62334394400911,98.69720226333702,229.24116892568824
320.83885725145393,71.90128878192041,96.92487940052193,229.05396580668173
321.96185573851824,74.77438629523289,96.6271196071032,228.42560296389468
320.4581979815631,64.48823261285565,92.24281162400412,231.95834428861008
319.16766089131386,61.840405762471164,88.87021101125923,233.72605318614114
319.24499739126014,55.50914308900428,86.21958755093274,237.92705070867305
321.855251187404,54.99923037038333,87.04265429183594,240.1560961976804
300.20173514746074,54.832713779650106,88.89962075892946,239.45645661627606
303.970449305303,49.72549580316257,89.6300852807693,244.39379486722476
305.89894112882394,50.808717953228665,90.5157607256769,244.98816952537504
303.47717992674666,51.83554764894727,94.83625308718322,242.46337451763534
306.8638984208701,52.77479381392878,101.20580811858967,239.29559426290578
310.25100691828646,55.101562341817555,105.12456712168168,237.0688405304162
321.9201487995996,46.27845019680859,105.70242296171654,239.04016667285111
330.11613650734904,48.180219909635156,104.852871748183,239.6342464946345
336.7607730394575,47.74792566264338,106.28461652149056,242.6831869096996
341.74537034577105,45.36572560297053,107.9102772173961,243.8820581594164
348.8731395878251,47.144833583181054,108.16356689643493,242.2310247732675
353.24295368350283,45.400607247489916,108.12258620416407,242.12989047145948
362.0079844787548,43.659528607960226,108.33954724244424,241.03301962094122
370.51365299606556,47.99171147998763,106.72944101989552,239.60102186928754
377.20228441833774,52.20206528686333,103.63292368163772,238.32507772523218
385.9406061888976,53.60630499356226,99.3574853941191,238.3531669058132
396.8689095973952,59.899269535049484,97.08450627792956,233.2024771378717
402.0684821107645,65.42265185603607,95.78575168545616,226.89099348649913
409.1911119484053,72.76804081207827,98.21232314115593,221.0180494748664
411.7791691686412,77.4935856241916,97.32307965710504,216.4387545512623
412.6693860432845,81.53334199452662,103.73702762168566,211.2853587539516
400.3242216441665,82.88818651268673,109.13423317468235,208.5785570720966
404.2818497277682,87.68016839235099,117.45040515384134,202.31881921532545
391.7854046834021,87.92073622150996,124.25519061305693,198.11635243747017
376.835422803184,80.35901003834837,119.22819819673535,200.27200943178406
382.10890501209883,80.53387912832706,114.34324635596246,201.42422568812887
386.1466368235495,79.81150586784665,108.80829386434777,203.64350911676257
386.1048028590905,73.014836279777,104.05103180821936,208.27943271215236
376.3487625490352,66.8887885215091,97.85579698338375,211.80623030083171
381.62083501909376,64.525869623809,91.13946256916068,215.12804444892356
384.6150166720904,67.18540031712405,84.62210428569324,217.44762537338966
387.6370102683721,68.19253834305921,80.52860864071447,218.93592495742936
388.9253731781091,70.75619236865242,78.43308101288315,217.18576744182644
389.73724570517373,72.19687809238468,77.75187165716774,214.32283121552734
390.7218365693149,74.87690340456678,78.53625237929433,210.43718349567365
389.3206140613278,77.4305663700278,78.36452122682684,208.16852805692383
387.7147759545236,76.61250348864422,77.57462816934759,208.21573203433638
384.97617102208363,74.99134122209983,74.96532070024311,210.0390446169323
382.70491935108043,70.5021057550063,70.62434110920498,214.42457092907958
380.80482312689486,71.36742046713832,68.7557923313799,217.17979183898302
380.47721398354105,73.86108982362289,70.14089518296403,217.64085839182198
380.64804676789385,73.2048376456072,70.22051855158875,219.93864040059384
379.5703616623545,80.50529309335286,70.41510599632524,219.6244316611694
378.00065759462154,83.94719722715286,71.55175872827253,216.77237597993417
375.9153094976478,81.4439923304993,73.13358701946423,211.8996649465201
375.0907794757586,84.83375957243496,74.98327564190555,208.26904623031845
373.3560802915508,84.0757765131464,77.93876842550895,208.97824387193253
371.9475101783676,83.32868036500602,79.57650260500795,208.54307792427102
370.79259899952206,79.59168240874159,79.19626196297375,210.32697888898494
367.41710240696506,87.00770145126167,79.06506158271911,206.40058522075387
365.426504921475,75.69784337026289,77.90607644276785,211.06102327606197
364.7920574753115,69.93814255963063,76.23396085993615,213.89887105668927
363.5363246528419,67.47645185899333,75.10495313909158,216.10480779968447
361.9774195096829,72.48373156670776,74.99990595012893,215.7804396531765
360.486108788051,85.48658671182648,78.02928568377281,208.34470426223106
358.00575979554696,89.21911628460037,80.00699411914411,203.1867518500054
353.12561025902545,95.54667200263218,78.40035078648648,197.0908330714125
350.49027795268574,95.56389389294655,77.33858646697588,192.13826175401007
342.95038311354307,100.69234874506071,75.94393843163823,187.80862341590114
339.3090621730313,101.21522543002264,74.95645396988832,184.5875322545344
333.4706354354478,106.33236159519043,74.13496111632006,181.86142957523032
329.4884092278658,108.51895670736361,73.80607094115193,179.8384082942891
324.5951000529684,111.04440588465562,74.18969132036563,177.8367510056841
320.571494389838,111.13566906563456,75.32084029158501,178.11514363648402
316.97838063599113,111.13431302113464,75.16680586309097,178.09771556374605
315.6850087957913,111.43753479746215,76.5988298331406,178.1167284038561
315.1312852067558,111.93352752917002,76.50535774069618,177.94705201722638
314.132687071628,110.3366687957708,77.88489205797926,177.17019248245316
302.54779338753195,105.7452556887194,73.92246964833944,181.44735091472614
303.4659949448204,104.60540796890868,72.1095870313677,185.0290458040775
302.5388850264141,101.44745423695935,71.62538552342326,187.81134793083322
303.0206931947603,98.548419997805,71.44946268724955,192.3738562303852
303.6389889271619,94.38316156411994,71.47456589216989,198.0938825372237
305.17245656544964,87.14185692363601,72.4228078655029,202.8410553786774
307.38329612839317,82.42362951318503,72.00664574553629,207.52333930495655
310.7161468197126,83.15074689030604,71.96935136439274,211.7077645047856
313.26287861045546,82.46281878419632,69.84418574128105,215.29762833304812
314.68007078931896,84.74019107791538,69.36728596264037,215.4170470871322
317.39397173416876,85.40752803934689,69.53342814566423,214.35979007897066
317.65052342383285,89.43346596302415,69.1710904833655,213.89822766621697
321.2103521819338,93.11815460538898,69.55167567727722,213.85164481889575
323.4688129880826,93.19928104113193,69.70536496967317,214.70351812901234
324.8900530835476,91.8750637021478,71.30702187514821,215.528549806149
