446.5,181.5,29,26
444.0588135057427,173.77637389332878,27.532691134266543,27.627772271020685
441.6003285087475,170.4769194906225,26.595337264273727,28.600855194475248
439.22276770282355,165.51103700314243,25.974231020439326,28.615500189576924
437.83466978994386,163.8628247831009,25.934854345969814,28.24211695715938
438.1754615141085,159.4514475945672,24.99844602085524,27.5960631600935
440.0413674750313,155.20240987705088,24.226886145594815,28.206810447237956
439.3215159916332,154.12955054096466,23.863211841692447,28.28104002372251
441.1331108983305,145.58613178353298,24.221789205879602,28.454801137829055
436.59597920646985,143.37666896574277,24.801849975770295,28.057669091372123
438.5994653612919,143.16064083872593,24.724573749195045,28.90692480805804
432.0615396918215,126.38235761600944,25.73981813165393,28.13304691755348
429.2296333532337,127.33238517314032,26.2922364034646,27.95607243836253
432.3556659633154,122.64957075294512,25.990809477521072,27.7982389832207
431.9181568060418,119.47566044458779,26.130223029037275,27.416731444417778
425.7861104550068,115.92246294481325,27.233732235013598,26.769332727536217
429.60119582252884,110.9098400658172,27.179916003601075,27.504947595635713
427.68339283055286,107.41179656202576,26.678544982548104,27.524888382057725
425.93043881348,105.90341680201553,26.00053311007763,27.837547054833905
424.1581370196278,102.10791031067559,25.564422615064085,27.928674955268917
422.322737170193,98.59601651770032,25.58471939378296,28.418743001577134
417.75185380347244,93.83105089015422,25.995312611904325,27.943529183732338
413.57278690763894,90.06866094206677,27.054160038062278,27.468253766796852
407.8292845273711,90.63037271787408,28.460914058546642,26.94513171931736
402.5942919617027,90.78215884839634,29.576372670108093,28.290305948751385
396.35479410215913,90.64017696949041,30.957312549656628,30.538646275357472
385.89415901593986,86.78596845679307,31.167597538379397,33.174842498445024
378.0068952075283,86.15311228397601,31.824594332448545,35.16134332293046
371.24598811412807,84.98436360293996,32.40418973873153,35.91932904254651
364.07177433449624,88.18171629631912,33.138773380148415,36.94860913705039
356.07582920829384,90.47063697060537,33.8587844363862,37.1627394719801
345.00348415257196,101.96700137279134,34.1685364985136,35.887103181646246
338.22844443945064,104.51212055280938,33.91678849403113,34.8680165550086
331.3190306408219,108.39067738447471,33.93900525907431,34.28405772261055
323.592292525179,112.23807082917094,33.44682471393183,34.56958937951326
317.8814109206215,116.71633098758825,32.89861340522467,35.19003916308147
305.77182817363166,128.55908616482986,32.673477293979644,35.39838294983361
300.53012065532675,131.82684510048819,33.11112836116814,34.98908244378183
300.85711496233904,139.64780747922623,33.01598425388407,34.12406179244593
296.020322017704,141.73732269994412,31.95874567263415,34.60289639846494
294.2752373600008,147.60534982211698,30.27018736124,35.676166418645614
281.71931315584465,162.28007252987186,30.53534082326324,35.34214954622669
277.4580476391792,168.6080102511605,30.01130775442132,35.817946009166974
274.35420594868185,172.27114661211075,30.13759503251074,35.2766740883529
272.80711297963995,177.23943468686616,29.37780495931831,35.55204251892019
272.7643980954528,175.1127322032533,26.68722779066562,37.11330309222504
268.79041270807636,174.98811655091876,24.4602937421152,40.094534271009096
269.3366483331921,194.20808708752452,22.493273162602947,41.64576598832492
263.68193975272953,203.7977597274909,25.073466118510936,39.36406665870954
259.41015142725576,209.64875716027925,24.700411070850173,40.27838000541311
256.7590847274032,214.46260121487433,24.93768460345929,40.02517691209207
253.28585719675684,221.53586492343476,24.299724228961008,39.0332172134771
252.53477749819797,227.2367273707784,23.972588467692518,37.81319016424882
250.70431486705922,233.84772277325177,23.429122727314944,36.60848375261261
249.80427770281838,236.17856660528736,22.256594688395538,36.35727372678605
248.3944545044144,241.43957131818226,20.71555716720423,35.89189443557876
243.80526774671645,251.18286715884545,19.403381595075686,35.82272218784611
243.0847682201891,255.53387213552114,17.8768720936718,35.88407988738782
242.07322376191195,259.2574182711602,17.24534417749293,35.31559965758307
241.61758669608085,263.5197205840048,16.76986224664752,33.771809011996474
238.24361464713553,267.2995548923074,16.59380178978963,31.528324916112634
234.93285003068536,272.71953895373326,16.538746302078376,30.058598912096343
233.4580046675573,274.5727430808889,17.62833139459884,27.482754870584166
229.49069743752767,276.14091637124454,18.061524403089486,25.09539936205078
226.8691842706659,277.38876867383436,17.81213626232575,23.166005579834902
224.54659088880123,278.9198141761218,17.626068066948605,21.52783842531952
219.84287204530594,279.85172538129467,17.551855401461186,20.260947055260807
216.21657201471712,280.9212906069815,17.228838626090962,19.10459098075632
214.72982590043415,281.4512225687375,17.019993808987355,18.05961229375348
211.06527718333422,281.3901986673902,17.56404943410516,16.99294952611257
211.34468998764152,280.774772936751,16.93555524191868,16.394036621241153
207.52609440740008,280.21770333396177,16.24446118511642,16.012591338904613
206.05318117436204,279.73360070310537,15.728707374703198,15.494729305542965
204.57977010507201,279.04669899847124,15.285426173134361,15.166056570974249
203.37617336030266,277.47995501774477,14.913047652632748,15.14670725596837
203.0299325424415,276.17562963781796,14.314576367441447,15.190992867277746
200.1211882045668,274.901668767073,14.0765139910973,15.15721595268548
198.88396712512645,274.73392157561443,13.98873128501825,15.24692520355211
197.45922227127713,274.15490627782424,13.942767301234362,15.626464063674128
195.9513307909044,273.05109117826805,14.557596015458843,15.66254088944974
195.55479464953882,272.2948080880329,14.636723803465717,16.050278373669084
