302.5,135.5,67,81
301.12079217978305,137.35899097068,68.65467601372828,84.64782463822984
298.9690893575785,140.14345387927116,70.87151234890264,87.7625679113185
298.2550278487041,142.5926294571627,71.89523576304629,90.06877322068438
299.57639546402004,144.55037510669817,71.77072119548508,91.24605488227627
302.55061133884203,144.44563872059305,71.94028852268436,91.81941278894504
305.5600636873738,144.26524148441786,72.46491524346746,92.02455469355115
308.5781682451288,143.46156814862726,72.89960761721538,92.92090026697637
307.3567010934102,142.10753597546886,74.70883749674806,94.00201601824617
306.84474954276664,143.65925543339918,76.76201756508387,94.9995402180777
307.3234455746774,143.1536530163502,78.40008424721879,96.58998179801
308.67705803124693,143.94490572119483,78.44527880582035,97.179661094055
313.698009331803,139.48172131699422,80.96440277788943,98.90265360927384
319.2359230340945,132.85608247962227,81.77905732215888,99.48733487135905
325.6211076464275,129.37155892603062,81.51793396999045,99.67375773385241
329.2112831435245,127.0698795084912,81.57395163195494,99.3136871179425
331.89623026270414,126.2885775352469,81.69740932993606,98.86575892369927
332.16399352686324,124.16853320482275,81.63822923478057,99.14368175202804
330.75119074881303,122.76778677969438,82.5590418860271,98.68292942406214
333.13215560738075,117.92754523484435,83.70347470246102,99.81720317843505
338.9658784159231,113.87597307022482,85.01563094542271,101.03296738453568
343.0385685232851,110.7019477660619,85.1409960081034,102.55199272430681
347.979575661143,108.07473239049327,85.23833849813482,103.68396692484595
354.10032635975006,106.45432982220763,86.83482309335224,105.07933203131925
361.8813213051245,114.73700316141951,87.56821856332114,103.93943853893066
370.3218202800469,125.09494104904266,90.06939796638163,105.51599745606717
375.0868383831735,124.53345093671926,92.87970905016758,107.9042017798732
371.99062598552763,119.76787267655358,92.39442712701444,107.08736349582225
361.553950537313,104.36989188436525,89.42064629431768,106.56361339501825
352.82240591878815,93.05020790150238,89.67865168432152,106.88579500515318
343.5169573205987,85.1174164580859,87.69039345467499,106.31136782118534
337.4793015831907,81.27962962542327,85.52362042631717,104.52731338134703
334.44913293718344,80.62536525821542,84.89560084195837,103.53295562970924
335.07538840313487,83.56705561823111,84.03823118379246,102.40673652695695
338.0060258712678,92.03262804547292,86.01460177822732,101.06521893840349
348.3825345693816,106.08651108418962,87.86485205167747,100.83460816492516
361.0567562613723,118.87757746965559,92.08023618234452,99.83466495392973
366.7137860210233,130.59253042043593,94.71096941054009,103.02035010156341
369.4518640465316,128.14055636910507,97.25062337234074,105.10631958369598
364.58309336040617,114.68242151535264,96.33111556551457,107.6299940000631
359.99528451734216,100.06617202497638,93.36447460753857,108.07144874558614
357.3424256676246,89.95074486566921,90.91605192992904,110.04874776634892
355.5781649760952,85.19947948652775,88.95034494995068,112.18860857986866
356.0936529105508,82.9869085284895,86.35319445468902,112.85120157245275
356.29805004790023,85.98998704485409,85.60827456773129,111.14994184807315
359.70174028619203,90.66426009413337,86.61831218959748,107.71112713760664
362.60721209246515,101.57478751795591,87.8177531366826,104.51577610160706
371.83370916561887,118.02456802502186,88.23148681935464,103.69821581989702
376.53873463948804,136.7739865179774,90.57150358249274,104.03169237158363
375.21033725664387,141.96136886425734,91.96993605493762,109.71656474872586
370.5254758387872,129.82333285208463,91.21138588039707,115.44013700195312
363.4308284757834,112.29899186426489,89.461017673055,116.81422409844222
361.22946727973294,105.92967588168068,87.56336412674051,118.88556537604961
356.63037216536395,101.2520355561154,85.72955095276846,120.04107223872802
354.96711045819916,100.91779720772946,85.755035386614,119.7341790648372
352.76942961202917,107.92144785498587,85.39221836801659,119.37450655450408
354.16753323499495,120.11679156104515,85.27183528742924,119.53913416008574
358.0573935712817,131.80226618969476,88.05475575865455,117.18631043684414
353.18864687825635,155.29235105681306,87.05846733013001,114.74924678170908
352.0598249706,172.85409315685922,86.41125446361903,114.71734964826712
346.94467784880584,167.83625500927445,85.8128648540579,116.7375687901164
332.34411804252704,143.93724019126026,85.77300050360276,113.8870007088596
325.28296919741865,130.7582028675419,84.05589027298225,111.31733716659902
321.1430960552609,123.62636065739044,83.1695207964945,110.11000279570325
312.1834211412606,118.03376125166868,82.06136284251266,108.7642672733455
304.70245454441175,116.8629949803894,80.83130232283149,105.80302347923413
303.5223363831537,120.58337772208621,79.59772951753993,102.55592159294744
303.46169957752545,126.25845984549474,79.41559474447328,100.80401536462404
300.56752364289525,139.32401049821488,80.13308479732747,99.8200736355998
300.2602154761858,152.79174972199985,79.02913137519215,99.19356468571047
301.7260964863983,167.7242767358395,77.35092298368859,100.67829932380265
302.65200763800635,185.23005172413704,77.22212349903793,103.88300072049861
297.4225114654449,185.45347257456658,77.22202370396309,107.17067277925258
288.0940143090753,167.4514018007303,77.04690475071106,106.55630312697392
279.896336826281,143.5852734800178,76.48048870494713,107.4961594082915
272.6176316245329,130.86379325477253,75.05363282731543,107.49910025123813
268.57491830525043,126.58624043478324,74.98146573876848,107.0221815076718
264.45255187856264,123.37053908000996,73.78324452872855,105.6552939645328
263.5073617329314,124.20599335971778,72.67747408795069,102.50332275443662
260.2438235427157,127.6122457932636,72.75945016091745,99.42473583892885
257.7699592113952,138.67699738533736,72.09010957917374,97.8657244455528
257.812652565839,153.16678319326277,71.08011308997453,96.40138491588363
257.6279738284678,171.16592248719545,71.86203055083135,94.64213907337962
253.42805411829627,183.25148197197063,72.61375862779066,96.06332051886827
252.99870913639097,186.74631151977536,70.79229808272068,99.11608753257278
250.73855144310076,179.41677361171435,70.51320169561944,99.80644672729588
245.82935773377153,171.82794210838392,70.39212073048887,96.5689409717497
241.28232624601847,170.71386572461566,70.02868134088266,93.39172111965735
240.4083004059488,177.9510783085361,69.64407859253996,88.03894187924566
237.9016708704657,184.60609369669805,70.08677339348665,83.67744606843692
236.9415015157485,189.94985382685252,69.10601313632249,81.57078213137015
237.1207652975333,201.81897526466426,69.59201013511174,78.71085041297322
235.07023900446154,205.46034205407193,69.68869632339761,75.76817563771624
230.58983475818863,200.2858619148064,69.14462391079206,75.48206225444312
229.68288039331446,203.39583696867885,67.43870384415366,74.16608286508202
236.90078576431128,206.38468561468622,66.20808662175234,73.25817689005333
240.15955126411745,207.47730483230413,64.48600821689706,72.65721083946107
240.69040228574775,199.79743161194938,62.59135093243315,73.36649989796841
240.7191728950451,192.3637920014682,62.51226705294645,73.33106057492444
175.14858068239735,187.95075838913795,61.992501771210684,73.52520317037354
174.99386349355143,185.87486218059837,60.80572116305508,74.07553465376736
178.93267644118433,170.00048320897898,60.28491775848143,78.71713775081476
177.31803300375313,166.637515586311,57.826068055737586,84.38667698861286
147.6977041324657,217.58379214772617,58.507968016330054,81.35278933209108
98.80226032390435,223.1832735879438,58.63492283315977,78.97883579766415
98.22069919263052,227.01827384287895,58.721127566601304,78.43408276627893
88.48107625266557,239.38153402139997,57.490248477048766,76.83296104510117
97.00883781143435,239.01952046871196,55.92846639497266,75.47516670882682
102.7776066327609,223.64376846714578,56.14205885638451,72.35224673124625
95.74411646893181,217.6903826647635,55.01184699196503,73.00296631879891
103.60032581408943,211.83550084677287,52.796229677992564,75.12663509851797
110.28519145786233,213.5154164335284,52.03743837,75.87026566740806
116.57357732140211,212.5913681496846,50.354115472571294,78.43666430619015
108.83288579188375,222.81044394321935,49.390062053946885,79.02425620361774
107.26648318370454,215.80727200307257,51.09939558108108,75.67577411040055
128.82580005672042,214.75674677826063,52.12719661898486,74.82216342911924
132.14314025161735,224.44772241941433,52.271306226291834,74.70720280843295
141.19433619069082,215.46683181227775,52.73343804504427,74.23295268115336
139.386665179264,211.62686993921346,55.84151926848996,70.35994941007004
141.0190595605186,209.08381707697285,55.88484098152094,70.30509396435474
115.72960310215163,233.50167488815822,56.53598137628223,68.64176832611487
103.9249419626008,240.16571638403158,56.114147115466885,67.94576827351608
76.8596322270351,239.50328596936424,55.52847706633461,68.7477323361882
92.8132815385623,230.7435790115392,56.819290931073205,67.89950098816637
109.94297352563514,199.53994252993007,55.9283266041443,68.31304912838658
151.054255899476,219.56904556961916,55.94714064064223,68.93093710418421
175.20354630490414,224.1847475173724,53.332767746045775,70.69957993871924
161.88666051020522,218.84094052762595,54.464916181757104,68.22820115087816
152.41504105274927,213.064637814045,54.46085132469632,66.94810394132125
174.75895685030287,234.93981768666046,54.3932818755852,66.87338811698879
176.73124483296007,225.5925626469289,54.50143313271341,65.46862832950852
178.11900954414162,227.18580533298928,54.17274495027952,65.58736976021375
177.97808139830096,218.36530887923374,53.77437932671581,65.77090607897968
194.08037909781552,170.0852500158062,57.245893241651544,64.98943292448713
206.35938402782332,178.73078787585627,57.94651031950211,63.67776070017554
204.09307456960744,200.9647511582507,58.436982076357495,63.295142210337865
243.32272291698567,167.7293855992137,56.096520830819784,64.35059775468136
284.5761839890979,151.13314257787593,58.542578728099244,64.59264815892918
293.1113611815649,159.08187873562366,57.11577616964229,68.25597448845325
287.61989938611697,156.16353870025733,56.744607162576656,71.73381004052442
284.5629379001179,153.47782732847043,58.6033793395919,73.62415177518707
273.3848010066998,154.96522523586984,58.3189804427124,77.18245894958504
276.5934606611937,152.76215131034763,59.714903569179754,76.95284697015464
273.1859752526,150.90849249437846,62.689181389388565,77.84840298443243
270.7293707484519,152.7010121377612,64.31439005245454,81.71426091446381
263.7535111540237,155.16416911824513,64.07141567594223,84.36776424857044
265.96201337068237,142.829789607122,65.08446256937665,83.94636290094363
260.8812885233909,139.89048082438177,66.16052598771452,84.11771604305372
260.28315169431147,138.08626027069167,65.20250134036193,85.30638118760436
247.72160001469848,137.5728987282605,64.96407630298143,84.9775798517285
234.1078737474899,139.30811477112172,67.72475103588494,82.43434873903992
229.05805918277292,141.62517540397886,69.26349568961083,84.09191353137012
233.8495196702064,154.44366789300574,69.33204489907006,85.29423252365322
232.68009641580227,149.9930700606027,67.26440537348503,87.65628224195666
214.7270440656951,147.2710767354262,67.71278073409972,88.47766261484384
216.42423259451434,137.05816959674175,68.24468846650035,88.19392031262286
210.97574095649216,150.7437957734541,68.78457030211503,90.60446727560438
212.10742160803412,138.2816942524947,69.60674071060946,90.84963894545292
211.29784857454555,138.9340901913153,70.49917830581154,93.3568208780076
209.56233707445602,148.199549581317,72.37268047774351,94.40160667258921
206.93924723460813,146.2239165115975,73.8837253174277,94.2005724542096
209.40810534490097,150.26525059620246,74.38732331727051,96.21157322268279
210.8558942540514,149.32012641099624,74.53730776627312,102.26014392738477
220.3380952844451,149.47972634561137,74.82927815726794,106.7350858275637
222.23572359864502,150.10403190324132,77.38753381600799,106.07322504084456
232.55020051061578,152.19639316627706,77.70720555664167,106.2573212746913
239.26996676963645,147.72631142610163,78.80566360866868,103.34293057871164
246.42963826812044,159.39393702868165,79.18744003461329,104.52832642250176
256.2951931782773,157.4724052139714,79.8684872730154,102.14941710957001
265.70523576889997,156.38333390469455,81.5472882001685,97.50018670032213
266.6567771114572,165.4153201364425,81.35656220164621,98.60265329322279
268.3518140188503,166.3069864379309,81.39786102937703,99.43689442834406
270.9930198339792,172.81642880996213,82.46229121125302,99.72667114515812
273.5509912596201,177.0559943893984,82.37779720106619,104.48251675477923
276.9653129867444,180.41456710133434,82.44180625841429,105.57895327441929
280.9186504117426,176.87449696969293,83.11977095767331,101.70575586832958
278.5233708802982,180.5898464835112,85.0859491459282,99.22689438036586
289.7122055044249,174.81388550355086,85.41846399496485,97.11803066523771
308.77620472958597,170.51747766998608,87.55441970724037,91.4010986364444
299.09963776389185,181.11499018772386,85.52368446748605,90.52214225026087
299.81862478084116,182.38662052275998,84.69396456824244,87.83529904241834
300.392432974883,178.20811975282518,84.44616397796462,86.32560517823522
298.1577986945413,176.93000431119137,86.75535568203472,82.16231167795792
242.87542646542323,112.53754827418146,77.47689182728267,95.75143060012226
177.84357418161377,166.93665623827277,78.89106026208907,99.58252527984979
179.35272703745497,160.31663541372208,79.85618732018206,97.63973802575295
180.312775698853,172.48762342921478,79.6108460474959,103.42568405287302
178.63531274615616,169.97983322847563,83.46185428860008,105.322047535406
183.9626961703928,158.86799018662887,83.01774837457504,107.46202008760538
194.04124441462184,151.07259000198772,78.92457095349977,110.49987531986375
198.560773167617,146.86108795938281,74.86175551293917,110.06271094804234
199.44431333067695,144.13041840727104,72.73630899543207,106.57433729896997
193.53331662919035,155.28389617447436,73.63184976168651,104.59355745426055
184.85154482323856,168.5632961848857,76.04320202074587,108.04611187984904
186.6430103977625,169.872149568751,77.99218939739376,112.7620289982268
190.02906677648852,158.28271080867762,77.80347355156285,114.78927230206503
190.77471593028912,145.15197217405958,77.20725086318234,117.15989950416241
197.39684886112764,144.07672627885086,73.33970447629778,118.98152391872918
205.13268899750554,144.91619760085115,71.60256991124464,116.65755703471166
205.7751634856038,147.33043100472008,70.62443599304106,113.62683903106621
204.75643181088648,160.76667938793395,67.74979568952158,110.98482818077618
203.9112393990398,172.86277472231964,69.09381702835552,107.69039981058877
207.1452491308928,179.10528217776368,70.17190199580183,108.46241824778417
202.09542659122775,171.46169437768174,69.98138689599377,108.37869560118294
325.38278320655866,143.50811692702462,74.17542671708974,106.74376294756553
322.88211176693454,169.5603347275194,78.21686170697184,98.84756022621463
324.9854402460824,166.6493621019317,77.83792968230034,99.61612260385488
321.75584846212337,179.5754170009706,79.44527752252684,97.07634305174878
319.19790907440927,179.74336053015,78.39062502506685,101.14727056858526
310.61587505453673,170.39509706163855,78.48354896080795,100.51616078685815
305.5048394483051,160.2778261443049,76.13084924584197,100.33959078986045
302.208489509706,152.61164037505193,75.64063906215772,95.21541935961635
296.65403680894843,151.10274492598097,74.34847577623387,93.43158977435988
293.16442985042335,155.77168600302593,73.37275223524567,90.00065952456683
292.4499099742772,162.05537062570897,71.98018535149062,87.00138930111237
290.0754712051547,166.04943713331141,71.21600279680955,84.35312673878829
288.912078409109,178.13059087759763,70.60571015136753,82.37225960360945
290.0843274773594,190.89770024543157,68.74310436220237,84.0598102008273
290.620278826234,195.23033022081967,68.10244404101915,85.3796281080223
293.62224405361,188.59101190041244,67.47271917556156,84.9821258709681
293.3309233010526,182.35534286244263,67.72200060472574,82.4965814701011
291.9458309343725,177.31976822324708,68.51473961645966,80.10841735585302
295.7380394098599,172.18097714186553,67.76461698463778,77.85068305133098
295.01452875815346,171.7834085993505,66.1445935530958,76.51171206980216
294.7708568368596,176.04839239600813,64.8583990446246,76.72612924211197
295.8330285968568,183.18365726986238,63.955846672815824,77.7252556757389
297.182822985002,191.21947085497482,62.47557735930162,79.8989650381068
296.06493320517325,193.30894952147557,61.38389472260904,79.80099277438018
296.22819560415263,184.946271152703,61.22190826343066,79.57247873860993
292.0672221325864,173.71279726616984,60.87703372676583,77.99816483870259
288.1809560515242,164.24937152157418,60.48144073630229,75.42076103309412
285.5406881625105,163.12537093087434,59.59270790623641,72.87667799742226
284.79709554676725,163.5194858744829,58.826540734082144,70.78070587216037
284.53691837147295,165.98131875179172,57.90995477228519,69.73253888921023
285.7407273179511,171.52099157146392,57.74901403959202,67.96518398778082
287.4476293455291,180.23254298428293,56.81157531227109,66.77435044925222
288.82876796234507,185.80877450485207,55.87891331396776,68.27047844967886
287.3350524907898,186.298221372777,56.755671783170946,68.60904882706448
286.8966432057484,171.57913433408171,58.04806380119642,67.3480060618037
287.4061515839397,176.20059924125738,59.096653255522455,65.01244300007686
288.18501825199075,184.0678101295138,60.266879075456714,63.93984068157185
289.3647366965857,189.36622753096768,60.771770332247684,65.96838162634475
290.92271949487565,185.77074840930976,61.646917444713125,64.77805229489252
291.90707519963314,176.42963225860052,60.318548389972634,64.09414232336177
292.5736217721354,168.06947141781941,59.238987297008165,63.16824856608122
293.42367027056537,158.98859569967135,57.29301476275283,62.2843323540619
296.9086387572725,150.5257788698741,56.15392648318616,61.22962696336347
299.82400661686563,147.36529606096417,54.480454996635444,59.3566791214055
301.11215003982915,146.67484872974185,52.10932478992673,58.58818451688233
301.683403498655,149.59667181268446,50.45196749423851,57.412894769606766
302.0504116423032,153.7098114284508,49.43583613493021,56.21428449101598
300.662390216268,158.59794379235953,50.661209793732745,54.84810162660183
300.5468360133548,157.2442256062612,51.217503409071895,53.93840247404869
300.0915039938757,150.07628895629463,51.28048705814898,52.61534881017568
301.22778078003427,140.9340719984824,49.648964631881285,52.63582665585383
307.69365072380015,135.29872206579253,46.81041589120012,52.81998725273998
311.3987250503337,130.52955693425213,45.812614078037804,52.62783350703172
307.67623578291483,129.3167652956215,44.154284888876525,52.42006426621131
307.73643132402094,129.77102527225367,42.74473939630212,51.64595329355494
306.36941047054273,132.6517478415654,42.46715176022563,50.06190922075788
304.9618927375536,135.4151222692529,42.840584280876115,49.7637870934408
302.49988105678597,140.24623302276794,42.65185472798266,50.05358527787797
297.82382442479076,142.25897698527243,42.18788408389203,49.87780304897493
297.5389241334566,137.1612639525512,41.42306419079133,50.300343791846615
294.90682053830886,130.67413601720136,41.165785575575384,50.19648706031237
296.2676509564233,127.58916522102999,40.7467475344514,50.563250819098
294.73506701902954,126.16169497984771,40.654031765135,50.0082446213936
292.4302330770487,126.47865857608386,40.62757789921877,48.88508736238344
290.0435733175398,132.32226415001912,42.13138595697856,47.87498497916138
290.28704482220064,139.6006187880427,41.88090938523507,47.75070310942524
289.34679188292034,148.1159629714259,42.057779332780655,47.12255685691669
288.81605435595964,153.5895561763711,41.406535780706875,47.548088304387065
285.44201754239384,152.27993842739687,40.64469691699374,48.52051970802094
283.39361950311496,151.72510954363867,41.40158534937238,48.323906637753595
283.7514510547245,150.1363683522344,41.79595551985013,46.68984794008723
285.84324131094087,149.938803891695,41.31947992875836,45.27716488568696
287.6348939242989,150.7580663435972,41.24499809681764,44.29474043382882
289.5988723525824,153.01034823981064,41.355741344010404,43.99625946229425
291.30098622709187,156.70761281865765,41.82108241975956,43.98285432422304
292.7648431064887,160.58581155388927,41.59057706550695,44.29626009167479
292.3686663252742,162.9530460049695,41.11933361636976,45.093612440429894
293.2679342313594,161.22686707379495,40.20043284019107,46.08013091679265
293.85536068482793,154.69426958043243,40.112536195842516,45.62896943531703
294.3260286634437,148.6621462195004,39.79105307951141,44.66773588679528
293.8272731549786,145.58121898366323,39.52023614501026,45.05169633838912
294.1051586064154,143.51825163947638,40.09804342340352,44.43353999282727
292.9847772994388,142.9832310779073,39.978701238086074,43.994922945265344
293.4555482264436,146.44517165446985,39.89314866143926,44.82537385772254
296.1617795461655,148.11668657502202,39.16636402721399,45.409957036561444
300.3260191078914,148.05658593342488,38.51173353275997,46.49980054168334
299.6688827250896,147.02779025280995,38.08970141917507,46.84728040408047
300.4169637086045,140.91854442119484,38.05971310097946,46.77058888554802
300.9744701028105,134.89146962137838,38.221782040549,46.27569387611111
302.468220309748,130.86923043614462,38.40622910592205,46.4491943680081
304.50670750186663,129.9593625249672,39.25667772202051,45.95172285393714
305.80174675611477,131.54674634153972,40.20316809360548,46.25645932922106
307.9945506478314,134.80096856704552,40.24458467464363,47.03584046262109
309.30519469557026,139.6570933999433,40.384561857028416,46.38958696686946
311.07291160209024,142.23816965403864,39.629383361676446,48.904385390227844
310.57008073322595,140.7047197536018,39.396324443963714,49.849926796478684
310.21563730006335,133.76099811989437,38.630797796151704,50.70411353313187
308.62514493594597,129.52884334853613,39.64552037457565,50.28603305357053
308.21679017980875,125.09584266046792,40.34858303686015,50.034942297138564
311.66878928369044,122.45454920370577,39.916362268214215,50.06671906433111
313.765198267184,122.86371361564537,39.211318673327895,49.536537242910484
314.1810979927007,126.60096347543788,38.72862422279046,49.672071512278066
308.43795971839756,136.09052334150817,40.010408202427016,49.239252668199015
305.81789626880493,137.10776109524178,42.2736512133677,49.38077370270872
306.6067990788868,146.60865199695894,43.484888304461826,50.501685914777354
308.8371945247753,148.07834521957994,43.48070856914846,51.43961284500833
309.52403203079797,143.0686967050366,44.253581113026556,51.11072910322105
310.9857869884536,131.53417991092596,43.80057309743461,52.74467358011418
314.96600629235263,126.4059599876232,43.67505441914096,52.193023216758746
316.4151303307892,126.73798330574827,43.37158249583223,51.54530255907085
313.7849285805903,127.28341640773534,44.02238974378858,50.86188974307239
313.77188860565536,130.9448775492537,44.575364918706555,50.124069064497334
313.169620359129,135.39072700685307,44.51804759763427,49.88672519843195
317.6912795863211,138.84122710188,43.07573088275198,50.16512163771155
315.0436972179781,139.34715710749026,42.69208168511177,50.20902320218987
315.8017940341156,132.2312573390496,42.224412790194954,50.75390734142717
315.1471051050664,125.45238582742434,42.37521261007772,49.839476673881805
317.6832245360175,116.97453962357298,41.454173565832846,49.37900086869388
315.54973921735456,117.03668583057298,40.962288383456716,48.395782456482976
315.1962961493697,115.85862402904763,40.164747801668184,48.44361963108214
314.7222587304341,116.70220196350641,39.31768499572533,48.53050076568171
312.60098130369556,121.01999150693239,38.67668062221269,47.69458188467083
310.74156602125953,127.50249535514249,37.53643945551728,48.44745920564564
308.51153550789655,133.915193655169,37.22445105521085,48.658815306398296
307.1821393570563,133.44118476304916,36.982882534213715,48.94705819115525
307.7164427217444,128.36244923736143,36.65645770200087,48.912703375831484
306.2615410086974,123.28953411168602,36.61158926835365,48.770126301437664
302.3962529235079,120.31511921147961,37.62464138706639,48.48023377747916
302.76116791744244,115.16378166466035,38.388041622852995,47.99856038326367
303.66335047393784,117.42546178784977,38.41542523384596,47.76868720887581
304.28558362296667,121.23597199931335,38.83097904877971,46.3794058301381
303.75118467277713,127.93746927211312,38.90351982282741,45.758733214470205
302.6768646286465,137.0567811047925,39.28202152817693,44.06353224808606
303.19921051057185,142.4643190013814,40.05902890678242,45.031285739576205
302.661048767983,143.93965547487684,40.8503561804313,47.610056533430054
303.3003946227354,137.31822943896267,41.66660584856626,48.44007443777794
305.7180506897561,129.1583716892301,41.07296623039399,49.39119004558048
307.57473952306384,124.54567561302386,41.041988790371555,49.155060095637005
309.8845740394422,124.49522391988276,40.39357219902105,49.47256856407346
311.5646013536123,125.59996807254551,40.14285728473108,49.71436013736431
312.6287307033033,129.26894323983024,40.747422672492064,49.087954316497246
315.976728883558,134.46491399609226,40.10833062793124,49.7308390826597
317.53379139018404,134.8986928524378,39.36726870214251,51.56223428325296
317.02782594923127,134.48497182269716,39.85437246135969,51.89442909789929
317.4987373083718,132.611218666942,40.063273796461516,52.01994878183092
316.9711135684919,132.77489985375962,40.513524833426544,51.027169750271014
317.8998193317815,135.11932461581128,41.09348575290761,49.385862321352036
315.60857618707513,135.58420906780484,40.52730947518162,48.90237935062105
320.5158108515318,137.47419215395072,40.50041205331174,48.528663893585005
321.0436228453049,138.68480791584113,40.515193072174135,48.501379017448265
321.7293407042609,139.25207445883626,40.546659599783744,48.39250310842941
381.35937480236834,99.36504270867981,37.9403694797407,50.14991164048062
383.7717199924388,102.49877560342145,37.623841121236794,51.10289863648926
382.83580120217255,118.23816745410176,37.333174982439516,52.13718027326341
382.6552380385178,119.82125891010894,36.949593308135405,54.21896508128081
382.4200552480553,112.03807284066531,36.17517107682742,55.915074120497664
382.60108254757216,103.16088441660104,35.91516138798613,57.393749445799045
381.8588854446255,96.66921735803179,35.907075554282834,58.54502465638236
380.04495184121714,94.98919826129965,37.448163405096835,60.03885024341658
378.8172524326432,93.42252694921689,38.08735958171126,61.46718614894655
377.2943821250941,95.76756924579584,38.58692972371066,61.82076791855111
376.80060114065077,99.86086331727299,37.87186069589326,62.70389527547475
375.81621495902084,104.38667796575568,37.368289614328894,61.84063859050886
374.41120683753496,111.20543963295046,37.00618790876859,60.16838339119012
374.01527234754764,112.8086276590978,37.35045273916318,58.94070666541063
374.9052365419722,109.94507126461001,37.49825872531407,58.184420540049054
374.4009117094017,103.67360674579471,37.00437388174983,57.969127951397894
373.62801317364585,101.17970750014106,36.45365887402272,59.240614749513675
369.48804258300055,95.12651536473977,38.07313386116046,58.73426613304817
368.27482407490385,96.78913773255238,37.42160704831337,59.31800105173512
368.00929549982357,98.45417387801686,37.64009934862044,58.16186298207384
367.8569661379851,102.05729979830068,37.64183627049177,56.3178452571068
366.60469721480257,107.57265831335273,39.408097575623906,53.25368620658642
364.96611248009606,109.36078256174824,41.215707375542266,51.50709335707324
365.04218720974075,108.03790060790686,42.162074976532764,51.65334745335464
367.77195531808644,107.86317256492393,42.0335333658594,51.88803097365764
371.80998004045694,108.37006813754536,40.7379714585024,52.13533654434188
372.85994552222047,110.19001986017369,37.47115094667366,54.83268905382765
347.92917462030283,137.5253396137294,38.00098574977651,53.74831511068115
348.36035557389795,141.63314770752316,37.82691980301264,52.012865358335254
348.58150857796284,146.2575013359102,37.521605593760626,51.83171925115834
351.5990800544691,148.40774966580273,38.20377449987889,50.912185440036666
348.72002727620674,154.0321832397837,38.054646341346206,51.39941848891305
320.2863500720694,178.65223718713838,37.48303972056814,51.997960343959576
323.419365061399,182.69294656448372,35.8894421645469,54.13850261069222
325.0411465598329,187.95096174895056,35.378558057907426,55.3946928533308
321.44609727191647,192.92841600755074,34.335935305004895,56.80147008899913
323.16559463095575,198.56979053130675,34.14105737006842,56.985449251936316
