275.5,137.5,23,26
277.2274973164963,134.89050749469519,22.351827190127494,26.156885076985347
279.7585392403292,133.5501304322979,22.64077083117028,26.2096623074013
278.7068200588349,133.91530237766327,22.94822134969158,26.578850424841598
280.3188793608412,134.65174227808217,22.937583456662267,26.40794551662009
277.4503416872778,136.5306680504305,22.768094568101873,26.041156946853206
273.2822939165023,141.9556066589538,23.586056469363648,25.364686330758808
270.163890792372,148.3295442110445,24.53017005633876,24.53047890541041
268.85115019776975,150.51383803470117,24.102261219450718,24.91471985611949
269.0483735298874,154.28786330447426,23.613013173985117,24.64178432969588
272.32277266906493,153.39204470753728,22.82292098846446,24.746730000971557
275.70737953663087,151.49290098366282,22.339572083349744,24.800891367253826
278.106887799142,145.38106077148316,22.12884672654031,25.164067641222534
279.3934179084946,143.70147187546073,21.933417933692624,25.026017287668033
279.32379232372193,135.84835326128322,22.256767570468803,25.263854514497176
278.769161699175,121.9490524831263,22.430110965253505,25.58924478235887
278.0795736850024,107.8105113636212,22.55880061969741,26.119930002936417
276.4126830402228,90.83415102980118,22.98928567703307,26.410712956953418
275.39771871302173,87.39332915925948,23.327480255889007,26.315732209206256
274.5121473983739,76.30704536974186,23.725093927817753,26.646472395663388
278.1426283989602,68.1419549902325,23.843568419565003,26.906046922992644
279.0370312419886,60.041570936406444,23.830477011729354,27.27380817181907
280.28894589371714,55.08016308509892,23.41693896994522,28.027928424605026
281.06527136661555,52.468341732014125,23.192052296838206,27.698859643958208
281.3358755455357,52.047471459098325,22.923881283215266,27.77656734906104
282.311616992905,56.84200460210154,23.170920956225736,26.435879816716728
284.6595395580367,63.53192474405306,22.978915318760038,25.63579531589474
284.8316053450458,70.58535345487012,23.15895295136126,25.28794248715612
285.9365961657151,71.84688322340011,23.124771871927447,25.33484569004061
282.75816984304976,72.58310015742389,23.149125490005993,25.97518786302393
279.7056068630651,70.04343477955206,23.752414196404736,26.879290499871118
278.71245400069046,64.69868631753138,24.063472132724733,27.554130403343592
278.9438028407515,59.32039429866363,24.117557928478533,28.4025570924463
278.4667223986848,55.876026187112956,24.443536520627347,28.51810424770708
277.2669089977967,53.924495826786,24.56294972796693,28.53321764742288
274.92211444031204,51.655693094865484,24.972540540476505,28.804673590389882
276.10741743215164,48.040417599180955,24.95641935332138,28.835599089662985
278.0623267867717,46.34622531370645,24.846124712913735,28.31887902346601
278.56968004176275,45.75209970712757,24.355347083623112,28.301698656080248
276.7352924352963,44.509375903906104,24.709560929521118,28.279480389949324
273.43677365394717,41.772879687821025,25.25344831521737,29.010857049872172
268.78029404561437,35.071650728581645,26.338371605064133,29.464804798368014
265.2973394144685,28.11978886662142,26.854540457504804,30.126356281077538
262.72285623280595,25.635842797400322,26.655441444548188,30.204337244745556
260.02787939906335,27.754612345106974,26.42389700412322,29.661423050150127
256.94148259560507,30.9541867908568,26.596901849900867,29.030391586476405
251.23227039390235,32.198544468647164,27.309035054575844,28.876262851226485
249.4378747880024,33.82391040048304,26.62048823842159,29.09551385002727
249.69729672019835,33.9526472501786,25.898144177692018,28.849556603403098
255.42739802087016,41.39024977232954,25.34571268688306,27.5798365215646
264.1452597363104,52.255038791130026,24.96106805238935,26.242350235062265
272.46221587857286,59.515784625638005,24.469560324138843,25.220227233648835
282.0801277870631,65.18686080935382,23.64640282795918,24.74871752826557
284.2062204023659,66.58856542903848,23.276682483065187,25.123671850526478
290.12086872175666,72.66901051126615,22.99671655564839,24.19695069241881
296.4610168536907,83.10272211560675,23.002107356904844,23.039854632175082
295.074695999258,95.5887227334162,23.135804439915827,22.332473223826703
285.6588832122531,102.76476940516257,23.371822256357177,22.500340283776342
282.9310846150779,103.49031563759155,23.33012502474317,23.17926915261284
275.44798037335863,101.54547839497833,24.16273708789369,24.705458063117
264.77339977905626,92.19140803709551,24.86336159436954,26.11767363850177
254.62667615545365,81.88470465679885,25.507120120871633,27.489999161302144
250.5206325462832,78.06519633848971,26.363207869455422,28.96886193210619
247.26102289837985,74.84571132167353,26.9655813667697,29.322921096140167
243.53461834568333,72.66911247380051,27.45281286977628,29.472144068070286
241.25763038274098,72.29031089616329,27.503023689459795,29.18441419550506
240.30409782323215,71.84509303138994,27.35222008937648,29.227479777346694
241.19839786079186,69.11407524316259,27.07481746203386,29.025720836284304
240.657131804481,68.8327600769766,26.9450416446629,28.870888032936975
239.97670191887883,66.41234204685716,26.860378392261907,28.890286257482515
240.30505917411506,66.21598552786944,26.673224802981636,28.78827737615977
239.8285454269612,64.18733861043526,26.73086274040457,28.810762575316453
238.57917689818976,65.13512192824126,26.857173049671715,29.09765767829089
238.39374983856538,65.27881639099976,26.762440298011697,29.290340625246643
239.1346293199102,68.81509843400666,26.897246443621338,28.839667084124223
240.5094242885408,73.14301783657154,26.775656527340992,27.942680760836474
239.80779014121842,78.02543027026688,26.831341408861665,26.79032747395118
234.91659101316318,85.80054560689098,27.145441706598092,25.744867079633647
234.16754716538932,89.724838971322,26.97486673487135,25.46793085583753
229.40888067109125,97.22369686189722,27.07846719478094,24.824387781291072
226.25138344958134,103.30484892590057,27.260283403700424,24.67932036287911
219.2372403493848,104.99948036719519,27.348799859220495,25.24479275937314
211.19336132661172,104.65063776547083,27.637272969769093,26.474631926864504
208.65186237229625,104.09418063025865,27.409622437085304,27.563895802536265
200.23603707713536,104.70215336423408,28.0164137897362,28.171679492033206
191.83825086503214,104.89677668843186,28.552390342970988,28.881839443636117
188.17740232997087,102.56307298174843,28.72502573325343,29.824420759514553
187.5024579882557,97.87805426275072,28.74605556429725,30.96782798663353
187.19095810019712,96.19091096332838,28.340477059011825,31.034934419233693
188.1148489953976,95.43108909479376,27.942314084986627,30.655138583014974
188.7845269094077,98.80809708754265,27.998184854752395,30.10453083878918
191.201941592279,100.01844065210436,27.860331673854724,29.74529705210349
194.2423222597392,97.77994913708912,27.374110458105438,29.92083078327535
195.68458327156864,96.25157211150473,27.105068619001667,29.879612202989655
197.9065897367825,93.51935402120318,27.3236261651059,30.20810163295187
195.2226632469045,94.2211433934782,27.416438995173202,30.538188354710435
191.23675096222544,97.09902292711895,27.968492370073314,30.174909660811487
183.3508700820833,99.44903191315773,28.308485712999158,30.45608475437725
181.40104108363244,99.83726736786788,28.114177702668258,31.04398562153775
179.1771853120515,100.0423133137992,28.101325109325018,31.43764907263548
177.68697325625897,98.48407278150418,28.73017432314393,31.786375344058392
174.00719528717852,100.87613267658543,29.242899893262873,32.0664726445026
169.09830142516387,102.76533808708786,29.824720934858078,31.97202154601667
167.08100253203452,103.38435809071625,29.658769118608244,32.39985554312389
164.16491712354116,106.50847900914711,30.067943414598833,32.70942258229976
164.57317797875515,109.47872162505107,29.734731092331543,32.63582110522209
165.71112185522193,105.95685401073463,29.61844788880596,33.35493942482785
162.8672402903237,99.59345558068875,30.272707963029905,34.63195009870135
160.53159965940193,96.39301088085418,30.541795201741124,35.32455512031872
158.5499636152757,89.6859935566468,30.868554056808833,36.100780015315515
154.13663194648106,80.57745999231895,31.829028868244507,36.77564705547026
148.22704952031435,73.68654724496176,31.885400179623318,37.08600171735992
142.8847622490845,62.44172590666806,32.04414731424612,36.95081605532427
142.73836478678254,60.379099171894346,31.837953193230106,36.66628949938952
135.53827337213903,49.8276246571253,32.04119846148197,37.75922304125672
129.04258717580177,42.97345855817356,32.385755554168675,38.19010753865971
127.89099370334435,38.245367412323816,32.4838143061819,38.759531979712214
132.97126295137636,37.080678243668714,32.574398284788266,38.630343651373
133.25253541596615,37.77702430755758,32.78783782168458,38.55512588882965
136.0343000733806,36.258030200764054,33.040534035572755,38.61068126016207
137.1430000156048,39.23718397469204,33.389794316911086,38.1806358506728
139.97857437499746,44.86001699162458,33.22105457944902,37.068828497532806
146.4364377862205,55.14724761743571,33.2134603101035,36.05869639324941
148.36429952688854,57.76964063239892,33.04151583000337,36.28390872300318
152.610756057352,65.69110545685544,32.690938660800114,36.15238959655108
154.97058132320757,75.2278415574906,33.05659381985435,35.52909363429442
154.72488043004415,85.51958522626595,33.28851659011562,35.23712355443418
157.96715389206253,94.53759191377529,33.07166556985693,35.21121340512347
158.61158380405857,95.95467129924967,33.59065920617674,36.083534422001264
167.14355389691147,100.60016402096184,33.15989963875707,36.063135946045165
178.37690343448944,102.62873707883466,32.19603488366946,36.127659599586664
189.79277518473586,98.38613710096766,31.23545379772742,36.858897038536
197.75505377891147,94.73409479302506,31.30664226825072,37.614564086214386
198.46496067792023,92.2579230534559,32.057062911990364,38.219826857802666
205.87550686802663,86.97319288336675,32.032586132363505,39.40908013621339
209.2516651852274,77.47206973467209,32.11733757886404,39.96459868091718
210.0741005894115,65.73190757267275,32.09167820581388,40.7877345893885
206.50149192512026,49.78503861936349,33.253948661685186,41.58337564847283
203.58865583884736,45.25846092069682,34.012848373293494,41.39660280026174
196.87977467536862,37.45246926197248,34.158098264337845,42.15886134811814
194.14339638948425,29.807003975934315,34.830297222733826,43.14900017977699
190.84307022737477,18.4847933727728,35.32319245543054,43.125692962027756
188.06175097987511,11.045600743710033,35.86544711559098,43.31324036004587
186.7844650888934,6.801141856469847,35.141788230440156,43.231471794194206
185.49148825098632,0.35578481361989844,34.53271884640938,43.49587553138336
184.60031310098978,-1.554628216401774,34.806585736520844,43.276618183070994
185.7371156490708,3.4555298627357836,34.076335390038395,42.312420989944805
183.54144834492303,8.190686250434045,33.25570348374653,41.858783209970646
183.58756369696223,10.112115345949423,33.43682993260694,41.26386555925361
177.53307678234447,14.944892222825324,35.311176991822926,39.536369704976906
167.40694257459867,28.791432816945033,36.807824450893655,38.04891214344647
159.95535111141675,43.60261051940973,37.60539652978433,36.75882449974755
153.914443552792,57.155652566882935,37.69456161499037,36.713842318253285
150.93644849135922,63.21453100385918,37.91018098742872,36.4387892635757
142.7498798796613,73.82042597850517,37.905623127206326,36.18031695649564
137.85510614148876,78.64455313300729,38.49157639578776,36.498982546478196
133.68551755522796,79.76017656940301,38.291161779063756,38.04787178208519
132.097537127899,73.71211371080071,37.9243949249052,39.22023040944606
132.25053305973935,72.88653800351784,37.181472822023885,39.0359790968847
128.3813290490058,62.867295288487014,37.70680568251071,39.460981097991294
122.9044170665426,50.68036867079444,37.88107909506897,39.79896473498778
117.99549521709096,40.37101468280242,38.36526076089119,41.09113843973158
111.94097402180023,36.556740092593905,38.52013197074758,42.00829426382536
110.08554416031637,34.73302653731112,38.099830003956995,41.97165484034857
110.21643712372455,39.01297663562285,38.517174333316625,41.82548240404006
112.9372297737448,45.049987349134234,38.47136244407323,40.6106156782502
118.6344398365645,49.02906296563986,37.56490790223511,39.59026199162567
129.81897585395305,51.78973122729416,37.02459982925,38.851185886255294
132.0233441781565,52.04818546997781,36.80460677215174,38.902339765943076
142.76750144404934,52.92110387985174,35.940615131601334,38.56224249201737
149.8091914441678,52.2302011678014,34.99228304396212,38.67920624035968
159.21921851380208,48.21579804770947,34.425232978790234,38.683576483534274
163.07530332942156,39.24587542366058,34.1015101554126,38.448687616031464
163.09685722879973,37.877314615359815,34.22203059211555,38.24065075103509
161.94504057899596,31.364731433924145,34.43722108929395,38.35866970637469
159.3888138999769,28.0662604466945,34.39801019028249,38.210308050005125
160.5090287864806,31.0091943676261,33.742467683434114,37.44696208543074
163.152041515377,36.3697584528296,33.23225723571215,36.20536615684503
163.33580798212364,38.817939071584874,32.673896858023085,36.12108673314675
166.70138267861958,48.459528791801795,32.257588735478,34.74819896446583
171.06771545855827,59.220064188089445,32.49176105859625,33.33123126026943
173.84332696660525,73.06612443322058,32.16464149327742,32.02957555272201
178.19539990334385,80.64543919266532,31.282221941974257,31.63460741841503
181.37399665102313,82.49551643516875,30.792850140036148,31.90983144674437
183.87423744663363,84.21838023472893,30.567008632128143,32.19808450329419
183.54469807625955,84.4984905622413,31.046933617569078,32.86903223758982
182.8758333229112,85.64811988989914,31.140145321073618,33.4660588777606
182.81561330482438,84.78194050952645,31.290223211793624,33.73532149669077
183.35786837046433,84.91613574936255,31.248903321373703,33.94759637293936
183.08931334525414,85.826002903213,31.719924650637935,33.850990264815806
184.22505582633767,91.06003619239117,31.969357580926967,32.660428607418936
186.71450898829258,99.7318555291441,32.06582776763726,31.643871614210923
192.18278435773948,108.7598419671064,32.174494542781545,30.870878703496277
193.54563392409597,111.26795533540817,32.47786149588396,30.857550659977456
196.14161438416275,115.42883984229906,32.26010034763151,30.2864659075177
199.210611345724,119.08041844037325,32.231618276773396,29.766542353947436
203.2375459032339,123.92649751049903,32.54272509101389,29.203469754467367
203.5148845725477,128.28421277726852,32.722546730047426,28.78022595798891
203.79695537452992,128.84154228619448,32.66640764569052,28.51736809713467
201.75212034337426,132.20061084848263,32.60563176989148,28.4633187449278
199.20661803210467,136.01338686049365,32.71060676749168,28.365964486256082
196.3311549040022,138.38065871016718,32.598064376693436,28.84466236405745
193.447261378188,137.08732675681514,32.20558264475257,29.40868461197856
193.4140065895966,137.144024913144,31.70971470948036,29.38712493061896
192.5745511786607,135.13430920640155,31.196328311122024,30.223118996691703
192.5920363029543,133.67051788532342,30.883485470324047,32.013452169090925
193.2176228796599,133.0151364576335,30.566084404010063,33.594589859008245
193.55170667452657,130.66603495513465,30.43877287764261,34.86622530953208
193.80876689235623,129.48504429862788,30.666259929185003,35.757127034609184
195.22836240391072,125.85915832916334,30.61587462926635,36.75835728652659
197.8148843864451,118.52606131031771,30.63306866316,37.68960125860504
200.22469565495354,108.98015584595166,30.624501309553743,38.134464326619366
202.30397315434442,103.88639130689063,30.485039824260745,38.88580279957783
201.629691058357,104.09209678071556,30.178386487892393,38.93941700866436
202.81573564523117,103.69732932087301,30.368695986247943,38.98121756050202
204.43844692153547,105.9524428176235,30.298172296478093,38.693688301833795
208.46956780893498,107.57522529097226,30.962441523265973,37.97344674609698
211.18928368281553,107.99776102939677,30.706711290702614,38.036221243216474
211.29676949995812,107.83235407378245,30.69685238191375,37.91219315324536
214.4775192447408,105.82975582293925,30.4515623993369,38.27761509400344
219.3568629847346,101.01083987084911,30.31602383750117,38.52591109425306
224.53224200688163,95.7266331788432,30.603121322992223,38.337694534417224
227.56818304240232,88.96108290490544,31.27971146569599,38.0821367952444
227.23647831941634,88.6745785399925,31.79634360964119,37.86374103936778
228.37838805514258,81.22081117920041,32.095255385136994,36.86685490829079
228.91608368687503,76.89397227277264,32.726321498152174,35.95505534993052
226.99780627260319,77.10052268033584,33.44846282686368,34.776336985384724
226.0495185171805,80.0746399190237,33.4409362506882,33.87213126701169
225.71169383311323,80.33729765169937,33.159509546129854,32.7422041664522
224.40001753123727,84.10963749087834,33.416443072962224,31.957024991634324
222.01199935215297,89.06048240682858,33.78790360639331,31.204467888310475
220.17809613758425,94.03005297141455,33.8015032827536,30.537935516157606
219.30203085378255,96.57686058085686,33.087445181152304,31.012336826356233
218.92229579877267,97.00656965359883,32.43418459735493,31.190099462236745
220.85341124616963,97.77195346287454,31.623291898361778,31.48341922504823
224.42175697125268,94.95424311097587,31.024507094924243,32.237954804639024
230.2282906659166,86.50201343168007,30.4634445197443,33.824496339439115
236.8914158283321,76.7472105341007,30.166269817471928,35.68337772358713
238.40915984543733,73.74261637896153,30.350683344998494,35.34230196144724
241.86139060514105,66.0680005945504,30.467784401885037,35.755225623165
244.6657414659635,58.50648777654209,30.61920784045742,35.77397841677441
248.40727661605555,56.025006654991095,30.651547486714943,35.9594257253366
252.12838075346974,52.94707213763202,30.20100838989563,36.374409025496654
253.22439281019538,51.05866417939782,29.840886661202333,36.180065006967475
256.3590092091767,47.538920103878056,29.63382007722892,36.380079433641775
260.1957387169565,44.26533874340032,29.052116451836632,37.13881480169197
266.2810949855269,39.1435212081328,28.84276389241787,37.357684857578576
269.3780799176403,35.74702057019461,28.7296503514333,36.99309097583168
271.6321109134571,33.992640742272876,28.75640224072011,36.35179665370883
274.477310515068,32.01519244267561,28.896512700126536,35.94722240863456
275.9990733910409,32.18715523463512,28.84743155686907,35.59877327222701
276.54329986617523,33.91497649062058,28.753066183466586,35.026680927339825
275.8820512431085,38.79150608554043,28.886296151882462,34.602784335156365
275.62594717836686,40.03882804044586,28.538843298280057,34.61560316528998
274.61960639931385,46.39352218193196,28.75687752037994,33.385181595269444
272.948269190985,56.34908122242581,28.981206676417564,32.28384172778271
271.8653654943563,66.27384611534146,29.080062556384533,31.387734488338133
271.45966858290603,72.0504225452897,29.004867507806026,30.631111398339115
271.96286895752166,74.28046950556538,28.450092493142346,30.751498530186453
271.07551760933086,75.52068500744755,28.01618513169322,31.09563675173338
270.59636569187506,75.49271940676974,27.781389110228098,31.66474385783983
271.6771535616989,73.45880800467712,27.946358609075382,32.13946659107168
271.6900077414863,68.98878253908528,28.008094718833284,32.75172249356885
272.8327877844072,67.87124473449269,28.145502782176678,32.857308442490954
273.8940914745972,63.21807296192298,28.340308255037613,33.332487627584
272.8984870584564,59.07654251166592,28.615750180580882,33.84401933040525
273.3575136248003,55.336693250068336,28.774652962390498,33.835905334526934
273.66746315439656,52.4371564007058,28.850448707389553,33.74913718678592
272.8650824882065,52.09515455553679,28.615154216443557,33.76396686160196
274.79239120862536,50.191160500423535,28.86595593454135,33.85016155866623
275.23279227845524,46.60051312981645,28.949552536603775,34.121586152175325
277.723482864494,45.83749272450306,28.776055580834893,34.14725550665587
279.20234647865016,47.34279481185171,28.669182749342554,33.936141783771305
279.5959845114648,46.70206402258084,28.626885230809552,33.91367737125469
278.8669216146319,47.500152952103456,28.27961375236528,34.13442956782775
276.95631266386374,48.92606564871141,28.190423395463537,33.90203638553409
275.9149845641662,51.846624554000115,28.438722929247316,33.55528998914125
273.800138376883,55.62125274526345,28.834817882167638,33.12284106739949
273.62571476561544,56.170439313072734,28.65396685202479,32.9501799211837
271.8590637558884,60.50347507553485,28.923977750949632,32.50689148494354
268.59180912727254,64.20324531684577,29.31628987607092,32.30166214428948
264.1385884474508,66.39335587209489,29.4841638834195,32.60683245987767
255.35693415864986,66.34131875960284,29.694542392051588,32.89492087112484
254.65091298381003,67.14180121543721,29.39378352369839,32.5798892156054
248.83523542746366,67.04674680565577,30.39679886893509,32.89987101290188
238.97834767857128,68.06015284950428,31.297156932027463,32.76451850944101
232.75251446324503,68.44831295124018,32.40590115198661,32.98799606740948
226.6232303646108,67.79358098335419,33.04984437214322,33.413598103805555
223.4216402622539,66.80546501496718,32.54796571607824,33.779568838721055
217.7430318732722,67.68265616693577,32.86226714980337,33.66047286596063
209.940379250316,72.34615623507048,32.99940318337447,33.19933843708866
205.79697658768308,81.16220953665554,33.552632210880276,32.39249199627208
202.58482309097042,90.1328489096477,33.925297740072224,31.652182946332655
201.74233177037166,91.99655152848399,33.89717351061846,31.46907468856426
200.47022764062265,97.08986190218647,34.04950221155325,30.76406614666466
199.93069495800938,101.99490312368648,34.13581728972385,30.319149414113856
199.97457301933196,106.69952392077238,34.17444539554665,30.11966467113838
202.68767691857855,112.9068509357149,34.2289781442336,29.660013425982335
203.46249452741984,113.67896745812223,34.13598126273267,29.09439506908727
206.44243713921787,119.55021539446147,33.69961507829064,28.832786609433697
208.9946361863342,125.51612579551696,33.142620796466474,28.481913683299304
209.7507228462737,130.11066867351084,32.744952886781824,27.934929215153325
209.79645012480074,133.77009852893252,32.62684801643981,27.467833706427896
209.86852371827257,134.49963713171147,31.88920867918943,27.104570728927868
209.9196624039471,134.9461215734272,31.205906303453496,27.001094571822343
209.72986138679798,136.59306422574343,31.08979215337404,26.923442282250363
210.03344915402982,138.10558670363812,31.097588495054787,26.88023102282633
210.90719224291945,140.97266081762325,30.925292265357488,27.175140297602645
211.45715344776283,141.15316175697782,30.71784867933249,27.368033355931892
211.52670863633296,142.29365143529068,30.58327580728998,27.746120199562515
211.20884491438972,143.47444947655387,30.466209760289775,28.094378004594162
210.52913860362585,143.66393856093134,30.210267724644318,28.220144961609794
209.6647512485959,144.66563755132083,30.01620207787743,28.38490765778699
209.20859992140936,144.96044385791947,29.771086123585064,28.437824055362388
209.84055933314218,146.38259722309505,30.097065171136858,28.768054745284104
210.86298057436537,148.64080024411427,30.332584579483335,28.857354441313262
211.57386092715944,156.4131903920006,30.161987356561234,29.153287646517178
212.64411990562195,162.13531097651787,30.431483075325872,29.208805197880594
213.307936038461,163.23829777892598,30.639025894715505,29.32736267140299
213.9072152616378,166.1723706745802,30.70654067529066,29.48146371771049
214.54210098422763,169.10527591716811,30.871453029854653,29.458808139761246
217.73744519301863,168.316838670062,30.78364680679169,29.017168716050485
221.8505260425957,166.1152742035663,31.010209564424645,28.54422905697035
222.25502444463484,165.27991279392003,31.099278684990836,28.068023089031456
225.87399193023708,158.6536397524979,31.132161470439176,27.578653469055894
226.4960470499394,148.21232915163787,31.249113280900296,27.32774310034138
229.81923588841417,138.0201888091956,31.37795218338799,27.298455288521836
233.5480502844175,127.71867530640014,31.266151447716787,27.61098165324358
233.20499447450754,126.69758555961366,31.047028551869737,27.651044228252722
237.37189303599,120.2099729981047,30.857034071727085,27.947097789075794
240.6130452326684,112.23409651512232,31.054726645685935,28.45331318790189
241.9242408067699,104.817151789662,30.937055946930638,28.929360193449
245.66912699810922,96.7979945340383,30.981438933056918,30.038853140975704
245.90608878474353,95.12383059892838,31.113955069451656,30.150871482844707
249.35665193351326,89.29987800614462,30.769531862579935,31.20717815767003
255.25413845652915,84.79147372251697,30.197999940510538,32.035786727977104
260.6216274322248,79.65311818627112,30.072062249434254,32.53409261095466
263.7609009178424,73.61558143410376,29.920251442292084,32.822775810723925
264.47834687680216,71.42095867465818,30.234995101574377,32.828405359003526
265.840630994891,67.07814378681107,30.389297352609745,32.984158425713346
267.43706449713136,61.782800703569485,30.641972445220794,33.59754871664721
269.759609735583,58.11135218282746,30.50681305581137,34.00934395912003
271.44487180561333,55.96219660906513,30.510166679498816,34.071134339432774
272.1401369988669,56.09013729648194,30.55061006122598,34.02300394068481
270.8074727130812,56.76733862328578,31.189157073806896,33.862264168928334
270.60666028031875,59.623954575333485,31.534606234286365,33.51294198620744
271.87224945823726,63.579448507001516,31.74949468714987,33.17260517725371
275.66531803783846,66.45601041947134,31.73995903322705,33.0386477265206
276.4372678479955,67.850635396055,31.798520989374765,32.93512441596194
280.2259584907144,69.30148752836743,31.69932631129781,32.918235128982936
285.634684568343,70.23348218568626,31.415625643772458,32.96882782842913
293.62523176522416,69.97375605966707,31.390964546213752,33.04557695260648
298.0489997831625,70.9415223253969,31.27818974843525,33.074639500568814
298.40321900907975,70.65838808382826,31.798828874191756,33.292674820349326
303.16332447482364,72.02854346395078,31.492526138199562,33.166872927368075
310.689308967671,75.48522939986705,31.640512139077025,32.91086208611414
318.6581700257873,79.36246258038199,31.448641539568094,32.43193655378913
327.41314222969197,81.52752799839055,30.961777957564465,32.5743670771775
329.8496936543852,82.32938225490742,31.19226273558892,32.71991767840922
337.96292144906033,81.67052103604613,31.426622575926075,32.832941672719016
345.9283938213599,82.04871940803837,31.80044162527225,32.81398915070796
352.5947664509645,83.03025495570701,32.65226000284277,32.84839963991963
354.8626697621204,81.9799610580367,33.28406879419683,32.85131211177392
354.2448801066191,81.76516972070192,34.02045670181046,32.60428866776442
355.23615658894886,78.41489704809378,34.14291996868776,32.9254590320542
355.7045873038349,74.58747154661604,34.76905516481603,31.8455478432372
354.19450142417077,75.8601814102475,35.21718493577149,30.862818731628263
352.10639986616,79.19761440178486,35.00854470233615,30.243523350970555
351.6714914605815,79.35567863481216,34.902180662033714,29.679643887372606
353.0871813921657,80.84725946249894,35.140880363913496,29.24559860506118
353.0281533363552,86.56411561291728,35.38397565068732,29.34782075246671
358.1473073688217,92.6461800443828,35.296157392883146,29.1451081340425
362.7063434490877,106.42755735605107,35.515133762929835,28.73772803768349
363.52123570069256,102.30880440600123,35.380156860695166,29.705291654152816
353.8487320566975,96.10531975313464,30.558982584354172,34.3875304682478
367.60820011660667,103.47795169617672,28.348251115414715,36.83338672986871
