142.5,125.5,91,40
138.77559542565746,125.68594764816005,92.25971412839093,40.91134907509408
132.75953750334546,126.25980318176639,94.3409785325852,41.14489458823419
127.05945895098972,125.70769969860915,94.82089332772637,41.56163022438281
124.17241251338199,127.10775996958584,94.87798238061518,41.61972835232078
115.83990821971493,124.04635824772753,96.49973134728279,41.658453484117246
113.29120285056912,125.50355058579198,96.77470670654608,41.31906504097478
107.0787867684275,121.98479242749748,97.59798209287521,41.96774306639558
102.48552782422774,123.11151027226475,97.7487381480838,41.940085718154364
96.97190504316563,121.5619327180959,98.30786981097708,41.829617251281505
91.35529247271455,120.41926980903531,98.1319066813104,41.804330390874824
88.06064372814468,120.7019536226224,98.160457977518,41.419876659069246
80.51959515485927,118.78618465863138,98.75524280719429,41.809104969055056
78.49731341230115,119.44515250640559,98.55435388828832,42.002098858009816
70.90412668242416,117.45249051666528,99.13885013551787,42.144792927975054
67.33025303458524,117.69740249596012,98.9067537193427,41.9663369579718
60.363185571735634,115.91755272718741,99.5023809927592,42.16227769310327
56.52267338057194,116.79957407158507,99.16461226900749,41.72237304961893
50.49766468345831,116.13942709965136,99.23008777022937,41.5976836303348
45.45795289314164,115.82690056901403,99.51687161850188,41.5507049313937
39.846155444870014,114.78974489755576,99.93465749404903,41.6641532801162
34.61019138177272,114.54167636567028,100.25618545850045,41.665290696746666
27.985373133566114,115.62738372284232,100.08265663356357,41.37645268642786
19.183611625962875,113.52363513085709,100.78529120577689,41.239522761633694
16.742344440288875,115.17139583331418,99.48272645221644,41.353890339492324
11.738276627050425,115.30011426718364,98.61314029219432,41.45154924568872
9.050950191528074,116.73732139072882,97.44130821603443,41.62064472035434
5.149633160906227,118.10178993457076,95.77301885351103,41.73014948142534
3.4718381114896246,118.69590579331094,92.28587270814258,42.08896716713558
-0.8074249994202418,120.35314892735842,89.78631921041885,42.12944539374584
-4.048541515715286,122.05773120096848,86.8224005096105,41.961099585463096
-4.3652078026016525,123.82626450236037,83.37622668613592,41.301223811002664
-8.71810970199406,125.49574339005211,80.94368953490853,40.789252110066826
-10.553843577961686,126.7095247097144,78.05698267670584,39.756616376374275
-9.477500448873982,128.5534129164233,75.63950251589486,38.581226523396545
-8.16439139997874,127.71797868409664,70.20802232932874,40.33420884263694
-5.668819391491958,127.82304555062247,66.89868571115126,40.96888607226227
-5.381186269409248,127.81193090207731,64.28757156468787,41.26153776839665
-4.660423018382808,127.78543332053455,62.251529440972845,41.181322242652726
-3.525698187741419,128.01859821255292,60.811950420921605,40.97975801924299
-3.3735973210841905,127.09596027197618,59.67714222703586,40.886695263044466
-2.5685467900631593,126.85711617378823,59.459725624680075,40.623954058022655
-2.2634474256055412,125.72291549965654,59.74715383220054,40.620968782903475
-2.6923092579502352,125.42246314584996,60.397579232982494,40.36661317795941
-3.758466112715375,123.82931881313004,61.28440453728511,40.5309945138399
-2.3646202590591336,123.54575535323814,62.70216813316477,40.16952261246056
-2.214831145486855,122.1132231125204,64.73433171586518,40.4572984662715
-2.164573769873435,121.08198657124362,66.66938043357145,40.51020881803589
-0.8291404838859293,120.93176326298972,68.40770117849097,40.533233811075284
0.2759563777231051,118.39555486718385,70.3832665228083,40.793576418269296
0.3475251128726171,117.95120465836885,72.56714016090771,41.10481243417736
0.07269375271883405,115.9884697140489,74.47131342694587,41.39752346699755
0.23705727214005634,114.14481897292268,76.97838202904886,41.87961402510142
0.9546006041305759,111.66670698454524,78.92890117714057,42.817699116358256
2.088789248295072,109.97257788789416,80.77892207835626,43.2957226199479
6.608939661575143,108.31070780664673,81.70811321041428,44.56629830032606
9.078789164011098,105.20725811426695,82.87423676871376,45.78594831069598
14.062392151958846,102.89757987231054,83.63809368191738,46.79092371970338
18.162005915430747,102.61711999477686,83.95085384113081,47.72461029734729
19.754100765748042,101.49977857356473,84.87780105379578,47.772673142747024
24.43465186899997,100.00796324017658,86.2889261345844,47.87823154771299
28.36752500596039,99.4651023146918,87.58424114758984,48.206377767540886
34.46793220242051,98.63160114638993,88.23280152578775,48.24758378609044
38.272976425303455,98.6040823435901,89.21168994006825,48.1152953031424
43.03239266268521,98.28134121369891,89.66305895761431,48.09762504703655
49.05272941521501,99.24444682470279,89.8312468035679,48.20124666499461
53.8671435265761,98.9597294841137,90.12136961539161,48.378174955362795
57.135902941920975,100.1857699229188,90.25606672326998,48.47872736327506
58.45674820379047,102.84265098214905,89.50773848323766,48.89437636999766
58.99010067413765,103.85523973856164,88.69573926964367,48.99256926618432
59.716315095220715,104.7534181539524,88.01261190157193,48.85106601778499
61.32184518676272,106.43148841266984,86.76128329731482,48.8087880625297
63.27705702099135,107.73564689924612,85.50667594546218,48.792506859793384
64.28594012647015,108.80469208180077,84.91902638794696,48.81653969796167
65.79168865533109,110.50761589295593,83.83254632946976,48.7331033744032
66.58437090521907,111.9302300516534,83.07115542578984,48.88578722551105
66.42851118861111,112.75431318968803,82.76482982698137,49.079347371751645
66.04572899611057,113.42140984464977,82.35794438478824,49.23495439580491
66.69686933028206,113.68925447677825,81.34945188129932,49.22981781680875
67.60503504059196,113.97340618707581,80.46300847070455,49.35308700277719
68.10105769402446,115.4242157330601,80.15658084915754,49.37443939785391
68.93098952068787,116.53692306937168,79.67310748609103,49.41412091282228
69.8472594658873,116.89866263288252,78.9570108720975,49.879840756595286
70.69036470926905,118.56018956252812,78.95311597333145,50.11703312647583
70.01772455930103,118.82874256758674,78.23393671096585,50.26245495649606
69.98528729155521,119.76725954928338,77.83774988800565,50.14489860845926
69.5460686697063,120.54631583442944,77.35289086133297,50.123876697308674
69.28854668310609,120.56864539220484,77.20212746816225,50.23671270788604
69.19056828916881,122.08074719971899,77.59230117796236,50.00106614547006
69.62224571819246,122.7165569199863,77.09297888646245,49.85054283912123
65.8321585278902,125.07704115203808,81.54251729027558,45.95664026008466
63.53981501787291,127.7376493195042,85.08055401982097,43.11327483915388
62.23258061958772,129.6367366594169,86.28511762115514,41.622113194149065
62.43678443117174,132.2564516088075,87.89445740017827,40.25185110008584
62.395642097782854,131.89172565810864,87.10601762733506,40.23990788563122
62.22828850487018,133.10602304017468,87.24253796857309,39.67659792202863
62.584273009591016,133.2263614004836,86.92343184532183,39.80576986998607
64.53052803776856,134.61502159373663,87.36502537325629,39.53434652861553
66.53421125560195,135.2243574431948,87.47731693090617,39.74426643870031
69.47633292086495,135.7284760226957,87.60295509680961,39.850142133702434
71.88224443717951,136.7344898877053,87.56518229992878,39.90535702605873
73.6645922974342,137.68741895124697,87.355259385587,39.843157942287455
74.7165460347431,138.99259835742436,88.39234145297664,39.77258022353009
75.04270211438114,140.11435424161365,88.68402262370239,39.474879488400404
76.49587045041163,141.80705668055114,89.84595949595294,39.09580533905633
78.89202412570202,144.3327049984944,91.19527993391586,39.239587076125126
80.3553499535536,144.04753000803524,93.20843712373271,38.901294228578934
85.76911508530162,145.51038492673115,94.65721587360338,39.31358826501217
87.09590572948298,146.9410738575006,95.43363703618365,39.089113689453455
92.83627707042115,147.57758820781547,96.22124400182929,39.565095194092635
95.1952796230991,148.97859396852925,96.66849778090332,39.68035194887969
99.16375751192537,149.7028554515584,96.71479691276616,40.0529450726422
102.32283348541435,149.94104147565847,97.42015256085047,39.9461878043913
105.59621000575672,151.15128982886364,97.81720378423432,39.776377743488766
110.85171629361965,151.09570851488598,98.28906512513444,40.12140841903908
114.55407343570957,152.59575538731616,99.13094145527344,40.13029828623927
116.48691903166409,152.63372287756778,99.90161806121597,40.48783963458587
121.90375005190464,154.64504032527546,100.19175439109618,40.56863691766781
126.02192502304146,155.17343061298055,99.90633170636039,41.011493946017346
129.27199756619694,155.97771498940915,99.8819837964105,41.29361969217598
134.93883203166553,156.0949262920792,99.48559170568332,41.45308317616079
138.1849732186082,157.52525357398008,99.36042625989855,41.19788830245308
142.71171220584552,158.20922582291016,98.87006531270666,41.34736016258701
148.81391987454904,159.83568074552002,96.84665736055348,41.203003250106526
153.74441918826466,160.69149312933158,96.0835152547287,41.13740366330004
158.94132731769525,160.48203258013297,95.15078622273515,41.27976525981089
163.69190268697764,160.94958140835004,93.88208120102834,41.45730118930661
168.2568177778134,160.1917118282067,92.77473579871466,41.694086320510046
172.02143402388037,161.9287781180363,92.08536231536979,41.07606884361884
177.09601252480354,163.1444481244518,91.00798074992488,40.80505626532761
180.1315238594513,163.33803881725171,89.98826528201484,40.58589360822242
184.34263470333485,164.37806569620113,91.01889107502167,40.48272886456767
187.96234621660687,164.3051771071419,90.59632061805767,40.69333887907568
191.83797058295218,165.26635132187678,90.93867692687098,40.672795850454285
197.57471366457895,165.80706073170586,90.53331172003834,41.030376683658695
200.33191700429515,167.1613525182695,89.96358430085986,41.31530216471535
203.47495815940786,167.72541349234794,89.99978096707486,41.10961710954481
208.3936626966513,168.08440300563484,89.91555621113048,40.83345488976419
207.7457567939707,168.73650528562086,90.20524232793878,40.43757665759288
211.46525815580804,168.91379767917175,90.24856611183249,40.80010023936472
209.27602691344896,170.3120074847051,90.61051810994788,40.43082181787323
212.0156876544317,168.70129258945053,90.03610623873064,40.55454743624799
213.01841322929081,170.231628916507,90.46588009893064,41.18457269053653
212.18949770458994,170.2843939522482,91.10680119140035,41.35229427177171
214.53366203522793,170.70611913493684,91.87277960943955,41.62574578093664
213.89599430642187,171.56177959369785,92.47490832047347,41.359602537708184
215.2455091944677,172.1662851830073,92.5288320737397,41.413860664318484
216.26291855507822,173.7767431645718,91.86779729855593,40.82433217334215
215.13219654464936,174.50983704367212,91.55766853880453,40.48018647503988
215.483227094658,176.14321426656392,90.9853637553299,39.97579093314117
216.1175574697862,177.50157751133784,90.0274426116924,39.83813048172503
215.08028221310107,177.57876705043637,89.53430156050268,40.01998981757715
215.59040040369595,178.77410172080027,88.4216939018018,40.036146019299295
215.5142735255978,179.9653742012951,87.66637932246496,39.85021079379848
216.21605653569947,181.60103990570832,86.44423745809294,40.16714551923418
216.03666776824565,183.10552046537052,85.15118062429482,40.330472102470175
214.34693063735358,185.5661681726354,85.44761822493095,39.91532550309549
210.51828457183404,188.86091251982003,86.64018057005083,39.451345117136846
209.1853843295469,192.8284234014107,88.24285949738936,39.25987651557662
207.77969061867344,195.48720987731846,88.56300904033684,38.54749860923225
204.28341076854173,196.98176591727236,89.20966629766812,38.00092097604079
204.13505146970863,198.7502375868944,89.17909894991882,37.40231305549789
200.49363890998563,199.68343026100348,89.95146703048542,36.77260678442816
201.11444603687124,199.33908559232424,90.42410775203314,36.35202197284556
200.41125754802863,198.76813236879445,89.89933369727052,37.27754172916934
200.3820218286918,197.8999048988972,89.73488942692555,38.023222454696125
197.77920126152387,197.29354160942194,90.51514127140541,38.85037513986119
194.0089039448111,196.87902007136236,91.49251540388494,38.16159738086677
194.91415535771748,196.35919135242648,90.9523440800329,38.21784100324021
194.21022917043945,195.84522965622307,90.97623561150269,38.358584782533654
193.37559028258403,194.92038551107834,90.99023673106271,38.79598059235433
192.72758057036555,194.63873709729884,91.41979440165446,38.643701307642964
191.28897375744907,194.5705874412849,93.2622605461413,38.55406864740557
188.41055484213496,192.57375315016102,94.07194051696729,39.23384653408145
186.73591228106235,191.41118979723853,93.55591520858576,39.42699639704617
184.54896137801748,191.4159799377743,92.65138846014058,39.60054651436734
185.16647376345963,189.30401678876115,92.52537057097018,40.10793271420333
183.7866008160663,188.8412699928964,93.2908975202536,40.68229292957287
181.89855032589043,185.96917410941336,94.20226218201708,41.25965940204438
181.37370106794566,185.29653069547507,95.07727735056223,41.505195353494244
178.61935184398197,183.6171795021678,95.07739940536214,41.487745224697385
180.18431093447197,183.12874673290432,94.36560470803997,41.40371019426225
177.03697952247006,181.3576773650065,95.27067679183996,41.56250642555656
175.749500192494,179.50098828439494,94.89681033086616,41.888017612902715
175.00612247513698,179.2227769592909,94.4197794019785,41.902658360797545
173.3515689219156,177.81328341479542,93.95721259065087,42.156006907613246
172.64624619114352,176.07458460414517,93.7027748822579,42.47231320124647
172.10779638805084,175.50947995189563,93.76686068190945,42.246653331741975
171.29502756133746,174.00044436531684,93.72659931361537,42.644206535768106
171.32941846570088,173.16842563001924,93.50289382744404,42.405797855583565
170.07213837802402,171.84076144618868,92.70026788562552,42.45080875460152
169.49330378219113,170.93291839419788,92.25924930930883,42.59805165561069
167.59591434268646,169.5455852799674,92.71081987532988,42.71889164734678
165.03511122422427,169.5678668495417,93.08558706577598,42.62552504461999
166.26046515094384,168.33115284596235,91.99778841014412,42.39788584253489
164.35909376578218,167.52532454654866,92.06450107869134,41.9874336481036
163.9340144049658,167.70455181526356,92.14868021229236,41.572884523824584
161.35077802552502,165.8573928282988,92.11175903501672,41.34223783138755
160.5955434501098,164.9753748387298,92.63648001404077,41.38468364920197
158.83313310470157,163.43775783020214,92.4188502291645,41.89644158059447
157.70961504086026,163.15147192667658,91.7615055585073,41.783682579482914
154.1908933162824,161.47369166529052,91.65012240854189,42.1438629390623
150.42629186243954,159.89050455927344,93.11669132498619,41.994115096042734
149.6753688337683,158.548984223639,92.77833111687914,42.074064050545225
146.6435421701952,157.30278461058475,93.60544698751286,41.64820747068451
146.8034724889688,156.28292370017073,93.88551663637317,41.874404091622424
144.14141974523017,154.6835999026104,94.61702893079621,41.466541285970926
144.5401098311738,154.29478538391595,94.83115078642054,41.466787591922156
139.82403342953597,152.9560722115181,95.64890177237442,40.77014853754796
139.58907958031855,153.0913298511022,95.17970920530632,40.708426600493276
138.26255683165178,152.67723389691275,96.12645229823617,40.52147869068065
137.18093367456524,151.0619512797767,97.2431107875878,40.57916375222323
134.2538101453149,152.02527066641758,97.46059522706994,40.5053536008058
134.31663457999937,148.37083752402444,97.92366560647265,41.506618910555474
133.2185419808123,148.09610905811238,98.08588569406803,42.22587886571792
128.6633496880417,147.33256343390008,98.57600622626447,42.02907170334535
126.5867646599286,147.7660479583256,97.42046904524699,41.680215731181214
122.29811828150856,148.53221469139746,97.129489020715,41.2492859782638
120.69763838347276,146.10146219981783,98.06539840556223,41.091866725125435
120.4633675386476,145.7199168260896,98.55089912166844,41.18968964745528
119.20525380319816,145.02615663185512,98.2872720565108,41.63745620549132
121.28421986384225,144.09411648671184,97.0292081851158,42.44417548904112
121.86709361966352,143.91714408528816,95.5419430867652,42.87640592640619
120.94240223992705,143.1716294548045,94.0015536694956,43.523661524329505
121.84224048023827,142.1824483023651,92.40690052230343,44.056437386260924
120.82775059306167,142.58122923547552,91.42798005861954,43.441608832289276
123.24172989265604,142.57151755283047,89.48066125091944,43.31316812406445
120.02186805353796,142.64158884681723,90.03646330592562,42.559047030956336
117.10430932233274,142.18431494356432,90.5793349034679,42.73503553179428
114.16030870296974,139.88148562492879,92.48723622573576,43.114688138028946
109.59542340675817,140.28819655841048,94.66545490394381,43.14997156281363
106.18209168497897,141.4933046261314,95.64646481356667,42.55536118699247
104.60218930706328,140.9276740452787,96.32161824226486,42.27898248759094
101.99928241017645,139.86982005332518,97.64326722585785,42.14141746124411
100.39172084142876,139.6799874431512,97.4592073284564,42.144422990258285
99.90582698135715,139.83566830263305,97.70270723255194,42.39408915577789
95.57334989602721,140.42953018789552,97.79896633485245,42.28074757118897
93.43883493502699,141.6382141836225,97.94991993239002,42.543950658989175
89.44767314581532,141.67686079880517,97.72936169776402,42.60074484217322
89.80577631278209,142.157250886908,98.13724985006705,43.10598262746966
91.44566354621772,139.6494091778807,98.76548634282105,44.0342789605633
92.43398174134683,140.5694508800354,99.26024520669795,44.20633654555755
93.88035894329288,138.5779782095504,99.52500203708931,44.71408552498579
97.4609379060834,140.4332450464467,99.85972566897286,44.61965454665827
100.00498998761222,137.32878901699758,100.67037467211395,44.94035726259993
103.7619559844506,136.7361435676259,100.70278552816866,44.80359341757652
106.91274405384745,136.43908779543187,100.01258329074213,44.780484739014554
110.63954454378221,134.14062143693693,99.64647668419414,45.13459194788682
115.44086032187641,134.4527629993545,99.4593476762235,45.03748067325611
119.50346374636408,132.8594539821067,98.92446046073206,45.18991544397305
123.0521953568628,132.23395842823717,98.87117763295362,44.63752749287421
126.82995015256668,130.9249891786838,99.6786565135307,44.01775599289644
129.3668718443183,130.55347394926667,99.8600631071393,43.49670759621621
131.5217463325014,129.67846506787475,100.19927186011267,43.37725690845378
135.56595706489287,129.4467590739675,100.9384861604054,43.215148249696156
138.35466506249597,127.4023626501419,101.34023476557155,43.243735637752636
139.04565747342787,127.07503124573063,101.83117629811602,43.170224117771156
145.70691304874725,126.8199423289054,102.07811647956956,42.77673956786528
145.379235817316,127.58771299539268,102.42973023241203,42.73141830477596
151.10284632248658,125.42547818150558,102.96403082851609,42.949736828576754
153.55822355949243,125.6059271718515,102.91330652875979,42.912580432901166
156.78099787590742,124.3449938870218,102.49290056560756,43.36107773795791
161.62769486977473,122.5250444956219,102.63506070079774,43.91068406699184
163.48424763881835,121.93864738066698,102.00893669766839,43.82834836354445
170.0681835064219,120.21393991390013,101.66246369750769,44.190960337635985
170.65619729303637,121.50748470932376,100.99385845227403,43.58255183428265
173.76251451968255,119.98743705132325,100.69148181529636,43.8107033808287
173.3109975356063,121.55233317966616,100.79121099199837,43.479025423917065
174.301711284875,120.0301500083489,100.93635586399012,43.56904844761238
175.46761980930918,122.28310161898403,101.26016344318877,43.407298630577934
175.6665184393234,121.59932582859133,101.11064377283913,43.89785595915846
178.24091537021354,120.38113348099961,100.83121178850023,44.31303141438218
179.84378195199378,122.61940676904253,99.6967273946999,44.27729885654585
176.23864655374842,122.4704290902777,99.49854711086837,44.44233323362201
177.03716110414337,124.7405538828392,99.08010461228945,44.18348242169239
171.12106023244905,126.18361665946192,99.70201449319026,43.923076415718675
171.0152988663017,127.3115093635615,99.31985648608224,43.65117867994384
169.24774569975696,129.3585688773062,98.8249597483404,43.753355867511814
163.0569566062316,130.5080653960888,99.86798832143845,43.883607586645205
163.96009026965567,133.3716470643193,100.51944556581842,44.23797434433094
158.19262049132954,134.96444683986886,101.49099057596186,44.201975537479235
159.29713250893224,135.99813906535863,101.6068476175692,43.83380137264017
153.32358182634738,139.4381589783352,101.54151783802456,43.455443351343995
154.02852993071826,140.4312784408067,100.53994727163011,43.263339996927144
144.9136746200731,143.30266375047378,101.01251296494198,43.59589629714863
146.0825846469743,144.71752667851337,101.30679087065796,43.43105810777175
140.44384450635368,146.77997805944904,101.32585211503394,43.30079211996349
139.7938184533686,147.68137554295646,101.33596732086525,43.238489496851216
137.67725214980982,146.90335857795992,101.60291912659122,43.22653240854905
137.428766673522,148.30763631952556,101.04162594285248,43.08475262884791
135.43460778075786,147.58427299606123,100.93093993657166,43.24084237868949
134.9991024612815,146.28565384644176,100.73597753208267,43.43062165731379
130.45221333806637,144.8647283668542,101.18379592438691,43.577860828692934
128.40990203972427,144.0792850547393,101.27802822032035,43.48069477958283
128.19483699975933,143.97790222935487,101.25342215689963,43.479666710940805
123.02159548879115,141.24544814719746,102.08373563080136,43.38937429847341
122.18556211406722,141.1857306321603,101.77916382472247,43.663339153400685
119.21886524361119,138.0216765447779,102.60796714967994,43.578410981729924
115.60898761748423,136.86302872113848,102.4296678021719,43.76373073980282
116.75526750624087,135.05232735428666,102.35842722326703,44.37897106849246
110.9725446829157,134.09459852126074,102.39056960911415,44.57323661303856
111.42233470572214,131.4426001999046,102.39109605315963,45.492289293653656
109.21777305939362,130.14683257631003,102.32875804973511,45.69504132436637
106.96433665254328,128.67024479005238,101.81473204446607,45.75981157385311
107.32306654159656,126.83071726708853,101.49091513893146,45.77680707426382
104.08683022311641,127.18641699802174,101.79161958741521,45.741317071988306
103.10515285588127,126.29498164171974,101.4800581498579,45.786880951325074
102.4648404461342,126.3494100581616,101.24341204669119,45.78037683447006
103.20075645182513,126.87057386391719,100.93719738207294,45.85528023434957
104.17744497701091,127.80306376189097,100.50508643449223,45.76069667100699
105.13300653182878,128.54391019041836,100.49423545582266,45.56341166803243
104.97230135559315,127.9174916360933,100.70072899939073,45.34210789419048
105.98832178819873,128.21668331618383,100.7677014627318,45.47625316092821
106.96585905754944,128.87807849420037,100.76934715699394,45.39127961550305
107.17456378562446,128.88542768452743,100.62022208127986,45.0747270416383
108.9266901999473,129.25144549167408,101.47648198609362,44.92388827192279
112.83764100390412,128.24156685654472,101.76559951270147,44.95390850833751
114.77493665791303,128.17575704502738,101.5127425854057,44.745952006227256
118.6383668733149,128.20440482839518,101.53978840460198,44.64215125278484
122.03954092489752,127.93002422797849,101.34634466316157,44.51456203886529
124.11542234546278,128.0634401041228,101.53863795148662,44.178518259682576
128.2853688991117,126.34655064089048,102.29668052076353,43.832348474751946
130.17801576757333,126.83640879847596,102.50580659699636,43.346522385468276
133.251897995164,126.3528036883097,103.0753525704344,42.362082105503234
137.00454103353508,124.2804049939935,103.27362875336635,42.09033791775016
138.54083905345405,123.26965575660226,102.76179344999383,42.0853111335147
142.47439115959085,119.55873264762252,102.59907308781789,42.08081200311602
144.65688883198447,117.29796834848439,103.29178457591641,42.065541647382275
146.39832182860886,115.65763773922268,102.97601329015666,41.873504415817195
147.45568865915106,111.50200301726552,102.88804735978509,41.877117571584535
149.8184589075902,109.14322790831534,103.18479661586701,42.13051306917851
150.88010470475405,108.11148344301722,102.6381174940735,42.02859982577878
152.63116415884684,107.017044146443,101.52676616019825,41.98631706295494
153.47749713755212,107.51599923984377,100.81342174218969,41.75258682114546
155.2663101133324,107.89454537386649,100.01603298850509,41.91933453942433
156.55567317976454,109.67398056307181,99.18097863050505,41.888495510195824
158.06437791422934,110.60219075339057,98.28011078564464,41.88583406071827
159.09405739014971,111.60623612392135,97.56527276027941,41.645156935837115
159.94019409784246,112.11517981011855,97.17422596079969,41.642499265438566
160.28414802715628,113.10550698681845,96.9603057113201,41.76891202019304
160.13471070425527,113.41832475913995,96.65313320364922,41.94573076832428
162.794894820921,114.97493812469122,96.04883133079136,42.10554242452031
164.41234622738418,113.7025761769259,94.25445357279665,42.667792469800716
166.8202241578519,114.51616971524679,92.32572044554956,42.65603765557959
164.96398387384036,116.17834033838263,92.71267286873619,42.65936674507756
165.35376316113582,115.90839177875787,93.43889904413007,42.551034861374475
165.94281345007948,117.0485426191654,93.16620249751938,42.438109221971786
165.76777377053037,117.88643827803082,93.57566179933283,42.45555079818472
165.3521382533321,117.69105820924756,94.84492397600232,42.44336777164108
162.5516051968225,117.95648122971843,96.30304241522393,42.9967379677675
162.37017231513212,119.233337097849,97.00570010236602,43.2817949521332
164.39674521082048,119.2682975127653,96.98277243537896,43.607802147546266
166.1943840610712,118.63213011139027,97.01086180602925,43.528950197977
165.65110178145738,119.34936600999123,97.60445917689856,43.66071489674675
165.30830168056843,119.2395690133873,97.71446620517258,44.00162453314595
163.61021995168545,121.09848627648094,98.77033887810276,44.109503641449635
162.90296673384648,121.30361705040687,98.63374076818744,44.22250113729132
163.644297293188,120.96086479485535,99.01765202957029,44.520523780127284
163.45811641341146,122.1304557941435,99.717568104452,44.06298555367624
164.56065428918004,122.41715128015214,100.15260475296972,44.09223622375263
165.5411591461641,122.49726426263979,100.20695277177445,43.79081825469273
166.6969964784359,123.13476388822417,99.95333684593936,43.397729566039224
167.54912242937672,124.37688043521747,99.59687172822973,42.95397732417971
168.56580163001146,124.65380750671424,99.39352409871168,42.93811035378977
168.8247736374637,124.1320513859266,99.15690503664806,42.51796986537696
169.39704769869542,125.97307890669818,99.03886786808776,42.32632038337359
170.0643022974731,125.6003145072572,99.47977301818105,41.932945445187386
169.75796193010743,125.93000285265984,99.34821501866708,41.72836262483115
169.74883875024366,126.3079859022873,99.78412760502003,41.73869291229501
165.65900760051204,125.58624109028622,100.8824753407321,41.77591608541518
165.48276933604575,126.51908328017532,100.28264410894917,41.68761288735389
163.87450560579012,126.83716763126208,100.02362520944456,41.672889304561345
160.41230387404983,127.84088557605446,100.78983317731971,41.61946163660286
158.1185772751849,126.84159295533982,101.52891892242809,41.21465813939996
155.15411232067453,128.07366104058647,101.1848304713109,41.19490368277385
151.0633528646209,128.2387793690017,102.25880543810564,41.09236961378634
150.1272406525744,128.92979533236735,102.31606950167163,40.76320354990142
147.87408265561757,130.34663897381762,102.03285092679863,40.612414073168466
146.616652920545,128.43461395234834,102.8005934736116,40.70998792363265
144.44030056328288,129.2521704825018,102.80651884166974,40.91385506123218
142.19740460128673,129.72964718490476,103.37125044194678,40.510300172127586
141.23637195059553,130.82314427187538,102.7612553585789,40.33113947902133
140.73246284999078,130.76568721098374,101.4776228208815,40.07857224990586
140.33263762389424,130.6350234383131,100.26371393164393,39.80305643577671
138.23336018014408,130.70521262085396,99.5014014142065,39.63568023438839
136.19473453381244,129.4818071303546,99.26453432155486,39.176276501336744
135.05964249866423,131.02085245241233,98.47739851231935,38.63103731481716
131.32145357919782,130.71373295028667,98.64206170205176,38.560923503917266
125.74783950259663,129.9922236116865,99.34390678335471,38.38261168146853
123.42516351787144,130.75659795063686,99.87456749532831,38.96944690020477
121.24570271711404,130.35009327486136,100.8692312843431,39.55921104826078
118.63873431211404,131.5034221235639,101.12587839860336,40.09744871370971
116.17831906641932,129.83063207838111,101.6062644205409,40.270729180585874
113.42717034127311,130.98540610067712,101.65882384516803,40.10594055257407
108.15245719625783,130.79966111363066,102.35344132782555,40.398091089480246
107.75806495000049,131.0921598091913,102.30824454478174,40.4777613047128
105.82172648649694,131.60287119065083,101.91573325462576,40.564026730346555
102.51321524715269,130.56257379230948,101.78074586469245,40.21070448143601
101.77208825638154,131.58193517068048,101.60289294888062,40.22541895766516
96.60438988424924,132.6814764216632,101.9110556156916,40.1625387910574
94.81350920592519,131.3114043257846,102.17457561453637,40.37756415499479
92.03581309948896,131.8535922813357,101.53744196376135,40.732503562953866
86.89191998138052,131.45765194701733,101.89247749807393,40.711088390373575
87.36849224608406,132.3321117457275,102.12943471141129,41.12822184967011
84.53306554111458,132.29860246848375,101.59849683488176,40.90266593888283
83.3467892441019,132.32311141570312,101.51163351627895,40.750039674616815
79.7107308917459,132.53981914313425,101.43267600224095,40.71419375691733
78.03970887399348,132.19567080891443,101.49584873990948,40.70652430082234
74.07561086342781,132.9843074066317,100.91018882689775,40.759742958148145
71.6713783289035,132.6950887876128,100.68776819953523,40.724448394676095
70.05185166872677,133.46007481777323,100.27350096897013,40.937362281582686
65.67421435771732,133.10714035248287,100.59105624589625,41.03808349278019
64.9082708795089,132.69380585691943,100.81989578371872,40.99252517277273
61.988389338252134,133.390618625366,100.50317998439633,41.0415766569062
58.253431802761206,133.0157909160618,100.01522361830543,41.11940875274162
58.31671773617874,133.53723612588078,99.87683423005471,41.19500664487121
50.07009777730621,133.99001731723757,100.74540316543893,41.68818693793888
49.12561162060811,134.55433133856945,100.97343518933775,41.62137177293015
47.97940811032218,133.87287934244685,101.09851051435297,41.67339474653677
45.99253899514988,133.93054035437504,101.1379211423111,41.82108954263432
44.314423676096624,134.1950893536214,101.03875727396314,41.596600067987275
41.739029768211495,134.897386396971,101.21722739411572,41.706893552622866
37.70447871177777,133.27040094566914,101.55959296142044,41.44222512913103
36.98934503753483,134.25184669186766,101.3429287808612,41.81287812945554
32.192206893597245,134.14048556395207,102.14330648627788,41.75667827449074
33.34944605478904,133.83040826461905,102.33927852705347,41.651921064189224
29.91997656378969,133.7784848500169,102.18184292103948,41.36163539846707
29.095579639350092,134.34385226291363,101.61034491696762,41.13094668282682
26.663292072813945,134.42955698356843,101.57322909010949,41.11076569920645
25.416496163080822,134.83579167870698,101.22686534126214,40.82205477994148
21.645637749680347,134.62613161498808,101.3905485300626,40.809486297254686
20.138775803360332,133.0418362374327,101.39586029997619,40.91808211637605
17.58712405559914,132.55350291392804,101.50447433092948,41.04674489909706
15.774727868229562,130.62084205980727,101.07567116276093,41.12353721128146
15.308105231210696,131.05523730010862,100.56228142894038,41.33627849375556
11.56176720709545,130.598172348644,100.20815905721848,41.29700128790108
11.076808899323062,129.48207526508523,100.02531528629628,41.090676692430115
11.049299653009832,129.7811229362301,99.1772843099286,41.101968271069325
7.042738966064093,127.96392503709575,98.98612196952564,41.20178622281093
6.607787280623739,126.62225050206064,98.00090873464768,41.35410892950834
7.769281593078759,125.82848462828576,97.34022474955393,41.16478330095946
7.85726440246026,123.45805849833843,97.42925732834647,41.16134711633508
8.314720988596775,122.62516054958657,97.33980691461454,40.9161096218863
8.914525650961878,120.87933730068241,97.64239938546234,40.85278919311992
10.802652870976509,118.50419449170079,97.81797700147861,41.13052680311809
10.785396851834903,117.99233379915657,97.68034341977338,40.82175917453465
10.596499327428134,116.06671064802309,98.48071561130237,40.87708295902511
12.693299110829912,113.51670970717508,98.47076987598075,41.13216134447478
13.509721936135499,111.91799608067606,99.06596873525727,41.31700915640227
12.74420081625749,111.44914637070727,98.59282935155443,41.23153405203261
13.958335536807738,108.6497957833802,99.37231309191145,41.377136452730426
14.274836731077698,108.91926812544821,98.83253253171301,41.38866080946508
13.057088439158932,108.18834229446314,99.56884588991883,41.253536310432104
14.702020348661307,107.46131987313343,99.97793927573281,41.473946442779635
14.027649716089627,107.76845231037359,99.88808202727296,41.28252502456763
13.81188422652773,107.43820763109375,100.3365247570561,41.50108042340481
13.622778220765369,107.70216532485631,100.52251023945942,41.74267256323107
13.882664277278131,107.26809588960347,100.9524325214992,41.82695075029557
15.500075141062709,107.51089051187367,101.1638421591339,42.327216012247796
15.708915990620781,108.26003772290835,101.17368130137785,42.54641369375507
16.33810831569317,107.86892382077366,100.99000558983171,42.514588439400185
17.708409375713998,110.20551722506318,100.78785204194887,42.5993061603927
17.37172161847201,110.10591567565342,100.34116031762517,42.652625132787406
19.377167418282646,112.28252014216478,100.34470973134007,42.878353253445106
19.581438970916125,112.55417696520212,100.40091047868847,43.122113100374285
19.79359830151374,113.51972090141032,100.41059296524028,43.042261571341676
22.219890477085457,116.17606933832879,100.36249298146745,42.97470429635118
22.647001342110755,117.24286288628167,100.21317992041176,42.43438499886919
24.603067329975815,119.15951177490942,100.5802756782937,42.63893378686028
24.59102141358271,120.53584001461601,101.3882319496137,42.284423698362005
24.542652663067685,121.22046894150547,101.80046172302076,42.35302168431238
25.62510217541029,123.36407326420498,102.19577054211607,42.47979495343364
25.196977770029378,123.31488740616433,102.89411590513066,42.287510043290396
28.055159713271934,125.44065451114295,103.66637897558525,42.92935933629339
28.737353987395196,124.94018684497998,104.12437693055833,43.12798461908548
29.60044624121474,125.68235894391745,103.95636894040581,43.3578732236016
30.073088559486877,127.65530637428573,103.67321990490524,43.38745081312137
31.754481186112443,128.46066811134315,103.17239768533025,43.58832027552235
33.566023506322686,129.5210047332616,102.77547738588267,43.76050467862758
35.00222170968854,130.7487988835375,102.4700401218359,43.97407030683253
35.72595765245097,131.49382124978803,102.00675142856414,44.19791445792212
37.41660446323458,131.70794117599527,102.19451479475939,44.7097702089737
38.40820710614574,132.92304546686097,102.46254404033965,44.72538100514143
39.598966812168285,133.91659411115126,101.50283239425525,44.55620225560811
40.6027364801598,135.23281712402766,100.88965884577833,44.48016797301939
41.82946013897498,136.74938711339956,100.79921811994484,44.18733127224495
44.31132012815728,138.55632938156236,100.43863182001652,44.208438858569465
43.855519832877846,137.9656322966214,100.66410969510221,44.42049163116593
45.48117455226336,139.92304597609842,100.47590154798768,44.401385469340184
47.31964705264567,140.60551355644438,100.4124654869661,44.480524462548445
47.49370848486173,141.88154742856722,100.45751595951671,44.402202779627814
50.91467152857355,143.84095020570766,99.85558630535112,44.51381609818023
53.89771924677869,144.26639424210543,98.91429450739909,43.96243585195137
57.6103021597832,145.38219861731784,95.99532374974945,43.697438844499835
60.92284612179809,145.40644479671346,93.98319091910346,43.228794119547274
64.39410731745672,146.49049274849244,92.70450357646175,42.60031360867421
65.0932543725348,146.0540612026597,90.99733074649889,42.508594137893105
67.74211196679296,146.67628344390354,90.93400677044596,42.01730548292774
66.54924278575635,146.95379507629514,90.78917820174833,41.181626804278494
68.77273515335283,147.98884499751279,90.12582359923053,40.28607713750998
68.93620501304308,150.20521713514336,88.33461221523058,39.6062666028647
68.3159074004656,152.66237422518594,88.71010759306878,39.851815894764385
69.79726210005121,154.29640508182564,89.83464651924547,40.003484844784595
72.46463451571228,156.26827167356035,90.07377186996068,41.13582626153487
71.83854221967555,157.96580020326763,90.10777079881089,42.12106447876215
74.56901267298305,159.23117987577547,90.2688725481407,42.48758892624221
75.50434396501116,159.6290826426461,90.4707595456122,42.736962401938484
77.04697328650028,160.60332904968996,90.19633864830047,42.849728619146575
79.30935346564769,160.47578787560704,89.91578710271926,42.511410846577235
83.6942307090274,160.94237679918788,87.39070014601967,42.10979818877713
88.61815749185368,162.68240646973592,85.61646928391934,41.62869362063024
90.02780966304442,162.99346726268013,84.35585143636511,41.744641986276115
92.11245703083208,164.6467023817777,83.89313900860537,41.20163762942869
93.38124140887744,163.89951459506554,85.07652991590575,41.51134108561967
99.98816851940198,162.37505467888184,83.42141154232982,43.02248802408141
104.16368628644969,162.55724758234263,82.18791779824294,44.42356664224684
88.55502686545583,156.25435742327298,83.87195340658809,44.94244529565226
89.18073927457974,158.04231800291024,85.04228890900374,45.126355326487
94.27108585945712,159.777769687155,87.03754578960299,45.43019003134645
99.76704237290265,162.50437002669847,90.16050474147167,45.354745471033915
104.94880108550844,164.40509489415712,94.40964486325717,45.200956468385904
108.62519938176486,165.39590296634117,98.31105111345673,45.46807146033984
105.63407928230004,165.96056276760638,101.42435930364309,46.75401288800656
109.16682110733365,167.21853766227918,103.07860507709881,47.93977856802132
75.278727872323,159.1845060416411,101.47433653003026,49.039684994722265
76.78963671406459,161.51919453683624,99.38804551557251,49.772551618528766
88.69434333784818,164.42203195717133,102.88788977532953,49.08558443471897
90.10322951082411,167.2781022414271,104.36945672381128,49.77809932275041
89.12804185508332,169.0365720693007,106.56085374294685,50.474453696239024
90.58335882817478,171.459450676274,108.81263959275392,49.740117113701075
96.42558337753954,173.77347053538563,108.42427489801611,51.09715954498344
102.4972115901748,165.07579449501938,108.23481390579003,52.251386518904425
75.50997411555203,155.58905502059986,108.9065735535219,53.55191472311455
67.39658871624688,154.638250289455,99.20003479707847,62.90202338813258
81.38549763290885,152.73971317678303,92.22820031641568,69.06898830332635
89.9913047256057,144.33934224631287,95.51784498111962,65.91114061043366
98.04189148838624,145.48063608638134,96.13009041612983,63.82863043421635
107.89794617617567,147.6250595251742,97.44893921621016,60.78399701850648
117.39531641917253,139.97927790997258,96.92236698888343,59.22499529224474
117.17026223047455,142.23414708281743,96.88687668292215,58.15617038535203
108.56704684301219,144.674175648295,97.32718654720233,57.63313506302112
87.92322222087603,146.8906546277791,101.22179608810552,54.48485270219748
95.94340106341656,146.1961000421729,99.67432876099565,54.12455029046309
105.26698054063719,146.35064821301495,100.16099320132977,53.62992042521946
103.32905223789535,145.3858454752917,98.9179537992756,54.04471462327642
103.33667471591536,146.1197152237052,98.39373214531383,54.6455853177946
107.66730686017928,147.57157442888266,100.50031396426891,53.744264921508325
118.05473043897841,147.73605923201524,100.97560032107495,54.102739704109595
117.73326907691157,148.10335590062707,100.77735547604817,53.40654096331362
108.25968962324069,147.14369335833922,100.57284583480593,53.0938857240978
110.49754932513194,143.39323782561345,98.94519991353687,53.33247245635842
121.11015957140455,141.18500738315058,98.62761034140182,53.02356913306273
130.6563713748174,139.6307179780704,97.29861637629975,53.33328572436626
141.2615004996632,137.97675752707704,95.9942934140837,53.32897413199876
166.35901247043523,133.9410871916486,87.26206854480527,60.851482565135115
205.00426336164122,134.49372652798806,90.24337157196364,59.536085285769616
226.89366335671912,135.20376163544375,84.93700657936644,66.91659700292611
252.44337768948498,141.00998642890983,75.32312021119796,77.84103172385528
262.4574461037138,135.58004880369472,64.8299870448498,87.56026743075216
264.0422874311584,133.74350746340804,59.09948404885033,93.35923369057969
265.30447568488853,131.9960053719794,56.060586717434504,96.72141001033975
265.97087006396396,129.27194171405688,54.10255405707718,98.85215856680064
254.21035831398535,128.080515314533,54.498901806302,102.04068866057955
246.63094994329165,139.94440201972674,59.479488262044875,97.42958395136395
253.63613442753635,127.49733452772999,57.45763324008868,102.13846960674417
258.47841464761626,125.63093004944682,55.33583029199433,105.59826154427708
263.12095540635056,126.72127613602483,53.35779566478449,107.4472605904509
260.808782299553,126.20053334958966,53.71376552797675,108.75475272245475
267.22890940702007,123.2719374309704,51.34747314318173,110.08880937445159
264.31431226345643,124.53028870712197,51.701386191753116,110.08047436060058
260.95905855817983,120.97984700070022,53.105651613170565,109.01921311249438
258.24624218408536,125.43706835353515,54.20447114038177,108.34734891329424
264.2476438871648,122.6450047989894,52.409268327789704,108.18855610051074
262.45601774772274,120.22578143236952,51.39903477445959,108.00093033161428
262.984389132264,122.2699893994932,51.47746520693799,108.04809302972166
273.6423216039448,120.21012739789946,46.9846879558371,109.31287399587606
261.2073969424327,117.50835804026437,49.024808198661184,106.82756631374635
258.7832905861535,115.23711921099827,50.37668802738477,105.24935744121163
264.83730385988076,115.46180050240523,50.04889963148045,104.41617569555211
260.8618943752666,112.90189724085778,50.92140095849692,103.6989918622017
251.82149927330371,107.52493962553297,57.65158996613358,95.62865401057591
253.57903280614806,110.06347145558723,61.56122268377012,89.69206371625107
250.74762305418403,111.74708528826706,64.58777834034711,85.99499822201685
251.43108078253204,113.20026831772614,65.47884299191219,83.56050589351975
261.6293794641306,114.0378597809499,59.62308673131524,88.71091405441352
265.0827514928096,114.82200768655271,55.15102003639908,93.27818209361075
268.33117639968185,113.41410284184934,51.64348716296228,96.18766664391217
269.5713056777872,111.31817236445859,49.02322324173748,97.16015174992353
280.4884119777625,114.22395386860599,42.58894827148666,102.44199923357209
282.8776717660059,125.21886213305127,38.62795420101939,105.37418740438855
282.7114856434505,131.76103957738604,36.84925629003286,104.77586595535524
282.55126785076703,138.17936117360665,35.150399043978815,102.74074120316064
265.8569054339266,153.44933645505972,40.74830470956889,95.98180031432672
281.0194113864407,139.1505183919858,39.71515529233361,96.12978662968358
279.23067998811,134.4089796403233,38.97624283341032,96.35812914002761
264.3846275186784,104.70871144994915,42.759971078547906,92.50294347487747
269.21032253468996,106.04803557621298,43.3094639582069,92.18542665202203
255.18354693628925,31.713284259049253,50.43902490537458,85.35610421310732
262.0049938132937,22.75941428520595,50.6526765996689,84.91373506045213
262.3670679057022,23.073731073505094,51.16923092473202,84.40915703335621
269.72081374921936,21.448210522435204,48.87651508608627,85.41868726742348
276.49917543622064,20.37049651070314,45.12556258610715,86.36806119943405
275.2596518748637,18.907719678965172,43.43340180400535,86.2828531250865
274.4895607138763,18.406545439035156,42.69264120911012,85.27222758112757
283.1978218459787,17.708271477942624,38.19854230763727,87.7044556781402
283.47249501987096,24.05243922492783,36.012444784925954,88.19617866347888
282.3503601388291,30.357824116116888,35.597700798840734,87.88380022326385
272.88693973482174,61.96843274240945,37.390037288618146,84.86531505686037
278.5905697902917,97.450965146714,36.330483018742754,85.12805633955985
275.24227136608044,97.10176342957843,37.73563032035125,82.82108772640669
280.07109111140335,99.78021096612133,35.99098998284262,84.20842769207819
284.9279473457723,99.52790048264544,34.022907301549786,85.73395296162704
281.8286096984954,99.76447592420516,33.61038226346192,85.85984675910298
285.9272723655139,100.5163806622638,33.01557548792726,86.0773713827553
282.8357137877026,101.28131174470458,32.959640347864905,86.00462772907369
216.3604194119561,153.17404800064864,47.42226828392831,72.11397638417778
209.13867248134665,153.28323029323832,55.664050013646914,63.90113834166197
223.45065689613705,154.4640161070214,60.90954605833374,59.04036851577732
238.93136118073744,155.47744679572747,64.1019079359103,56.05745066272587
249.26184746156474,155.8872210331105,64.43363213634066,54.853906833784215
259.4855195590348,155.77681072618702,62.16090189403719,54.73909065306408
261.150914633826,156.04223887172884,60.3682670617613,53.850156001422874
274.0959047179853,164.80934466788983,54.55061927564489,57.30412838432059
263.33693985702223,166.38061602858738,55.09323008887965,56.877660368049426
240.50816842348453,201.72110823934707,62.77001428896283,49.7530876896941
235.0101255148676,206.5386075809626,69.35306232924968,43.74540858081911
234.0952096460361,209.9934434933912,75.23715432081897,38.00026762926056
226.73114774910184,212.77121984248538,80.4562182086816,33.48174407822035
227.26305478739263,214.54590087721527,82.97466545602886,31.135050794809423
229.03593152203132,210.9678902423232,84.69800979177468,29.633492642596526
225.78467970984917,213.84178436352087,86.90643172821174,27.470463158746075
228.023977282187,215.6013107961961,88.39592759458345,26.253782987411174
224.30953644736664,216.88292221120676,89.06225175766286,25.740349824519352
229.6598291807838,212.65012181986967,89.1484247136801,25.427696098221364
229.36659430499117,213.8133468293996,89.5447190362788,25.1013569438008
225.77333030024113,214.76365029678237,89.63681326129401,24.734764710878515
218.14420845238485,214.92908446196844,90.48078846335427,24.276785049877976
222.3278600846329,215.39975919607213,90.79556356036939,23.829088223443847
226.4763332766097,215.41355935737622,90.55947781026586,23.56640171311532
229.35614761829305,215.72382004125427,89.8503018360972,23.35773133422415
235.5620564274383,210.12996942625324,88.41030886380275,23.873880859819437
238.90900646879086,211.00543243316332,86.58509545712305,24.04641676006181
234.96955904234125,211.9953689429687,86.48380337078274,23.948336166560367
235.28140823294504,212.38234420548227,86.39895458178404,23.826695774513553
232.48263451289827,213.3895259035773,86.39001760873059,23.61964343636795
234.46246645360588,214.05658772067213,86.42012771603913,23.432144009674904
232.59008440016387,215.0503301593983,86.46922145663594,23.147754329900184
233.3733928665342,215.67372702544174,86.4531355535965,22.962351116955478
226.30486836033677,215.92760861672576,86.79448640009782,22.749736336839888
229.89426291497142,216.04715513647076,87.0565251373556,22.550813463991346
231.36277545031834,216.24268481773228,87.38609686079016,22.40016706688524
224.14116927294594,216.54312734864197,87.47051881789096,22.23582842015638
232.54900865668438,216.69173694912172,87.64641910620018,22.179162717465008
225.04057966149526,217.0321657158395,87.71505112154183,22.10908381380928
233.62935635143114,212.2683826749954,87.62205050656264,22.255636978932564
234.3759128118654,213.6139039114121,87.48352895532305,22.291084050013943
230.8047186529435,214.60764556817378,87.2519353204996,22.30459804140699
232.8638111743206,214.99541838832036,86.90126832126344,22.30883296780615
227.04014509204876,215.93163984527862,86.83294420528955,22.251496684214935
234.83707862225933,216.45832213417552,86.41311221719506,22.30586869394559
235.25280791901582,211.90664823979617,85.8638477612553,22.50589807755289
235.74002736945803,213.26446109782017,85.65812644736509,22.552762157189694
234.01883635535998,214.13318993204467,85.5662021877957,22.656850905023372
220.0075826937574,213.78743534084617,85.2213122026512,22.94221320345581
231.35332394732535,212.65098138293766,84.37341566353292,23.767656295550022
241.7020669570444,211.5244936266101,80.45247040032038,24.63407065288591
247.1048785668329,207.19825103528288,77.79264777125857,24.9494395940853
242.71391397819235,208.38483318032087,77.23706970061481,25.933314517189842
244.33771202047666,205.55371806350556,77.03413609163216,27.14765160812027
242.0390807205446,206.49072054789696,76.75352860864103,27.920802639474797
235.83706247377387,207.44446002313256,76.78583906611075,28.035409832497262
242.7557933735768,205.837593106574,75.56251586971527,29.49749345141914
249.23976751535702,204.07424482202333,72.51061372873298,31.522986245114552
259.13022287640166,198.98342825068664,66.28203397740783,35.64620159069929
263.7368614510846,195.32737242709467,60.74464322063531,39.7286689393298
275.52988693371583,177.27936173426653,52.24484923626886,48.74523399564039
279.0492681222747,167.1936165745375,46.02685372535825,53.982763400486654
280.7942895549771,167.1202165470263,41.866474613463005,57.60828698150996
282.4447788473035,166.16767359207475,38.721452297120756,60.58704244421615
289.45348057074216,165.8100444398218,34.491813399498774,63.733131227390224
289.2038414655844,160.21974622676618,32.148379207470605,64.90277279662892
288.41151004062283,164.76815643032597,31.222820099233374,65.2261670425245
287.0965184936764,172.64092401857783,31.141385756526418,64.47919372515159
285.3786746356401,175.1142883466465,31.54767121658709,63.21227964611697
291.6416532731506,173.76990766379595,29.124443738929358,64.4329222250062
291.57599427581664,173.41829224325684,27.56015478665207,64.87374737255341
297.26126157995355,173.52067887220252,26.00696961227724,65.21524341226184
296.42922049618306,169.5973354268614,25.927342334818498,65.24793446477877
288.9791694153086,149.23552156276543,26.36613315623542,64.97968368344927
271.5023815567086,134.9839891281636,31.321559001609213,60.404348894449726
270.1368551351237,131.96559510422193,36.81862785124869,55.099223719066515
239.91017122145618,96.07393018904786,44.800247326533,50.819565268164666
231.7340583083788,94.30057512796913,52.0688282857444,48.829512675936144
225.97939398619235,92.80625997047957,58.25712154498548,48.43458757862277
221.93533907381638,91.75028023758523,63.44409377932908,48.26777683605269
219.12585560906473,92.28218158080497,68.34488744337521,48.19141962328415
215.91011183315698,92.07953638286244,72.6856335992404,48.07871788030661
213.6229419680514,92.20534529641304,76.12655846491147,48.25543190516463
210.26959155052714,91.50270731381953,79.1419455563687,48.44821325861157
207.90277820218853,91.42973125256262,81.83620696145044,48.91290023558513
205.6388717868831,92.6002151442071,83.84136072872207,49.60164393720524
202.98774087311338,90.93370128899241,85.98438827090689,49.39709997900975
201.82608544527648,91.12761179654203,86.85408346114488,49.74830688129561
198.97675463323398,90.82653733423057,87.57562039422037,49.764160022398784
198.70210588049525,90.0307381978979,88.43737116965636,50.11912833214297
197.2816180300893,91.23264890894535,89.28935501389321,49.94740191317613
196.58827898970375,90.70361508388052,89.72072179629396,50.07003742724697
197.44309765441602,91.01171638428133,89.9962948855706,50.08435725638846
195.66381371028945,90.00633277919657,90.54615882675645,49.67343352570103
195.73761947325931,89.75990191701868,90.92522449207425,49.768770446179914
194.8805513438245,89.5275820209347,91.83004834774181,50.00505147787177
194.07541085628765,89.48302827519166,92.241356978417,49.998480811253444
190.30753091475657,89.71373523156724,92.52153738989101,49.927737943090364
187.1224013668883,90.39222303943666,92.69791688128791,49.76023631397721
185.08570875000336,90.84985542617619,92.82115949306383,49.72417885355888
181.93007975503284,90.25195446109555,93.15303544488842,49.531743426580604
178.0407696212882,90.5888498617175,92.91204149271215,49.77116558033468
176.22537649234593,91.89643250178437,92.86944141522379,49.9423505504451
171.1058706638636,91.07563264205308,93.5201027761679,50.06939028570054
167.81578733329812,92.43891376327655,93.78188526676665,49.95587421253461
163.45797627591676,92.25794173502953,93.9105132103868,50.35620164115666
163.4865905171749,92.39268271051607,94.16806955271869,50.53168779454606
155.83060238226363,92.71046576991712,94.48573544351291,50.80173855520716
150.35236994641187,93.31767546833709,94.8861214043888,50.851358317188335
144.81585479713954,93.75071060452623,95.00187059026258,50.916611692309125
136.88745774372148,94.28433985254351,94.89298457472317,51.298829199921414
130.2192555826023,94.62772722723697,95.34119862749135,51.754279119990976
122.94875588617717,96.56654676266189,95.40153376710674,51.68442699066945
115.70221973489141,97.38296378263101,95.46753545200247,51.72180366983979
112.32782927432721,97.2924336673415,94.82375779845435,51.50097189402159
105.11034767538742,99.51877286894972,93.45272505517184,51.30451859990545
99.00349018394729,100.2121305977104,93.58408358511019,51.071712944820945
92.55603563391296,100.73251632471147,93.54295466790592,51.441823725392176
84.14092916771611,102.65215913867291,92.94428309407402,51.656919944850884
77.74987266272706,103.78535017149024,93.82205440635926,51.868461510884316
71.65444179865679,105.63696149447458,94.5461020933621,52.25435496141222
71.17291768088478,106.77573730721257,93.9963240053969,51.91013148763911
70.66253066432066,107.79611828844041,93.65094813618138,51.638567466009846
71.45202877139968,107.7845848021471,93.27068036421542,51.695911680273525
73.34448200385557,107.98811162778436,92.69131288741704,51.83554950629773
75.71919766821935,107.8347248023219,92.23749055603446,51.95759927335538
77.04631518735532,107.75769015980606,92.39877270488105,51.92018447962215
80.03323980736859,107.46144789543897,92.68742851932839,52.13085369406343
79.53566764644046,107.5707274712957,92.66618192149927,51.96493610174218
81.23871231144597,108.62088275576806,92.31999335213891,51.643847663572885
81.8323042929745,108.40838346737826,92.22110091492262,51.3199126270522
84.0169186737021,108.86037053116254,91.84196824569152,51.084257307562375
86.38388803281369,108.21447747648168,91.7648002336451,50.891857840485216
89.57441419669186,107.25958171932199,91.56880411545296,51.02731909643514
91.71702103284836,107.51701686133728,91.20539344072907,51.22330203143686
93.48151525051367,108.72187966532596,91.04465013021535,51.279290639691794
95.64622103935116,109.3349283430517,90.8471779637037,51.408768130508
97.54219484511847,109.97962317181928,90.55728861976247,51.44182648818585
99.36083649192318,109.8773065580466,90.37451172340036,51.12913264549501
100.78536720784544,111.87743570556418,90.24050051204534,50.985081244380765
101.44968959668785,112.0332240736675,90.28626481391221,50.60292373511855
104.05508973124351,111.78338359513138,90.15472394040026,50.58676314851633
104.67688558456965,112.37465910886672,90.1192325526567,50.68325662997965
108.02070305589024,112.61896053812595,89.60532083084071,51.05905803257342
111.42656866160773,113.22451259607023,89.0066538131313,51.32867860902954
112.56356603197924,113.59233853626424,88.85147926281797,51.28728464366152
114.44994147821713,114.40161856098362,89.3964750095939,51.4276213027112
115.38767964752773,114.59690417042007,89.65982980958353,51.10318175759156
117.75318513945415,115.27397503604651,89.68819296742382,51.0628529974538
120.33160778468535,115.10205460515945,89.6833037583518,51.00510705841423
122.93815794775668,115.61528206385574,89.65523579991542,51.1628272747268
126.11662382585618,115.73077219663674,89.21463724226379,51.04513217817019
129.82092666250412,116.10345306622553,88.69478784414493,50.9429580810901
131.8904545464459,115.84702025825463,88.34961063155919,50.774442411841314
135.52165601650202,116.87109496879924,87.39937676645918,50.24715521246992
142.49222771426932,117.11190000621082,84.68950988307058,49.97958070826827
149.32981528062368,117.7965787299548,81.91762168426075,48.29386141624066
156.69073266772443,118.28712875736335,78.06942220211246,47.748791153255524
161.27310580878049,117.99844873287722,74.90249582051305,47.26619465162962
164.92036564873726,117.8670582980188,72.86019247971088,46.638058041354554
165.77463570841726,116.61568006120125,73.08787014523246,45.87327882849675
165.04813586768597,110.469897377268,74.12157740654618,45.01274363331394
161.4034088090066,110.32375544196132,76.30644730683338,44.33670761104397
154.00449023411338,103.28838957478533,78.13579004133663,43.87946426299851
151.1864149455524,103.77096857734749,79.31464233964999,43.10125162175339
149.15819947796035,103.25002142427874,79.66563179991952,42.74744916866694
147.63100136685568,102.45722452814258,79.60830579121763,42.28778181630123
144.4765397231334,102.2824632773511,79.63598623121952,42.17396892302485
125.40414327180397,110.1635711119725,78.77452303036279,42.86646898254182
113.55388016867222,117.85203825479412,78.69620440325227,42.5501006453849
110.6348140834245,117.81123259997437,78.35332155909927,42.9727015745179
111.50790658083969,118.04683887114314,79.14027317048533,43.322407294185204
109.98940211734788,118.33689515941794,81.51339137805519,42.40837695082617
107.45086914918524,118.92621636074726,84.2746063412512,42.267491944865505
108.78178495094866,118.93846390199104,87.30719602907566,42.444315901245886
108.37145480381217,117.88224752792232,90.57572729312099,43.052743455672996
105.79569182253022,116.96669265394843,93.43726140006356,43.355702049102675
99.27291448489883,116.1147440657634,95.5810464372648,43.30464739079407
94.64787809193905,115.4819456537997,97.10281340653398,43.05060937184884
91.30299094524979,114.1477882429025,97.73773855211587,43.29192319419258
87.21317868480543,114.37444253798805,98.01040210880171,43.63583447649613
84.02067052394914,114.3347101725105,99.36594417209145,43.70273301258166
79.81235968988378,114.12901065223645,100.26005388114623,44.13867134126315
78.7088007930992,113.2964208684061,100.42149258230816,44.26269294803211
73.30870964586472,113.96894352291454,101.57006736334938,44.60907832691958
71.29751872518146,113.88032583872415,101.59101392486971,44.47060109435395
67.95617606252411,113.6312343514717,101.3064360284437,44.1476802575948
67.85160081701919,113.95040804499901,101.76466211101771,44.12316504627186
67.29441786120398,113.50405370535927,101.41121500766401,43.870456631320664
66.25324637216997,113.20020976502926,101.71179061741537,43.87336699704616
66.16127536181428,112.72927848551382,101.9949485256137,43.9252040595942
66.94519800916487,112.61298404101784,101.99023599382144,44.29052206168811
66.11757505124106,112.64479875471056,101.98479422465623,44.44900131133227
66.88057811615255,112.44555845387232,101.89522987396992,44.408565825858176
64.9146063105504,113.68065425480663,102.14006663741117,44.14059371022613
66.08142140442551,112.94579075040429,101.66736212409941,44.2957163174424
66.61181704340733,113.3567411809349,100.48577144622342,44.691620722761456
62.432564642533876,113.57046637585451,100.65966206645177,44.26754165056033
62.45592161011972,112.41853174972434,100.6046914602612,44.27029777415855
62.721195122041706,111.95350653259166,100.69552923589765,44.54530573892243
64.28160835230202,112.11078168844904,99.9676919340074,44.5803054955861
64.10162179097568,112.52325503264183,100.0793358642601,44.548913292044745
63.73502886919963,112.2875972824693,99.9104038594159,44.618876267632416
60.2110919413349,111.50449409638983,100.06650735229135,44.233403410055004
58.83819575303126,111.21072454535445,100.20131349614107,44.67074965533716
55.55918771118729,110.14602288935502,99.85136535024526,45.00620348251086
48.82381152040119,111.25303147937069,100.4070348002989,44.960697931584164
48.413147413706525,111.72517664336794,100.10152182621113,44.64588558134233
45.644914637785774,112.56190041115909,100.22265029232875,44.25804538371172
42.68598105562957,112.12934207534619,100.12500165235039,44.308435821855156
40.91289691337008,112.9221318702486,100.70703929683945,44.18985707414472
37.12699830026712,111.60644803122418,100.64117458914646,44.40657097411743
32.15183312006988,110.98685189459587,100.86272229573234,44.416406004789785
33.08631130339748,110.7682044352823,100.72349152836608,44.6868702943066
33.289217362314226,111.49548207607239,100.77694115574705,44.846967050346976
31.640216354956934,111.5647519338107,101.1743007754421,44.618183287526605
32.790110917185416,111.46842032088531,100.93382447141971,44.66198774264929
32.667604504825185,111.58911418569542,100.93557746387718,44.70585160065836
32.85239720007131,111.69071734419616,101.02499242242973,44.76006704540807
32.432806917506454,112.08348564065568,101.17941009245217,44.73363965153612
32.66550763310551,112.54328205523483,101.17876211021722,44.58488913614431
32.501507255105466,113.05325894528,101.56267853854936,44.24442902174914
32.05626034008082,112.1438122487159,101.2183725066907,43.95029603433839
32.67563043801552,112.23195825149861,101.27751570220161,43.905231849884665
31.152715602104536,112.1435519153705,101.64417881861891,43.915715704534946
32.44017506528844,111.75645124030282,101.16424704625805,43.95304068614764
30.759445660010563,113.04253835769325,101.37317161036911,43.89932600985372
31.132435768615707,113.35208340726867,101.40827461936274,44.121231103230656
32.87066101879509,112.10525082093636,100.69480148068305,44.165003993409286
32.19996030516577,113.88399903809376,101.0485012535075,44.103557440075946
31.903775272397198,112.66538798589688,101.04534033225875,43.907378150579326
31.478211192286885,113.84164823786874,101.7806700638247,43.404845153502066
29.442554604013907,113.18900908611042,101.72225539994707,43.2274952307385
32.31906946993736,113.11875973628521,101.45201280036335,43.016725191880674
30.555039792951007,113.25836835130673,101.29319251947888,43.25508727893055
30.81653096484743,112.30339541649838,101.08718672292724,43.54823701264483
31.751068625211452,112.50176959763283,101.28446496169322,43.596677440935714
31.225553906969374,112.80366736925426,101.06379163175892,43.149370763306784
32.13407088707494,112.53815251755546,100.07408641309823,43.06849346139431
29.71768321749485,111.95180157259587,99.66584965585338,42.800031096171296
31.021869543318665,112.95678242938567,100.35161853519635,42.83675650875138
29.29783143370277,113.15115636362881,100.17675087625432,42.6529786275383
28.02532406401086,114.08039977543274,100.21667371004426,42.425886428640524
28.817379114230746,114.13072943968568,99.96073247862304,41.91228960800245
24.03493466358676,112.99152784602282,99.5181913033119,41.98570240836529
27.821229862346996,113.9654687259659,100.50501767672648,42.706895183848985
23.664722343910093,112.70771301729002,100.4968256670915,42.70376799036093
26.825810166271765,113.00508672507453,100.68316061196776,43.01941798518466
25.338772605183507,113.62269762367194,100.56646262852294,42.66570537282716
24.9764105359925,113.88230725393701,100.06981750039495,42.50000576061055
23.678297138851867,113.01870845125111,100.01731306298676,42.469459768951694
22.426157806046717,113.801151550833,100.52028257217921,43.0191718440189
21.20298966490408,113.36137505253524,100.35168464845557,43.13909535262309
21.019370205442357,113.98572548433495,100.5456574992781,43.48485092327354
19.600371362653206,114.18903478064951,100.48951780234907,43.34915719684392
19.525906272925127,113.50018687905339,99.63920317265453,43.409559713712596
18.013808814565223,114.54444194315883,99.66017323967341,43.65486158386904
18.5405622837916,113.79251807262432,99.41830328556895,43.62427977476716
18.540562814379754,114.88269632430556,99.54851433765387,43.57994035552639
13.569764452854713,114.04029568263911,99.88759584006186,43.69257686491822
16.4661681697622,113.42509150179258,100.44352421557306,44.676915482381986
17.247048678971154,113.7336467223974,101.05414888975159,45.307268029072134
19.37534082618194,113.1417273269538,101.11198386489178,45.57677305922097
22.425840495601335,113.3922895998191,100.673271761313,45.724923577958734
24.358393554215098,114.72655353459734,100.34745392647989,45.717675863584134
26.182892319360306,115.22033085833027,99.40602647217824,45.5858241527676
29.329380561834334,115.28780070747591,99.05830955830562,45.478160311060634
31.148818406723052,115.65948319395811,99.11309484303075,45.074722057761754
32.8405572187615,115.79321777760671,98.70077119348694,44.82343332379746
35.36558839080152,116.55205274288492,98.97556560752457,44.52052488883126
37.76670870416388,116.34640978709261,98.02187267786711,44.10278904853525
40.43992246731638,116.1019462355524,97.94671924137535,43.76354549445775
43.21884303035011,117.17824545273575,98.2142684542056,43.46200184772685
41.813054057670584,115.70728500708798,98.58029190470685,43.90155881881063
45.53442492725628,116.45479478221284,98.71570282209063,43.74996823794413
46.524741432095674,118.31969449701594,99.8334293972202,43.95613768422294
47.246069498228884,116.85888333410887,100.25913759906022,44.34685762432544
49.40316074841187,116.80325218082587,100.00006459957926,44.38570227679435
48.75382242464216,117.88827781617124,100.4109162945163,44.22174713075263
50.66788351611227,116.91098474903498,100.46805874666214,44.19853074999527
52.71731570691365,118.71223633577083,100.26649246266985,44.00132914741591
52.8866998406582,117.61279279931186,100.71975250309548,44.00605242104793
54.99202973687149,117.1173244240387,100.20602955644833,44.145916800588246
56.298179551248296,118.35553077438286,100.18568535104981,43.88600223642033
57.2313230061119,116.70534432227038,100.2815567636569,44.181460856892826
60.73473148394613,117.30406829792824,100.17654044046525,44.27941900871129
60.51523322211802,118.3986806782307,99.77684441823065,43.82223656072843
63.72709097499933,118.74849711021972,100.33495331050881,44.03181676285145
62.75707679923768,117.70770879673447,100.70328406929681,44.13910158836934
66.64201858551796,117.53075046271405,100.58836255957195,44.20871602176048
65.68015957230419,117.27895893660792,100.51239029173374,43.99475350502975
68.35981461843873,117.81766068891169,100.07564518283257,44.08095855144759
69.37780722585624,119.38157382340994,99.44546495971966,43.9408167707476
69.24139922935493,117.44480652039482,99.82599392935681,43.78706103253956
72.6844169274217,118.52721978879408,100.16464706319152,43.949216278654234
72.31277780904571,118.64497645494956,100.02881347352364,43.62439443860278
76.79888547552756,119.10385888994261,100.0202345388754,43.667435998002816
73.54802564949483,118.94686546968592,99.8284870507431,43.817161586828206
77.79741170712515,118.54133038606204,99.90722863024565,43.589756598245565
78.51279460656222,119.33867440328947,99.3637142084772,43.76287318644086
77.95006097827316,119.04675326493393,99.57297623768031,43.78326083516123
81.07065146863886,119.39251077361828,100.33146147093817,43.96769639266738
80.85056179995935,120.06181878429834,100.22096613140204,43.77222605173482
82.93253146514797,120.12735864332879,100.19505685320985,43.81536856458517
84.69603167543524,118.83872427313044,100.49619645300581,44.06842189284199
85.93877636311504,120.14003352298039,100.80853289093966,43.79165268780457
87.50980708303202,120.80246833980596,100.61253377753698,43.711460717002865
89.14264137883121,121.01173057624709,100.81907201691698,43.7086901451254
90.26866423899949,122.03532966562719,100.96629158588705,43.63545522701583
90.72338665998521,122.47504324238511,100.46131533989724,43.22262592859106
93.63840409352319,122.97240118131288,100.50662856394675,42.97132987676626
93.92986110997677,123.92876622775627,100.90003253278672,42.4515872735798
96.04277772440027,123.70421410075662,101.36367722447196,42.34971411869316
97.38349916463581,125.03483142871013,101.30692845296389,42.11871151082079
98.77393838737132,124.1131049416611,101.33173767343222,42.0693142051108
100.52380244930028,124.67249141594976,100.9483709291977,41.827534733878
102.51288134850853,125.98575649646972,101.05040712721065,41.665108748405714
103.0793950446215,126.09912594241547,101.11600053118829,41.557186291851266
104.32754392546013,127.14081427938544,101.48654432415277,41.49242224112608
104.30807965625571,127.37913282880663,101.21055985792484,41.34952674756549
106.47057313398177,126.63040753968257,101.1962933461983,41.70773324622379
106.1968463768446,128.08317399995056,101.34478832647032,41.941053160389345
108.81405022450932,127.86267373908306,101.23456190174026,42.01498533180925
111.49259881662795,126.992580595394,101.33643955575987,42.38330730033972
111.14035343475518,126.68327057984054,101.45017771788184,42.93361026084327
113.51274891591444,126.31592876325384,101.98901664981992,43.32892772623293
113.04699522864038,127.63020865424853,102.3661968344457,43.70192481756508
113.90270030529777,128.26116024500243,102.91429171462397,43.59481787877124
116.31404862303407,127.64808668803224,102.69009199306127,43.604209483335076
116.14111471682816,128.70054442401573,102.47112950228097,43.527023284210514
