122.5,51.5,51,61
121.77398573029102,49.49877714609839,50.46330764555811,60.41819573450609
122.18133836426153,51.121271540504885,49.89416481181354,59.83389320019445
122.10600234619668,51.11856897065817,49.73854550616164,59.59967802683953
122.62421748062712,52.84561012540037,49.480662464683405,59.45942108623635
123.27641831620217,53.2445547774544,49.52628239425659,59.701257204987485
122.69018110507525,55.41808869639865,49.698074581746326,59.231022090716536
122.13447959341562,55.87108624000682,49.664488472184416,59.04850895664427
123.38428510803122,55.62387494833098,49.654530315038784,59.17192433594016
122.12394262358335,56.38953110038544,49.47881678730673,59.11081578911732
123.2546076956445,57.585398595491085,49.6912911170614,59.021879785340964
122.5691094620008,56.93769226332092,49.867916122480494,59.47008138677312
121.95028275119009,56.63109025941815,50.030006351734365,59.61441690054484
122.79748159483051,57.6431267351398,49.79882485002328,59.15083384206113
121.8041208043896,57.66657774430308,49.8831045716598,59.230348432425785
122.33980357205371,58.342536608823806,49.863944598923126,58.938894012672364
122.09635173561918,58.36748406976409,50.08471856946257,58.75953547775851
121.97932173462547,58.694023979516246,50.20465086098836,58.45207879382091
121.6594188433326,59.52756001254945,50.1345954246448,58.2753185887927
122.13876104494244,59.36866315214354,49.92568362970529,58.428801422148574
121.6651931337716,58.969434948419234,50.07512941813433,58.81994639008303
121.73105216054986,59.1742612187541,50.10246701481202,58.49200419545642
121.98630750495437,59.735111155928735,49.93554479741569,58.313598130997896
121.76471345850155,60.03057412588185,49.62677970571666,58.640087690778856
121.16611735291383,60.87185719896573,49.661407520033904,58.70675908199512
120.90026911067253,60.60304516312177,49.898367231740856,58.80461001134525
121.34977366939444,60.290715526760565,49.910732385213024,58.95550745731405
121.12334283807778,61.25968008167661,49.74079709512186,58.75756667450831
121.51965801200454,60.704329665033576,49.25090872186055,59.010958464386945
120.95361412332396,61.1143975401435,49.01433151928702,59.118550592260824
120.59322807862857,59.876031064030116,48.85565447957318,59.064495838112464
118.50064133774619,60.146202783679826,48.56320068396368,59.0049251325014
117.26852214140627,59.77667791966154,48.301369626265114,58.51660006843898
114.69706358287073,59.491528635007256,48.684993663959986,58.222240282034655
112.63725321178339,59.37411357589762,49.18087063362795,58.306391184465085
111.17980670793509,58.39341114034206,49.40790577503732,58.27833129574954
110.45779748588738,57.65062873094802,49.41522959709292,58.03589702338924
108.89467761646306,57.12328158261239,49.47230863609721,57.77311659719826
107.80339916437033,56.60882789469138,49.451404370086124,57.63464292483776
107.67171345503914,56.5045012451845,49.21969415541912,56.97110401985296
107.9707589997405,56.35775859656772,48.99579357533571,56.69447851920444
108.55253945578075,56.00819392594826,48.72887999735403,56.61835361087061
109.2171531474315,55.807247512558725,48.65460623687049,56.18554978714461
110.11778978099935,55.44662167887514,48.4594136210181,56.114465705839294
110.77998338004588,54.666217778665725,48.47368225235466,55.75717004976093
112.00928630562969,53.724689464647156,48.694335224581806,55.64826686754111
113.27060387749262,52.84325346398866,48.885958513244255,55.472736096908335
113.37641551987441,52.177865289458744,48.987924890794126,55.54973196176864
115.11052969059253,52.94476692657602,48.980652646007066,55.24463147111868
114.69196342237838,52.42693283473149,48.89879194780096,55.52332680543871
114.94339529250675,52.87482032030014,48.8655446802653,55.4430516764683
116.02104091326837,54.378747874827965,48.85045596101993,55.675972867842944
116.39404392915918,55.704261432275906,48.559497208834614,55.681847827760905
116.27682302302337,57.96308254013789,48.52006643700171,56.11424404511188
116.76457532161035,59.41094842257458,48.99197576118395,56.58833478237474
116.70875891009007,61.8905041771229,49.48866496068172,57.3970660429009
116.86887061122118,64.58559962371157,49.794114614068306,58.01621305179265
116.95175344151306,66.19740838524453,50.00918210244082,57.856444977884465
116.85197889174077,67.46598972480153,50.24798747296029,57.56487227031281
116.89273918028556,69.35998485906275,50.209157959006575,57.4797659606069
116.96907596360873,72.076610688899,50.41002892561295,57.453991679779605
115.24536470020045,75.29809460476879,50.56656552713653,57.86200985191576
114.78603275785636,77.58902208831566,51.040848830445796,57.90313118792262
114.93302037105691,79.66591733616339,51.41218422530628,57.81315485543515
115.16605313599766,81.18043383473972,51.7460179158914,57.97347103278201
115.15124268914764,82.1460335541214,52.052875301033154,57.80867145440072
114.783320418662,83.60158546045223,52.52943430261578,57.435347449783514
114.94239986100439,84.40362377578633,52.56252389086,57.3068944267508
116.73573281581527,84.64884063375658,52.3338189206456,57.621729117678285
117.72471676969371,85.53595937967717,52.2499706332119,57.99677431970002
119.28850063306169,85.40781017748375,52.39572858816234,58.08538213406284
122.27977569997898,86.17150731073036,52.38928652851598,58.14837700006932
125.50109358461808,86.04174732497825,52.0716531434236,58.634781470765816
127.60870630958755,85.31471583292603,51.39020087730728,59.11339161454201
128.47450696015113,84.35022202668515,50.61824645680681,58.70774706874436
128.76921186350344,82.2642112022267,50.14929117008927,58.68629013337171
128.85350895028884,80.63639906622507,50.244410773583766,58.79710587456748
127.3674100141751,78.07298081679144,50.400436522855884,59.81799535576506
126.44734310841734,75.34999578238953,50.24998131173501,60.55815344718242
126.63635843673686,72.56717175655808,49.89020617943328,61.256092815831366
125.39129919130599,71.42523670762083,49.684380122641805,61.42349186153608
125.0796555488669,68.77459737613327,49.6789471240117,61.675248601446
124.76859686471347,67.21377510059524,49.724818171117214,61.357768568324076
124.08562775978288,67.02386337525743,49.35743578714447,60.997030772127744
123.88231157873855,66.50763962501884,49.33880447616606,60.83422597329615
123.76543542836737,65.90662847609454,49.64495610257721,60.850804989017384
124.37284478928316,64.96903081192863,49.72025071063304,60.994950779690484
123.50506980391498,64.69231633597057,49.953145771281825,60.91817469639696
123.73019568878424,63.65174260752259,49.82823531562067,60.869187093936226
123.33212668835208,62.61877847016187,49.87774997921616,60.68780926018294
122.42135881107018,61.9518419005376,50.01771663435368,60.435704964319484
121.77086805547742,60.294824630927955,49.89380929628078,60.226360892927815
120.61350617514776,59.595706463919456,49.87168312903786,59.87396494087304
118.85358204286712,58.809235305320655,49.62478439576592,59.39658758643977
117.31700205031478,57.60125071033076,49.32715246879171,58.79543522299855
115.98249072595249,57.26139786195478,49.36068779947736,58.22673987395126
114.10750931693562,56.48974645376849,49.35399134817821,57.652809175538074
112.35429165395969,56.29064764905021,49.34048772835982,57.29052065902859
110.30798983509357,56.10712813592959,49.138666355410926,56.61474316553257
109.84570681361616,55.62366430913914,48.916151023243664,56.55345839102053
108.36928307932996,55.45128451624659,48.75093027358487,56.053561390158585
107.82156361017445,55.22763554700846,48.530506317837634,55.772354194052326
107.28290638920645,55.49152092920291,48.23977781391184,55.915655018656494
106.96390453895049,55.03910736404379,48.01385999132958,55.80294836983045
106.1937089470253,54.5873348662776,47.94685135389854,55.89120541770811
105.30062051287149,53.903017602167154,48.003685165527386,55.74426000704045
104.65289965228716,53.26506153229697,47.8776161902849,55.847698954565864
105.21396234122872,52.82007480701716,47.770940693955424,55.6263657377976
105.52243995555177,52.50614817458693,47.76753982379168,55.65434253924481
106.07583995416104,53.04228158720453,47.70413069666746,55.23919761075339
106.74150228462307,53.014945613155774,47.64913257287566,55.06984062878289
108.23873120625379,53.65844076337809,47.63419075897211,55.0813916357876
107.9352008986006,53.07810341477422,47.624238158259836,55.20569104880039
109.65514340918568,54.96543087686903,47.28853681094829,55.27861202754961
110.3800449886229,55.53943976150051,47.03960333152486,55.51463449475973
111.41711122033524,56.06092712160719,47.10992820834065,56.109607453112346
112.38644914880443,57.67539768643916,47.948195081352225,56.9079600055468
113.29286418574472,58.034790375864844,48.16923165137728,57.57666036926441
113.44052783759818,60.64764269956194,48.73812425161627,58.02552008344247
114.46013766054904,61.493972683814675,48.9777549227159,58.25669539249438
114.78583800040548,62.16651668313684,49.181330181800035,58.32380450688716
114.29338780395977,63.49002412242771,48.805308834159504,58.04162679795263
114.08454132789498,63.64260121908343,48.53633386713016,58.18108162082123
114.45600237323049,65.05588121459442,48.29848150912517,57.84605061768379
115.76956315521332,65.25039310727054,48.633029151778786,57.41726454772484
116.81391397940612,66.02521942643651,48.686577564428305,57.41716542291983
116.59296958556428,66.59682778824259,48.9737843416998,57.40680685646555
116.15581821469993,67.05228150778959,49.34363211306868,57.42094544407825
116.45558407521753,66.5645273761901,49.48338449018182,57.179427235185564
115.54853339147115,65.74499264082321,49.63575115747165,57.3093279618321
116.58725441010866,66.10144081800263,49.42496232416087,57.20262365983763
115.33347707360922,65.40324098159277,49.65872711449985,57.385623207153785
116.12112373411225,65.31546924994284,49.53679387421278,57.26077380431903
116.37839649251441,65.40560202282781,49.470197021835254,57.290948715416306
115.24577536419503,64.38156042393449,49.56708548246877,57.48833189241284
116.31677314477636,65.39352065726746,49.56150397236202,57.369685578502626
116.11733226158955,65.44783493612354,49.49300512564702,57.44319845891704
115.68506856664237,65.87312410756373,49.47747762443193,57.42822251872374
115.58960292917543,65.53677173479095,49.607513326018,57.41948196369024
115.3646200202117,65.72976508145337,49.61686727484869,57.2913457385241
114.45253686189547,65.90985018026396,49.89010940954299,57.08982976875576
113.19245791175942,65.91131146871764,50.17870755639713,56.80421019968949
111.37049799438896,65.40549060164048,49.930021848001445,57.315439827329826
110.29884961422746,64.81050476968477,49.797128565828714,57.60161553367597
107.94063777888866,65.11445380751249,50.06532626146968,57.782200004826834
106.67183240592576,64.88369591676971,50.224218392817264,57.836717300985626
105.29970796783775,64.74967878918633,50.175678048183315,58.182923465007846
106.17318652383156,64.40771420215492,50.63533137740358,58.194737670770806
105.02674106536098,64.77307700132863,50.44979607631191,58.4865651587042
106.41641921602599,64.20913649200011,50.61890846013203,58.37372840869209
105.58458827612404,65.17618126120549,50.33395610024325,58.829667108577866
106.3425286393387,64.5834118634778,50.70351953809005,58.69812349894288
107.30986960048612,65.02638203956619,50.998868629283976,58.87755764036506
107.89451027595115,64.91998420772532,51.129941639888045,59.44541191448609
107.82660541320891,65.53377442139146,51.12301737422645,59.54256760547049
107.90280029927627,65.69189808961835,51.172918032756726,60.124778511433064
108.4575698290175,65.33135266526568,51.098958535461456,60.41180005448008
107.65546313551275,66.18354142040411,51.07518358400051,60.67509548827212
108.16007144248215,65.56906450402637,51.18843401107735,60.50718025765021
108.55237516862002,65.6293204594729,51.213749194356865,60.77956878387379
108.34505527544255,65.21308233999738,51.263171354617,61.106126877645075
107.83247337632724,64.92134411227758,51.52054745791658,61.05827814778574
107.92881930525454,65.14322723112907,51.53244733625944,61.05409303605742
108.07845777447989,64.98898956898479,51.3498341219928,61.15977792121711
108.10186303863787,65.03977078098987,51.19653666968418,61.21370416707926
107.20216192100246,64.12286107163527,51.49485326595507,61.36962136410875
107.92051361059086,64.9926102637387,51.46032030647126,61.7857831323372
107.0452116538475,64.45789831412843,51.655650925509136,61.79453319866437
107.67414357139711,64.25881298244825,51.339332934487956,61.7034719775452
108.05294487280031,64.08350318445078,51.05282184054691,61.46433633643764
107.59759398634272,65.37115983628736,51.042183743962916,61.54955789146808
106.54098780690789,64.01623035745956,51.148266433643094,61.474524051653574
105.92411547188995,64.66343826132642,51.195367145587255,61.64549856851247
106.31695725256597,63.41062603338111,51.27455454971603,61.430999733387466
106.78095507316158,62.65563096686832,51.047022322717,61.014895095981515
105.94529369398276,63.5094313047929,50.97486475632947,60.53381638897392
105.94942068367507,63.28418932975579,50.499730842872346,60.24644579870008
105.45249511063699,62.223355641696806,50.39864633335465,60.04587711372186
105.78825846054477,62.745304688262344,49.75713270118689,59.986990121359824
105.44663537711203,62.825229844840834,49.546252691218264,59.5116994216691
105.43884302087434,61.98256807011086,49.32538179925962,58.737334784483544
105.27426650293638,63.14622717491086,49.04719849280079,58.092179455781064
104.7520508427573,62.59968522505946,48.84309024616524,57.59717400859819
104.48858474660906,62.96381787637782,48.58565726130718,57.368245574486025
104.67620876882741,63.20669671352623,48.17903381987375,57.13170085065727
104.68068711775028,63.21476428683328,48.00300132411255,57.16851326250578
104.61260033953052,63.95189508815294,47.77704492406823,57.06142235135664
105.26682333203587,64.25002205059545,47.427678681489155,57.12380678458778
105.92178593374987,64.57168290234353,47.0952201805224,56.90928873361655
106.2932149458872,64.20517790882332,46.857009590005546,56.70679988700067
105.9570715964996,64.22006532383372,46.886497865013645,56.53688608815453
106.73154874087666,65.01322107759084,46.61191078950872,56.03026789805361
106.59383063531838,64.53415102575845,46.34627951958432,55.872244509515646
106.47705675614759,65.43972960711432,46.435455857780866,55.42970368934846
107.90783516411591,64.6594969303422,45.84937978906713,55.18188011104608
107.65322382941737,66.46463011441867,45.90359109066637,55.118166162555625
108.1145343687915,66.09410075501259,45.734567807881405,55.00717767639646
109.42012762546946,67.37130892055475,45.29722253254732,55.04562848131371
109.53039902880514,67.25934408656994,45.37713526629459,55.363864946072496
108.50293291610787,69.39623226684122,45.10017214027922,55.05048177591385
109.68444366489288,68.53594066126647,45.108901712731786,54.81917356479165
109.95099194522676,70.17390549819818,45.16299637616222,55.10061121575732
110.07753319098343,69.6974701103472,45.32468612695654,54.785371358562855
110.48328637265489,71.36068279929027,45.228660568056995,54.6671819597569
110.65453043383161,71.63829800527994,45.19877508490185,54.616071182405875
111.41749540479346,72.22098508600499,45.11413254131648,54.45918722576688
112.10130357830859,72.03850742989414,45.116349186839926,54.00614067164794
111.01935334994164,73.70029090828893,44.8271968844033,53.96104351580742
110.50771164405566,74.01825775496167,44.61180041031099,53.890963358590966
111.90795893540565,74.16664246197533,44.57493168782527,53.51447439365602
110.7662861721032,74.6481130874842,44.502418650053336,53.2426203289748
110.027137294515,75.00042380609574,44.3065895417501,53.125750518720096
110.8235091449557,74.13967409247059,44.48880242484546,52.97021993097867
109.57405544478621,74.93663746345605,44.17007262006051,52.722534901577916
110.12852679979143,74.48335295365584,44.45321093231266,52.45351626706458
109.70615993263894,74.89022346606728,44.46814119982078,52.136603828104796
109.80749941845498,74.9750198039483,44.37746843797939,51.8742457316675
109.74632056835273,74.52623700721084,44.57992600397809,51.807709414551276
108.8392419015214,74.71111644141693,44.82534165844912,51.685857588642456
108.11956690990773,74.54968584297441,44.7908019331575,51.80003477323369
108.67727452769557,74.03739169788912,44.48547539167741,51.76088483651371
107.96856358313578,74.15281389771903,44.37021736536886,51.65664754198981
108.26665369846606,74.01598784181692,43.91702826029193,51.880275505717236
107.4038442172226,73.90022502091418,43.41617699076899,51.63763335353353
107.46176131083679,73.21801461160248,42.93955228263414,51.85016544401516
107.45424696314237,72.55337094146265,42.4329810892214,51.627782352204065
106.43832416210333,72.84533798017496,42.18678509011847,51.1717308597089
106.06096831070914,72.79564849760976,41.944395247572984,50.83007559722965
105.71357399001374,72.2752254451257,41.591008196405475,50.367302150539174
106.2510940425417,71.9593439667533,41.14249516234873,49.91100162881412
105.77135686264229,71.73480685966445,41.050718825965276,49.389744412556624
106.20733997212913,72.21653727809306,40.84289038765795,49.206189908192236
106.12197693945548,71.8936439480743,41.110689777029926,48.91365205717858
106.03695634971041,72.86680851911817,40.767122322048166,49.107835381521525
106.48851048242373,72.9350066983797,40.665377644000976,49.52119811294519
106.68585280918147,73.13335002508157,40.80771045512327,49.99650118656172
106.75582176443763,73.52694513896847,41.06776951073453,50.35021157066534
107.00144287549342,73.7512996051764,41.27581172294149,50.711804538159484
106.45994675110299,74.59796512033097,41.12568424554132,50.83345389553803
105.50840035875791,74.850599372156,41.145489481212635,50.796057892307566
105.33901502990305,74.70887091586343,40.95197742884696,51.03034583818214
105.55596973652821,74.75106389171478,40.886007368585844,51.1229675020457
105.90193313056835,74.6603277528396,40.99163721922319,51.24122586516323
106.36571322970728,75.2727622829915,41.107815862955846,51.13616679002031
106.25531059588823,74.3755069059979,41.06949664295548,51.44985784185907
106.41456339311485,74.23446660194298,41.40879947154454,51.14595952474076
106.29101632137468,74.45244449606314,41.55456331981975,51.24655157614203
106.32698158266678,73.48440490472474,41.60231747108132,51.599898558196266
106.7357300285103,74.11255596550758,41.767344020708975,51.8665157338489
106.51665486124719,73.90858582290348,41.80417473224175,51.80510761822589
105.72671675092099,74.40322835763041,41.944751965505525,51.88224358072393
105.92741112780104,73.45193451269515,42.03161117255133,52.051952585596894
105.78806032776941,72.95568416370246,41.98096915565214,52.17982759121472
104.70415377640164,71.20875907726901,42.53316414868462,52.342811665677694
104.80016045826704,69.59980835067452,42.6316618566358,52.68075806553718
104.62055453800116,67.51072397121862,42.90876727825992,52.67887549769728
103.99071256813392,65.71243195041376,43.17508336721393,52.285433065308
103.8197469849053,63.75486968974465,43.39039485195519,52.010218975043415
103.5805409914353,61.72185479828326,43.60057273497709,51.743931882508434
104.4076816506444,60.1343579435548,43.69724270668952,51.40668494369571
104.6695077108925,58.955499129581426,43.63588406205962,51.41028112503295
104.53524498946882,57.239914417113894,43.882680775077816,51.553643323786986
104.74251900163733,56.14696268809652,44.24070193027568,51.75833082799483
104.09712765401085,54.124911712409215,44.39006795663677,52.06353354841241
103.87830316003729,51.29421536241858,44.71460890568159,52.683888688884394
103.50668018353055,50.46485164249289,44.60611634617905,52.726951527409796
102.96931240060115,49.48552529891511,44.36516628219318,52.71175324906548
103.22730691677666,48.47844484511243,44.21062419670153,52.92022529863861
103.47596467288095,46.612917415607676,44.760855190420976,53.77683114298442
103.34898928100893,45.78875900198637,45.203664215007834,54.65715708306196
103.7911805779724,44.713582641662626,45.49367038736967,55.497981452879365
102.7688493007503,44.82776206806979,45.862969401164435,55.9410800695284
104.0149461136289,44.076770953446946,45.80964549014418,56.73405324745114
104.7572059606689,44.364044784468085,45.641679388746056,56.690108040548026
104.87432714956527,44.92236721386648,45.55895492369879,56.21793852259444
106.53396864417965,45.27623439421369,45.31050704799543,55.95235281755301
107.55972880302059,47.18035975265262,45.26768376324202,55.342628483121445
107.9238131937686,48.095195995938184,45.30491795444422,54.64236864761233
109.08956570020229,48.80999631244722,45.421411226870404,54.115175481959525
110.54206452714713,50.38773934042659,45.42520082349952,53.5226581569273
111.54365499261884,51.04027858942432,45.47991293035213,53.1636084279481
111.99999430241076,52.162902207547376,45.23225418057268,53.320310597372156
114.03575501958358,52.76419724969704,45.738868713481686,53.46770265552125
113.88904419410247,53.62035647844525,46.311668122946855,53.70640133936699
114.32963322140374,54.016183164449956,46.5879586257021,53.949802174205736
114.72020183007407,54.366422546194144,46.5975391889515,54.07446221801411
114.25514895776521,54.07793445934254,46.66685772072053,54.37064517191254
114.82042048128541,54.31350443278541,46.44207937266239,54.84889438470622
115.5869028572466,54.90074716409966,46.3419748759814,55.316711315990986
116.30556200439263,55.58505696417093,46.05274825554037,55.73520204452277
116.30745186632328,56.56472272173613,46.10480826396839,56.210299221256385
117.0808605219334,56.974633699983904,46.212784453648396,56.58400234067331
117.06674957625661,58.376937452097515,46.44025459930114,56.80984208109025
117.89895806673053,59.760331629194766,46.76278527403112,56.6983321711859
118.62721013051845,61.991676815775975,46.377384600091446,56.43695433998517
118.70347278299019,63.155417429411216,46.952870784062455,56.61666524757186
118.9238733380964,64.90942848987301,46.41725950093458,56.52319271580538
119.16262302838553,66.32074063795449,46.09463702305578,56.77578900451181
119.43494476031094,68.15582385363494,45.75587917813006,56.942427678360254
119.13573199056944,69.63804372200158,45.926883028579546,57.02271693599646
118.61265289919096,71.19954501274023,46.289984976023085,56.73040259266309
118.31517205133753,72.8460584384388,46.66938221216763,56.27821751143807
117.94596931771066,75.09748365225286,46.79052805780119,55.708075347207156
116.69020088315946,77.253088274307,46.7352366760186,55.78156067936233
115.80478486695299,77.93808324281127,46.90827834798081,55.99372084401546
115.3456609020329,78.89890208228407,47.026939028065115,56.376056363006875
114.51259209327262,79.46621480869534,47.343441163751265,56.327726991727296
113.9333440373923,79.77023916534691,47.42354226647106,56.49400829837502
113.58869348955794,78.42337110567587,47.50032177333744,56.892642536689905
113.36831004660448,78.82160000479482,47.79376868672927,57.58707726793962
112.85438673780763,78.01287835317092,47.856011177869554,58.01396046872462
112.68538881880761,78.22258129458498,47.65117100541353,58.42628864713765
112.66819306999918,78.83950210563839,47.414004516294085,58.57350583717226
112.82657806091183,76.47536237910904,47.818716751780634,58.38104039429588
112.32321501044395,75.64269555102788,48.32845109913823,58.141532269795675
111.30965243802274,74.86791978236465,48.71954199372125,57.9349488202447
110.95803264013831,73.96190718535985,48.64938527629962,57.89538385769913
110.3791338331852,73.53037017195152,48.89281259182023,57.957933828558
109.65629097938276,72.41903371072777,48.96086830407906,58.2442612929748
108.04769561434195,71.49613110441406,49.69634597759634,58.64571554773172
105.59712334800584,71.4788328625938,50.206395348830576,58.74783932553119
103.44843091334324,70.5823974335479,50.869012208969956,58.82931909227625
102.81100784962001,71.01644732452537,50.77800323864575,58.59878480390498
100.05491090011768,69.98480984253506,51.226566556748324,59.078128798647334
97.53201291814764,68.79828578239301,51.46654300927479,59.49672702688734
97.02292553602781,67.81780471948693,50.80294172676153,59.59446071241477
95.42803060990002,66.67843899143193,50.7601614076609,60.13298258905701
93.73891117103798,66.98068875316278,51.056138007781854,59.81797188781708
91.54705315023725,66.92719727915896,51.49867477387063,59.78817147438977
91.44978633420477,65.99641266715213,50.654635856115625,59.73039722687633
89.36544905148371,65.42481044895891,51.0705478654817,60.11671744600052
88.01782572365985,66.19517631448545,51.30877113894253,59.88613264278099
86.40973302696739,65.51117424403762,51.549366780130185,60.29405455072452
85.52566013933318,65.05973484395513,51.65113048104251,60.276938162176435
84.76490948062963,64.8709488218721,51.73937886780847,59.98865974581316
82.91202489115337,65.45338923318353,52.13609152629895,59.68116426054305
81.91087968567848,65.04806105143916,51.966695764763344,59.848968675293676
80.56051970939237,65.69154719444091,52.390949586125245,59.50943969573626
77.58504570162486,66.31653544671047,52.972314948614624,59.35791552083275
76.47642030638548,65.61138330389065,53.280767521319945,59.0268095510403
75.4062685348459,65.93133840206295,53.29128910295806,58.441055173813695
73.43770914008397,65.96736292860791,53.589682850138786,58.274161935907905
73.58701192381253,65.98728931804564,53.16275213326476,58.20920929094023
70.78244959308194,66.135608026262,53.828927976519154,58.02024180168731
69.67933907717547,65.94496415616788,53.8764823976143,57.78099428739709
68.74181057418379,66.21536239443141,53.92693942228968,57.53871938918198
67.38678674602045,66.44079768334039,54.03184567732545,57.31949876151069
65.30010755359568,66.42253239460146,54.18925528974457,57.290858968946225
64.27502658166458,65.99869502845306,54.09594813837667,57.18298517638646
63.15069328963713,65.84503789730492,54.18950340956537,56.99249995276089
61.786953800258864,66.31958479430548,54.31413147432043,57.06548467285889
60.60213522537469,66.39576252511718,54.17890631558659,56.96645965130969
58.60618701696458,66.45703192337551,54.158182283340636,57.01951294945284
57.2382785097798,66.54814873220545,54.174388845058225,56.956516479064575
56.746054471288666,66.70348560385817,53.93665321766427,56.91990146516932
55.12747780934822,66.818780823115,53.95334994135595,56.912610187255346
54.087850769835335,66.95137412128075,53.822454493785656,56.93597879579218
54.41214717736101,65.99659248605231,53.58664705981303,57.20756398931425
52.75838914014576,65.67525669477996,53.350823643353024,57.088803281781736
52.55188598068816,65.37865079810494,52.791361884131774,56.9657946366514
53.41785928001957,65.74303973689271,52.262915079475306,57.256749353565894
52.872024070012685,65.7053003109468,52.11129936667658,57.228460847691125
52.78963632979843,65.05195784923296,52.36329424929912,57.020637285324725
53.734280329739185,63.7102561597634,52.51786883067065,56.79384197575676
54.379058215754654,62.416349050787375,52.65243062379474,56.654592537855535
55.922374653018274,61.09252684605595,52.6867808730468,56.63450447013029
58.171838950728684,60.62113990539383,52.728860750068606,56.73602948155857
58.80603687865338,60.430443969933734,52.624779283448035,56.5269281502693
59.779331855260196,59.19137055311578,52.54209213747013,56.486872917483694
61.08991942611634,58.577182755378374,52.73353501295449,56.74095349285505
62.196016372139184,57.61698386128211,53.020427500913684,57.30197532737327
63.137477167834334,55.347589807796375,53.250300547203445,58.20458184140345
64.56751339463213,53.0784415793099,53.147595942957835,58.775958160971
65.85810414470873,51.77958424746909,53.04256900861577,59.065607410223926
66.97367965336501,50.26900374423734,53.11523168721081,59.05829837731974
67.48592526687142,48.26114239146909,52.89062680606135,59.542423230149325
69.80030457226493,46.039529088302324,52.67934914086145,59.97541023534761
70.31483243309205,44.78157402923044,52.658694693888336,59.850247364981236
72.49066138611923,43.92438348746297,52.462508112754634,59.6316916609109
73.66813999040693,42.886992906493624,52.18025855722486,59.861239620869
75.56476216038945,42.00223522292207,52.02050549495454,60.076184193906585
77.42486103367418,41.30464464245906,51.761112687655114,60.25974025565047
80.22349242268294,40.60521644759074,51.844637949798695,59.556321035417014
81.20258677569858,39.77410358575971,51.542956378205,59.6284152378541
84.18210162294339,39.340933360941634,51.43941355352737,59.04158431507662
87.11570801903238,40.10639694019045,51.19220017007133,58.367022479645705
88.42708564446359,39.85883065866878,51.317306304554364,58.085185073416426
89.96493651746206,40.71147838138529,51.20784615668668,57.78848316340668
90.89192475931671,40.52386954567966,51.679570194446505,57.846772090501844
93.85389282663041,41.69899547107131,51.86372398367776,57.398089010127165
93.45392678549206,43.069903970743546,52.19225339104105,56.634751992205125
96.41005364976579,43.610115114966526,52.44009487733733,56.51876075119874
96.22800008768127,45.36483867272821,52.17559735100893,56.388406567422805
98.52953373260776,46.36066890064439,52.598298341185256,56.430954886157096
98.25777265328136,47.65597542750018,52.45134849304024,56.09391381959762
100.22566096729061,49.67238438004349,52.598135265290324,56.17542000737599
100.80292706585803,51.32285314973967,52.626794009966076,56.34364207110252
101.98325864152395,53.37579775995809,52.154566818450235,56.24009841264689
101.6711498682167,54.8352685499794,51.82877525747501,56.21225771608814
103.12722101022118,56.43577550853956,51.19000514677539,56.17219279074335
104.5276903186077,59.072454230483636,50.61814339233755,57.096575424827606
104.38506664892566,61.33651980088698,50.585511650929206,58.906119378625405
104.88690150471412,64.20710791525514,50.2728807863219,60.192648342455016
105.13705330207705,64.85090881393724,49.89997727692605,60.93214782339587
105.20358213193825,66.76909858708508,50.07161388233084,61.60043508236752
105.73095654808702,69.28229669303214,49.768217121795374,62.133234388967054
105.87460694862307,71.410931858329,49.629718899172545,61.44783963057793
106.22707571616976,73.93828308299044,49.383160334702154,61.56649991318863
107.05579396923949,75.75156673716887,49.34970494676493,61.352151652378154
107.38229846248635,77.7855138737897,49.24030724834189,61.15610691603226
107.47828528972158,80.46879829616333,49.07357961241526,60.657948658595785
107.60212642231707,83.31532924863367,48.97947471965604,60.94237193355622
107.24026160359998,86.18125147758244,49.00264265483878,60.75178628760938
107.29274089138994,89.79624151386182,49.29747764453215,60.360703920128756
106.73955082601444,92.66381612845723,49.352155156684205,60.47573197899334
106.5419085997143,94.91986350431227,49.75463392436781,60.03966605113578
106.2966558065355,98.65942795628783,50.53108218440858,59.95180110897668
106.86338103455243,101.11210808008909,50.879692756855235,60.6769368864596
106.43184334111797,102.47439317976958,51.42083403975842,60.64858517769919
106.11452824796505,105.41455341428859,52.02350765770391,61.43130105509673
106.38336601765135,106.78106685715726,52.297621034919146,63.11939052144069
106.07222952352978,108.86794503030049,52.85973146028532,65.03531770786907
106.49843043730905,110.4600249187771,53.04514663406955,67.38206031662752
106.38607179841844,111.47491272881646,53.50451495586192,68.8904025821384
106.08141943821651,111.16084418643109,53.88680833838944,70.19797682740106
105.28072770956317,112.33733051006496,54.241208267558946,71.1090496570468
105.68957888877115,112.3382137051868,54.283349818883416,71.96624598147518
104.71002441459152,114.10890622236742,54.165589756317374,71.78010915992829
104.50142911443828,116.7968146243238,53.899109060981004,70.87994648122915
103.64449490314443,119.04325462525526,55.160466530619175,67.41549837176126
103.2797848342735,121.94881365863837,55.70659949485146,66.08797567624137
102.99595835469472,125.4009132309574,56.04361979123586,65.1558567623162
102.77268962330942,129.42445844818548,56.53962419923742,62.756346951486776
101.96281375563069,131.97759790899573,56.978995947831876,60.94433616112237
102.81391046283359,134.9262625581013,56.59109949425679,59.9889137919273
102.08312853439318,137.39692426153508,55.96541764839405,59.71969379005857
101.80414028655781,138.07910109650265,55.393796122557546,59.57343208484509
101.13655146007758,136.36621662341548,54.552415519368694,60.635762901594404
100.91027150519386,141.42734689460985,54.62685345705212,59.878545999342336
100.15975338891126,142.54174445216614,54.41343193929688,59.48586135690894
100.46978552888713,145.21887217327904,54.26343057085561,58.44061785087088
100.1243884613341,146.10967990610328,54.187934100893436,58.02171524532983
99.24967316908679,148.630857505277,54.627698886247146,56.903121653198795
99.03084342212853,149.31897258012984,54.51107440360879,56.45290950314218
98.03176355800356,151.05950825685176,54.834200443313506,56.29373422590071
97.64058567176352,153.3992744301405,55.146169859678245,55.676718568623784
96.74121464881279,154.81003328209283,55.259917208008915,54.98825440590258
96.64055152468701,156.0204875631733,55.14361101950814,54.31524656815263
95.80593757030914,155.1597141033082,55.017797724765046,53.82606961092969
95.74658851427061,155.8514212684678,54.87468249427084,53.240595415612695
93.00482929759545,158.03497661168268,55.19765987003451,53.53430282915846
93.38790237641777,156.70625953865743,55.04076610563556,53.4440968423049
92.8401403748962,156.5578964441488,55.02566484164989,53.24969676222007
91.7706921243826,158.78942593632604,54.47738797613046,53.28575753647156
90.38363289411105,158.102420349407,54.23350869497434,53.015943536931644
89.33873580925885,157.2247246015308,53.89358627761208,53.02604856799289
89.17891595092999,155.31807838871006,53.60467037932155,53.23263652013888
87.8464677455323,153.42266767470176,53.932986513627654,53.612130109257826
87.92025900399989,149.91387273936112,53.60760746894914,53.80182672279797
87.10345261476323,146.93239432644447,53.64926387039304,54.05830590657194
87.02336429125549,143.75732025673548,53.636803919059915,54.431501016357366
86.54268234989084,139.75593758996249,53.839711988858134,54.72968699657084
86.29751402145473,135.690708762442,54.24161596864019,55.2010131246648
86.26621530780565,131.65240123914433,54.46730422101922,55.9830052731583
86.0011296411808,127.38903390956844,54.33087622098264,57.62625842977713
86.06832270271505,123.56644388258766,54.93483959523239,59.71284854843595
85.94885917685275,120.20167528709945,55.83361903247793,61.85408265027053
86.34562002085471,117.00611894572641,56.371300566748786,64.35232371474572
85.68870913377,113.55792558224371,57.30259498953883,67.09406976712006
87.02384237667464,110.63396978345384,57.894410126806946,69.27862100741527
87.93486498934698,107.83813862688571,58.231909369388276,71.40873380005897
88.55928512624268,104.02647555555387,58.09732094763238,74.11385944986374
88.44254670670722,101.09091563197998,57.86743005632421,76.17909660467448
90.98850493327029,98.60560389965298,57.89168544005112,77.5956886972582
92.10199083500204,96.73691743254695,58.16918231601571,78.50947397544914
92.02967196271297,96.04370932810448,58.12153552125194,78.93794245331601
93.69830909468948,94.27465045126475,58.11973598683688,79.19362884293602
95.58679085537139,92.20276187304073,57.36791155887211,79.4043639499761
96.51707138517529,90.3572618009739,57.18220632754954,78.77782630953334
98.26681834528016,89.5820002368834,56.62536892436859,78.06368025779796
99.72752730099482,88.29606476164295,56.964083564132494,76.3709318578455
101.1568035908452,89.4820048214802,56.651602752238745,74.91524564066353
102.99486839673239,90.10188105502812,55.97123739598807,74.37796794649786
104.56741890384006,90.90535857848025,55.3570876432931,73.6737242314379
106.18139856271613,91.9224732142078,54.982730734903754,73.28455967155354
107.47259140388013,91.01373774036074,55.00776192078557,72.74236021862818
108.66706599076704,91.82471627269973,54.658096022616,73.10093234305998
110.22456570040686,91.3255977453205,54.3653162135506,73.13530995892228
111.1285621879191,90.30277150652779,53.99288012710643,72.93431913168284
111.50989707759943,90.37455692397583,54.039131267640954,73.03154292564535
113.57771125772386,90.63126319675914,53.96488090955884,73.19315632002012
115.51147015907613,88.21736785559555,54.07432233536995,72.25788833993275
117.43455831083665,87.28504556166246,53.694703773014055,71.89715012292832
120.64331176953142,87.20590002141086,53.50939890869457,70.6201903250975
123.72369580125246,86.06246996135727,52.64803165167949,70.16568262827964
126.20530134887774,86.69585037075265,52.06239070871166,68.96818321138055
128.93510679650802,86.00446840340012,51.660480924290944,67.98347878899945
131.45569126486137,85.80149521980368,51.35555428189576,66.5888037658496
131.89568254365636,85.745697182134,51.09926483286444,65.64094623458347
134.8496097718654,85.24337953354411,50.97025139512309,64.46219115281119
136.86098216586743,85.99619167048034,50.76526731306695,63.32089830317503
138.0595226572855,85.76105608910513,50.353911375434954,62.96614015236116
139.8288069252306,86.15978857576764,50.117743905371185,61.94545903280545
141.60895785193182,85.87623560388317,50.65431962688939,60.606408198238796
143.27529947949742,86.86488981757634,50.10180991187355,59.592140003510835
144.8878612190693,88.58188483621686,49.96348581589324,58.78161431216183
147.0761087702742,89.82252443915345,49.72447383344803,57.894971188937845
149.91405970787713,90.84127999607202,49.73419083565305,57.95549016543278
152.0375073224101,91.90546418359858,49.48787687108296,57.9937618336383
153.52704689146722,93.40165451665521,49.32600673832457,57.76457668220401
154.48891371717247,95.02620544545688,49.084828404792795,58.04157999008223
154.90483433306025,96.48788947602213,49.766652849134175,58.30050033723113
154.5331743427855,97.0468245593562,50.01585676179737,59.09264384625272
154.72510680047367,98.35998812578882,49.889585478165365,59.491432203347195
155.48826617873644,100.28453003397792,49.7411444338896,59.2805844328064
157.49874740886025,101.41227694880706,49.553566964334074,59.80986514500296
160.3293615705539,108.59935838509176,50.60133636738722,58.573537775058085
158.23085877212472,108.50901084948782,50.45988151884153,58.3791477308332
161.70083439424266,112.44791797802617,51.309000880837345,57.31696152551433
162.22053675283686,109.38734071714124,51.18724513472972,57.062586758038584
162.8791243541328,108.3731817870875,50.504193436299666,57.0083457478305
163.80263532801473,108.57622526061095,50.51821088863652,56.022698520937396
164.39789969560925,109.51020371891602,51.10317017243703,54.19079975828441
164.72822653305337,107.34928092992504,50.99909340518356,53.42248592006764
165.4828033788004,104.42442494583287,50.87102355978171,54.255635426398946
166.54824145305935,100.80161656257172,50.871628581918095,56.34588338798959
165.90264833051341,96.89875205145134,50.163331003233715,58.86374295680021
166.22266214425375,93.6205060559852,49.717933566483154,60.57660844855644
166.76772192199206,90.14161561560809,49.178190009026686,62.51060087716225
166.2609406321114,86.76194820909157,48.49970892671677,64.14409025791377
166.85737774042508,83.94605368091152,48.19205160185503,63.858971526950896
168.31219019222772,81.27903569071717,46.828433616203256,65.1682258033906
168.29038012508857,78.6671374765318,45.54083491178984,66.58046803826463
167.59472508482622,76.11068814042507,44.928302876912326,66.79347151928548
168.18576610371483,72.85303509556847,44.17559160005275,67.26880578053797
169.34833305688386,70.48421655189053,44.00940158523999,67.2236488691756
169.7867857903052,67.3811488879171,43.76968872532328,67.7321504538363
170.2603144635065,64.8007940384293,44.34601010874093,67.52729914435854
171.0523409724791,61.64373559989251,44.69264630645577,67.94928564652369
171.533141591951,58.79933829115008,45.40585213919782,67.99858775225928
171.77723316246104,56.296890546815526,46.16982573264425,67.81936401638005
171.7389825138385,54.484351246347785,46.63885332865071,67.72425042333055
171.35664887630054,52.7866970232538,46.98603536660507,67.37852722279
170.55300547397266,51.02753358044046,47.19405652432628,66.77370900496209
169.8044708655292,49.69661630041849,47.31511711141434,66.28147437974907
169.51628448508163,49.46578001694608,48.21087093052556,65.27671366002703
166.44017326248013,49.91930786551658,48.69171142535012,63.275413601962256
166.4100390003055,50.279581211024194,48.74285892937492,61.49656152821845
164.37330949318653,51.97580583265305,48.77199926761793,60.01774205523967
164.1457182258506,54.003370270823204,48.437493274705744,59.03227813403852
162.47507744737612,55.25178180436593,48.21522316730227,58.48954601982629
161.26824687697214,56.85571624631924,48.19253563142871,58.140158781503786
160.06804160435846,58.19099018181694,48.138641719945255,57.77434514054988
157.30664211990594,59.892161868818356,47.86810620474997,57.922635435446594
154.91001849745095,62.503767296377255,48.27085576518121,57.62816937326703
152.45974532445746,64.32137141553125,48.29551710140251,57.212995495844666
150.7466184180014,65.97195094500523,48.36030784439889,56.7860012566141
148.9061331939317,66.7454366562963,48.24290220916423,56.43024165368068
146.53450768234492,67.2437208242071,48.171597110511655,56.45442097944967
144.78576040622954,67.07490101799665,48.28233691153693,56.63081810682419
142.76111327778003,66.71505596632,48.802727922510066,56.49660944652088
140.7653813729377,66.54423511956509,48.767194642808754,56.65565655759225
139.20410443535405,66.39406133997872,49.35057968328975,57.23179150008292
138.12311381471812,65.53964019170536,49.58034511473954,57.984123252806405
134.54671178431312,66.66093097032525,50.33180201521019,58.564925026865446
131.98883871453367,68.58265839776867,50.699005845961736,59.08723717408433
129.19163895646835,69.80685651366579,50.470508404694925,59.90127041807436
127.66826186678833,71.67785281199372,50.201248771036155,59.90711941802191
126.61434001503592,72.64475546871412,49.70967955645014,59.97942143490339
126.34373120500582,73.98625463426922,49.21654701972628,60.44400205848984
126.70732757591176,73.42576068997468,49.226558650797244,60.28588809847663
127.35350300121061,72.53625217746284,49.199937585165046,59.89926524618096
129.67698963873525,71.49378975959328,49.728870014614095,59.712078189219895
132.8792884904134,70.14263791123349,50.45903555207203,59.60048570674025
135.89698757909395,70.29150513777307,50.60555075056537,59.063442792114174
137.21593214156525,69.87026002599636,51.23923183131125,58.50593756946247
138.9961890917504,69.19015668042266,50.86033542933873,58.489599665845176
140.27227823639976,70.52983883228066,50.17868106963604,58.24828634746548
139.78952607296318,69.75792291769325,50.33790424712179,58.1717600671661
141.3860690420516,69.48016420993704,50.867722275848706,57.30630298965179
141.16207226543605,69.12038321538066,51.18324435705485,56.808315893147494
140.97193101558204,67.54768459343958,51.237664985520325,56.39689465176963
140.14884283449902,67.09285772723038,51.323776435844024,56.20536771154248
138.97239124555446,66.81722100344993,51.22381973519312,56.27523315911099
137.82123324335544,68.37960312330011,51.09919458320383,56.98469886554712
136.3374247108658,68.89488981708018,51.03089508133435,57.61766000004353
136.10244437949933,70.43651270926978,50.596506953421695,58.2881395059628
134.88422625946177,72.3532886477419,50.60500520903023,58.839941194234626
133.2959658065457,74.9001144014153,50.304277923028906,59.03863044235048
132.21360200452474,77.35537851608947,50.92556292014484,59.49479237184612
129.5424444444744,78.54502536278733,51.229976161888615,60.13215579247935
126.74549277520126,79.48177747445341,51.31502987961579,60.28136976029405
123.54972544456965,81.14840409115644,52.24052011491467,59.65188215761004
119.8840274100155,82.03051970967933,53.18273313958933,59.0389115349594
117.24367259165282,82.90676617498737,53.67651793729492,59.200435208766834
115.72236100064708,85.56008218328085,53.78680097419532,59.306130004923986
113.97776523020511,88.06207904129295,54.367698314182064,58.37326608778899
113.22304802525835,89.80905460685386,54.89178348615674,57.54999071121427
112.13887801890839,92.8192321008732,55.638940985619655,56.76462488943536
111.84068582978061,95.67263481402937,56.22843280708494,56.005719281543435
110.29018342858825,98.6186032998635,56.91132866934515,55.54544343887298
111.35480894883436,102.17767566747531,56.62888761210641,55.5816952376154
109.82485566955592,104.21966336711266,56.78437069539778,55.81728704186244
110.01115262640394,105.71461604521258,56.66367238821955,56.77260263292822
110.18983375743423,107.6448385445834,57.16960866150596,57.5133491548775
110.39385591990802,109.26982538966062,57.48670359685042,58.881183806703035
110.15558996340366,112.81580023702182,57.63407392548186,60.24185080357
110.04106100330654,115.58649448155049,57.68897731074016,62.21280905905002
109.36238547954866,110.58607446630904,57.853512339197664,63.92321806688885
108.48546975945168,111.37328275092312,56.10734449464738,67.15146768494708
108.12338788505575,105.61325266768802,54.89836486613516,68.80805682022832
108.13324649983826,107.52912563164595,54.170418333210144,69.60846869489424
107.28494995704813,107.84671662531031,53.70709001109084,70.28692777888513
106.27338718781701,109.06884869666436,53.37298727043928,70.44145308968348
106.55800620815884,111.81476989729146,52.72805688157344,70.16253087733311
106.53251752722494,105.41398012198417,52.35823755106985,70.051043563934
105.43662542895245,108.44467937797776,54.79493595149704,67.95017557143228
104.40542641319374,111.0365175319931,56.24381997687664,67.5158526722151
103.62793881724815,115.61422783728949,57.14148575581157,66.60159436173218
102.07922539511011,113.11965012222748,57.1832089601035,66.39417844175851
101.36706590381709,116.53089868352548,56.500625820192,66.25800591556757
100.67693887963664,117.03921077663597,55.923983444259385,66.0125751144708
99.34550832797996,115.90232700465813,55.7192593653828,66.17616776409356
99.94785381458934,112.68873015841012,55.51175105941944,67.92058023710717
100.05887974003878,109.60939793963149,55.1765082297551,69.3419995918092
99.81098563312732,107.19709120809202,55.145753541585215,70.73040075363389
99.31900317757533,105.82516799802944,55.42943647503568,72.0181541008678
99.22349010795539,102.09980443873273,55.772036585189454,72.28844174726274
100.48084421613774,99.89437037946641,56.023278333348074,72.0502071779597
100.64034263225832,96.55265143319214,55.63918177001919,72.30786620469402
100.54621539665604,94.83197147737614,55.79059776560899,72.85716321387545
100.92888444880015,92.08065140970082,55.72153787577544,72.8500992362195
101.34812179623316,90.59384036607014,55.04135233031299,72.58132520722417
100.46448211503174,87.55194776880572,54.43152502615086,71.98754864180427
99.82585219987503,83.97081876799649,53.03923539128485,71.7947179326378
99.20320254119711,83.01973098084063,53.048950211188895,70.33143025011358
99.66142104323848,80.77523499693936,53.19499055734114,69.0834489322411
100.84249125302163,77.8955860652938,53.18001238447895,68.13018518817135
101.33650471825213,73.72431384206521,53.1368502039264,67.16539759574916
99.99046143423124,71.24400008865186,53.63314147434552,66.5312160472475
99.84016033822877,68.8618695806309,53.60892350548467,65.78848281585289
99.42356868311231,66.89711175678684,53.98316467060842,65.14871736231419
100.2009655063859,66.73190185429976,54.325487446714405,64.3994452803865
98.8673540734033,64.11272739473888,54.46411414988357,64.50233000807148
98.64903388205575,62.40179561153578,54.35783710217786,64.62767524867202
97.3740309474723,60.46390193598151,54.70335922386245,65.10070590880156
96.67483772244402,59.90819377332737,54.56515712430504,65.20060792804142
95.5136915269092,58.8389589017048,54.67051554969172,64.89395018410394
93.23600373818147,57.65027469969526,54.82476569608638,64.83509245859116
90.71386944166653,56.44667180137586,54.74985933184087,64.54310406234362
88.6278848808845,55.898064457068685,54.59290951953652,63.74210917911958
86.57375341579476,55.29483754193206,54.31835470450726,63.154591590058416
85.72904387706299,55.377694990838876,53.71901979561217,62.25025575537422
83.4528851851365,54.00956315472895,53.48270430974468,62.34794649630439
83.2501176245045,52.822638224255044,52.898568439111116,61.92820795736512
82.65246876457246,53.30783746045391,52.460611988557375,61.23933631874004
82.36334060662952,53.57351423500991,52.14688932533255,60.92549212874937
82.508201332912,53.42050853545362,51.8359329972227,60.595792155963295
81.50258664214894,54.03002006756534,51.490916622599514,60.50327947343847
81.2403497987076,54.61378369379034,51.15844592729151,60.40030107104798
80.93146857658893,54.783673088660535,50.512104482063506,60.34010928191602
79.2201075620246,55.816872245403005,50.1222666681288,59.89508974784241
78.84979012521495,57.36773185049708,49.448297831573555,59.81362872590194
77.82474433445583,59.2749050921106,48.629894902441144,60.08789050759799
77.20704812268295,59.7594149856389,47.95867731393246,60.014189824736036
77.04003272848054,60.60494358832298,47.43160897838251,59.97644768665913
75.9449754461707,61.12474143988167,46.8259049757262,59.88549489306858
75.87462995332658,61.50407058116542,45.80533940967187,59.897191000645414
74.8163440895722,62.86016296683178,44.87173737772021,59.58007773581295
74.0332580744067,63.92599680692092,44.408550782639196,58.89522733449666
72.5920040342605,66.63735551364908,44.33337363076913,57.50378090187529
72.80159376280673,67.54935793596968,43.992012954814115,56.71876083277732
72.4180799415831,70.33543608180382,43.801521960081075,55.74812031106754
72.10343236088647,71.96575968437402,43.709364170043045,55.6850644107062
71.91941937473993,73.87049724964629,43.5376052936461,54.98350492003896
71.84199937117155,76.52570179185327,45.75935318347328,52.47377790349612
71.62529184118159,79.1086930535434,47.48144295563429,50.55931529855761
71.72034890400641,82.10620761694187,48.72160367415428,49.72107165988933
70.78277066091852,84.43309917048833,49.397926694753906,48.95063916352944
72.96867469475322,84.98300233171639,50.23552071143507,48.898036143456736
74.07488362374056,84.90513414378887,50.819255445165695,48.98066457637297
74.52701413830525,81.6534659619031,51.36727076510403,49.75225712758351
77.24465076446754,79.12587312471028,52.35513708492299,50.32680239059218
80.18116123925088,75.95107978646058,54.184266957042084,51.61311039201222
82.14310023865544,74.41781719262505,54.790473568218346,53.004589254953366
84.51876923289528,71.94349957023896,54.929796819362686,54.639706929229966
86.792497114927,69.30934813843467,54.548203615571445,56.630143667731716
88.2694977456893,66.53517597845007,54.20771105537129,58.05867645281933
91.387723695093,65.24515331094054,54.689790765145474,59.436859214214735
92.32965875329609,62.79313604335498,54.988004493877824,60.646199230342894
96.03751509612786,59.73978690979429,56.20160718449604,61.822826620389066
97.5252322210909,57.57599238754367,56.26119543174708,63.32981038687517
99.65157533488262,55.14171942954562,56.37884287573346,64.75825920928912
100.67888737695603,54.46585251574932,56.37388138161349,65.83247491349343
101.37264271487685,54.32689284144489,56.31079497258705,66.32024117591683
101.87435688856121,52.79547122103779,56.29671932831281,67.24251568351569
101.14552574834782,51.86263660970609,56.55108745075771,67.46748742693106
101.5540334343757,50.62553550784908,56.63691704415989,67.52004041303948
100.94217089416509,49.703912761224764,56.69590942995523,66.97053302046963
99.55311053867658,48.684960159329925,56.49107230096642,65.57891833252042
99.63596795525991,48.23073222308342,55.8328461357647,64.49806966247192
99.16505948620392,47.75090337172659,55.47148559794745,63.576888017346235
98.71178432864333,46.29423450499873,55.09737814481909,62.724748570321
98.00128100596892,45.80851913080811,54.810281729445556,62.36121742752792
98.69289715561787,44.45777857959747,54.21452185703898,61.99224011777878
97.92831890425155,43.66350336306603,53.754436163688545,61.70426979793488
97.67649338087409,42.31594717920929,53.3064415977268,60.87820463535965
97.39023763469376,41.501328534245864,52.72581302203325,60.32527582573816
96.26571580637335,41.0861880591241,52.3891356627439,60.20462427323512
95.37079911676047,40.64067436315973,52.15468420233956,59.838586130572175
94.6875684088188,40.46465523966681,51.8402576806771,59.7235150550101
92.88185120582762,40.82690265261468,51.62209437509636,59.75105221105941
91.10452165986302,40.98386273376369,51.52123421997051,59.44323709734335
89.7371347015,40.995432719841396,51.298475730843265,58.82989062131982
88.72912668672947,41.389567571996416,51.11255480016398,58.53966269581265
86.73369307726566,40.749450953455515,50.75868830403424,58.305002997141585
85.33459848396512,39.57362439546441,50.46356641923943,58.05257543609133
84.14876115819295,38.74525655837314,50.28143405059641,57.98799691845562
82.69987558107545,37.0209668265658,50.2727833050359,58.16810537949158
81.73628722440102,34.46074309437687,50.13231899856355,58.60994967156718
80.60128691644309,32.72752711938646,50.1031565113758,58.702523646541906
79.54119500564319,30.497781977138125,49.906552613249026,58.602525157692625
78.65238455220708,28.786360085317806,49.61545532515969,58.64636589339015
78.0453432074122,27.73813395097236,49.31039300284762,58.4985604735587
77.04485118698413,26.953544807038504,48.948644156435684,58.10319017362734
75.18639326419415,25.99910763629044,48.85424446551661,58.03380817032824
74.3521844159323,25.151143346636953,48.97433245107992,57.88717502783346
73.24655223488125,24.44354221055692,49.02002226255338,57.74531205150414
72.42037714859411,24.893979104814107,49.11948594907417,57.81277764659191
72.09530156575693,25.10105537293459,49.04217780326324,57.84226859089027
72.4776188352226,25.5074333147396,48.82620282739649,57.74563259272489
73.40785546503088,26.3085828417277,48.54855856634559,57.8239552819509
73.48610947703322,27.291116056819046,48.512775250182784,58.47100185073061
73.20932350772068,27.381081530225508,49.433301813460716,58.89244553007735
73.89816858871401,28.959887771467457,50.093787472778374,59.703370616639475
75.02544792149871,31.2533587012483,50.623784480808226,60.38519802129898
75.26304881222256,33.50758081666764,50.816366376938504,60.552748663507174
76.41988545773901,35.915720783266416,50.1208912422624,60.770675120690484
78.21910546690887,38.547653208129745,49.74374348123166,60.82776411694161
79.04436515189184,41.87780329113317,49.54968780583816,60.226295165839545
80.4812017173791,44.39129718790396,49.35613108988747,59.62201254579039
81.23275366487502,46.26540689823543,49.316786259569994,59.12809419629444
82.6146301766442,48.357016125615594,49.08381212091933,58.63779761844147
82.9751461524684,49.55102741322305,49.10617537858336,58.31171857426293
84.3727497763862,49.53667741179902,49.108308046977,57.73088800898814
87.08998969708955,50.189687059366285,49.05928381393823,57.678139101503135
88.5452449271393,49.779514026108174,48.93394486262781,57.49317057947261
89.62866190582008,50.09666988597362,48.85179527721448,57.03194763382676
91.83014607556191,49.90132246295065,48.758495478685404,57.47736448723673
94.29928828221156,48.52764464956441,49.14914430436926,57.94607793642743
96.25305280362429,46.60832144089934,49.231998648155766,58.316121219602294
99.16563051577565,45.56654914520711,49.28896526364795,58.179814793988456
101.89240331370621,44.25532431326111,49.2860808501904,57.94391489618916
103.2776232594625,42.799533203724685,49.39473818195967,57.805928462155336
105.98390473170298,40.35096519582811,49.14752376729438,57.34540180018359
108.59723456109184,39.05086131091053,49.04388571114728,56.825090647212974
110.53869084360639,38.07712413207259,48.94959504858399,56.81163120037682
112.87527165807862,37.23404474963052,48.87672944014737,56.77600859223698
115.8362663550155,36.3343927978404,48.79710817218912,56.69596469460872
117.81133426160179,35.4540292645223,48.65463055451214,56.53253414176861
120.46699519423095,34.50067839130209,48.33407378401091,56.217600069727574
122.8244202783708,34.20355064272026,48.23456098755739,55.66815353670936
124.80254636055083,33.355120716658526,48.02836699733061,55.47488680287243
126.68058938369569,32.74571820048938,47.48728277255884,55.06348954181473
128.39826060135374,32.78558596529145,47.255354538979205,54.753943819029544
130.4916385222165,32.38292586617606,47.29920668370386,54.25977308861043
132.62426649575565,31.894853824027457,47.44656317482745,54.178742609499736
134.32102519028209,31.353117445582264,46.743541992058184,54.33654569628514
136.1970622677698,30.55699909796747,45.95034969209374,54.358001160588216
139.0739788208761,29.75343810924698,45.50882871204078,54.49178501089297
139.8464047607122,30.026889186112818,44.50922695014735,54.52318708832813
143.24926980267372,30.45250894018426,44.11858313560299,54.6974881704715
145.37867122063983,30.47282066068779,44.13180254698522,54.73282633417883
148.44375054129742,30.24386412710659,44.741759071380514,55.09736818885878
150.074719034571,30.04059797578264,44.9664346431982,55.2051354878255
151.09120437134803,29.59687683852003,45.601000466760226,55.34039092753856
153.86238171629094,30.027887352214588,46.15060429967106,55.34373564378652
155.6266914126187,31.866908408340315,46.53097385965225,55.02004290630619
157.6344187179632,33.05855885814409,46.906242477417834,54.809034716049226
158.20688602604943,34.72890988993565,47.112479354775644,54.85680306376676
158.66791010336132,36.21483025097226,47.51349564660114,54.693315050510066
160.0076839072649,36.98611030089669,47.69405736801767,54.60728266062215
160.22946178633165,39.213136849439294,47.90547380550943,54.75019439965755
161.25214870722058,40.17891079880396,47.77075164753894,54.46030361495714
162.07416342298131,42.46105943139443,47.718424558050884,53.91713881895344
163.76544910112463,43.783595886835236,47.80710206689177,53.73111417925104
165.02927609832201,46.38115535639284,48.05719689566293,53.033983464165374
164.5448513970561,47.76194042783494,48.75903182451805,52.71156270101138
165.23089407408798,49.30145943904316,49.17632427902516,52.75580782640686
165.77330996415063,50.988638800971266,49.30732973911897,52.70282590308774
166.7946385931995,53.696029035089715,49.374992810687395,52.41554358472267
165.58823933128508,55.46365918848633,49.107878767377514,52.377701681554925
166.362925656248,56.67242434200262,48.62595997868827,52.510233554087776
166.4289715417737,57.49053310550269,48.46798832536081,52.65399132215446
166.53708497586538,58.483087435128866,47.88466416880732,52.99925261224294
166.48930644815212,59.525332894829475,47.434597564146245,53.125218779404825
165.57553894426115,60.001071588097744,47.7124170529768,53.102705828922524
164.8542186671948,60.669714349612946,47.989736733849014,53.23827551619638
163.72024595681427,61.60081505920777,48.211900065376646,53.2710906480245
162.09355274054874,61.81091949224275,48.50090098841672,53.65652265824771
160.9261814222575,61.04099433492206,48.60721549961771,54.396153913898615
158.74802832151252,60.921435058665224,49.17202852369377,54.83488475607942
158.01950630048665,59.800286745123636,49.12512661905208,55.73981825926886
156.82881413385442,59.236976340403174,49.38312409242277,56.7269926015486
155.1366197508425,57.540722096619916,49.35424500757075,57.44205806161878
154.6620231992041,57.28055549298029,49.207248373527584,57.46124006478884
152.32340979903438,57.67254980454412,48.97196382514269,57.52011363047725
151.0154477415387,57.735129488268484,49.016796526636114,57.201590775308034
147.30589187402174,58.562031506328196,48.81186241282357,57.26702955039161
144.9239126185362,59.12837936053869,48.03670787905587,57.124895506075084
141.88146114164323,59.05337365216317,47.64541740480226,57.49114561522897
138.6302566882782,59.58035541547905,47.3797284340299,57.674419303639326
136.20437137324143,61.14369491985552,47.23991857780587,57.79195196862295
132.93592662251118,60.44156696439543,47.52669077732541,58.379390953540636
131.65034950327384,61.7922296376697,48.003124890601725,58.65293914977774
128.5760477475449,61.6655374979798,49.0391318902188,59.72896635155897
124.27471303319875,61.62041213176784,50.36693569162227,60.34714251571124
120.1409879753919,62.533229613597925,51.362896663864404,60.5916371850009
116.64399130518017,63.38376753811669,51.71135644258132,60.53123676149285
114.88560364201703,64.07688350880855,51.54590964099317,60.46189660954549
111.63501243757888,65.72972621964819,51.389265149387285,60.77985673191832
109.6094570295657,66.14307141362909,51.8645731623741,61.30809149959619
106.41758235160742,66.61430124983644,51.606224091471795,61.55837107545723
105.68390831936026,66.99640904071029,51.973483082784966,61.76166422698206
103.14390956112761,68.03322093255468,52.66283557208961,61.66414064966842
100.92811074177601,69.82295926521776,53.03957214206723,61.42442643360679
97.88660043675326,71.27121510779156,53.51564199222506,60.98212836769135
96.13819337095286,73.2900587343519,52.5461947369545,61.32107714286049
93.59810353673858,73.87327673918739,53.61898533677955,60.611459892630876
91.84444008500822,74.61278509677805,53.96136711466046,60.19995354388936
90.15750943132869,74.9267712091856,53.90345237526656,60.017137505893345
88.93171908357716,75.34653369468262,53.789312989440276,59.91090284957369
88.72430706879481,74.90951381633609,53.78989743360535,60.01070062237622
87.87019719153295,75.86718789811346,53.86242244592631,60.11899428354377
88.28856807165616,76.87950604892085,53.81223681036708,59.93908645177763
89.02698400279533,79.7695781910105,53.32314743170464,60.608323995906424
90.10466889669934,82.70075937880445,53.02208577225355,61.409711315142744
91.53319398198644,86.08987677757204,52.69251787287381,61.53958904354748
91.90610719514251,90.64243187993824,53.39814167525277,60.904774744881976
92.17292196174226,95.33420849573139,54.2397056187302,59.89160572960429
93.58858121673697,100.52594183369027,54.539827271399474,59.18746892581788
94.46717187768434,104.4552379315677,54.83239365496432,58.95922302828081
96.15325481991884,107.38139247186771,54.31930355517854,59.52340974769909
96.6353355510501,109.41578868661412,53.735661334010615,60.87769060998481
97.30641073287401,113.00565730797302,53.16633728433527,62.453552389178654
97.8555702604025,115.0159047032542,53.06859436777469,64.2742908520953
97.89242588092063,119.0356563642251,53.40281668973245,64.43438965722866
96.57473438298703,122.48051772829157,54.30987109997493,63.30449120506621
95.62787052239955,125.39524244503238,55.39696969984636,61.033369446450315
95.21011148749155,129.03472349398345,55.89789959961079,58.892600479041334
95.45494463114483,128.71387337167943,55.86033886426232,57.4074348598493
96.67244643494612,128.75126775924295,55.29958435734483,56.50212736218811
96.91555521736149,126.55541104756253,54.74767395050743,56.86214685015465
97.41498727139867,123.56052420150858,54.07213565524966,58.67314618542051
97.07240848522025,119.8971351457525,53.78077507346222,61.583304042416074
96.42963283081713,115.72163987220307,53.685492279637856,64.88571585034869
94.47776754178702,106.3601082542721,53.40643210147249,66.56315530691373
94.42983653437304,101.31448562587283,52.24440031556496,68.78703281926649
94.03175288742827,95.93146409247916,50.93828603901994,70.72480306653476
91.68127109833914,88.7024614657216,51.138933474162314,70.35337583256211
91.28806735305872,82.63206728901099,51.00074620478203,69.56988497303166
90.6920309125066,78.89328209432861,51.19853207187872,68.50727324874896
90.21582149547274,74.77769778973892,51.57018881764766,67.64035550081164
89.79006228196013,71.45222495758463,51.870626242914284,66.26109543849668
89.51870017693936,68.95985219247214,52.41303667754565,65.33107227289037
90.37346145220741,68.39507076605244,52.86204030918425,63.98371690520975
91.36803633288407,66.8800591829574,53.16645367534861,63.66618348036591
93.3490492203844,65.18472621499353,53.627031030688535,63.79077404359772
94.68004284697767,64.04261580631888,54.10814713863175,63.633404313385356
97.87425552565458,63.34785199382371,54.34252880718735,63.558812861646885
100.17676212597904,62.58299434586047,54.44438711609045,63.083021403651856
102.46324627802157,62.78590257939681,54.23811421605811,62.426122188404506
105.93868191436505,63.86048940075599,53.880781704510056,61.13656244110241
109.04232735431111,64.51055084995431,53.49661380282839,60.47627346986032
111.72050691841085,64.50993540192302,52.92767542429321,59.76660095977971
114.563806710538,65.08749434923885,52.08631929401841,59.11045396115365
116.13343300877594,65.52100666182825,51.66500798172224,59.13606551589888
118.59845075418269,65.6958918713443,51.54724551642143,58.92919314979762
120.81267297608449,66.29042913191091,50.751477435609175,58.748435264749915
122.73054055492003,66.67904793694223,49.944927334624495,58.231505681954715
123.20627107194767,66.52954698971729,50.83174662073672,57.53728510135274
121.3229399921028,66.77606726821384,51.514982066482986,56.99056704506536
121.45711170825238,66.10993951968929,51.92779580591005,56.72815629951495
120.32640810998632,65.81549588229188,52.63484952687151,56.65175286099954
119.17815021260216,65.7332390811935,53.33422489023572,57.06098514894248
117.65672636052781,65.32312748430465,54.083977005700305,57.45627973716371
115.29390160357701,65.19542622404381,54.64202302686509,57.929944304260914
113.19892880044486,66.04723108917312,55.01493581910352,58.88224601961996
110.907609806216,66.91709167045727,55.38579087527975,59.36708917094024
109.33106886749641,66.2241079754365,55.582896743350034,60.115971540439624
106.57813803075673,66.18046146129004,55.33196062630205,60.61821121423081
105.20376267793671,67.06878758326309,55.10049864349605,61.19136909372833
102.72123298975588,66.69878812075231,54.68196255324395,62.24026456034535
101.0319774212048,66.91106785664152,54.628317127540925,62.65610208887972
98.4037313244931,69.15331603342625,54.257441824473844,62.78276219893331
94.90287789403091,69.23181988595191,54.20944842523588,62.95512645285302
93.9672450174186,69.92812817929544,54.1406069520887,62.545787067818495
90.81302569021224,72.13555045431646,54.33519739712033,61.77739232208248
89.50436449404081,72.84501330451252,54.339049235111396,61.35564392452774
88.8177046783423,74.26995792278248,54.549623629157956,60.68875024577285
87.26284257806091,74.95538253927234,54.98578911771511,60.30226498593386
86.10747800395399,76.76087130176177,55.48171800347778,59.51718801561195
85.1365667661592,78.11604695698091,54.94951546800473,59.20311675545138
84.45041639525078,79.99630508524841,54.4132729807185,58.78130651545692
84.79998186506447,82.48203729047515,53.96421303022305,58.614020342918494
85.84482353314074,85.16939240677078,53.76442835186927,58.1719764120545
85.94229617204547,88.88825753167899,53.55877843655469,57.38927879697319
85.95339694134228,91.50844729175046,53.319149465424005,56.34783526239545
86.44204496741025,96.28172348050981,53.68867031068032,54.92789840916873
86.27343581536948,100.44307325902287,53.59583582769635,53.00863742025785
87.23282459010159,103.56148931540949,52.94689136615328,51.638518831349366
87.9845993094751,105.1442460674655,52.3521905707092,51.35776713754005
88.40280815944806,107.65189134229959,52.11637114642473,51.743935328106254
89.28608503862566,114.44480658225265,51.91587685824622,52.20271868639595
90.22597227445057,115.21251633604551,52.02450689900181,52.540705469818214
92.0061499099225,115.71596997157387,52.09576631311653,53.215973954262296
92.82849506151356,115.72868468821154,52.05349133319187,54.17196444190827
94.61065167929937,115.5619498404771,51.65040842331912,55.848692875894926
97.39417905890899,115.83832766875608,51.84479632538526,57.05070833273265
98.47605632518372,114.93985014359106,52.12672622581921,58.41681859927972
99.9321545669896,114.55631434685799,52.42690657516949,60.223494498966886
101.58970309340663,113.93922213308423,52.87557366532555,61.63476800672889
104.02096468809998,113.60401716725075,54.08663264833261,62.19502707218541
107.80230159289356,113.01718795553514,55.54455438928259,63.32257594591541
108.27865551187392,111.65504250418257,54.80189887764344,65.26768232837594
109.5438329555545,108.54456025292288,54.08986343017028,67.69390663085261
110.50898396357348,105.19209882738994,54.08389129103205,69.33354618342605
109.86846341998458,101.16939807603774,54.67516227570894,71.19051833050914
109.68432139381,96.88822056730992,55.28484333635795,72.56773607608366
109.50392296846289,92.01057744719543,55.81118657448617,73.19888539156898
109.20221030792749,87.85234324998663,55.60177328156998,72.79600297116724
109.17031692104236,85.29779882052544,54.3341317659268,72.20983798106008
109.68312796213422,82.35504446655702,53.18565384162956,71.27494740463412
108.24821322104717,80.29051930113641,53.20978711294249,70.28435023257619
106.79877577291904,78.50818394320962,52.85437214370495,69.5599660778243
106.40439320314789,75.28271100723933,53.007065124433765,68.41225195754686
103.32557078997161,73.14919751067941,53.80370559821675,67.35593472001482
101.34118393403182,73.28069974454101,53.72026993280754,65.98442619536111
99.01516293419074,71.04960861502859,54.11182103817206,65.48887577692622
96.98631948231332,71.21017937618126,54.36335702868836,64.42509000422795
95.12104205147492,70.23564373463827,54.47741389689594,63.78243641472483
93.81411770722573,69.08549007646249,54.30862951921695,63.10978373580663
92.59176078289128,67.57292297500936,53.96883990795541,62.55256100893382
91.56428888121948,66.12451158038739,53.70656040082844,62.23837882571988
91.84490362264357,64.71137777664997,53.47115356936652,61.79331536134108
91.33150993311628,62.586150827642165,53.34766047280466,61.67696704378052
92.39484522971549,62.14828572147916,53.16181403064535,61.41017861654201
93.91617368207078,61.521487952176614,52.937766363605675,61.37896122790102
95.66689039853506,61.22276827594632,52.878525961988146,61.592725183919185
96.7185639404974,60.76579279972503,52.67459818577221,61.57748049389046
98.4906147392082,60.13040493432338,52.801000919939355,61.89616810709427
100.68977994684101,59.80795668222194,53.067539813145416,62.40692289791633
101.18014850940077,59.63875546916489,53.785749640845715,63.222691801281485
103.05998779701393,59.832928678853946,53.67052053804676,63.69340298716995
104.00452480824671,59.23949969849476,54.094236670991975,64.23548663014692
105.00887451517829,59.633695515396425,54.13660413258656,64.63279362476919
105.58459916456835,60.02215933699418,54.07341548444123,65.03054371118031
106.58935920567927,58.376637609925176,54.60628551032789,65.67115815492708
107.78942568009516,58.26999706714445,54.78901255447707,65.59468684652758
109.57721987194519,57.525549726168336,54.888364518448526,65.63253851872182
110.49803127862273,57.45386773940314,54.57950232521061,65.56692932292543
112.17872769156203,57.59945665836413,53.943248401996215,65.01929144419572
114.10890988204027,57.56111043731852,53.2040409519632,64.32951345400545
115.48844840621949,58.5743878085043,52.34600243109347,63.4995556917288
116.29426922679184,57.76182556305439,51.73095349043017,62.720016143016814
117.09697548706275,57.66253435438298,50.97304838709036,61.3593753853108
118.69574377787342,58.482429241100085,50.11356240933561,60.30736733919058
119.8619268724178,58.81608166899968,49.49129567894131,59.38218954428159
122.34902166439055,58.94578970957503,48.60379175249702,58.698915655017785
124.62196348332193,59.41859197296581,47.719141301356046,58.09314960322517
126.9786240210871,58.840323920316614,46.85893745338003,57.41566616678314
129.37181340275356,57.62464636700847,45.96880846116528,57.12760513188943
130.53429994160015,58.10538744444956,45.100544410762424,56.5503638129123
130.0614160730123,58.39921394696627,44.40112381633409,55.858895922858636
131.72713596211253,58.49418343860782,43.63151360508927,55.52339788198219
131.6598601823136,58.47700577759782,43.14314846623129,54.93248653282147
133.2242726237818,58.058959579351054,42.412252536465715,54.660310787568484
134.26168447575165,58.79458969422922,41.78910651254155,54.19329452772944
134.48947035084115,58.57106625864814,41.47473849366098,53.91133075731675
136.0664070251576,57.897114149875584,41.308215370476724,53.6938538055427
135.794108184808,59.63563741125886,41.10614262623765,53.487065471023826
136.72484576426612,59.13372821354256,41.09400933667568,53.19625655761091
137.16223831818144,60.02823993317727,40.936965360627624,52.953969835565616
138.00590692823226,60.71679830344869,40.8915133019258,52.76255446526203
137.58195692107378,61.573775757009955,40.951125020973734,52.764410691524205
137.97227111661047,64.87604195856423,41.49426345748367,52.47341922393202
137.55511063654754,67.6862574360772,41.44373963764129,52.56464579301497
135.65668960371582,71.80786647273798,41.64448924076504,52.49653281460306
135.53012404364785,75.91413407136837,41.645255457212556,52.85583790359718
135.36366660458242,80.06753752747488,41.70663914089496,52.99526283342517
135.35963880480801,82.12282609331734,42.32781577315856,52.535091823947894
134.84568802867312,84.30255478430698,42.368481540897726,52.4648190122811
135.8864854930331,86.34105266672414,43.054097334147386,52.20262374831654
135.30253562466154,89.0412691923574,42.55985992012604,52.21572533831588
135.38291039696605,91.00444214742095,42.77049711214843,51.98967606858491
134.53073998659977,93.85541115771616,42.58284405260906,52.42730590001473
133.51687601017403,95.55388724496163,43.037185217092336,52.39622896966444
133.1047098110733,97.9518154502833,43.85662764651116,52.24137712139901
132.66895432379087,99.77575420063066,44.494413341506345,52.23768492534603
132.46232589430585,101.30089785533008,45.01333279968236,52.31430114988274
131.47885058139855,101.84843232997574,45.068518684553055,52.531421779601445
130.13805049409302,100.70683738224423,44.94841564451875,52.87729692630039
129.9190349696326,99.46802703849966,44.62808207561499,53.01710423640918
129.34066590515445,97.772542263326,44.16381800730569,52.935121420881245
129.58955753559889,95.19714372531868,43.99885322476267,52.98809630756483
128.65032443145475,91.87679221382281,43.678138353186455,53.45740450557488
128.29570623850591,88.20935641272936,43.506562153730265,53.73558255383721
127.39972172734238,85.13436457779962,43.05765545507957,53.865999687747006
127.51490111746507,81.37558246836588,43.18637940345851,53.88811245626657
127.23172509111467,78.70598760879236,43.0330211061227,53.60018692577984
127.12228128621962,75.58263488635416,43.073572840640054,53.44579078145335
126.64643426493964,72.52718719300168,43.17388903838952,53.4876525454166
125.41704514148007,69.41682228437102,42.87180660377484,53.62940191681611
125.1635564307299,67.67319243511696,42.51831164416025,53.78146202082657
124.62439859929835,64.87271444929064,42.27771337040836,53.79814751518426
122.96156332808994,62.72231694244696,42.52563775994737,53.5571286784688
121.39375985964668,60.87058628897403,42.57010871813513,53.21961441473594
119.63151489706011,59.62088761867416,43.026769511228196,53.01607844387329
117.10187280728492,59.570323988796765,43.60268100248513,52.61295601166488
114.24230427311642,58.7329308028348,44.095280843191524,52.43784344922449
111.98385045686102,58.402761668823416,44.29100097951701,52.28038483128
108.96814492136107,57.36387912838103,44.45769313648493,52.1158241293889
105.9228528030406,56.41539093438787,44.616291518023324,51.80591279535983
103.41733558658709,56.092818243086484,44.67965835220599,51.92614444972546
100.49799388333821,54.832300516635975,44.72100184247451,51.82437216146131
97.28520265122306,54.838942830415505,44.77330998038033,51.95712263889226
93.57596855550574,54.16215562464292,44.90730713681131,52.09520492111156
90.49185154355317,54.09785028905326,44.587582252635386,52.1799293293674
88.53289866193724,53.43199729720932,44.25484810040095,52.35088981153702
86.02101971376177,53.56448806397529,43.80623966374406,52.440300776736706
82.50659798704697,53.17432329492795,44.4150739809737,52.61467590618575
79.87053615185924,54.20571198981012,43.84917684980499,52.8686962497283
77.45550518316014,55.04240076602594,43.68780898144759,52.826791284882106
74.94831642925806,55.348430361694795,43.324463749078404,52.85529331657448
72.92302230164024,55.51727578713224,43.00495722816047,53.05644907767622
72.28322109226319,55.95940626401882,42.729819575617874,53.23726232930163
70.9036561096828,56.05812709679684,42.50813937537339,53.47593393188257
69.53809939657418,56.36679457229498,42.57672738617008,53.32220936177428
69.63832907226342,55.47500027200119,42.31177186033695,53.94373054903177
67.88199269891251,56.25298238422908,42.46187432124164,53.905720793303104
67.26052574686838,56.7886179618716,42.626752485927106,53.80234955657427
66.77394165406909,56.791366709131815,42.70851854616711,53.96104278654592
67.68398360607301,57.195485564909205,42.74458026250534,53.95391045504943
69.81541349220072,57.54210605196623,42.35818247297697,53.640371810571
73.25767483094393,57.78845051788954,42.35812548991805,53.29375630950098
76.7394735470858,58.495754824615105,42.35073867088505,52.92969672635379
80.61249761252199,58.85149531425786,42.041920650181126,52.82982741136348
84.52936487192724,59.70174823944813,41.70707557762917,52.54867433083463
87.56775144132254,60.96708775349711,41.52510834704168,52.45162028557053
90.91249524206707,62.217150870955706,41.67689405335293,52.191182447107195
94.8303541910254,63.42981366060056,41.43681729160569,51.69889593699321
97.91977888617998,65.10770403521693,41.03035874373426,51.34469900238146
101.96658931397323,66.19114380732947,41.011689060022775,51.419824567943365
105.65049458750927,67.51377090788873,40.93593936500148,51.53476013847707
108.8712602491148,68.48617850640976,41.25734749491542,51.93885455790533
112.44149732562875,69.21004638925469,41.63080843099884,51.82228875509847
115.24884355237181,69.36299960854069,41.49749977801931,51.81860835331351
118.91201799286236,69.55792944736585,42.12420866299891,51.82452152021616
124.06347954649038,69.53006068934211,42.766356776140825,51.88629772205857
128.89467293551797,69.58759414443549,43.4908852049948,51.90446297327453
133.24051124731395,69.71668298128179,43.03189557786281,52.613181833547955
137.46825926800935,70.08575475095427,42.41238853488511,52.60363510072922
141.66518397949926,70.81711909887889,42.30115000515481,52.43909020366995
145.39544869651436,70.63197601192647,42.32245832060579,51.89482649039445
148.2836733149281,70.59186910474853,42.471676846534635,51.07034443625821
151.04249411733048,70.5506770315684,42.447349507934774,50.74909725308203
153.99832879135568,70.52885059271429,43.734920844393635,50.52282423843718
156.3728900736205,71.63049898472909,44.51417104445138,50.38252837184227
159.6597238690344,73.82290391834076,44.55174622477229,50.41001193876202
163.10427740492236,77.3207462018416,45.1628561139033,49.678004491969055
165.7734648920824,81.03566263326431,45.325619349879915,49.92041427057262
167.06323357006283,83.65095522671736,45.54190461431084,49.25760051845046
167.43778779996455,87.64552736482187,45.65368624497299,49.41795804277852
167.74875494293215,91.11307420537818,45.62726256103513,49.765527707002846
167.52908655564727,92.65134986258045,45.74711775415541,50.29848657593266
168.97434697286093,95.20190744744123,45.99744460268097,50.55762521709366
169.04248065493167,100.77080625886717,46.0194144126928,51.51684297510114
167.89123973890463,103.76377526813991,45.942892719966615,52.207450099683115
168.29620886428154,109.2900252949677,45.89857142258576,52.49711503931364
168.7640226300799,112.15774688058252,45.846185782850014,52.62648233485038
169.1792882842809,113.3567858627807,44.51471742982752,54.79308685412714
166.89210996486224,112.35167811727959,42.76841157019067,57.68912005171427
167.56062266333794,110.00720814236814,42.14442306803758,59.736776727840265
168.89148056239512,117.7261715495429,42.12521792246531,60.12912735642287
164.58398372488085,112.75683555961581,40.76984321217887,63.557405716739694
164.20891442768496,114.56342469977245,39.7005090168063,66.5001551898749
158.3430860211551,112.08369391717167,39.95736476632841,67.0642810807906
163.7725559642908,140.23004368348285,43.31707855895105,63.043184178783434
163.44207031241703,144.4559995352741,45.50295375616933,60.74647820182453
156.22612622074146,148.0484717867595,47.50259382398095,59.022635707673274
154.32457140592734,148.34393944733787,49.71181457478682,57.12519887875744
154.8988069974075,147.07525464197084,51.671815739086085,55.53889457362843
156.72501263214173,145.18633556332597,52.87082630265595,54.61962017064601
156.67202656077728,143.58354102666277,53.352941513459974,54.32889877148396
154.96999878389462,143.10477716204227,53.85751314808164,54.154854731010616
122.30855818453797,118.955881426404,50.9126331163262,58.47624391957232
108.50272103290598,112.09254669519854,49.30070321731968,61.705933668543324
103.18884085787911,110.99983105398489,46.97015057909215,65.43576862318892
109.28539185426665,106.04043294751322,46.827085970350275,67.10212342988225
109.08444693603337,106.82566449778196,46.623764727696184,68.43156219625764
116.50039027040994,102.51627823543049,49.35025055650166,67.31081464802357
104.53656299510537,104.89838311023405,48.95507299956685,68.00082853122893
105.30216252896426,105.93787216840002,48.49852398105865,69.11709281983472
132.80901840449806,99.46397401488596,55.85721442115317,65.92561262234626
137.73442361281755,97.72939557017384,60.29830654662844,64.48200925404956
135.74017365062113,96.94295099398416,63.20032501903306,63.367532159251795
135.09843806810935,94.6255307757082,64.86693814873064,63.4248727293181
135.69652146069166,91.65547398988807,64.78487861473333,63.95099723388073
134.37286902404654,90.32054066211279,64.30836437524583,63.89982817051345
136.419715534541,89.51139049476816,62.70129917141084,63.84259890601295
138.77606149590312,86.92403708874062,60.258980116270834,63.830643997792166
140.29884772790857,84.4012064460042,57.525720761896274,63.68954628820884
141.1154600653632,82.9064013519988,54.86604545298427,63.427512580116755
141.4016117079579,81.18819138225027,53.33965008243342,62.897052674948256
140.85228180408484,80.78093806732787,52.4074435056733,62.22004414518615
139.63135210861404,81.46013314447109,52.12610066806877,61.885892696534754
137.92759422067797,81.77865180411361,51.92957009918384,61.82913675408841
136.23610873221241,82.00602281648935,52.01366812842204,62.104304447373565
133.66260258667762,82.09982016169408,52.09981501726996,62.04135168951121
130.59432787338096,82.50579154438637,51.83474596318094,62.40730888082983
126.50322662260655,82.80184875516215,51.7352588208699,62.78170260937897
123.25149485288672,83.3771242640738,52.23872903602975,62.86188975455004
120.26453980521389,84.25125032373543,53.08915595037566,62.680116006846944
116.97295957348072,85.74270900212412,53.22774491878584,61.97774889153993
113.43248401956475,87.04063412970241,54.9150030563419,60.00690757708006
110.23201431885568,89.52979788837632,55.19929092272587,58.75775896521929
106.5495617990699,92.3021608878916,56.41036543403814,56.71976471476968
104.31772937587293,95.87336819936087,58.07537310155331,54.70455546368784
102.46129556315273,97.96770625219392,58.82939487318818,54.191135371891974
99.9244686210106,98.7006001794202,58.83449578658618,54.47373890728619
97.09579685931763,98.21104391837146,58.11135949735006,54.66258104125731
91.75552640310681,96.55096370462236,56.85356213004758,55.29174267610719
91.176287723303,95.0311550618885,56.62229377737491,55.084447005337125
89.1602676914045,95.28761517451149,55.89932514366215,55.43599618908009
88.43128218989469,95.06492984428827,54.95954529218962,56.355356217011575
90.21325303967,95.05541502626335,54.41692655826093,56.237932135114434
88.54900628213633,94.68615067624955,53.702529047785035,56.69775008241642
90.11278157884348,95.05042605641974,53.17114291932131,56.728863738389215
89.07676507324729,96.16446658104289,53.15796489192421,57.10855360894273
90.37673939789846,95.92304855855208,52.72969788515423,57.74532443070731
91.14530513423415,96.15522033130235,52.207665818725204,58.008121371447174
90.78344306945763,92.81301469121266,52.39349218264181,57.11681043406675
90.03870754550069,93.7908906997656,52.250937750285324,56.694387546179904
89.14513031356876,90.10435947564686,52.82735283998842,55.05655426535244
87.800897627295,91.8221965690004,52.879972551372575,54.2468211167771
87.18513277114619,87.85586943416372,53.078263256674056,52.38236292154564
86.7101248850363,89.96002847666722,52.661639891625796,51.62518500186765
85.40516582722276,90.78284943427482,52.089927872670344,51.16631745970692
85.76740034438095,91.65996979292431,51.57792598725399,50.68731072640147
87.88252398303969,87.63086523603815,52.250907946539286,49.52429791634568
83.67319606322644,89.26210714512769,51.35382129349,49.119559268759886
83.98388648531059,90.49361462927948,50.49694482239529,48.86829480781104
83.97975465185186,90.20986565598008,49.756383237256614,49.62682677340318
83.76925939885915,90.20580296021234,49.252859151548165,51.04281470899843
82.54502835309052,90.01875471318829,49.19382536295849,53.03913124241421
81.00907746063444,88.92178647981757,49.670021638684815,54.673512536235414
79.50333262807581,88.4043827425136,50.785635373015964,55.28117247337349
77.48664527851858,87.13405791766709,52.18831663646149,55.68647976352365
77.57834914400698,85.645903156229,53.50631176040412,55.82798093679047
77.1679270437949,84.41244821949269,54.65287656906267,55.16980784059756
77.15379186480237,83.01768158867503,55.99719495313262,53.89909177361959
77.25170570965815,82.20999882932455,57.12043045006658,52.82653934455142
77.24287260280622,81.55005426878672,58.09714946490266,51.66994488217674
78.6912377468618,81.56465181080856,59.35262416717845,50.096257195784744
79.31423787837386,81.56234017279905,59.976527230188864,49.26329353246888
80.10267594552253,78.3356886900241,59.228727505231426,49.840644731051015
81.78637405798818,76.01902139520271,57.57676440102767,50.48498662965376
83.60802722129786,73.72888173043131,55.67358611472204,51.92781621783302
85.72762353903107,70.92414340777763,53.39486177149195,53.49165763975171
90.50835990617918,67.60741231458289,52.58519243532807,55.16397776300035
94.40598403326916,65.64724004329426,53.046202192012345,56.159658523457836
97.48155713707774,63.96143025917355,53.36674902333563,57.55058284404912
98.15499025907425,61.81950698803084,54.001409511787365,58.876238945202935
99.68702516452649,60.08065364801241,54.418080963318815,59.53185595315118
101.00305088849873,56.793561408331705,53.93080299865066,61.10393948799354
102.13153217672495,54.668082312259266,53.830657619997936,62.590742053841424
102.9132880510316,53.12583868027268,53.72464430259036,63.19387436595608
104.3600974608347,49.607065525282614,53.47915399250567,64.29913202923821
104.57658710789359,48.67590630583349,53.40590279630353,64.42753203971543
106.04780869490286,46.89688838822645,53.400135647675626,64.54459268572053
106.78542696535068,45.87480572188934,53.30098641470997,64.39034297742491
107.96010549279868,43.851536499694205,53.33424254188184,64.49212467552306
108.33917701731073,43.45818872626355,53.42060349161416,64.45146859265033
108.80437599983446,42.90992921900854,53.630188822961046,64.68751194778993
110.13656529173224,42.97255221512367,53.28452938780133,65.17189975892728
112.535315509431,42.52596107541069,53.33073937491968,64.82741471619443
112.41272890129362,42.06087946646361,53.594227049624266,64.96139321547973
112.65836250350985,41.70130161169918,53.185680706030695,65.29482962569219
113.88654694912256,41.239403317722335,52.42480515529751,65.54221237955088
114.68784411110177,40.77157721378166,52.14713685005401,65.89596148741849
115.86601441492573,41.128310494783065,51.8527085406086,65.80964742795246
117.17287712221095,40.94216850958422,51.53674385105952,66.10282809986487
117.49040016230754,41.77763283424903,51.37266184500119,65.66056468319363
117.42429025124515,41.55558346393279,50.74955485962701,65.76878269725026
118.00183567522626,42.23896187609827,50.129530914302286,65.42176740810606
119.37576591336777,42.268189468568245,49.458551369873504,64.87395618221153
121.1193530661941,42.9106272086781,48.849787641994915,64.16213275067499
123.68612021080071,43.77117238453698,48.55742795529024,63.80016074135681
124.99929449541703,44.56212260541314,48.02115988570663,62.90382815543948
126.42457838324108,45.743249156886705,47.643372337719654,62.116692759744836
129.96572704965942,47.35875088342165,47.064394268341246,61.5546157841072
130.97648938020782,48.20311369200816,47.03702024582476,60.71279104727094
131.00691254449248,49.27984067258887,46.7742217429495,59.666283196834925
131.06180352114933,48.29424535213075,46.580699100775384,59.25824858369232
129.99526756956328,48.41544806465559,46.2757374231675,58.58988512126624
127.55403906168752,48.717490198634316,45.99190463255302,58.282132229146114
125.60174083499307,49.07632854071442,45.460092089359904,58.161624407805576
123.71651605437468,49.17151357276716,44.8472451608811,57.6513165781018
122.64151612710455,50.60820299392005,44.20615977219627,57.10145744252209
121.90915899206524,51.67671100048424,44.109755439522175,56.86895812632365
121.62652142719841,51.862279312148644,44.26921529573252,56.992657088350605
119.10351123283843,52.99539101756871,44.88307101541561,57.04891244872019
118.06409438825477,53.14702286550762,45.68412190676953,57.29157717147867
115.81167978156589,52.98430351740534,46.5823656175228,57.41508848890957
112.55878060894699,53.29413107038767,47.87190162221492,56.9944103318022
109.50334176743806,54.49822779020543,48.807633202327516,56.579940999908985
106.0033935755867,55.55951235302661,49.489499228669374,56.8780709938345
102.93682521452331,56.98246146271678,49.94601117586332,57.83039865412336
100.31618799322204,59.44042056592115,50.30960770098536,59.607918024008555
97.5399612577714,61.36233310705559,51.09975400483344,61.00689651534807
93.87020826462027,62.75752016807587,52.45971964308271,61.80997031696779
91.68485339316234,64.2901768198885,53.100958894589276,62.62303302042261
89.7703361478583,65.50586064020585,53.55981301677389,62.76018163421296
88.60448616487204,66.45575816149093,53.69919597377424,62.96402047225804
87.75842593347693,68.30845549923633,53.79490711573317,63.233139565917014
85.6272649535515,69.31367840328637,53.9629512168499,63.88434679965653
84.23803248704951,70.45120981606253,54.249492817639506,64.00015454524069
84.32802434351224,72.74421188910271,53.93842524372067,63.81503979582779
82.78513657188964,74.13070959145873,53.94623052062371,64.23733495660649
82.76868242835943,75.65560681817567,53.51314880076046,64.00734898629639
82.03004536018369,77.05963983785657,53.434643480019645,63.68680769478311
83.35184640644863,79.60453344245919,52.86206127541398,63.545227387128165
83.94188693596934,81.88009307938725,52.5145220397597,63.603986176473924
85.47209655290017,83.11792242436861,52.36953740482076,63.487852451797465
86.38376439817071,84.36360969325972,52.3012179219747,63.47392160908363
87.32949646623621,84.05958794362762,52.06104181837544,63.31949241919606
88.30848062508083,85.33910327697373,51.640177034430984,63.07460374125809
89.03209447580889,86.45308018263341,51.422769703648996,62.824747726378845
90.17148810779918,86.25260546215948,51.211839228303695,62.67709452669792
92.0633216208385,87.67982598617328,50.98145780097993,62.35504502682703
92.4021333977935,87.31362792099597,50.88166766114768,62.16987879164975
93.44058880815214,87.9287258413595,50.7595965468513,61.68714891905473
95.06941071118794,87.73439489654712,50.440993878475,61.35535069181621
95.4776203774606,86.8740720772613,50.148808721611765,61.42295592129973
96.217161535147,86.75178400632069,50.17183235754818,60.7508353359051
96.83195290002516,84.00639872964354,50.376306029044585,60.26621545499425
97.37486264587142,84.58782006696879,49.95836713208246,60.63022109653639
98.7547445681361,84.80457804298295,49.795115128373396,60.64718268500108
99.58496224679159,81.98636564216213,50.16865084230571,60.568416599191565
100.63491305514617,79.63721977330528,50.453115022639395,60.43726631267428
101.07331050747277,79.5522686321813,50.282046920335304,60.7570582875864
101.2232439880367,76.5721950197887,50.95326556721296,60.81856774076517
101.45252423933759,75.46984569049849,51.37189690621349,60.59420808597581
101.63311278176906,71.81926573737753,51.81180326689959,61.161400687987985
101.6531114967616,70.35555580248447,52.19716478800626,61.41536150473458
102.80851906821076,67.49560833387321,52.51147886797782,61.87538162124787
104.63465798209558,66.6435369442611,52.64768752092106,61.915965440511144
106.623555782171,65.98017706567421,52.6311398417602,61.85840082058683
109.1939800034514,66.78852726893297,52.26901273174947,61.48074484194103
110.4138386498176,67.2782293573245,52.55103568483614,61.5054676907622
112.16718956714368,68.34132488924769,52.81572691086819,61.160189860672844
113.76092206501741,69.86291421907202,52.20409094420398,60.7933331843616
116.370389840706,71.59687482502987,52.58374099844815,60.53318327371542
117.28453224421621,71.77507144599863,52.10108826769115,60.91132608352808
119.23850069391662,73.0993275938971,51.71459163585318,60.936453800472236
119.56462969259488,73.05878519771109,51.596378619499475,60.71336741807963
120.25925150880371,73.79383805117699,51.63883938905174,60.88924802973608
120.46120547752213,73.38242496440265,51.51995806151252,60.65478507974963
121.65472714176786,73.37680791661742,51.264311503498334,60.30908862140696
122.00343583193673,73.55680425747866,50.91523242911077,60.432389174986454
123.19191177044381,73.01310726233639,50.688828533358816,60.463634159381094
124.00142214697053,73.76940777751257,50.67039705566549,60.06059945993846
126.39281692870875,74.82991810719962,50.26970902798614,59.53332689321572
129.3235785203991,76.71264429500238,50.51381671923923,59.050218143632534
132.06440221803607,78.86190997769826,50.44503114800098,58.82837602155744
135.5911606194325,82.14977176724646,49.794782205620706,58.858874595170995
141.1254080449939,85.49277565239755,50.79658745673183,58.58298969626773
147.86502823634612,88.43072498256414,52.016700292105924,58.487096014114485
154.5351661304979,91.65209959362465,53.18737936067491,58.30890415359624
158.01882522954386,93.86546476161527,55.38129792558351,58.546258252124275
162.23430357493737,95.5326114106798,56.835083971612896,58.92383514747667
166.54585636376197,97.2055918950256,58.54077191965951,58.97464298714992
169.33889533169273,98.67303924681322,59.736682604556066,58.670991274068484
171.9879368828809,98.97937838418096,60.30646601829304,58.423084842289526
174.27836996127292,99.7714528359542,60.307787514096816,58.180823889640294
178.59790075639708,103.67036759381287,60.136199907613175,58.09443827498497
185.73785979997686,101.51917103690725,59.86688477150339,57.915049429262496
189.16001198966646,100.75488554338365,60.483530766727505,57.58603045621143
189.68671934963174,100.25038994110211,61.40295874012574,56.82301073834257
190.343446439332,99.99746268502247,61.64350458075237,56.3907689656355
187.23468428572326,102.67824268273475,62.15204260562125,57.32397062792581
188.89848150848815,100.43742871400727,61.810145191112596,57.21314127091664
187.1941498968498,101.09672457710155,61.818473340918224,56.88365357724457
186.66099273317684,101.88409126759804,61.92678253797316,56.41761606092903
185.29611322971627,104.26030197823157,62.22651310632618,56.966574320295514
186.72293061538392,102.04627610202273,61.55614402102608,57.2518810547078
185.53010925568637,101.18431663781696,61.065606091617454,57.34127981004654
181.92085161804033,104.478747925065,60.99677738802771,57.430617957291176
183.77874834027602,102.15226229752946,60.70639230689858,57.53075136369891
185.0373682118091,101.31184408615468,60.04935022713961,57.62639915920545
179.81677277743455,103.70738452076368,60.05893480316412,57.60902949451625
177.9271834990608,104.85085877817268,60.43020492027538,58.13576758896645
180.45244695596546,103.16086335319261,60.27371716051883,58.13112847409809
178.35879036425112,105.36133307811448,60.279568056044624,58.27506893758442
181.49001353626355,104.00835686628233,60.0167564547566,58.181324438946504
180.02562896935208,106.2534305586884,60.16748064953839,58.400713129726405
181.45661201419045,103.83934139406524,59.94345401298667,58.30918606804252
183.6898799608075,103.80081642944444,59.69702138360756,58.21780350824663
180.86824152222994,106.08486957911634,59.73666724117041,58.16904964496847
183.38814912767552,104.38993293272819,59.74570352029998,57.982815912598326
181.38237803306797,106.15905170026384,59.88214104375886,57.98863836936355
184.35617880703296,104.39788200567551,59.90798872602296,57.82218028463275
180.95527274427064,106.3335980596497,59.975328099930145,57.80997130404946
182.80107273233708,106.83766353614553,59.95856738199128,57.73037658734398
180.6999257268341,108.06803110272382,59.94779529192299,57.82551866289712
181.886872216423,105.33802023151388,59.950808230866535,57.72884399036948
182.95992585691593,104.02449550315373,59.84846124956327,57.67318494527399
183.18954166765894,106.36230104442998,59.676381739607564,57.69357348506644
179.17086043754927,106.83135553358849,59.339413679197065,57.90118618071487
181.39820746072397,105.26239477587998,59.25100448010714,57.62446846158905
181.99663139297783,106.91190817535329,59.15859813915135,57.644410912367775
179.6182111620465,107.93206409706605,58.83852190637294,57.93055013209842
182.0840170734478,105.82854916432453,58.76505627421365,57.81520565370938
182.37050027959805,106.60559705083045,58.71185166267915,57.87830357958057
182.75016629457622,107.1342390905499,58.49768409862704,57.907974689846576
184.338728952446,105.37600161530067,58.4772512877703,57.731509643625685
183.60241233891867,107.09504670053673,58.4384807157679,57.582453362924085
183.84688361378414,107.36105692334675,58.450212831011214,57.52237575931069
181.6445236304716,108.34921119455595,58.415792000974875,57.55807993700035
183.92351294386222,106.24085403348636,58.412538067492015,57.42556540019176
183.9233522822457,107.49136259612396,58.39031018805936,57.34875381652729
181.00434423278438,108.79527939984527,58.35725161046834,57.370004557763245
183.1168972904459,106.43725138149473,58.50849685165161,57.21357781782248
181.22145582363208,108.02907588040883,58.468059737900745,57.44978441462931
185.53321796041834,105.44590270909873,58.22431528000203,57.34614794246069
181.16981299299704,107.22487156951846,58.1624623043832,57.38272196898147
181.85647607426833,107.68575484308035,58.25395080477397,57.32941381209357
183.28491150172107,105.73080554192487,58.30890203048068,57.15939069199242
183.04223267127503,107.95775860385274,58.19086631549918,57.12498587276313
183.01259922572882,108.46520068730707,57.98783593390944,57.221499449079566
184.13143806218716,106.5790627180962,57.9212171541965,57.118331690525636
181.8475461600565,108.55308391382516,57.92257182027421,57.20412423330231
183.75288784865015,106.60628797963278,58.01960328683693,57.06821704773198
181.82994120855722,108.8235155464257,57.945607116949546,57.22077897347234
183.70835444466383,107.1882198614661,57.97970066388607,57.10787238997663
