196.5,51.5,139,194
195.213553802102,52.36984310742497,140.21192481929225,198.80230072744132
194.57967771880817,51.08741543189248,142.1215793134174,202.0907678505667
192.30899515651515,49.37979182557163,144.01255858137506,204.81116890994912
191.72575352236998,48.59459477472416,145.29589531778552,206.22239792728203
191.15164225108282,47.10358415901757,145.91436119513,207.24278488039778
189.0455189955312,46.90096069011871,147.2586830159867,208.11992810897462
189.80601310123683,46.16693476930638,148.5919011281991,210.36414758174857
189.0534698014768,44.71009368267494,148.17662453992918,209.88243757552232
189.41320313298968,43.313527478414755,147.01952489894097,210.4866564002872
190.29050219790687,42.89159227386868,146.4290631788661,210.365251044914
189.03737071550177,43.7164186375507,146.32283358233602,209.20900914327933
187.23330205179815,41.50491360347664,145.94686723008624,209.78372090019394
187.48496375840034,40.79847044542355,144.17251374848433,209.8277348122016
187.70692167027008,36.575713806680795,145.38201849225737,209.4745124710958
184.1165110768486,36.232705415322414,145.6847626489184,209.72231474313332
181.04916327436297,33.3647666046208,144.9187996464068,211.5534911316264
176.79720110817874,33.31835974275177,145.17671892048668,212.36153752567162
173.40849578697998,30.79604378206014,144.66369520238007,213.4896436062956
170.59100221055334,30.132405764864856,143.03023447925676,212.87289162078108
167.45940082650088,26.581136002636526,142.64508510121303,215.44179648260956
165.28563116804557,27.533120855091866,141.58397068200912,216.19002938390005
163.692703743319,29.635366278774683,139.6106091275011,214.9719591679431
164.53929337852716,30.43871154187852,138.13839512331248,213.5218446642412
164.30734953256223,29.350081796572397,137.58386724498322,213.4352148421093
165.87394622451865,27.657308167748624,137.50231031851362,214.01598900748695
168.05624261884643,27.567405748969506,136.66439799937103,216.3123640793439
168.90783459481958,28.776423035955403,136.28790627097362,218.17471452276712
168.0434205604043,29.24941342902666,138.2906116922803,217.6852013651036
168.05219690141874,27.36037525828833,140.17606532548274,217.11274994321357
165.90832277454578,29.913650569727395,142.99666312947585,220.16113038875585
167.05478801119477,30.46577035702228,146.99505774849354,221.83981618152143
168.3770069996144,30.989674358978135,150.7155551697561,225.9386456173375
171.45636041632204,29.481127889807738,157.24199562180223,228.79233426977055
176.49765071524178,28.71051551257949,162.06996418778112,230.96958200920858
180.5100480660626,27.727869492489276,165.86873783025567,235.09115862008298
184.70826310474834,27.336845347493778,167.17015321186858,236.26175531405232
192.00966768740875,28.1589185283015,168.74014220328607,238.21181242457433
199.9900651373474,26.915572381571735,170.3905609874908,239.8825730998202
205.39325704236808,29.31759946604231,170.39985577394597,239.07982308050674
212.2574483279666,28.471689289192142,169.37637299065176,239.83664223973
220.36888003194494,26.81937715626964,170.21933599871073,241.2696549104212
224.30228943715912,26.36058856616239,169.5269280082897,241.95858466486493
228.69787377110057,25.756174583224663,170.78089388477935,243.07724296254275
232.69564906006158,28.45365020854075,172.41899408658145,244.25978967104754
239.63345999003042,33.41452658885477,175.2414179572346,245.5542577661324
248.94929822716176,33.95356716048998,177.76976040387035,247.3483549389783
255.29008759829014,35.09627605860814,180.24044530297098,249.39143550623686
263.52319137196395,36.962419065220104,181.4684344566732,252.0550306690078
269.05106578888456,36.3778750068513,182.74433444943105,254.71146221626452
274.1522441407326,33.64911702467799,184.38242803260027,255.3336844107747
276.8396626298983,37.70774892947142,182.76524190647217,252.52469248610606
280.94964472672444,45.38777464747453,180.76522409724984,247.67069115996313
279.40230424862756,48.36880170496917,181.34154420024845,243.06594734007882
305.38865047330864,52.68843772012764,177.05806836465575,240.6079277893151
302.79040272758175,55.90507485513042,173.45652155874637,237.14069770685532
280.76532280725485,65.45185860211421,189.70453067308173,223.04388295184037
283.29899871694613,73.18036595959435,200.21893735284465,213.2780107959316
285.82255669304834,73.5979969060444,205.87654475879464,206.05376994490163
271.79678173880393,77.57337695387903,209.79630641349917,201.42545381132953
271.44680527923396,77.1896507636618,216.57276451681275,197.90281324666512
268.8477741324793,74.67494343338822,215.9898734030345,195.36158114436438
270.1556661831713,85.35109745140312,214.2321048389124,196.00279003033165
269.60494431764994,83.89964052053017,213.43538739708828,196.61097299035941
271.50562984340763,81.17780580775877,215.70709450109047,196.38315842237193
270.82014194723416,81.6223915936077,216.73476595736645,194.25879288285486
267.8725843692771,84.43936040162032,215.57555696319508,192.20542811038126
261.0104164555852,86.00902361833033,214.21289861943637,190.01449388935214
255.06391036411947,86.1096871806538,210.57936432409633,189.76289504501108
252.23745132741234,85.74149214588475,205.80289530492024,187.90350378825522
252.860333210813,88.1531091417711,202.1186285111567,184.34405968867918
258.6582559555936,92.43677309983565,200.513947229054,183.24030379784915
259.395237683538,94.65633196448417,200.2503618239692,181.5020239191228
255.73904196164054,95.15078249288713,199.27223355340874,178.87207967612912
256.0494964372285,96.194396107508,199.90850362406812,176.78168108187776
254.5598121532253,95.68680875992217,198.19811532180478,175.64445909812486
260.9494481054246,95.99588666389828,204.40892901921285,174.771352379366
261.61876089721136,100.44953210501389,206.34679007084748,174.95707239953956
253.02786042308955,111.98434018803701,208.9450748981804,173.89972429989956
248.6049131388196,110.322912975179,209.1277872081143,171.257148465911
256.7871906218779,121.02116835329595,210.17648030413153,168.9596195669769
249.5999121491786,115.7853187184313,206.77117198463753,165.37467725803188
260.8279230860649,121.4778231898122,206.49896511330633,165.47399372420563
275.8265552506646,130.72811879226282,214.34017887248584,163.4192509842702
262.99275425096283,129.95874862147673,217.13960155060033,160.6884805798402
277.8358576183406,132.78490632672293,228.52026645891127,155.02179200379248
254.94965126181887,141.66489061199127,227.80698810139802,156.48678185305562
284.4087694269037,133.22350019104488,230.9752462170292,155.68799836389374
280.2208562549094,131.6927073404991,233.030501615278,154.96311675121876
296.5982815416062,129.95505846674195,236.65917689027305,154.1489495481716
287.91930086693753,127.96901460191127,241.4643704860094,153.3227856489572
286.2538393409797,125.48538850968984,243.81925079042745,152.9080221282914
287.2996600527049,145.7628421163725,252.57640335043646,148.9013174295745
283.7337598076522,144.17410767018322,257.75158290891665,146.60585779793573
277.183019494919,141.24534596299372,261.7819480406086,144.77932731445708
278.3748698628983,140.13904058193134,265.5127754838186,143.4745089631938
275.82627306687414,139.7422382106618,269.41160994405385,142.232091281035
275.55081534020286,142.28459398675713,271.6677329836849,141.38984427123324
275.44541251680505,137.3902409009716,272.7932260255764,141.43960638915442
270.96671235846924,150.33722736789477,273.9330766367426,141.376917024644
275.09574230525845,144.83338237680312,274.402832371216,141.31976478270622
276.40820649049147,144.530677947599,276.2201356558708,140.94843953934213
269.81780428470057,147.12614193966152,277.4980527230922,140.7198614468797
277.7235800432119,150.1101230821049,277.9644572149807,140.61659614151566
278.9715277715783,153.7545420157067,281.32904540464074,139.32405992531304
279.5899645474101,152.6141459954734,282.7147268704485,138.94433045851645
281.67887682909424,153.7717330976895,283.12594640116583,138.84160771206152
285.4490986835382,154.6937417033092,283.8124609671192,138.54291232298857
283.53004143545763,154.86152540718035,284.5829637689444,138.1976458602526
276.1138424292885,153.9611427150371,285.3745931579306,137.89947468676928
272.9378045837436,152.3564776539799,285.82037164214177,137.67672001007082
282.8476918144647,154.6459842814153,286.515108289098,137.29486127714216
281.89749595785713,155.04114665261054,286.8826211265808,137.0664329781187
277.15504191778984,155.2938093224401,287.87541800066055,136.69823937414205
278.39587549930957,153.5122836155922,288.7248882563681,136.502093791149
273.4485800048577,154.26111537026537,290.249836033907,136.2744701978412
276.2427082138281,152.78951661022322,291.0131273340144,135.96869506358286
268.94842529600123,153.12276174445964,291.98761941631125,135.86607450984692
265.41940586119046,151.17908464937994,292.39202326090833,135.699659588373
264.20221968444497,153.21221777703383,292.61918340469776,135.5951760269282
274.51230392602406,153.37986821696728,293.70820529019187,135.45382083805075
270.2480545926684,151.6882272084009,294.3647709735048,135.35894581172653
273.99241131936606,150.3475744727388,294.78045453091266,135.30180409371965
270.6219044454676,152.10691036643414,295.44910585576656,135.2409572517788
