125.5,162.5,74,55
124.82106322754146,162.1969467018154,75.23987613700389,54.64000391804046
124.74504886343288,162.10494349647382,76.43117908091926,54.681519569231675
124.81037314511772,162.1414743776158,77.61165639206892,54.76141323471359
123.76039663079462,161.86962757945534,77.26673751824933,54.741086793383424
123.73969391546655,161.87957398021894,78.20387958363676,54.71118289816526
123.66680282004319,161.81768171252156,78.57360532089787,54.69518925164951
123.40609369659319,162.34150680906345,78.66949435603827,54.62097702348197
122.99679320865462,161.71372363626628,78.75657801700453,54.67689868428472
123.05988905310764,162.03539389638442,79.39321122109624,54.67615929644131
123.16675049353836,161.8232061597726,78.85942346773153,54.55101159490218
122.82677659011914,162.12396595157844,79.02607490883204,54.588798735362076
123.10202213773456,162.42133583206132,79.49319531720225,54.64564836801202
123.19750339352152,162.04168992653604,79.163392651815,54.635825923157434
123.21406762871713,161.74644189738126,78.74063469820081,54.51296310237765
123.23211723256767,161.40639192992873,79.00415835403082,54.59862025249648
122.94686559942656,161.72680048775857,78.95011765545024,54.61154455615214
123.17323608105839,161.8599662039135,79.64241720427154,54.664515533729585
122.77227167606732,162.16977811516486,79.4380357897206,54.50256326412334
122.96141410407029,161.94291296484198,78.84905489213064,54.37252197835098
123.05163141305181,161.66809995046495,79.10848532686764,54.56575180883232
122.72557082149179,161.9704056641141,78.95111964399038,54.530029045779614
122.9833111901079,162.24515683651893,79.32637399653706,54.432410940882
122.91272805535327,162.32429154877428,79.25514213932493,54.52020722238592
122.70585515302635,161.54140890164607,79.14133599495457,54.60344096909595
123.08486452794511,161.79619622427217,79.52925051557143,54.55282673777657
123.38447421327437,161.4455689696514,79.1909259799082,54.46504050271349
123.30537718380728,161.5595152234888,79.20324664125367,54.55099547724309
123.07761829595975,161.8184776944619,79.13175302244798,54.55913594448036
122.85467260982193,162.07178317867374,78.85633795150919,54.49885737113347
123.16238568486557,162.26238071269006,79.29514690216809,54.479453794609285
122.9183614636729,161.48471895077287,79.27244451437994,54.68966368338049
122.91104047887436,162.09065365950826,79.20842297836322,54.428885793848565
122.44358801375014,162.1636408945165,79.25256551990545,54.46921778552395
122.67102547878488,162.2237147947953,79.74797471325668,54.4545563257871
122.66377006338328,161.75117685387724,79.24900452313244,54.51948814796522
122.68517845624275,161.9883355396656,79.77407349390612,54.630895070574134
122.04332659281742,162.50538993314035,79.25767021849848,54.5919461480503
122.4334021845207,162.41458855343916,79.24548894142202,54.540911770278086
122.82877464035619,161.81855442953707,79.37182079624199,54.54635787529051
122.49242393681624,161.29485794907984,79.0902413500504,54.60503441269342
122.8606583754441,161.46591020645198,79.23531593030278,54.56480984036631
122.7434563766534,161.91445149515164,78.70256743965253,54.49466380595484
121.95429409220365,161.19530449300836,78.30348669887488,54.6796217382733
121.24435663382482,161.12550569983708,79.09208661744452,54.760491732385994
122.03195005891806,160.86860035617642,79.54120534930458,54.60577791599945
121.18084370872093,160.07369522830027,80.24594659793948,54.888347566397435
120.76589881369014,159.8523443915331,80.8152879453989,54.78669700652188
122.16570200245192,160.21271322656764,80.80339676448483,54.51604053586037
120.70026329102033,159.52757028962893,81.68294099833739,54.407524920861476
121.3169428221677,159.97415713810437,81.8988811523131,54.13593987127618
120.56608393782741,159.4369714101909,82.27180031698212,54.15362027657362
121.37824026798884,160.0148166569441,82.22484339911382,54.187719435891594
121.10694021722634,159.54347123684857,82.73993385973654,54.23302825513237
120.8527194530333,159.94047283029036,83.21480426404575,54.3067586660042
121.66541050190207,160.22314039621722,83.05469793077356,54.26364837765256
120.348392044814,159.86519143191103,82.82799990537451,54.337619838846265
121.33743508300955,159.23278834747913,82.76739477457058,54.30596001478251
121.74776414742655,159.70313563035862,83.1882116318129,54.18956061217811
121.06410801980056,160.0187628189508,83.51772774734782,54.358769315399954
121.14697220349035,159.78930590136736,83.58651158986049,54.482135345734406
122.63381180380846,159.05423738959422,82.80631717239689,54.50786228360254
121.26790743071919,159.15052347539591,82.1072589618646,54.38144794474092
122.62757998832024,159.94687869578803,82.11451020210076,54.24397739596259
122.15329775933375,159.14128158912382,82.20517505384584,54.35595135725396
122.4245717892687,159.861377362647,82.77147699626477,54.32091141581369
122.47084731403501,159.08947772457068,82.28856761791286,54.23928988317421
121.96661012660113,159.27668095958285,82.68398998224446,54.23342152459817
122.61355565926881,159.65392904973885,82.80584453286824,54.279008504686544
121.26807313820733,159.22452924401932,82.38028464022253,54.183639259981675
122.97808329329865,158.98687991134267,81.87330544484702,54.17395561360931
122.9904061984382,157.80236319815188,81.86643150446577,53.82798364219428
123.93586169248914,156.91848734468218,81.55132141205479,53.87870911546061
123.68190365810825,155.76702861165515,81.00318980282279,53.69709494050818
124.47574847310995,154.59911848870385,81.06605328008105,53.226497721200815
124.89841624608837,154.2423239885898,80.26964878144456,52.87539255524547
125.63308082516028,153.97741957533268,80.54445595676634,52.40729773672109
127.07249621054687,153.68544770602335,80.27292570593639,52.04520454048712
127.91559055955918,153.04026780712763,80.16313979130564,51.80811318070866
128.94444598102484,151.91239197254208,79.40625788209015,51.74395265467413
130.42715245923486,151.30170840696923,78.64358082654901,51.25894824002822
131.39641829887856,150.02382965684825,77.69832204784295,50.99241007452917
133.7376376428612,148.8225140800731,76.41759315487589,50.3024995334384
134.09852108761402,147.99041203206633,75.22058761433297,49.60601017470944
135.05469018544238,146.91745693450076,74.6330174850825,49.04153004047966
137.1579167957658,146.68320920716133,73.19735245718469,48.21861540661942
137.63480343713255,145.7579626276287,72.01898005145011,47.45101221406111
137.94381805998478,145.08314075800587,70.81284381588509,46.395258299727054
139.0674022956652,143.52034629055015,69.88573130613315,45.61584845534163
139.53575973002756,142.62929871007827,69.28166331398201,44.78469336070064
140.40585876174507,141.2874617488877,68.2004772105766,44.05332512114027
140.58440798624426,140.28568934359083,67.51711479740204,43.27777881196779
142.15258149066554,139.40527851255692,66.70422240701343,42.49383071008906
142.02132158829536,138.86167025936322,65.85719197409817,41.979678669990584
142.43342674787442,137.90172585683584,65.16178809696234,41.333891977990284
141.82784263552537,136.93792391119482,64.80911593240876,40.995317738168794
143.195251936429,136.41983703045446,63.93103577874449,40.461145740257734
142.84175746524326,135.82679653696334,63.10724309441461,39.84607187532654
143.83852468946245,134.54557934578608,62.36724355903931,39.38580761685766
144.35162145589373,134.6732071909562,61.2739448148592,38.78522675456999
144.65480515968875,133.34811873047443,60.7164088477775,38.188931793667024
144.20871896132346,133.63664271774888,59.63538783744938,37.587660752251736
144.90246202542104,132.6443938798153,58.733471514161046,37.230919929431124
145.5912815155209,132.60877599102173,57.95732613099197,36.74181524290318
145.2377996207515,131.92046102028874,57.2212814976792,36.420270707745615
145.6665934383933,131.66601573097913,56.561061515646344,36.05510107279901
145.73567269357392,130.8474522350125,56.22232787708742,35.74090276737661
145.60131225365998,130.96330859825002,55.68489045270083,35.29627867348515
145.57035162067194,130.64365368071,55.33476144168219,34.971300989110254
145.87211829896103,129.9901942089312,54.828691931310665,34.69283806716645
145.95252380970737,130.3458148537451,54.29397003568964,34.287786463598586
145.92484960808915,130.52021335364145,53.46730511800327,33.93810803445171
146.15120725937854,129.66560018628974,53.38011240868428,33.6204278788292
147.33614745464394,129.5409353677411,52.65940861574868,33.33233557416932
147.6002328453266,129.1756968001416,52.1232335806532,33.080740236796
147.53251781991366,129.46782457628353,51.583399034539994,32.82750113563249
147.78043278626495,129.41501974678508,51.05610195094064,32.58597140630655
148.83050065775387,128.5728378452809,51.10458895919875,32.42039216751343
149.41078265376734,128.43158144330795,50.713108109452406,32.40512687168402
149.53736804781937,128.69187598964297,50.1630188993646,32.250639163176935
150.0133526561543,128.59181154886903,50.120606369572954,32.29154617203743
150.35042776745186,127.8919574768647,49.71788839771597,32.1787540299438
150.7642763393595,127.95846365920619,49.553719815492784,32.04545696067738
150.811736399732,128.09696778034873,49.061062191696,31.761478572187002
151.8057230650948,127.7106820304314,49.05403873966302,31.699961746521172
152.25879903853098,127.2287372764189,48.63864339388589,31.4870318108435
152.0639054023094,128.4380075243759,48.422271992565804,31.148604964297753
152.75058119817015,127.83878565204157,48.090587504611676,31.118658253720476
153.410082630393,127.59389584730386,47.88966358723326,31.147236135805606
153.63026095997262,127.38517222060136,47.522364266669385,31.125213008665924
153.7160290255085,127.81043351852938,47.57040073930018,30.858413659861128
153.66273890446934,128.19450179455092,47.227198788671444,30.671240421397606
153.8875626032097,127.78393538585932,47.18075511700557,30.737936030605145
154.12442387868592,127.45345055458112,46.9733940112416,30.704893110859437
153.77815122775502,127.96955651071687,46.85742412202525,30.658574209681106
153.9871888734888,128.39277652151344,47.32891596732217,30.634571116837055
154.0906489653587,128.70685304112777,47.43558958841865,30.616529612203877
154.0716283792393,128.4926230123459,47.552960221516756,30.774360919443396
153.67156661260648,129.45963661514253,47.62734636188004,30.897487892469513
153.737496523593,129.48313002898828,47.74878121644929,31.11729270649019
152.22415384402325,129.94656345250064,47.86306013103925,31.250395523085466
152.21140335506354,129.99312673424345,48.265226850163856,31.512580919581744
151.7316715218778,130.05713488093744,48.782042046133625,31.861322420812378
151.54858742205147,130.54866540386806,49.14302497743256,31.809483515740162
150.83656279599597,130.5506426170342,48.95828776580608,31.886535109715414
151.03908121246465,131.1620688654634,49.748798275169136,31.874226483782948
151.02167508867902,131.1722559141938,50.450054645531665,32.357703561630316
150.78170340043022,131.4198822444072,51.088214990208016,32.75897598617592
150.68188745135225,130.85171313123044,51.94334122067751,33.06764369794584
150.96450905700925,131.39670929016287,52.23694252802502,33.32932712890607
150.76602172079458,131.8748181861785,52.665174256154174,33.866101499579315
150.70323916317602,132.1269925594459,53.45851685008617,34.31652063586844
150.5920220716974,132.83448965416514,54.37611142199002,34.81226789483236
149.47236214360993,132.6568398093981,55.362060754712175,35.34027082070792
148.62524397270406,133.94063256248884,56.33179322174515,35.88638904224858
147.50394140792596,134.03399667144896,57.637559605230486,36.36354510644049
146.2102913840439,133.90319789164818,58.63303440618369,37.09810722106716
144.60534125115745,135.025337128741,59.592500511724026,37.57885082444194
144.22826512562338,135.07510691038533,60.741878257892196,38.130003366446545
142.71827820187355,135.70896465860437,61.68275006605471,38.725486507970814
141.91175657062027,135.6745418794627,63.186953518666726,39.38852606125308
140.36926554277474,136.9504687093603,64.11581837350634,39.9454596996604
140.63808019593887,137.46020714106496,65.00803738050965,40.79105127192004
139.79481267337775,137.1393056230108,66.4372745521349,41.50139919503461
139.3557143833314,137.90284436381341,67.38040880573674,42.27304731844037
139.33015621173502,138.53634407186365,67.91947073537246,43.11126798176187
138.82848975230002,138.4595512015024,69.0523521740922,43.913693732650614
138.6201534324028,139.51105535023598,70.23328659605602,44.87017563904084
138.77309645542934,140.02768058079124,71.49243374740585,45.86474767243716
138.6608096948931,140.58053812256327,72.5514883885879,46.983676296168504
138.16364671083488,140.8160068602507,73.78408234467086,47.8866724936986
137.4647124171966,141.17057319972938,75.10557771245735,48.60024093511781
137.9432792902121,142.2243551725773,75.766826062717,49.31766845403686
137.28723850167606,142.28095928444446,77.25353910129019,49.96041610522238
136.47847358968858,141.9137036328421,79.11386683643227,50.8431794038714
136.53823917116108,142.80511256767684,80.10485687080632,51.48103848084196
136.1806589981603,142.3765063126266,80.43209725440168,52.523188468054315
136.61594716685096,142.44964082454138,81.9344469138008,53.07017004074801
135.74353435271152,143.1751038907546,82.88293416269659,53.963549662029465
135.81642659382373,142.99993147146,83.71576198420601,54.7138786815459
135.4787887797429,142.5708727767071,83.82540371935465,55.591665348645215
136.48729219332301,142.98950631980182,83.5513687893197,56.190921819165084
136.5661495196463,144.00680954295112,83.29236329974282,55.907679484766774
136.96471672758616,144.31816309671018,82.80488419258656,55.961763747163694
138.41357800701758,143.1355683009352,82.63966790890073,56.61410086068628
138.95442809158848,142.53003495284264,83.12457688396971,56.85037078486824
139.8983696032717,142.66203139257598,83.16858887822717,56.76985807875091
140.5222348984277,141.83554859028368,82.71694197665116,56.528743878915094
141.50559166397198,141.2812310821185,82.13826028588701,55.954159223996015
141.59441809072365,140.63104779259788,81.72159416284003,55.2637317404228
142.78686407008306,139.1434184524245,81.80026254690989,55.17908775277036
143.69940745656086,135.6011438251693,81.37632695422162,56.30355972151413
143.59363765162948,130.467191340556,82.57052650003564,57.74084869342623
141.93876296617145,123.83777770417856,83.52271523633861,59.552933908380865
140.78379053955155,119.52890577751793,84.00411952599505,59.97783623185593
139.24756487516237,116.79418324716015,85.25084923326003,59.79813235153144
138.520585212452,114.04886590172774,86.70442365205378,59.5049850370862
137.61551410896945,112.339465645505,86.87060359495793,58.67871223105024
137.1322653132369,110.49862919611073,86.20166453233215,57.86534375944693
135.44997138093336,110.13348108854575,86.29321186387341,56.74801281164355
136.36260079871937,110.94781380301993,86.10282319984836,55.939406980187414
135.53000180749046,112.46975253286081,86.12766714502126,55.184783470624666
135.87056911467522,111.95617748152688,85.33473814086744,54.82644434790495
134.56531237859843,112.50468256958658,85.43905654466161,54.384515980352596
132.9441501012964,113.80330214107511,87.35495185140957,52.672378572967446
133.09873290811117,115.48829549525873,88.97752950197834,51.71340356046201
133.4681147465048,116.24248441855488,89.40647291080052,51.23384813589729
133.61056624246046,116.99495913213973,90.1045800917331,50.92005438080097
134.6529940355723,117.75002670610158,90.992890256013,50.58194670155858
134.3311700943944,117.94836090898272,91.46428993878668,50.10722365162887
133.8176879755286,118.02006029693612,91.60842892112433,49.82476992167012
134.22044795290353,118.42007759604218,92.37394578201774,49.66987483885795
135.6076157731485,117.99600610533187,93.14055805565135,49.8552461184658
134.80164058199188,118.15912884521173,92.13146284851754,50.02201878903569
137.02889250908964,117.11172594276957,93.04839129870439,50.24831470527103
136.15390673247532,117.00766182717895,92.41725289900634,50.34659755894742
137.14090752034076,117.49527667024111,92.24950737910737,50.207610667813626
136.12971923605514,117.4964505439595,92.57243870002848,50.182560375449285
137.09735268989508,117.91736698838334,94.030710982641,49.96521226405216
136.25392505351684,118.91744172493193,93.49850178129161,50.05920260533178
134.9861908041845,119.45445703744295,94.4707534744982,50.00557405416993
135.0759624020491,120.49295251155019,94.03903983523416,49.86054190054925
135.94415941749236,120.52133797485679,93.099740387859,49.68347871269319
135.1017628100663,120.94546215506773,92.96205411624564,49.435161055911294
133.4127523884861,120.88187867543868,93.18007272780818,49.05230454047607
133.60352751483546,121.32447973099517,93.67342692886388,48.412819776031355
133.7632884735607,121.73000029082445,93.01155235290318,48.03973197949864
133.46802713822456,122.10795037373599,92.3146417569358,47.76648546133677
135.58993353812275,122.27780780174544,91.25782851654182,48.012858905069166
137.09593016474798,122.74723118996823,91.42462607101538,48.229858009131995
137.43795113241544,123.81540114518485,89.95261079135445,48.49858840356936
138.1078605502151,123.95958277797627,89.24402195243638,49.451220306672425
139.67837738910063,124.84161723214218,89.19702246961157,49.53301545588149
139.46749528935166,124.9901835308091,88.97395930323427,49.4460900675387
139.96925002209963,125.53172947722032,88.76433703570966,49.18441187052849
140.26195372433648,123.9036467833303,88.84576696586886,49.65714572830976
139.2494743643702,121.34842987418854,88.58594542190065,50.65494631829129
138.87274442632244,117.1674427637937,88.59102284884608,52.006545993029945
135.85341594034657,112.63964750279082,89.30475964333814,53.54715667571074
134.62715944203416,111.1063609031362,88.77860156604937,54.606918494633625
134.17747801838726,109.79738979861935,88.554966890989,55.51773182125919
133.80512675029848,109.67042656783967,89.29054649763074,55.726852085532904
132.2569639299056,110.53648953077476,90.3878823179362,55.291891672701354
131.7831637134787,111.01234586495039,91.16144703771342,54.81383017508068
132.8521440598499,111.59842765962554,92.27782031790188,54.24048017911799
133.24314921605196,112.36018755424645,92.88290867550357,53.83842643048743
134.24133435295144,112.22838812250706,92.92816032515128,53.600584351678776
133.86219757407414,112.92688314863962,91.99393722553435,52.67767814026067
134.44933239308125,113.15294319928458,92.6114392378345,51.76206573488405
134.64996638595744,113.52140929389253,92.28622006584239,51.668369944365054
134.76299815507167,113.54119396369495,91.99823294550708,51.62653884853937
135.2393881174766,114.32777616612876,91.71113229668671,51.10404411377676
135.70518211056012,115.40557960842244,91.23543293947938,51.097856775316714
136.5846858748008,116.16936146852669,90.43719452787651,50.6513899426967
136.3741481372413,116.67574034838778,90.41835372010333,50.62351763715239
137.27563020236818,117.70730778450084,89.10501137811288,50.781269233813575
138.99112085586054,117.58463326670812,88.74266481958699,50.85784883530458
138.25936710649944,117.63082855042822,88.16636881336532,50.47747592323702
138.14751071271348,118.73692326372816,87.84503545025294,50.284012607095534
141.11217419795673,118.45538241675173,87.93793672073318,49.87206107741938
139.483366325954,118.68131643658552,87.79962694288811,49.66354661321985
142.3169075961915,117.63440262686497,87.61111820154639,49.738475507151314
139.20569221159315,118.83402827659374,87.40849585108364,49.15928684502288
141.1996153639831,118.79611870542692,87.19631935945989,48.98999507324537
140.80568735510803,118.95457243046363,86.17251508744563,49.052693005852845
141.82145270184472,119.21207531971095,85.17510817231543,48.97148622595249
142.3223925325777,119.20395541298737,85.02861661576509,48.43383908938364
140.15982457702586,120.43494628386964,85.20788994752306,47.941083707940166
141.29705623939887,120.2415245360975,85.2375786346484,47.94678905756081
139.32131076272347,121.89947818931559,85.0172403643664,47.27235695177771
140.13894599711261,121.1708413214532,84.9954676296579,47.457558014658574
139.2794242941718,122.68672293593747,84.07421100006283,47.21175331420869
139.185280609432,123.70704593471936,83.83364384445322,46.97075202527833
138.92250407824926,123.24676077827543,84.07680678917342,47.08353527742858
139.70373751316387,123.53467633245714,83.35002219225527,46.906577796250986
140.57862610859382,123.82380240385233,82.727891686042,46.602290594962234
139.57386587635375,124.05589051523089,82.46759575190154,46.15873275318383
141.17018376254399,122.99234208260398,82.28745883511185,46.10280497358593
141.14570190694045,123.73584238315607,80.8702869252481,45.40457576339668
140.91354958316973,124.30110433021147,80.29486924937186,44.876708054912854
141.4331678660335,123.41301369979841,80.30402700603962,44.334302489414505
141.55832905464456,123.76815745314036,79.35087395655341,43.67121849000502
142.87591750566457,123.96789127495828,78.11717951739641,43.1154192327093
144.54914454729686,122.60071953714913,77.24896330148717,43.010857850692105
145.79286173761375,123.51980724553738,75.89024395915297,42.40011706907798
146.60884024398942,123.40038128794035,74.72282537160875,41.92246095338059
147.0941652983068,123.29914476946473,73.53817412893599,41.311158093305785
148.52639926234718,123.81695218655872,72.21048047854228,40.88152490708609
147.58857704732344,124.18227489998907,71.4449842092032,39.959206380230746
148.1791273457024,124.32482298470708,70.76112668900817,39.24310073937822
148.37373809891537,124.54354164169006,69.89823219655165,38.624978069152945
148.1975229194245,124.95332102439903,68.93100558741659,38.104706473906724
148.63121637461626,125.11138174745562,69.08280314720983,37.5736452547108
147.6525256021184,125.80081478544804,68.61259956723602,36.92461552344492
147.88764641755898,125.28273422271883,67.56128071829912,36.628249011421644
147.53432834912843,125.44165824134413,67.53356754476212,36.263646315948854
146.89122064435952,126.08182403279365,67.12466512306978,35.62855211927647
146.82783561901977,126.40713142399095,66.97995568633021,35.3643468877871
146.0188077742402,126.4236353326909,66.96478915356114,34.81866026837379
145.86033941775847,126.60630176586028,66.79270092937172,34.40495517806176
146.94588719255833,126.05804250241134,65.53200928707105,34.142904798175586
147.15339368162375,125.75927007807317,64.9788230565961,34.01667360439052
147.9422599139529,126.05856014930502,64.22933831790135,33.85348849409425
147.52032431861997,126.06484512930338,64.0346038185648,33.44769065886484
147.56498538295264,125.63671098905597,64.04791018171834,33.21035163287926
147.54206733776857,126.10886402148493,63.82739996647773,32.92360508206704
149.21707680100167,125.63664360617207,62.89678149357907,32.727405653903716
149.42785189135597,125.22931368863308,62.728625618576494,32.3639122125382
149.27024558230607,125.60869898096101,62.92231940870147,32.190675664041876
148.80120454992692,125.83995393173942,63.035172067102934,32.048902140916375
148.2815631325039,126.06052513578446,62.951212404504844,31.954285848959024
149.12914107287094,125.36148928476324,62.989360905141325,31.76429538383379
147.90951603960218,125.62955425351588,63.40188663314733,31.583285777377476
148.8324870811282,125.86218842955329,63.44064270263744,31.5026037893335
148.43730198006716,126.12749558182567,63.17161985647303,31.464692445756747
148.23704038889124,126.38914801546072,63.438309511259874,31.280920639275752
147.57924856032173,126.87474976919083,64.08914217514713,31.11306150075019
146.86146387587655,127.11926459625985,64.77231102657379,31.223609869568982
146.50932324443158,127.68510082650984,65.15433152224225,31.129643068935348
146.7018191321592,127.91654102739746,65.70611543114379,31.15931825564391
146.37935457587344,128.49537320797864,65.5634101710041,31.48732469945897
145.3687662175168,128.77962457267444,65.86188307321083,31.52234874113592
144.80382736535415,129.23834761605306,65.74125759512495,31.715488343923376
143.85384512633001,129.83773340424037,65.42444522533384,31.89524035572929
144.15939790491203,130.8911623348697,64.71487211699802,32.331390345117605
144.11402384958737,131.3360084555588,64.65332723100238,32.70034041960396
145.1168107698249,133.3335681230238,64.58160224840694,32.82127466591174
145.5801830214893,134.89544818649335,64.52812181940376,32.7263546039751
145.92019159513148,139.07040720563532,63.949736887201965,32.8024714930593
144.62776307893967,140.1333566279082,62.7250557935938,33.14316305302407
144.13179660070097,144.20045313310615,61.15848130759686,33.43200566427124
142.85356914991252,145.4846112958283,59.9196094994264,34.13433591093995
142.57607811323084,146.5443465591504,58.89042158892594,34.805009350970586
138.34087552315214,148.3914065168785,59.37895707151259,35.283829212888655
138.46675483142135,150.51866122878818,59.33876041793626,35.86803772653876
138.17727914492224,152.73376099095006,59.00015025986764,36.20098651001529
137.60475965159682,155.12864125280325,58.57818313537344,36.48406524641025
137.2094400238889,156.78653350350044,58.312630469555145,36.37554540680482
134.9022339322914,158.3880868123486,58.08277480759632,36.260814834335505
133.71204363814502,159.27302175810595,57.96831811180097,36.1442690700181
131.7126775792242,159.60019474663775,57.72638193282862,35.97864756309303
129.39310977142102,159.63957966226533,57.18261235129141,35.84095955748165
127.83803624099838,159.71705602066865,57.10669349989003,35.67273220269276
125.56422224339973,159.22994195947464,56.91165906527775,35.4836002062148
122.40039680323265,159.45369582612273,56.45373169472688,35.71259201849287
120.52616840423158,158.73679507856062,56.60978150458509,35.44800541394664
118.44714631677245,158.45769800611487,56.59771354647725,35.316418191059384
115.83412987784021,157.85084423371094,56.48125193657927,35.428189395535185
114.11703042920476,156.6207046808695,56.37336852412728,35.40123986924482
107.77292097076966,155.51530194535545,58.178403008014065,35.365148358079914
106.73967228177054,154.17473114590587,59.33098230806661,35.21534923355989
105.80209988546103,153.78876673601718,59.49225752899982,35.392778286510605
104.16655973145667,153.08278845787686,59.5458137853423,35.65406216861218
102.77036155047469,152.1874324398859,59.44750861494236,35.81405370841645
101.26811392851354,150.53215192046622,59.179198644936434,35.60194876977778
98.91405176573605,149.41407152279746,59.15900380240059,35.69663507971798
97.86491570530458,147.81329365936634,58.95883808947751,36.008307526779795
96.97372576934225,145.2856945915905,59.194952001662486,36.30788422907342
97.95729722330529,137.08342075133845,58.2926857693422,39.69524479104723
90.67560175364811,138.11459344816203,60.188378802162426,39.65675389149494
88.74656251969287,137.3526969357314,62.44673059313197,39.13480559669983
87.49225965931583,135.62057376111676,64.42973439042031,38.7523837025209
86.10963359665215,134.04267091825753,66.00453477452913,38.92119536014792
83.96875224178065,131.91116587281377,67.89727894865811,39.06967631819242
83.48468069148831,130.86241976089119,68.68151573248561,39.49714688886223
80.51406521078789,128.97629007275498,70.17784999588837,39.66469735514626
75.90576295015495,128.8133849510366,72.85512021997408,39.703908469144615
74.20861367506285,128.14820867607654,74.49705783017875,40.40275678141293
73.22914558926873,126.90684676985786,75.99138142838174,41.106043051888584
72.68968235664526,126.45252172297825,77.31878834771592,41.491805319681944
69.84896409722651,124.49828490644174,79.71973542182076,42.205738690532655
67.88755512159221,121.87599203069085,81.5235915620237,43.391696836596196
66.06867064723616,120.90723384331702,82.46873927965669,44.43578858117877
63.68555449102365,119.78572752833593,84.19447452749125,45.55704322697957
61.52110990183485,120.35274205105597,86.00941621899142,46.09281744329637
61.24184458713742,118.51368970376048,86.98435124468182,46.87749214330424
59.33782112548951,118.16648015211399,87.83255119455845,47.48522523146813
57.81194878819029,117.99239220697174,89.45725398091989,48.075429432647596
58.28769375082777,115.80354307068622,90.14301078358835,48.364587628009154
58.61407609462687,114.27689464589186,90.65685621771715,49.30427993200461
60.32138893010348,113.86689083055413,90.36397184162476,49.756083565068096
60.755215237385656,113.1615925679351,90.74231665595445,49.60672854649814
62.769833904310275,112.17888610573385,90.66899548841076,49.29987699030981
64.49021333187116,112.18031183037318,90.82338924978984,49.14271352645139
65.28302686921364,111.53524745699121,91.49229498913076,49.21039177844911
67.45461594754255,110.5440104832631,91.33970149204936,49.41627609387103
70.91837359901065,109.72862017066254,90.61488537353088,49.41254036069658
73.81984320296564,110.124699864527,89.60211111313068,49.1884360662561
76.21573079125862,109.54476747634487,89.315183463095,49.061145214416
78.0428235588068,109.50029688951207,88.96798640570555,48.88295136401085
79.84485217818646,110.4371886162184,88.88979639068586,48.81784081556645
80.8463694343561,111.61284073523943,88.89655206046021,48.90509253341124
82.22667226244849,111.21995767878548,88.9619637840362,49.11715559570576
83.85669030096884,112.11324004440081,89.4516823742776,49.285244127567125
84.56490669025646,112.71383041565755,89.92141354566877,49.46972558312036
85.61099134275476,112.59817656990543,90.01435004130084,49.690199054759105
87.10458808372337,111.70209443504706,90.27197024001244,50.082631807637775
88.38989997338004,111.38299401277769,90.59804183614159,50.42340660723556
89.91094512449695,112.16889237716435,90.68674868165864,50.77461665145723
91.80295841350468,111.2970311174818,90.74310134177182,50.97429169596121
93.95233628466363,112.24296269950636,90.73240435723592,50.71116061714004
95.3314952807707,112.26179985419333,90.868535360612,50.627039336170824
96.26039488284825,112.07007289143715,90.38771669959348,50.67123649822493
96.72490836573553,111.97984359402477,90.09854118473902,50.70317414654697
97.88703633641973,112.71292839230425,89.77336721263181,50.53788927365135
99.03723106941639,113.43847690579415,88.87642382493894,50.690752403112285
100.08944271670214,114.40157691836652,87.86471996605928,51.006807827262605
101.04732156746725,116.09326613204402,87.57072656678278,50.78296671527623
102.69727131817099,115.48598052307055,87.92927385416314,50.757205806605754
103.43705475274525,114.04945708074887,88.43233509208554,50.99520740125584
103.03848121865855,112.41207149385164,87.85961614673202,51.45227127486413
103.13134597205729,112.58823675700731,87.50164411769488,51.81463721547556
104.85746818794827,111.58311714504103,86.20963342195111,52.27518571598893
107.0779318030545,110.12906918958849,85.16946469660621,52.90704080124093
104.24778083500205,108.11534543235868,85.51466214815301,53.25194694530872
109.40200915498846,104.44964007653755,83.31892695135643,56.01723178719999
108.15188719961664,103.83070340486768,81.69824114408252,57.02671878801426
108.73003678352306,102.55404627174676,80.98851523371596,57.74350403776134
110.03377449267364,101.76711587203272,79.61094220208014,57.86812844421458
111.14170170823198,101.30331939647698,79.21364717915134,56.45941839964428
110.09459411359964,101.84906278216582,78.57513865549487,54.44426717762114
111.66572524217503,102.74706774558351,77.8925736448956,52.86465131759639
112.3904771008998,103.59312173216784,77.64089524006049,51.353348863650936
113.16569102660637,103.78731459609219,77.3078899932082,50.153056917273474
114.01096992531555,105.42284185945579,77.07203957989934,49.6199834715552
114.08285032914117,105.33688175724104,75.69953855694662,48.724398673962895
115.92259059822722,106.27203818342026,75.28114758214426,47.923653501963344
116.51866402482656,107.29628284095708,74.63713273129923,47.430099642212
116.84727916123782,108.17256818111773,73.69723824887245,47.24072252153728
118.07894289048966,109.05472984472902,73.00442098705459,47.33545411737225
119.25449659560076,110.13869863847711,72.25373631681497,47.4712000492395
120.75667906939348,110.36283787970453,72.95648511205789,47.495621328175346
120.52847196617353,108.97849930846603,73.48306858108582,47.854928048289054
119.6095002817213,109.86111307707625,73.61951642176916,47.910567334265
120.95026597195397,109.55734289650506,74.07446871058484,48.22738943798018
120.87765310559719,109.9545402140216,74.03420978064636,48.55643709516054
120.30043555956273,110.03851853244953,74.31203024249297,48.758640888974455
120.72669438989868,110.37944836545981,74.75411461829718,48.68594504369746
120.5371244264843,110.5051125246198,75.28372206011773,48.48433369346682
120.2807692515096,110.13091408654293,75.53761214453559,48.294855179567776
120.4716490477419,109.8728188419168,75.81693154157674,48.15208502838958
120.81494523515262,109.67140832525632,76.28426685058557,48.00907342773836
121.03749784567992,109.31145963132997,76.75555699572281,48.06909130995677
121.2013259589466,108.8209961474285,77.1547894258057,48.33231302797333
120.42372249196441,108.99233227852042,77.27869011682725,48.603160315159286
120.24957383184918,108.83453442416643,77.69087525670551,48.9106275335683
119.94989045822496,108.50710756436621,77.78470157340814,48.88992793133036
119.83101574473365,108.48188145905853,77.95871715444159,48.792907700749275
119.75863966693535,108.12349179488177,78.23753949784526,48.91136350510454
120.33643076840617,108.4075392102835,78.88465912576757,49.31154034702675
120.49358637864582,107.62045698376461,79.17586505425984,49.58074097293135
119.13969271232013,108.74141334121984,78.53274744535238,48.93119864891291
118.69744817700666,107.89429198369878,78.628723928432,48.75811033597043
118.11443098831826,107.5566033102483,78.0583596089094,48.46457984977201
117.26864316642963,108.39107127645764,77.85495959045521,47.97261463764447
117.06750318081478,108.60447713775031,77.61745909989673,47.54504697222508
116.86287532681501,108.6463122528109,77.5836033584162,47.427692708203395
116.96385633796957,108.60090255452963,77.39957155133172,47.480222360359
116.83428595628098,108.55843857528123,77.21687923584767,47.4950395954795
117.11133952290497,108.35458518111955,77.73811296964223,47.66243525292158
118.37343284423139,107.91218347442532,77.208023559808,48.0575750951907
118.68067156914796,108.37147713394793,77.26686854916856,48.21848177562669
118.10003357587036,108.47906652919119,77.30102904767142,48.41707008452066
118.26808762575766,108.85051401099321,77.546192059862,48.56327126177813
118.64276481872679,109.47748946196711,77.6745195849154,48.869869142178956
119.75152364595743,110.7660406051173,77.4859750330237,49.02761082522369
119.6394499647313,110.46752883542959,77.43894355388508,49.108687976354474
119.82918287960246,110.40804057909978,77.62935147435257,49.244370313076345
119.39655779273605,111.60963674073176,77.9198692252567,49.0641477602439
119.76157768911068,111.41158766302738,78.01362624122709,48.979769446851165
119.9165851807633,110.3793580348446,77.92575092936673,49.235053569511564
120.52309263504844,110.79603442833698,77.88108171057003,49.29046272014506
