139.5,90.5,45,59
138.54241732932783,88.53944033058983,46.53905568167256,59.606724387953655
138.0536288793346,87.75640088279457,46.999285543866804,60.18935597023547
137.39698525835271,86.420365279153,47.41493726632602,60.29805957230923
135.5391559630575,84.39770408864459,47.67757170797538,60.429468941775156
135.20930377336845,82.45687878707213,47.86026875788954,60.61959050935183
134.0056081263656,80.32997572816058,48.32245174081433,60.69195150540982
133.22919302239376,77.99127949581539,48.317200083447375,60.76228210715461
132.9435224367048,79.66554085653134,48.330663893050826,60.51947084583625
130.24587811760017,81.88037674280596,48.24999513761381,60.48085751826379
129.5035050910386,81.15367465039907,48.68602583772493,61.17165067154532
128.94461301220457,83.76341338080508,48.85243945811189,61.37305162107265
125.51813921419128,83.3823796406797,48.77992909973176,61.274404904164584
119.66839129252935,82.19895149261998,48.551505555238236,60.87777123865986
118.49434255428007,80.49599951398758,48.669924400907945,61.32186913704099
118.72252872469306,78.77954564162204,48.460667463495724,61.186123536664084
120.1160985835503,80.03501602199137,48.510937003670065,61.66414709515452
121.94051817969759,84.77144281327483,48.3211081740006,61.57725409150606
123.62095662556598,88.67561974911393,48.37858197882754,61.61633474054929
127.60442400063386,89.55099189883254,48.66512527892371,62.24078427541689
131.39719985470026,89.05609354757655,48.74791902214591,62.13743966056131
135.11958951363883,86.25257187747155,49.05788661817864,62.47877932264019
138.34811724502657,84.03774640116261,49.20550501786043,62.678699669179
140.73149143824264,81.2288996329213,49.556452916676136,63.18563251687989
140.35423666384187,79.48686986147783,49.6602185041434,63.193489094984116
138.879704581925,78.66138403965965,49.826880152565735,63.95468212457625
137.46052617265377,81.05785486301062,50.36456372472456,65.19890373547321
138.52308335164912,82.83082442510644,51.18947397153123,65.86951019309919
139.74884049514168,84.61174561669232,52.21937686365379,67.3854885878205
141.04946058438108,85.50262970282267,53.58917645720868,68.51729725691415
140.20683978739044,83.47704788495611,55.680285121149595,70.5902438869176
139.31408054736124,85.17319817863729,59.468159176769504,70.59536918952412
139.14906621361132,83.29900347477167,62.99330221843013,72.54471947181285
140.76890967216798,80.20501870103547,64.76510183162075,73.43716966732605
141.33873694930185,77.23538946021256,66.59250331334854,75.02386524461396
140.32614193030554,76.76552606846306,69.57250522239292,78.29398987242752
144.17363900118306,78.70394491347545,72.40912538422674,80.47723938638222
148.2215412321969,82.29801919709993,74.81859760219176,82.70698995090817
147.18810545903585,85.71831897118568,78.75380368029789,85.59425562185288
149.2975607785204,89.17324984636524,83.23754978723947,89.87658213443322
148.4828261950853,93.47122070877674,86.03895069773151,93.46536331000082
142.58569550074066,97.72109104995606,88.5052177398021,97.50254985084777
136.78078911247326,95.70794600620391,91.1227857958779,103.01249038429019
132.94393490050777,87.42167196075752,93.23631784728084,107.36290960707993
132.17075653629786,77.39908694611034,92.34096028889644,109.19182254103737
133.51301530450286,75.15055059902201,89.46314404011369,107.70162201896648
134.27114579267078,70.9473529692788,86.05737636612311,107.26117165162185
132.38549756949132,75.92492912278831,82.4726714353763,105.73586229351639
130.79109768844938,76.61656808928825,78.75199968561935,103.17429041711135
129.1054484067071,81.73572963959447,75.39982517705192,102.04742800222891
128.81474131829086,84.53599379445038,72.8380077235591,98.53540853689269
129.4843393050667,86.29576885402997,70.52361753423288,96.2231589615186
131.031151201017,89.29641367014486,68.15646606050475,92.79547176726184
132.40519164325062,90.0953516066989,66.12224008498067,89.88568073492831
134.55853420369198,91.14989483239322,64.156363355669,87.19487184520426
136.9285371612274,92.64487281472083,62.350161237366315,84.1856524416686
139.48820368653065,91.07847246474029,60.52586545635209,82.04240924972294
142.0463703553957,86.68381042939862,58.66276412088028,79.60332450692971
144.3959005309346,80.00091346964433,57.152239698528724,77.52225239097687
148.12480845105,77.8175467398919,55.574909869803065,75.85506937709305
155.46753739708046,78.34485620794311,54.573475834858826,74.5454395083067
162.61895068753256,78.28350320335241,55.34422141276808,75.12701837219772
170.48715771891744,79.91988901702649,58.12024135573566,75.22022212479341
180.58359125882936,85.11555562443678,59.78817788003776,75.4621067215573
185.87188639643063,89.31436451579201,60.492996868446106,75.24290805200602
183.02839843620592,89.85666196640153,61.012736460770476,73.75414013423881
174.16986268609267,88.48384429889262,62.06157408953703,73.71508079762579
167.80870749250073,86.01227683168776,63.006114434301494,74.6200396723126
163.33971733635974,83.79564283111208,63.76385030078269,75.42598404599202
163.53750959188295,82.05390898824356,64.535032671679,75.64004660515741
167.14752176488247,81.71608416071197,66.48013607989142,77.02868189502436
172.6925064151395,81.3962542882722,67.30176593861808,77.4672138872422
177.98468645525986,80.11348904029077,68.28217655692472,78.06369814812054
182.4796379299971,79.41239492313628,68.91208561916898,78.42869689878695
188.9413950010453,80.20375382724248,69.08662636293685,78.56511151397542
192.550117316554,79.59906011852378,69.14325104115406,78.62809192324173
197.20335752058224,83.10376790453785,69.2063747438153,78.69437091221822
200.21043511679295,85.40720221457644,69.1943214495873,78.74950962398918
203.93204133746596,85.38430397838935,69.18758142416534,78.79264711383499
206.7777907071741,85.50386828166288,69.32568158840506,78.88090801577373
197.40211124331512,87.72921477004061,70.85071834205077,79.77369467234956
180.28160118451135,86.735402091282,75.67887758929699,84.0877122036339
166.18356589752574,83.32021656095066,79.74952282452308,89.59061641878418
151.05051376353472,81.80510756322929,81.92043513693869,93.3272730152439
138.0289734156235,82.64406539475586,81.75746305260978,95.4366455411251
131.88805558700557,82.93357446101462,79.94639461896429,94.56953226218997
125.81541380785654,81.93675512336559,77.6785903324137,93.30407216925377
122.16266859022272,79.77336708387725,74.96968886857246,92.03512223504686
119.67918038802758,77.34537536107794,72.4175350430128,90.77683117884493
115.8388536009304,76.17211179125557,70.16329119441663,88.9439316484152
111.51761912527627,75.49471273380745,68.47514033371318,87.3322940924588
105.98593004476467,74.74233967636141,67.68586785234136,86.40652658697428
99.11517947053112,71.54185673506589,67.47737205256627,86.56201002480213
95.76461656443661,72.06888982235989,66.53748901084292,86.29830763881887
92.13139841694407,74.27873753328245,66.84835556171791,85.66217153933091
88.25353318924988,75.89931694894271,67.47394428202938,85.2829912388942
79.65039110975651,79.70775459615184,68.25233766342822,86.18304461726646
71.40620697463378,81.39165078644412,69.68133303175719,87.10392563756082
62.100019930550125,84.54751875808581,72.44437240312762,86.69230709158577
57.08759601029219,87.04715962575204,73.41416748638031,87.20742011638514
53.296890842083066,90.81936426732764,74.28123713600046,88.23810600993073
49.54153102351374,93.37723896952116,75.86234556708442,89.4760124206682
45.79471900079211,92.76058642592486,77.71174592249473,91.89871400844828
41.95752445854339,92.45856514656167,80.51848449811155,95.09685441988157
40.50983789918497,89.20878561031384,83.79007247869819,97.85152637880606
41.42628681752308,88.63590509903001,88.22209869139942,100.45635128896984
45.667018401209056,86.16306782135162,93.0031753876139,104.77598300146164
52.49330490957046,82.89564475621358,97.8426983181567,109.71105477108097
59.47399945648877,84.13047087953206,100.95386667366091,116.43533028933662
60.76259988496379,90.59113036524795,106.51938890020696,119.43512337845169
64.08634424052957,90.7236461927276,111.12543259874336,125.06877002625728
72.18037736586689,89.4385568126275,112.65992913798574,131.09363733549924
78.50083691144766,88.01065271356048,112.45137927900191,132.87092046725755
86.28226364243706,89.03690732470992,111.29936299048504,132.23957134684923
90.60907062954665,90.28437461739931,109.82295743988035,129.73385251358033
93.73464791898688,90.1189406794876,107.68562627484877,126.60936760620062
96.28425142390218,86.71702354798283,104.25506154750414,123.65634208985225
99.51308711560594,85.86065682370543,101.36319512244012,119.5880897061927
100.08652617016966,80.38948050675032,97.98350556235444,115.43315230104042
102.06440212801519,75.25547751194918,94.93150549679154,111.75413966729063
105.67684015372502,69.21740303562231,91.75545852404619,108.4902426909893
109.91603008123299,64.4303968070674,88.7091055321284,105.57466164223976
112.03797828532109,61.47961735941003,86.70278346286516,102.84870188368487
113.008157556675,58.67478556666046,84.59311356063262,100.64533570310124
111.28046410633372,53.36390939340462,82.49360887501146,98.68842613097279
103.82914197761171,50.87695759744603,81.55207493268742,96.37317757750422
99.47166845537414,48.48051048108222,80.14123233482857,94.58326665352408
93.72197939291748,49.828955421122956,79.35359454482492,92.29548574003158
91.95456000734018,50.948229218945855,78.33320985101369,91.38253411930796
90.77391569464436,52.17167337177933,77.64113205375214,89.94538509338803
87.20268992711243,53.71927828157528,78.30173725626592,89.33448160924534
84.5004472532463,55.93662418986623,79.82971842118263,89.33155773318468
84.20797842953601,55.0029129465893,80.77067920140426,90.17592919625527
81.5334576587353,56.19632572114158,82.70078234464451,91.12442936507674
81.58076268326907,56.639552078275884,84.32167217350664,92.9962936445215
83.02302317029684,60.03977496080791,86.57502389537396,94.79626406292913
83.26078826370824,61.96548683271469,88.18925019735121,96.89611948247617
81.2859036727004,66.5799291162763,90.18049598668958,100.73493434772598
80.16936991439164,70.26802286898331,92.49811469612717,104.54720909969724
81.90186029331797,67.06512294906727,94.46499057050718,109.88866977861011
89.92327874606512,68.00608117068387,94.78172321457342,110.0209773878061
96.55823156066721,63.918939962893354,93.0930906642877,110.50873302802704
101.51085002122073,59.02052795683804,91.07104151402416,110.08519342319431
111.28891849949562,57.91625101042118,89.91086631894899,109.31899298253194
118.55492131979192,58.529262482719105,87.21533605067086,108.09003338367756
121.14605722512556,59.95803232512112,85.43187057354544,105.97093045739176
122.77119443153866,60.598611531336516,83.72860562879785,103.87913999492358
123.51985645886278,63.3993418418888,82.49455666102935,102.05211560924687
125.78007692246155,67.72434138072963,81.13079274150698,99.8658664171243
127.84413836445867,71.84632113969687,78.93997554637076,98.06226839897617
129.7191549762918,78.54407691885339,78.2641059980127,97.45781442733308
132.14317589135683,83.40801122757475,78.57913341608213,96.66952005152855
134.9327590217432,90.37125066536147,81.60230880722588,94.32597841655567
136.0243083729734,94.85207884500917,84.37799134713609,93.20087944556593
139.30083459672588,100.03555293995493,86.61733163034403,92.60992746386535
141.0804170436432,102.65842165531159,88.87943577184878,92.19197695560686
144.81088329542158,99.28090107556467,90.50366638474709,92.90381714540464
141.09247361307098,97.75907246319441,91.59310606500006,92.87557352557118
138.47668018670765,96.09342307078805,92.62002248849691,92.83524283383669
137.45965393516607,91.0376410506006,93.22792383515463,93.04662415021257
127.49831745287429,94.24644086652629,93.73081034649111,93.30607749306212
124.20487186529081,96.78569290697459,93.97223967626014,93.42879249404417
121.88799604477745,98.35288248962961,94.0501546397356,93.46869850215026
119.8243132845398,102.40193947520511,94.072476748956,93.48753551976878
117.48950607550778,104.6541407612579,94.10367869143411,93.50119553921591
118.61133047920919,105.94431527378957,94.32843799178887,93.61331539575966
121.18216173020942,105.72448501581465,94.43983773801838,93.65090828022642
121.07128162365035,102.49777494387615,94.48122528084366,93.66659525073305
120.55559708192548,98.40796150469268,94.52600904525119,93.67847749256437
119.23955345298046,94.00215212441287,94.64270066181435,93.70158020850725
116.10248206649882,91.78068471443879,94.76986887117897,93.7260117440011
113.26323273414795,91.4484216776506,94.83427184801452,93.74868418703471
110.42834467673168,92.045398569687,94.86392793339756,93.75588785363787
109.15779872658592,91.80621713635541,94.87732680047071,93.76085802511253
108.57070684988929,94.07659491097603,94.8789042048726,93.76174514173434
107.81423080318973,98.34638856315968,94.88082121354728,93.76358735702036
106.8430411074758,104.0877611555905,94.88271023994676,93.76666580344535
107.2367983735507,107.84205068402771,94.88340609979524,93.76742083394274
108.82700886066637,111.86703495226145,94.88674862959223,93.76949811961882
112.32957722121772,113.8124721595129,94.88762530189163,93.77043483754696
117.21535075752266,116.33505691090195,94.88819679770215,93.77092821471268
121.06681849935705,115.99832369970618,94.8889508892287,93.77136581039068
120.99535205054622,112.10023982649372,94.89208104782621,93.77270514189861
123.54941302858184,110.08930405582656,94.89528387889484,93.77385047931446
127.56258939561778,107.99080333654827,94.90321096812619,93.77533294738154
131.13709124959746,104.73265701442568,94.91895545200035,93.77761659275585
139.8823767428418,99.54353417937723,95.11051718645889,93.81694548428831
237.0150916548714,130.99601202412353,89.40474922763406,98.42143498522539
239.39475654552913,128.44167990166358,83.78040370115565,102.46959157500157
246.10638394996693,129.4420701593437,78.74494434058332,106.55869915549702
247.68534981684988,123.86437418796163,75.6242724239408,109.68242624993354
245.2262730575733,126.90864175179581,75.5312746287122,109.69389722578082
248.72745103590725,120.92783259018553,75.38441793962245,109.83276450377431
244.30607925989162,118.69170975402244,75.39449509455899,109.98156247178531
238.87657888834596,122.08361541763537,75.81445756097793,109.72360382476575
234.4381806400084,122.7742140475214,76.25181905246504,109.53748028878672
232.43446063613678,123.08642209074351,76.54627759772967,109.4271638002734
238.17857569305772,121.83695139019152,77.14501590582381,109.10525959743453
234.27815501806242,120.67541905761604,77.43122503077782,108.88930181690677
239.05758316482337,119.0371748565552,77.54021064857183,108.7859386393623
244.55255138557445,116.61980023815212,77.4982741612933,108.74913254779932
247.62087697619464,113.95236521629818,77.33244865220257,108.77424917353846
243.85253706465892,116.31646119901623,77.12670541771784,108.81832741073907
247.33496499342556,117.59698654521964,76.96507364694604,108.746557895853
246.16570673355073,117.0806602583843,76.91676603568375,108.7540843699372
251.53150029362703,114.96754795305881,76.04031197217175,109.20748683894082
255.97206386310626,116.64357097250304,75.75312270705363,109.26018399463246
256.01166422486057,107.4036278867496,75.66413234532376,109.34421330883951
148.97409635521024,88.91416423885983,83.2313945494682,104.97762821448235
156.79369595589307,93.52832580999473,85.49596579487985,104.33223468341863
173.91903305768875,86.7017380319775,87.13624465525334,104.2003722450683
184.1406281035377,84.09055989735577,89.2707694835994,105.23118255102442
196.86545739370132,71.84582604516935,92.63458937312075,106.79861313076347
203.52023894424707,65.89667190615431,93.70368647405567,110.23869901957235
198.47567660629917,68.19372618947627,94.34240602910182,109.9742708957385
195.28328728772368,68.05141066003446,90.68199004039835,112.08387160393698
191.9003053596535,71.33161698366732,87.36610002996157,113.10516738791517
190.07691805141266,71.8327032328945,84.54284863020786,112.87174770280004
188.61372603596874,77.11551334129567,82.15917359050857,114.20048421359779
181.26120352186842,85.58319423018345,81.10163679345283,113.13633444143747
183.48543336326696,87.86421833212385,79.82690295408533,112.40227462371084
188.04126082473965,85.92479914841613,77.95595781278666,110.56203063562702
189.54867969352424,77.43836093155029,76.10920708083272,110.14030715480791
191.18867932074738,69.24657450899522,74.43705289436436,109.79447936515241
190.45632389591395,62.73928942959962,73.76848084417463,109.23168174135085
191.4976441744583,53.356216521206285,73.37921396720074,112.36375525436556
188.70965005107246,46.60950269823938,75.1824408690627,114.53245965658598
185.76195940614468,51.39652714034576,76.85636181651104,113.62282899289325
182.0945767847613,53.97727937353453,77.18446945887494,111.99389965697836
177.86057287870722,54.36491830012403,77.42081547441333,111.45507734862872
176.02268094949008,55.3369720041613,77.66303586200712,110.65468854082732
174.6520503171635,57.2057330139631,77.7944047583436,110.10135059562558
173.66919075853886,54.81813331249273,78.21702959821103,110.51559237603823
171.56703049664299,54.35704687809367,78.12257635643877,110.63390386521294
166.1460765546364,57.83930046956177,81.45733978931057,108.85013560821058
162.01927857401557,59.57967851272038,85.06495443875417,107.325076700734
167.71816278207476,60.94968687724221,86.21705937468658,106.66047224509732
164.8188337571469,62.85438586496091,89.24103847900092,107.22291570032398
175.25538716117453,62.23980638878052,87.79209548930504,109.21268618680341
177.53725073559298,64.44982876992552,86.34523206803775,111.68631818232593
186.12550892490037,61.55477675874522,80.80849668765293,118.2761540553106
189.71072802237202,56.158918639400085,77.48007209019801,123.44654241695619
193.94868574345003,53.60787509687225,75.14455991876342,127.57011375780257
196.55656217891513,49.303719628694026,74.04223182581785,130.79560933313607
200.37900030517744,49.155930932211916,74.37387944948343,133.07984062433943
199.53006978167178,44.49619055548985,74.36580394540067,134.50451213172033
196.1764969675188,50.997748950816046,74.62487809390929,133.02891647449079
196.0774682173166,57.94008854860776,74.08278335451415,130.27274870774036
191.3150081586456,56.40354705358175,73.76539352007394,127.7467024978107
187.04085459573932,63.31499964415634,72.44511124464138,123.29015130530898
179.15025479030237,64.51653688015134,71.88304913676532,119.85809896237784
170.89562449641178,68.749273069259,71.22339111492732,115.54049521743275
166.2054620214264,69.48562912795151,69.69527452131898,111.14295051757398
154.91969757106693,73.83625702977866,70.05958525187194,105.88776729234985
152.36457061059167,71.91655340450585,69.34315279052876,101.65786149357908
149.12029708227584,66.3500584873877,67.99336814778906,99.9614083499101
142.72187303812663,67.84232138679042,67.56160905835311,95.73370179930411
136.5253733718984,68.6409158883199,67.6985277633681,92.04320720847662
131.0636171976793,70.8733052445285,67.82243378856418,90.21632789486313
123.36761293296544,76.17390674702156,70.5993652992541,87.55820436146514
116.21569716100818,80.17537657229911,72.26160863210904,85.55880522680968
110.21849433820663,83.12151001262465,73.64812224127417,83.58153830801163
107.27085847062428,85.48434523105192,73.92904842590175,82.01865125548022
105.59411987205418,86.36382514050733,74.08396466990169,80.18326312748641
106.22425523228651,83.08211684844144,74.32532854721536,80.79448263672805
101.6282493985683,86.71663474274158,75.65260651866787,79.7538127462601
95.24852638081775,87.74856430900888,77.65488950637845,80.26987485930044
86.48775703094144,87.92617646430944,79.93021524684153,81.72806536078737
76.74514413098606,86.34964630034372,82.24791670898372,83.57154774682427
66.7922232308751,84.21710745561211,83.96527240996248,85.84802029464775
62.304865267095636,81.89123993900301,85.09354134655462,88.14944166438329
