130.5,132.5,31,115
128.54244688517284,131.37080597830612,33.17363386618236,114.17517089937527
127.51247512429279,131.83142008964128,34.63266368450081,113.26242228585916
127.42766541071694,131.88822980962777,35.62088913067258,112.17948707859797
126.57836514817954,131.78585030890045,36.65283936048983,111.19760224117016
125.40234366653364,131.5705550562921,37.90085958246387,110.04894241069346
124.78703278625406,130.80956695319128,38.96537087213204,108.9808686348242
123.80382129360011,130.0653574926934,39.548722673281624,109.31383923829219
122.54782123923454,128.81292566040455,39.97344846903973,109.53040358074163
122.12693118717456,128.41249915574838,40.477104715184694,109.75718744771231
121.47478956441162,127.73451076048858,40.553359663286244,109.87985163142044
121.35633778042056,128.26864455665165,40.71755726205394,109.786413772466
120.40410960190154,127.6944913119033,41.46695249333666,109.35696850624828
119.10093179559377,128.87932947069277,41.71678053904241,108.99362840082753
119.01398103359182,128.9220942326885,41.7059167986544,108.72004462814552
117.44557242863723,127.37583375583294,42.31456938339574,107.9057498145684
116.20794455379465,126.22646606413764,43.16261141657395,107.05421473592287
115.64621905696984,124.97872282780753,43.36936455045948,106.85989045571444
116.2887123539401,124.29017153110124,43.468520832190336,107.7628627464594
116.66761547369673,123.86175850433125,43.17395506713958,107.29528312983335
117.37895438655744,122.82153138606154,43.15575400323608,106.40431922405408
118.69513002198048,122.56915700962819,42.392077845114315,105.7960486297299
119.31219793570668,123.85074946775106,41.812637886154064,104.72608749983823
120.16322435523385,123.77321562590737,40.99231101403009,103.97302412054114
120.4127861885128,123.99824588763896,40.438748473346706,103.61089710761988
120.34153144986169,123.84180555639759,40.02900434671368,103.86967719331443
118.96435630350445,123.04698584058937,39.71496093215278,103.11474002771712
118.54397292654266,122.3846717912636,39.676515723853285,102.853170154071
117.6826076377162,121.62677156397545,39.62821408734149,102.46392509930891
116.67889579439453,121.01269268804344,39.84051324319259,102.63659796023511
115.93336605518218,120.53903033950084,40.32456989111192,102.56005385811075
115.45273862314447,120.13591083377491,40.28812209701092,102.48533985566564
115.92324466585634,119.92288325293103,40.702006437788036,102.20329863235128
114.93982259240849,119.82469862110057,41.201055570302344,102.17349021850005
113.97231088904535,120.1076922359895,41.787976288239264,101.98054491653664
113.82508088531148,119.29938893304393,41.82851091261604,102.32116234758494
113.0503012376638,119.93734141418588,42.3455842459973,102.27920025162642
112.35872103791121,118.2693719506102,42.58879925766223,101.73949473335847
112.14542669170174,117.38176853507942,42.96510397790725,101.06091805230457
111.7221809605159,116.32012695817528,43.26199620998947,101.32307990923022
112.61011988137237,116.02925050038557,42.92549531854049,101.55246324811705
113.13998895704006,115.01134397217524,43.2704328893273,101.3102995532102
114.72689250410177,114.8556899719749,42.71662615760013,101.44800433183678
115.90041549086055,114.48065095367858,41.219651316265654,101.34457568412614
117.59521844592562,114.27657200901423,40.0098378103103,100.9214026184263
118.70540270963828,114.66181424557442,38.85052637364428,100.43502556217413
118.63994088132263,114.89521370659322,38.17594499296782,99.82291041186599
118.49345221301954,115.40870175561624,37.73373372617284,100.2003575506669
117.74827139209766,114.7086847289969,37.490814351666785,99.35588190694511
116.82971487721377,114.33973799424572,37.89100042048942,98.39477704442385
116.16884472022056,113.04645752700769,38.27490170325636,98.82917304283424
115.60436623699633,112.54513035231192,38.68843609899944,98.4191542764955
115.06451151259044,112.09426824663446,39.19291435331505,98.5141924441111
114.78119082482205,112.30498463701569,39.63930082482008,98.5345572476439
113.84419861244757,111.78684514782674,40.09074434647761,98.60750530151086
113.928896689539,111.2453685687282,40.45348600347867,98.3796542118518
113.32892497944347,112.53076665772522,40.622378622392574,98.3159705369095
112.56598569176401,112.17356465557256,40.73948067606875,98.78027926319017
112.37558361863964,111.87095665407486,41.01678995463505,99.1621602235897
111.1756049525133,111.4328329892813,41.53206498918112,98.90288220737452
111.5890070853498,110.08979024275871,41.5308243927128,98.54993571799781
111.61391099594098,109.07815754159414,41.96313279391205,98.74483472151562
111.68177297733959,108.73146311878783,41.54362712382799,98.75843283188348
112.90521559602729,107.38729959565117,40.90502712281125,98.45130008315863
113.80375980444938,108.07158129651613,40.22475773005306,98.00315238091068
114.70099786797029,107.20559550606406,39.44635637966073,98.19187650049585
115.62994942383705,107.20561354875062,38.77260801684382,97.84327233326694
116.4161934369312,107.67701849503234,37.561523575135816,97.5565138380271
116.82277836339878,108.52301645776069,37.058015706644326,97.92138193577902
116.46945311356477,107.80085373049045,37.047233707380464,97.93075906516236
116.67462769573358,107.50013040647872,36.77760526810235,97.69851304331735
115.6503095359461,106.86830189314487,36.92054662612944,97.2998248990103
115.22584985267784,105.39218300077223,37.07366026423046,97.34169734066171
114.23241268904957,105.35253317227435,37.06306242447194,97.0711247363717
113.90494263024699,104.62762761738973,37.12397085052586,95.99540360050494
114.35375411332595,104.27674206740193,37.336344560812975,95.67976084588157
113.29542624286502,104.39590269510481,37.62925338210287,95.87316890718722
112.88917262302999,104.64427138762471,37.60437317918411,96.29824340082861
112.93774309265764,105.0455042829925,37.91815342613753,96.2806381614503
112.22938128362568,104.86038281442856,38.5352416338926,96.09666274673721
111.2941986092081,104.86651095689147,38.96428370239332,96.6116140748027
111.0048961909603,103.21219492414002,39.17647446875953,95.99999190980635
110.19699696014833,102.47523602586328,38.9982872059343,96.3779340689239
110.94952003936184,101.71324267829709,39.09527180159662,96.39480647286518
111.08629502361028,101.15035805622641,38.63536066924516,95.74313862613283
112.02964822616919,99.60469200227517,38.19418491712722,95.48012851182156
112.5574615352325,99.89094704410817,37.370847210939246,94.98394456742682
113.89004680636691,100.4783838457777,36.8183354077604,94.42048408531122
114.76696490046736,100.38952335836825,36.51634033551105,93.00356325543498
114.34590227193591,101.72084516919367,36.19354871959572,92.21468867866025
114.5925297399859,101.26850314367303,36.165420804570026,92.16234320823622
113.643455358716,101.62136266447466,36.22447778930834,92.68911601748593
113.60582942207188,100.44664148679416,36.02171559876142,92.14237392841943
113.05703857853268,99.5465145962827,36.161112030312324,92.18140391641256
113.13154519074196,98.61178432886149,36.30534599899183,92.22734414848246
112.60145469739157,98.6120519392252,36.37309135155641,92.14963164160699
113.03364144634436,98.24756786641825,36.368165750131396,92.06687637613766
112.49237484931946,97.66282381933664,36.60344836339355,91.72407065468808
112.60252727052419,98.2104826752929,36.666885054740334,91.1411411721457
112.32910326444173,98.58382990493007,36.558128585208166,90.71800143732622
112.18048031318841,99.25039612699233,36.76109848417524,90.0479498643069
111.59251517041402,98.97803533379864,36.736542348138954,90.2772203651268
111.1406706158051,98.47990465349116,36.76976361573157,90.7779742768301
111.13431194659368,97.32925032466423,36.742130058779395,90.88600605231233
111.11272679965437,96.39353492583103,36.8505834425342,90.51507745018317
111.15506257618173,95.95542395711846,36.67092738787922,90.80187352577286
111.37964771725922,95.14458322555889,36.666050783531084,90.74559030154458
112.19066332470786,94.89555235884237,36.62653409309365,90.29794942257757
112.32123440644733,94.7489788301453,35.647286494243296,89.7279053521946
112.73330414983444,94.7815393889754,34.854524546507754,89.29351289654842
113.82340793616481,95.4367860489773,33.970281691711996,88.95763401793943
114.21672329345283,95.30194725085005,33.01451487016803,88.89074927870273
114.75103924772942,95.2564777119693,32.85687170968841,88.62887216216836
114.73796952926193,94.78452331164056,32.70912025793247,88.24117052161797
113.88112533396499,95.14846084180208,33.21089089053836,88.01652168190267
113.77629008396185,94.16127155478719,33.35175000372097,87.95249579121077
113.31203680584244,93.59172160151059,33.66788028728145,87.887273478869
112.29511778748372,93.30267240251594,33.96220766859575,88.00499242534502
112.09532717715562,92.51563996129343,34.12626259573576,88.3219011741383
111.36269954072627,92.75168974535524,34.328591766909916,87.93920717246864
111.14194331508766,92.90620695424863,34.413305003108775,87.41828475431275
111.10538424055412,92.43452114368682,34.26231345781419,87.11467630436856
109.82578328605447,93.33451750016688,34.60184530951672,86.768291746659
108.89686037157271,92.61273561357196,34.825742335532226,86.39823221071342
108.24339124635202,92.21597025837922,35.30892186462198,86.22819226670666
107.74986687447736,91.5600515599576,35.520412911552015,86.35915579270028
107.49875806146102,89.65860743618396,35.73782568676797,86.46632217554725
107.58270781322815,89.55208664946034,35.75029043437046,86.91130169388356
108.86879474220635,88.58740298761717,35.87427832339286,86.65081582619416
109.11061420852414,88.64343704643376,35.35970821041424,86.52973866673753
109.62482104483055,88.49045400309078,34.70417937757459,85.46267623665408
110.46485873433554,88.84509926140717,33.955722510241415,84.96340818441587
110.71938115319432,89.56018710271525,33.12775136794505,84.73827963238443
111.20225638544412,89.34326623958734,32.537172654229394,84.5084926016403
111.22312276534512,89.15975434977108,32.249898709286754,84.47602644206002
110.4960535410086,89.18514363321127,31.989585010475952,83.57818051907
109.73293051655529,88.92212708601295,32.34173173324889,83.17496587653578
109.25744497500722,88.43029305952194,32.917273186065465,83.10582171085173
108.0896008971536,87.75100533553884,33.32443982783381,83.49672904272526
107.2804831686884,87.75196683941027,33.42987995567026,83.8318307237031
107.61335843620952,87.17952700407533,33.566922625412424,83.90728171204572
106.42774593778634,86.95135233089661,33.95208056560289,83.9219325370275
106.55160963140023,86.86306909621166,34.13359018646993,83.68664381540502
105.11056395662008,87.06972580576985,34.32900670273247,83.3010133823991
105.02778778298635,87.25614098339307,34.340721875822766,83.39687699878658
104.19869898727288,86.79918101733846,34.463932283182956,83.43361635457134
103.07649275044471,86.86386667560697,34.678050338504306,83.43958470046698
102.67621610833791,86.00248509844207,34.84619446734911,83.43811541957034
102.19028881666695,85.27128153846245,35.07824531924953,83.43438966027239
102.4017782852683,84.63433831522215,35.288319327183856,83.52861256782019
102.48949200329805,83.9128175628241,35.47372812879335,83.62096644959229
103.23151229983662,84.23646381698396,35.383510563326986,83.42423993505844
104.25410420794255,84.32363275643229,34.946065838034635,82.6490591034335
104.78746854330583,83.7114807028771,33.68315977411005,82.34161276994635
105.63546171311137,84.71039089002265,32.63045692086524,81.8388644028345
106.10510046180029,84.65980035165707,32.11020529166481,81.17945546272378
105.82499873970886,85.0875511513519,31.791548798656667,80.91951220865194
105.28098202522283,84.55338291710811,31.7614346160107,80.31824270675685
104.94478169259904,84.75954496550845,31.660164369469342,80.24210200891818
104.61002208668349,84.66261010824194,31.752526024289786,80.0504976078411
104.4798647365752,83.23573511540977,31.985992102839926,80.00322611294511
103.87896007777992,82.91079907516061,32.122054159383104,79.93394347790543
103.66379397077607,83.23550792320903,32.33729296933618,80.08527007692882
103.1718695655523,82.4630310692045,32.21823698318336,80.39841130782604
102.89527661849607,81.69752244648083,32.29322637556397,80.21219298808785
102.2790723209931,82.28091519171628,32.13416561117204,80.40700539323923
102.00489483510323,83.68899541127763,32.42042835024758,79.33968099461333
101.34618081607753,83.27295008557921,32.68660116216373,78.86092877434422
100.06477600052747,81.97554736470465,32.91519729800933,79.28602119576861
99.64935648082414,81.82220461575483,33.33328132490381,79.30471305396073
99.6646844121161,81.30565146851004,33.770714297797696,79.46739275323928
99.13869483965735,80.3202804061078,33.924731885803745,79.71707090652427
99.813191625928,79.58740980556729,34.005917790000396,79.87806321482115
100.53709578176966,79.26081818400543,33.509716228805345,80.08552241767504
101.11916087279154,79.05471350485013,32.78262271005545,80.20264357422438
101.49131237946541,78.42197699605288,32.11152656845567,80.0369530423957
101.9235292628421,79.26850877525703,31.63294567502767,79.61064995247034
102.39980946879324,78.81737669710878,31.158878327767326,79.70583604527883
101.85593628914214,78.91121800068825,31.102634647244074,79.81161756232264
101.68252762185622,79.45349219003941,31.129254190954768,79.3133730137671
101.27014739502532,78.99778989537126,31.04179941176746,79.45386036629843
101.36961530074662,78.75822493804566,30.950859177481412,79.37095448192314
101.72201639194937,78.01295747122275,31.058739742916806,79.52058017293896
101.97957385625108,77.13541135053002,30.619425791960673,79.57314048053993
101.38673690292846,76.66305359686413,29.965754958691974,79.35715709718568
101.55891001488081,76.68720310169809,29.290992532242115,79.09199502155973
102.52195836779681,76.80893351076855,28.56424320323353,78.94558477337033
104.77073935368036,76.46237650555943,28.52472003838173,77.59652706709852
103.42753793035394,77.84268592052517,27.580939665124895,77.90078598565643
102.69466480307128,77.97022358353311,27.243765101361355,78.40505666794132
102.17244846052773,76.14426823239359,27.01828661644265,79.05921851844427
101.17038180762785,75.53765752474173,28.2980622576573,78.3890440234849
98.96322624978106,75.98271717221249,29.47573482736091,78.1509595476695
101.48615233193289,74.07069854635294,30.579795020387557,77.08635067359515
99.23819573525029,73.46525434711353,31.22151142687227,76.31666255687624
101.52485140566745,73.37461251291354,31.35065083829624,75.71711673604509
97.87206469233112,76.84912001913499,32.18739034162907,75.380173714569
92.92053623311375,88.75421016412528,36.68281681649079,74.15592710989114
90.64126553770276,89.80346180314223,38.433741019812786,77.0279109496246
90.35666690422576,92.37293371224827,38.865757019624496,81.46314964178848
90.95748383737708,95.40166814969464,38.56427595578918,88.23334323485227
91.44241275893842,93.51588804163765,37.336848412187,95.29220332241097
92.54060987794037,90.66342332776031,36.51030290236305,101.37489944876451
93.6036776720584,88.23088109063514,36.16884708459665,104.36327529626773
95.41396516610799,86.59938142326472,35.596799575669216,107.65782273618882
96.06991356915286,88.9030108617918,35.18931569482285,111.31882004657362
97.13210249256142,84.89073590161232,34.56919838801429,114.67423868794089
97.78460419932695,81.509420546912,34.48996330219622,116.60317827719382
98.09198986725659,78.67445093417396,34.7176941430986,119.03482743118248
102.68604807984264,85.29017888352301,35.117887005951395,119.61334334187157
102.07308859560136,92.40239372277114,35.00047857136539,118.38882974003546
103.24173830299095,86.98636928291594,35.314402100845854,118.99274541814675
103.26197216865263,84.68242648075322,36.12885398193018,119.43435122968654
102.88309782604716,82.97421900035357,37.309845802354964,119.81902147193422
103.63351355767043,87.0852444742872,38.752836961407624,120.71084591316608
102.83934774041887,84.75331773523209,39.71217353499003,120.8802450074262
104.86773990478132,91.4890371705879,40.99826754793995,119.46358137475167
105.80230716492312,95.77632597380548,41.891360086066996,117.3419213441527
106.67484321665859,99.68013117411677,42.084515278471585,115.71022952263169
107.73710016549126,100.31931050179287,42.253663213615724,114.70923258807989
108.0116830931037,100.98663988049545,41.836091613957414,113.93641746432647
108.29220422792731,101.42163475186545,41.32015602723661,113.5025555928614
108.71313901281161,101.44134420568832,40.63104341666792,113.34331260355634
107.52820621604285,99.94926722325505,40.256922165188975,113.13791426129399
107.17945086606498,98.94804436303485,40.07065411424825,113.90346155949317
107.16093831794649,101.42233431202949,39.82958861428618,113.82795190152464
108.4391954304088,101.59511224906606,39.40205979432984,114.32181068361376
108.75968666114467,100.73522623996644,39.120308328036316,114.67471015275602
109.97041796260376,102.71722946540666,38.5128941345801,114.86269888391293
109.76407035115356,103.69719072019709,37.87072340117405,115.2158178229252
109.96005353300127,104.20676131476124,37.618463216978256,116.15725054546377
111.19777465432855,104.15472718655076,37.476108657047675,115.92789280319697
112.77597807248372,103.33558830444301,37.5574506820502,115.8507742823554
112.98787178105724,107.17703383700525,36.90593185821451,117.0437539218818
113.15960371474716,107.06428667554883,36.773522882182526,118.05556875232105
113.37120534632537,105.84810443234727,36.65280666455262,118.30458386776775
115.8502476645942,105.94051873909086,36.404481263397045,117.61663620282411
115.67195829787809,106.94744905962361,36.55513569448972,116.86063681835803
116.26177701623325,106.41991703631376,36.92151185145308,116.49538834113588
116.86898059019444,107.52732309746597,37.2737519947142,115.97459255622617
116.31081749945338,107.17665763632957,37.41685967558216,116.14978749741607
116.15643481955614,108.13612276529531,37.9224969269944,116.91714225840548
116.92931523425838,108.83543108583888,38.4975778391518,117.32515444059868
116.62033994696438,110.48637068883257,39.24071981915534,116.83921442261484
117.37903540298363,111.62717918776409,39.19894059382337,117.56404450154929
117.26016778221535,112.59722357640315,39.10748844217146,118.03661703828178
117.89259400427478,113.08464201132503,38.85042596749687,118.31734140100485
118.8394377527751,114.09467280364099,38.19367325157077,118.07983384679133
119.18693404077975,114.10382767238893,37.47490799629217,117.76078380768641
119.52264520123556,113.9510618945013,37.000101445839704,117.70632697206231
119.45900262659013,114.22655533656976,36.733600552201864,117.31080054989951
119.40119261286029,113.50779759518358,36.172612672843165,118.06557236411568
120.32132162956857,112.61423018252071,35.725094412223235,118.97376291167802
120.94740340080043,113.23285177331834,35.42122473448655,120.49568239449621
121.49976936000121,113.43902959001647,35.439426680678466,122.26668805298534
122.0963580259411,112.8403976975219,35.52041414467424,123.6191416799602
123.35508338344323,112.45398388835159,35.97284043429341,124.49114737409121
123.85817287714914,113.96941844569415,36.11579071838883,124.81150196660519
124.59657493503741,114.59947981897069,36.56735719759065,125.01232375340018
126.18116325683266,113.97309269080652,36.69011647471547,125.53391442122373
125.96585675118858,114.46558446812013,36.664636085286844,125.32637207019073
127.91159361755305,114.07766512325252,36.420675980563885,125.0357252357484
128.2378256529794,114.74451836556622,35.95444657760839,123.65571187651794
128.57804571627636,114.66762748575687,35.15658305073165,123.74319696182552
128.9567406933591,114.45060645846483,34.68575410883422,123.48564274680203
129.71638140644075,114.1956450368911,34.20113111467775,123.47605901627244
130.11383326223097,114.78027171011446,33.788387798481175,123.18992716030422
130.1236814937741,114.10015563068725,33.359716509059034,122.99497090172395
130.73113439934352,113.5823969530402,33.16537251222834,122.80886245211693
130.52440398972888,115.34277848010325,33.10458697854658,123.78219424662365
130.73250865225364,113.92261464745306,32.82729815437161,123.40572694427264
130.6582905161203,115.17712222420401,32.86307449545539,124.08752151748584
130.73349064465108,114.80719129015995,32.86815186650569,124.78710372520004
131.70911247279054,113.09990733973036,32.823659842917195,124.6087374944369
132.31034585818537,112.88963163242866,32.46197982721256,123.36555292328438
132.51001087808027,112.36254188044728,32.194447950479095,122.62786123717602
132.91472582125084,113.12546195540723,31.88321827208665,121.84574984416074
133.2847456940579,113.54587624300792,31.728188280176607,121.0880352745846
134.05767865220957,113.61585729140374,31.59103737356257,120.84254497961038
134.028742741668,114.58774462195727,31.54141934799894,120.61179743813986
134.3968246961104,115.01791239305834,31.58848544580897,120.7225944127987
135.2630393399549,115.39748765900806,31.638562385613255,120.89281839690952
136.73575861966742,115.35945557263838,31.562481650513725,120.01242304740157
137.32014449465058,115.44645001944117,31.31462925927773,120.14091359973028
138.39695158749774,114.92003071287233,31.12978474311621,120.30149619136833
138.52742549777952,114.59601709863426,30.88039588367589,120.8734130940908
139.2746291841034,118.73687266446328,30.199647344531854,121.47193381973256
140.00155156065338,116.51830817714833,29.260070036042443,121.76226418367521
140.56633386475062,111.108619463981,28.958374187480104,121.92914622579354
141.35373512407506,112.12141066325304,28.675539060799004,121.09991678592866
141.9456728605558,112.46652715340784,28.684345496445008,121.07218263736803
142.1610748460098,111.57364323496094,28.831333037549506,120.54371216440161
142.02293437720706,112.24903552861011,29.15641748716194,120.78275118073331
141.27461142268086,111.43430202043248,29.735833028553834,121.10423253367458
139.5635237337016,113.50048852324764,30.887178967349122,122.11505992553572
138.68120333197493,110.82131875556877,31.921485131253224,123.58666211424429
137.7948563549233,110.85543717007337,33.06551035986593,123.1633414322287
137.28745409174942,109.73669614296733,34.1762051176442,123.46205879508796
137.45113647369502,110.25012354552723,34.93827926900572,122.78985299728856
137.71730190670047,110.62879786991036,35.497574212664304,122.38786524391759
138.5128952556326,111.10117136782263,35.077533788413,121.79266816745988
138.95348390229128,111.03441378837111,34.033304338528055,120.8715245558017
139.73748898264145,112.66046093925448,33.12551754265777,120.66869563870902
140.39288450809323,113.27137064586343,32.748145480935676,118.46320849420604
139.49066229088328,112.29467134667945,33.477569125255485,117.82359499807632
138.84185420022652,112.54578398725383,33.91133697797862,117.02464080791191
137.24805864219496,111.51046066712682,35.78080725683016,116.78365004658511
136.32766120252404,109.49355476421408,37.65827565220704,115.59853828368499
134.51325266836113,108.16187896509749,39.3909216275458,114.07374948961471
133.9916704018685,108.13998329751895,40.85327239500525,113.1257530931243
133.9992581984725,107.89336329862162,41.71073228553906,112.29819230966896
133.74980573448272,107.40408712790446,42.15124870466232,112.17697362830665
134.5902304759432,107.3561754934031,42.04566152986204,111.59020998896892
135.22449478293245,106.99344521158326,41.45746349039605,111.23663336312495
135.9774015082968,107.3535539672387,41.027687327379425,111.43779082844907
136.41477838912627,106.77447887246034,39.89968383108036,111.5911515463795
136.7529530899537,107.39789712804628,39.24669242800525,111.63241670833384
138.0061976002718,106.17907165260547,38.509103086553,111.35918952544166
138.8491455368492,106.3793127501731,37.8229350585902,111.70733737715088
139.92267796423988,105.92165738828383,37.26197984202292,112.2246579933931
140.69463214553716,105.65517832485983,36.99011101208983,112.52478570010464
141.57759356196436,104.9456972081914,37.051217049818,112.45291775041233
142.07796506477547,103.93558196661269,36.76167332779561,112.84993923393597
143.63821853738162,103.74924360236854,36.65747659757965,112.86611855546474
144.5757960051218,103.32346462245268,36.463533610494125,113.08785020799971
145.11522482744522,103.06567517391848,36.464488850177965,113.04464062669362
144.72674257722838,102.9490624239824,36.41488301856132,113.1769072875069
145.97760914991616,102.95996078375705,36.31840924398963,112.63821598902388
146.09237638075888,102.8043567607006,36.21613510964335,111.96223670918235
145.54320629538933,103.44135477552713,36.254967671968764,111.5992837870389
145.65689253696695,103.93506491419507,36.228356298404016,111.26760800271069
146.15639054875916,103.89120031367372,36.29257362320829,111.10490182162562
145.46225130641298,102.89541959800938,36.08574741353421,110.22397451584797
145.24684574154153,101.18469645712952,36.03958912236719,109.42069984271266
145.55264137359558,101.18485302663404,36.3316846201152,108.85267642328523
145.38067229906707,100.89443139139482,36.46843618946791,109.30992058172984
144.67884585940246,99.84539212605478,36.72189692726427,109.11018665055688
144.34963929959,99.00109131222722,36.98957501671494,108.83681353818363
144.512020939832,98.48113270265922,37.06368372428896,108.64675911005705
143.85649239309492,98.74106709390907,36.51710877678569,107.88246759377364
144.079055291006,98.00659938491151,36.63103449463541,107.87035490462154
144.26121752872984,98.21182229800162,36.51513322301368,107.53359903093403
143.7127187129095,98.60910457384414,36.542468998956736,107.00143975554752
143.6498320947254,99.17425139694373,36.4930043412667,106.66954937244037
143.3804390510041,98.84491051688204,36.40287851626809,106.07461336904446
143.09165864244127,98.78777638598133,36.24954804606689,105.59990459198556
143.08204942147717,98.40888698175185,36.02827997044655,104.7202919524236
143.0927585026761,97.78669519085746,35.90533983920711,104.71892701431491
143.01729615170171,96.90021318196375,35.7445704555579,105.90720826947951
143.19915724348004,96.66243504673136,35.48099457309192,107.27086319707547
142.39144204611443,95.22595874654735,35.18858817296997,107.57388834344874
141.9793195042783,94.78847362895513,34.94322015754401,107.71189679665457
141.82337320764992,94.53438505971133,34.62326828983656,107.60527747546735
140.3633847773435,94.54352134611702,34.154905392530104,106.59963643818605
139.51500439273352,93.30615975400389,33.93566233846975,106.01722737830222
138.42450927131858,94.67289042579297,33.795321557129675,106.03002882349662
138.18784341756674,94.92528729320098,33.729652753463924,106.03813412985645
135.85929290321417,94.56493820798806,34.11475251568957,105.84865340051726
134.00681344536022,94.05757239112438,34.064562066926044,105.32210381094751
132.11330990564642,93.5507440188631,34.00575372620291,105.9390752234102
129.45352750480367,92.17725945508589,33.614920807551464,106.39153970847806
129.82371778445264,91.9802224155859,33.33251560602444,106.74450232193453
125.21011632509354,91.11173031663584,32.75041142635398,106.4421267118665
122.31361383865251,90.2518882504225,32.64483537125143,105.81159922396238
119.89903357010891,90.32834242335704,32.90300820692261,105.63554128901666
116.8574218023692,90.48529873508916,33.550623832245776,104.84356126748114
113.63333639385252,91.22585488485885,34.83275279823545,103.67433805013513
111.41557399422757,91.7188810188623,36.13380951887206,103.68720514991844
108.12902874232911,91.75509748845629,37.28246154610647,103.74637200952904
104.99155420505059,90.87762571933311,38.10931243798531,103.7793263929597
103.04150435385978,91.64201057899564,38.54094609689463,103.73920902215303
101.64570634582061,90.58932915279547,38.30695979943536,104.09111802380721
98.26431200596785,88.98490383578712,36.93305166365016,105.01827519926678
95.36276627542168,86.65076125986673,35.25053693120003,106.82849188492106
92.6107924652917,82.38175739062672,34.80875529578374,107.32788630400411
89.50173288827703,86.73276175556634,34.41646995838848,107.39143581692268
87.3674149428466,84.77242843959218,34.064075995428574,107.63448895209065
85.05365125430922,80.6883318986835,33.96860475342373,108.02741252554617
78.58934804638695,84.61534369359289,34.17939958479562,108.13285586993149
78.03323524133988,87.08558487379781,34.687185995918945,107.74738716613787
77.11232976429702,88.79652888522641,34.887948876236074,107.61465391127078
62.9664165687814,90.43328620120374,34.90920260491378,107.64800377936187
70.00331402607443,88.18036046174755,35.08905549458795,107.59107154016513
66.24994949150758,84.81272545376694,35.11999549359227,107.6439108119552
57.25425743040368,84.22973950158914,34.9925136490032,107.83703120149453
55.77889145304093,84.60991056548345,34.903674795318075,107.96702958073641
54.87698425267665,84.2688520235387,34.865823808893005,108.03233395863226
50.89090105839463,88.76191402168224,34.85815516404028,108.04980340716938
48.049410365739206,91.69294588294618,34.85210780942193,108.06509669071451
89.03053545306075,26.763492495327263,35.77011428761087,100.16025529700703
88.07989943676694,28.34871567403446,36.09649153431745,95.1902852283881
88.03117228654082,30.822448075982408,35.9443077094693,89.50030122464403
88.57177949235592,34.57058236060833,35.12661958849425,82.97483025375416
89.26499716063927,36.89254966718575,33.671314489804885,77.74306003068645
90.6442458100328,38.65223148400253,31.970490526093222,73.38459889720548
91.20362106577235,40.951158852243026,30.42425079351808,69.79118220336517
92.84132722330882,42.01938767339728,29.03800829064759,66.95748098977522
93.6780447254563,43.77793651983281,27.399825388072006,64.97365294068774
93.6896927447566,43.71085211768843,26.239277972365706,62.87145308881804
93.69463996513106,44.38948559937376,25.139872733162502,61.98198444788659
94.13126662128754,45.01184298820084,24.46533719381021,60.6061458890282
94.58237090235207,45.582330323692524,24.19727186498038,59.307380810506416
94.23900895085976,44.62506847085429,23.895036097898195,58.43288350101565
93.58424830936515,45.638819034132325,23.77648790857447,57.99430058353551
94.05187109943492,44.45984175530276,23.63376446083162,57.595638548787406
93.734614343445,44.75241049136589,23.503908365839727,57.46604525037864
94.17822731210735,45.30069362085727,23.37891449371582,57.18930803812212
93.6905497550713,45.60686450127329,23.462629600292047,57.253291538882934
93.142351406926,44.78979973436177,23.53921263977572,56.858780087217085
93.16756380268724,45.01947662512996,23.604132201273412,56.48817870953603
92.57213438912544,45.617824979814856,23.31484950789685,56.172522036844555
92.17237682230919,44.51326318493341,23.333702045303585,56.1251263089805
92.23799573879234,44.707103704666295,23.439638559380356,56.44825217573802
91.9392868685074,43.21142114713198,23.67659765770587,56.96209968597877
92.13603011015493,43.87152932295229,23.894095142191862,57.54323895853706
91.84937786359217,43.23722130305588,23.939314165117814,57.35070757077098
92.29018502187849,43.43608225931017,23.61403547657786,56.814701928709184
92.16353251005185,43.589300822510005,23.2588068793968,56.97363524875307
92.74714223367579,42.89949530648542,22.87292695832538,56.72871834958886
92.36005034534858,43.14331976115301,22.59438530067648,56.81201208055825
92.58035084728083,43.86311764081788,22.56495832592388,56.60790557045793
92.39629815663656,43.919827317361666,22.59318899259945,56.158124719729756
92.52343702111759,44.26421798348693,22.522149412326655,56.09744294821683
92.30793905550067,43.05678183274441,22.590537417430205,55.99783227469577
92.2202427079798,41.93984643828597,22.478923764100404,56.70524289286681
92.20607035394919,42.45600754963834,22.402184030559436,57.327177729259354
91.8625055621454,41.12015270301963,22.359119164742253,57.804076793605795
91.83736950416609,41.3556104882873,22.124822643091385,57.634785342352224
91.83797726995591,41.474427145947786,21.934959051547555,58.613294919868764
90.76754621403356,41.30061500876367,22.037132503724315,58.32035046102166
91.04274013244641,42.32309975086918,21.68571064850126,58.28888285936374
91.25080247855946,41.81481564691539,21.4905165773031,58.19117823440084
91.10904778104677,41.881519280863664,21.67597788139375,58.01932928985782
90.95428297608076,41.47932400736861,21.333979907726672,57.701922513621
90.32371996244757,40.000362315681805,21.725432265654838,57.804283210074445
89.96888322116088,40.81372006398443,21.886387414983894,57.30434798499935
90.22332830460559,41.064865979546944,21.8401391131095,57.0492011211919
89.87602591808067,40.1358563702875,21.618966083692,57.75619194501169
89.56401621487912,40.40064934763309,21.85549244595714,57.47410563507682
90.28166143954225,40.26601287470916,21.762173870867947,56.85501623284501
89.75991052446548,41.29931079611764,21.970635727762485,55.74602271212965
90.02378999373369,40.96593107292241,21.986906859530958,55.198385920193076
89.95463011889967,40.780288709669286,21.951877243606987,54.69048544696177
89.88468875929901,40.02645138601074,21.93860874868554,54.56288830663543
90.08871754860702,40.64079681515787,21.493783258903555,54.484322713462625
87.4969010289135,40.59751973122514,22.012817356487645,54.175266161408885
88.48766526674316,41.654296238276274,22.34649922323554,53.86785738482493
89.43587201867669,40.45571175602227,21.608210047028066,54.88137366226019
89.26572695430411,40.44276534158073,21.162614126502607,55.293438964573895
89.77189505503833,39.408142960772814,21.188072634239806,55.372180057404634
89.13858812535763,39.37164076003791,21.23022207709729,54.826954116009446
88.96662416872886,39.453585338894186,21.178597146545716,55.07455709739793
88.19118834864395,39.57512686520526,21.24269529580976,55.078526520585825
87.9616462484467,39.61420073779888,21.32069097114742,55.41537820080981
87.48439775322689,39.14413571098336,21.996600650080776,55.048262999924255
87.50034175685245,37.87612485310496,22.425667666595228,55.49182479861257
87.08492246716986,36.03448122488473,22.73600105606476,56.03347258399896
86.4665950144001,35.89282293394095,23.190062949748196,56.38640807643759
86.04764954208977,35.602992595785196,23.396353931657544,56.90271257673038
86.96662666701573,36.160354579593005,23.56855559801961,57.21855933074105
86.66207648448969,37.03239757855815,23.75643145836244,56.804733371186614
86.82757501255941,36.91560301890185,23.94273977636852,56.19382385616083
87.26804994038258,37.92474803172192,23.99596249142759,56.15016144454199
87.01968060093449,38.79654443488552,23.952621934293166,55.94126104486915
86.41664074952917,37.34493801365812,24.227144756629755,55.58748226249178
86.04282375400341,38.447972950736705,24.25637040150511,55.58618986750638
86.9941979331375,36.98335221997259,24.100307309731683,55.63537947776203
87.06807598098501,38.081893805295664,24.099262950954156,55.43664478161844
87.25249985830965,36.04480994770782,23.8698084961229,56.01908442939606
87.62806417657976,36.9537426381836,23.86659578317814,56.201886620465984
87.733172629406,36.38101627366284,23.49925316608459,56.23728950571936
88.59281190199772,36.39996681146043,23.283009331785266,56.51817123652066
88.79756235293334,35.768987237756306,22.983385971575288,55.87306213136543
88.91869064485701,36.9325526042462,22.857626546732135,54.72846633147585
88.2966399394669,36.74411631937489,22.452096457268222,54.68365448707014
88.10542168754796,37.01279123400742,22.21038214848022,54.40317552362692
85.74501070081486,35.87185087221229,22.3445356305829,54.5636279959507
87.44006964976131,35.20506281702738,22.368445900414585,54.8423901252643
88.55382938930127,35.188446653446995,21.887304604699555,55.63081795089157
89.01335402965928,35.411480364288536,21.626540762997955,55.743203671851454
89.0247646090987,34.710038569275476,21.892640125855287,55.97456631346755
88.97831885947659,33.110784399010925,21.91670279646665,56.29517119254035
89.23532671033283,34.58950806127781,21.886319957322083,55.353322880381455
89.6729351829332,35.07717458355951,21.88540814117254,54.318409282495026
90.39809938605443,35.05198355086243,21.583754819044184,53.81242699041773
90.067034242074,36.32354345908339,21.266323003256698,53.724387683161595
90.01510756938396,36.26903101016234,20.879385117242983,53.70597715011934
90.80812863715748,35.627924647387424,20.763637695669935,53.972445070333166
90.22666207422117,35.62216440051142,21.017494071264082,53.68982558281533
91.06108527553448,35.336706716663144,21.282787158765018,53.71873934547801
90.60613207606218,34.64415094831229,21.09542843338864,54.093257587082384
91.02852769315021,34.398036563214006,21.042377139855887,54.32200915104878
91.0161673820651,33.944054503199574,20.963231482900877,54.92651562351561
91.1233971317828,34.49000590020945,21.012692380031893,54.86133764486452
90.65651407971414,33.57243572306373,21.004829491611666,54.700136293833694
90.58235627491683,34.11310235680559,20.815032627718452,54.91520965305132
91.62552168906237,33.78915605060727,20.762243240391125,54.87115236148297
90.27018178013138,33.23140298827013,20.921313303690702,54.414370092182935
89.82836761589542,33.60087651097161,21.103643574129645,54.889754077625625
90.2275977982523,32.23161613483288,21.344517268177484,55.45469609073682
