198.0,214.0,34,81
191.92520141601562,219.150634765625,44.976913,67.39023
192.36623764038086,217.2826690673828,43.242226,72.56563
191.94488716125488,215.40567016601562,40.045147,79.4189
179.98392486572266,222.77140045166016,42.80748,91.224915
159.6551914215088,225.57482147216797,43.511806,93.04938
162.1492691040039,225.27776336669922,46.537537,105.17575
173.25383377075195,226.70297241210938,47.115364,112.96739
174.56596183776855,229.30731582641602,44.829365,111.35349
175.99727630615234,231.48041534423828,42.788788,110.551025
178.2828426361084,230.40031814575195,43.99448,109.89091
176.5190773010254,231.48047637939453,48.315804,108.543365
173.50342178344727,230.26345443725586,51.48884,111.9439
165.0946102142334,229.8064308166504,56.926426,119.85627
165.3074607849121,226.5808563232422,61.453423,122.7231
169.7410545349121,225.6076316833496,57.261406,126.20382
166.37022018432617,221.82775497436523,62.97503,123.29183
169.33673858642578,219.37335205078125,62.718628,125.99623
180.54832458496094,212.29790115356445,67.56615,123.716866
184.72399139404297,212.2707748413086,68.256134,129.23859
188.1999282836914,213.97065353393555,63.270844,124.18212
192.68035697937012,214.80319213867188,62.750233,127.3185
194.24477767944336,211.97241592407227,55.4457,123.14756
199.32883071899414,215.80731964111328,52.277992,116.40567
191.9420928955078,211.9567756652832,47.691483,115.038246
178.76580619812012,207.19309997558594,46.38689,126.920425
173.16496658325195,209.16481399536133,50.359383,124.36512
167.77024269104004,209.2621841430664,51.874203,123.414246
158.785306930542,207.1039276123047,51.578663,129.11864
156.03504180908203,207.6972999572754,52.395203,127.8718
155.58700370788574,208.3904037475586,50.219166,124.00238
150.92203521728516,211.17523574829102,48.42105,118.47895
150.30152320861816,210.28590774536133,48.6141,106.29435
142.8940029144287,212.1503791809082,44.452183,101.38465
139.5374755859375,212.39125061035156,46.35045,105.1729
131.41471481323242,212.31255722045898,49.52105,107.68313
125.98772048950195,209.95214080810547,48.532326,105.585144
117.26733779907227,210.5852165222168,49.580727,106.57098
111.12434768676758,211.2039031982422,49.891945,109.483475
105.80173873901367,211.4195556640625,51.9533,107.69261
101.94960594177246,211.78917694091797,49.253574,110.25769
96.19481658935547,212.36527633666992,39.29242,110.17327
90.00812530517578,212.97842407226562,38.80713,108.45473
83.13659477233887,213.24321746826172,43.361774,107.149414
77.27032089233398,213.7580451965332,46.050438,104.69773
70.49042892456055,212.0902099609375,49.955498,104.96324
63.40401840209961,210.60325622558594,53.427086,108.35924
54.925424575805664,210.74135208129883,57.47482,115.642006
48.5867977142334,211.46364212036133,61.5723,112.35059
40.49631118774414,211.15281295776367,63.960396,113.03301
34.3809871673584,215.0739288330078,57.938663,112.678085
31.65074348449707,217.39193725585938,51.744274,115.11125
24.620723724365234,218.49382781982422,46.37075,115.82205
18.722293853759766,221.41373443603516,49.840096,114.193115
14.507949829101562,220.58792114257812,50.490585,112.61369
8.61546516418457,220.2099609375,52.247936,112.6935
4.618917465209961,219.72698593139648,51.774082,115.221855
1.9593429565429688,220.18223571777344,51.054657,119.679276
-1.733449935913086,220.62368774414062,50.116756,120.14165
-4.009469985961914,222.67365646362305,49.149082,112.88967
-4.857843399047852,227.92601013183594,42.460514,96.18739
-5.261358261108398,237.50811767578125,36.450405,78.53844
-7.7139692306518555,239.02521896362305,26.26885,76.76624
-7.660747528076172,231.65248489379883,18.845314,80.96696
31.702457427978516,214.63572311401367,44.512917,58.668312
48.74246788024902,206.65588188171387,49.468647,57.940098
68.46675300598145,190.85570526123047,46.353695,67.87169
79.62004852294922,184.79998016357422,46.942062,71.85425
101.28023529052734,183.20633697509766,43.85356,77.324814
121.09079360961914,192.8888168334961,47.624626,73.69658
170.14909172058105,232.0608901977539,48.938602,80.77962
193.72302055358887,236.11296844482422,56.004826,85.09511
190.6804542541504,233.94969940185547,55.34423,100.0923
183.95247268676758,232.88588333129883,66.17202,109.251945
179.8277702331543,231.83586502075195,70.66215,103.96276
176.81483459472656,231.95059967041016,73.24963,105.672714
171.21337127685547,231.92709350585938,86.74751,111.92633
166.28994369506836,232.2192497253418,58.713417,111.219215
159.41955947875977,233.37757110595703,64.40209,105.32674
155.8138484954834,232.3290557861328,56.940296,100.31366
147.06501007080078,230.51289749145508,60.321396,103.880486
143.0667209625244,227.32685089111328,59.352703,105.84917
140.59597396850586,225.47349548339844,65.08283,113.74518
136.03678131103516,223.27042388916016,69.43416,116.00661
133.24628829956055,220.35734176635742,73.72672,121.29929
126.35760116577148,218.02783584594727,79.52677,117.16061
122.50365447998047,218.3736686706543,81.847305,115.85319
120.95111846923828,218.13955307006836,72.913315,116.33054
116.25848007202148,220.30049896240234,77.21339,113.80055
107.6048698425293,219.62068939208984,70.88346,114.36455
107.15288162231445,219.79940032958984,64.759544,114.63274
110.52360534667969,217.97209930419922,56.880157,116.47713
106.7669448852539,215.0872917175293,64.3091,118.24354
103.96099090576172,213.77909088134766,69.30437,118.44411
103.15682601928711,211.84720993041992,75.72477,119.31666
100.79853439331055,209.60353088378906,82.863655,118.76471
99.76527786254883,209.9697036743164,84.527885,116.38353
100.02838897705078,210.03412246704102,83.59862,114.404045
100.17977142333984,210.85882568359375,78.961044,114.341064
99.93937683105469,211.24555587768555,72.31015,113.117226
96.9182357788086,208.49323272705078,70.75893,113.94905
97.97018432617188,207.80390548706055,64.20508,115.11686
100.47170448303223,204.04331970214844,63.37959,116.731445
104.31100463867188,200.2154998779297,67.811005,120.825836
108.73080825805664,198.18974685668945,73.46072,122.0006
112.01794815063477,195.88121795654297,76.72576,119.67851
115.66782760620117,194.4695281982422,79.98826,114.32269
115.15591049194336,193.28889083862305,80.58268,112.78776
119.35639190673828,193.32097244262695,76.69026,112.54928
124.88801193237305,193.6928482055664,67.94865,112.314926
131.62805557250977,194.0452117919922,58.030357,111.95581
135.3642120361328,193.17057418823242,48.728577,113.36103
140.40859603881836,190.7383918762207,48.33616,114.277916
143.1274299621582,189.3428840637207,58.672997,115.85638
143.75049209594727,185.72711944580078,69.20852,117.44484
145.17193603515625,183.85544204711914,76.81995,117.820335
143.31745529174805,182.7650260925293,85.946175,114.81971
146.15421676635742,181.8382339477539,85.9,115.02608
151.8748321533203,181.8707275390625,83.214294,114.05582
160.0224838256836,183.73394775390625,75.90312,111.344055
160.87954711914062,183.47855758666992,72.634155,111.66599
162.46198272705078,182.99083709716797,67.396286,111.61717
164.5821418762207,180.08788299560547,61.287315,113.79396
168.46837043762207,178.33854293823242,58.65228,113.10392
170.5970687866211,175.37549591064453,66.78554,116.77028
176.51696395874023,173.88272094726562,69.9784,116.58002
179.5179214477539,172.9092140197754,72.97789,114.64083
180.7139015197754,172.26312637329102,77.26266,113.94463
182.17520141601562,171.36305618286133,78.81253,112.36739
189.21545791625977,171.94321823120117,70.47436,113.840034
193.82787322998047,173.62099075317383,62.708817,107.6119
197.38664436340332,172.74871444702148,56.218014,108.76475
201.51314735412598,171.5937728881836,47.48048,110.6454
203.05257034301758,169.21495056152344,48.2091,112.08374
205.04199600219727,167.03780364990234,53.066826,112.856735
206.26752281188965,164.66626739501953,61.039387,115.588486
204.69628524780273,163.5829620361328,67.91352,114.08942
202.60750579833984,162.51810455322266,76.25316,116.79964
201.64239883422852,161.55877685546875,80.15594,114.598694
202.21524810791016,162.43133544921875,81.354385,115.00552
206.14218521118164,162.93315505981445,76.46786,115.15594
209.7859649658203,162.4030990600586,70.183075,113.55177
211.97966957092285,161.15450286865234,62.3484,114.313644
214.52452087402344,160.09664916992188,53.100616,114.29965
215.86831283569336,159.22309494018555,46.91932,113.00382
217.8657932281494,158.20059204101562,46.76466,115.568054
219.47563362121582,157.49225616455078,46.720882,116.50795
219.6853256225586,156.2590217590332,48.095352,115.964745
220.1789093017578,156.05902481079102,47.31787,117.31893
223.4769229888916,156.22926712036133,45.70695,116.80462
226.2685089111328,158.03192901611328,43.582092,114.30165
228.56122207641602,156.61466217041016,43.92202,116.05211
229.68213272094727,159.24677276611328,44.676933,107.895676
229.3318099975586,158.57278442382812,47.44551,108.954865
230.40389823913574,157.57587432861328,49.13135,114.8755
230.8830623626709,158.18498992919922,50.611652,113.49016
231.6584415435791,157.89593505859375,56.246807,113.83844
229.84707260131836,156.8161849975586,60.45112,115.629074
235.17179107666016,157.24201583862305,64.71037,113.172615
237.79638671875,159.21422576904297,68.63443,107.77635
242.71896743774414,157.28952026367188,69.18694,104.64459
243.31266403198242,154.27819061279297,65.92335,112.60658
247.3393611907959,153.63539505004883,55.453236,111.57052
251.765962600708,153.22277069091797,48.416195,109.487656
255.56711769104004,150.2392578125,42.947643,111.971954
259.4864673614502,147.60434341430664,39.939144,117.12307
261.2736358642578,145.68068313598633,41.260315,116.37801
263.4691848754883,148.25547409057617,40.978134,111.53773
265.97551345825195,148.40339279174805,40.645683,109.569374
268.65074348449707,150.88905334472656,40.393887,106.63782
270.6185531616211,152.03303909301758,41.05046,104.31063
273.5748748779297,152.47592544555664,40.53836,105.09847
272.8347644805908,149.4158058166504,43.84579,106.35421
271.1541500091553,148.80608367919922,47.746906,108.219345
268.92975997924805,148.85976028442383,51.636787,109.07433
265.0059337615967,147.50301361083984,58.76044,110.8474
264.00858306884766,145.67372131347656,64.162186,111.50354
262.29364013671875,146.93191528320312,70.805115,110.29431
263.5064697265625,145.38818740844727,74.58304,111.56576
265.84464263916016,146.9312858581543,73.75542,110.284615
268.0594291687012,146.26844787597656,72.29719,110.51935
271.50617599487305,146.05667877197266,65.487465,110.98952
274.1727600097656,143.55363845825195,57.431885,113.809715
276.8660545349121,142.74673080444336,51.247658,114.288216
276.4025764465332,142.79278182983398,45.21511,113.10618
278.25578689575195,142.48562240600586,42.101463,114.44703
278.7438907623291,142.1855354309082,41.26826,112.02523
279.5885181427002,143.02747344970703,41.343746,108.57698
278.4736328125,144.47181701660156,42.466644,106.57022
277.6710834503174,144.44017028808594,44.346066,105.322754
276.8680114746094,145.79878616333008,46.59381,105.90371
274.80761337280273,150.39874267578125,46.408424,102.939514
273.3630142211914,150.5937385559082,53.055893,104.19933
272.698335647583,149.5542449951172,56.037197,107.35339
270.9754810333252,147.69057846069336,55.257504,110.41599
267.1283893585205,147.68957138061523,58.435482,111.26737
262.91949462890625,146.77804946899414,69.467834,113.10659
267.7721195220947,149.01908111572266,63.511303,109.84953
274.3209171295166,149.847412109375,53.69441,107.83981
277.90025520324707,149.19048690795898,49.848507,108.16453
280.35687255859375,148.49019622802734,43.54117,108.45662
281.8062210083008,146.82162475585938,41.18611,106.242676
281.5138244628906,147.1226692199707,40.0112,111.58639
280.3676528930664,148.10393905639648,43.126816,109.78336
279.2192802429199,148.3088836669922,46.733467,111.47635
276.733943939209,149.5434455871582,49.09223,111.7532
275.79419898986816,153.3385353088379,48.063213,110.71755
274.18610763549805,154.221435546875,51.46525,110.46182
269.3362121582031,157.1943702697754,60.92047,110.04232
270.7083740234375,157.44762802124023,58.665558,110.875465
271.66203117370605,157.71289825439453,59.22803,111.86183
273.26059341430664,158.09087753295898,58.806633,111.80915
274.9999580383301,157.6802635192871,56.46673,112.77961
275.743616104126,157.62048721313477,56.445934,112.40868
276.6802215576172,158.0246810913086,53.586548,112.04527
278.2878723144531,159.15383529663086,46.74051,109.58442
280.4499282836914,159.97795867919922,40.032547,109.08577
281.7915725708008,158.95808792114258,36.638565,111.37997
278.24560165405273,159.19934463500977,36.60044,117.83691
276.5878562927246,159.53990173339844,39.30195,117.941284
270.44327545166016,159.50080108642578,47.34999,119.073105
271.90845680236816,162.51800155639648,46.505108,119.52082
269.8432788848877,164.33620071411133,47.08688,118.99239
268.1204433441162,166.57266998291016,47.899616,117.983536
265.75926971435547,168.49670791625977,48.266586,117.485374
264.853572845459,167.78259658813477,47.957832,119.17928
264.7375946044922,169.69964218139648,46.252808,117.85224
265.614221572876,169.1210060119629,44.108807,116.92123
265.505428314209,170.43730545043945,42.40473,114.84673
265.1883716583252,169.85472106933594,40.350674,115.35382
265.1370334625244,168.76066207885742,39.1656,116.50544
263.8468208312988,168.00475692749023,36.665886,117.42011
260.6162109375,167.353515625,47.099274,119.70175
257.0758876800537,167.08051681518555,41.482075,119.85432
253.38100242614746,167.16209411621094,39.46874,122.38437
251.9688720703125,168.88000106811523,37.764893,123.79929
250.0755729675293,169.9618263244629,38.38114,125.09087
247.71902656555176,171.3397979736328,38.582973,125.93918
244.75827980041504,173.0638084411621,39.838634,126.15324
241.05737113952637,173.6924591064453,41.906315,124.00433
236.60730361938477,174.90095901489258,44.859276,126.063835
234.37391662597656,176.164794921875,45.980774,123.87897
231.8909683227539,176.48558044433594,48.375626,122.55286
229.44859313964844,181.27034759521484,48.461945,116.59096
226.30426025390625,179.79981994628906,50.189606,122.418976
224.1703052520752,179.02307510375977,53.469967,117.61639
222.69711303710938,180.34408950805664,53.228943,111.386406
221.30649185180664,179.44039154052734,51.968407,116.120926
219.4062728881836,178.99620056152344,51.37755,116.936005
216.3461742401123,178.1391830444336,50.594517,116.4706
215.01987648010254,177.99476623535156,49.300182,122.23282
214.41600799560547,176.64058685302734,47.723526,123.727066
213.18823051452637,176.61383056640625,47.69788,127.12875
211.492582321167,176.10989379882812,45.103825,127.880615
211.3936309814453,175.95537567138672,43.033356,129.65273
209.1217441558838,179.44763946533203,44.477642,129.00346
205.17329788208008,183.74850463867188,44.879295,128.45242
200.3026943206787,183.52638244628906,49.2773,130.10477
196.8980541229248,181.31353759765625,52.329624,127.80597
191.48628997802734,180.64762115478516,54.980576,129.56483
196.05725479125977,178.54835510253906,53.34829,124.63562
203.06573867797852,175.44680404663086,46.053246,122.87516
207.65884017944336,162.97497940063477,45.420357,125.82415
197.14006423950195,178.38950729370117,54.43801,118.06138
186.56291580200195,182.2986717224121,54.68386,111.72364
184.50653266906738,184.74390029907227,53.342068,104.15554
183.48715209960938,183.29496002197266,52.26822,108.00313
183.8003921508789,180.70355987548828,50.150925,116.61952
181.21387672424316,177.54772567749023,48.52699,117.89463
121.7173900604248,119.99642944335938,40.285175,142.19617
125.37937927246094,119.64297485351562,40.908432,145.29285
128.67910194396973,118.83574676513672,41.232693,145.76942
133.27994918823242,116.14959716796875,41.8041,144.3663
137.50361251831055,115.14656066894531,42.18557,141.97424
139.79523849487305,113.18575286865234,44.15551,140.89592
144.2003517150879,109.92494201660156,42.983925,140.79678
147.47789001464844,110.20143127441406,43.333237,140.07904
150.62588119506836,107.36327362060547,44.327354,142.45659
156.3424472808838,105.284912109375,43.94296,143.3656
159.8126983642578,105.6268081665039,43.37346,141.66737
160.79533767700195,104.73178100585938,44.747658,137.45444
164.8326473236084,105.62114715576172,46.67734,138.30324
170.9630947113037,105.71571350097656,50.659,138.70984
175.38537216186523,107.93526458740234,55.49517,141.36342
185.11960411071777,104.53469848632812,54.39847,138.80841
191.661958694458,104.04869842529297,50.027325,136.52174
196.12814712524414,105.0474624633789,48.971596,134.62175
202.6419792175293,104.36518859863281,46.57946,131.65442
209.1031894683838,105.37627029418945,46.04153,124.83636
209.65471839904785,104.6848373413086,47.87985,123.84123
215.6540641784668,104.18608093261719,47.367607,122.69925
216.7106590270996,103.39089584350586,47.987206,121.89945
218.03684425354004,102.31717681884766,46.052456,121.87575
220.47655868530273,103.23994064331055,47.327995,121.268745
223.00765419006348,104.99401473999023,47.985012,121.460335
225.77044868469238,102.88675689697266,48.939617,120.7932
228.2097396850586,107.97607421875,47.56375,117.499695
230.26195526123047,109.1434440612793,46.932617,116.20664
229.91049003601074,107.68517303466797,45.507313,120.0518
231.6471881866455,107.31975555419922,46.429028,122.30083
233.34417152404785,106.4928207397461,44.36053,123.911606
232.60487174987793,106.56621551513672,45.119984,125.66548
234.4663791656494,104.50883483886719,44.41357,128.42572
236.41552734375,101.88570404052734,44.173172,130.01085
233.10593795776367,99.20105743408203,50.173454,133.82997
233.45437049865723,99.06831359863281,48.663723,135.84985
234.72616004943848,97.50865173339844,57.475185,136.77692
236.837251663208,98.5897216796875,59.569164,136.32147
239.77461624145508,96.8079833984375,58.460304,137.12338
239.16861724853516,97.63196563720703,46.335663,136.82048
241.3178367614746,91.56945037841797,52.99157,140.37978
240.9685516357422,91.18097686767578,44.692368,143.87724
240.87328720092773,91.45636749267578,45.120354,145.2057
240.61074829101562,94.37945556640625,42.412613,142.58963
240.80844497680664,89.97039794921875,42.562813,145.86597
241.05828285217285,90.97578430175781,40.797268,148.87659
235.3135986328125,83.27526092529297,45.891006,150.72185
241.81042289733887,90.7388916015625,45.519276,148.58783
242.2502269744873,90.75325012207031,46.667713,151.63052
244.64607620239258,89.06385803222656,45.752968,152.5936
247.9310417175293,91.61170959472656,47.160545,150.86624
249.01070404052734,95.3078384399414,46.377686,145.49544
248.75307273864746,101.25570678710938,48.016056,140.14825
247.8742160797119,101.19265747070312,53.779537,139.58429
245.6432056427002,107.51316833496094,53.610363,131.70084
247.03568077087402,109.11788940429688,57.45374,134.0091
247.1669921875,110.74585723876953,57.666122,133.07445
247.29412078857422,111.10649871826172,56.304443,133.99971
247.29499626159668,109.53022003173828,63.180256,134.93117
246.66797256469727,110.19586181640625,60.55738,138.51099
249.44167137145996,113.64437866210938,58.27866,136.29541
250.32485008239746,114.47935485839844,58.261356,136.27914
250.73192405700684,115.6187515258789,56.539066,135.00072
248.90051460266113,116.79595184326172,56.46052,134.09453
252.82513046264648,118.64187622070312,52.178276,131.43188
255.0021095275879,117.37702941894531,51.410744,131.96185
254.56044960021973,120.22869873046875,49.475307,130.87985
255.37185287475586,118.70386505126953,51.52038,131.22807
255.6105251312256,120.51927185058594,54.42258,130.39658
259.01497077941895,121.79147338867188,56.572582,130.35205
256.5327892303467,115.09068298339844,60.61388,134.61118
261.93486976623535,117.99006652832031,58.61868,134.07697
264.24392318725586,109.31766510009766,56.704247,141.32228
263.24597358703613,107.53197479248047,55.043285,142.6519
265.35083961486816,106.20160675048828,49.571438,140.226
269.9972496032715,100.7577896118164,46.214775,137.41994
162.8062915802002,63.229427337646484,55.58595,118.88816
161.7021141052246,66.95026016235352,51.100975,110.26205
162.15000915527344,62.98954391479492,51.93257,112.52561
163.29893493652344,67.64146041870117,51.06099,110.19099
164.8776626586914,63.29021453857422,51.296875,114.90401
164.93046951293945,66.4036750793457,51.07905,113.97018
166.53496932983398,57.0316162109375,53.63537,119.9169
163.88862991333008,61.62321472167969,55.496407,117.46912
160.5611572265625,66.36479187011719,60.113937,112.75229
157.16525268554688,68.82032775878906,63.21541,110.808105
153.03125381469727,71.683837890625,68.11997,107.58823
152.59546661376953,73.18941879272461,68.86932,106.67118
153.83732223510742,73.51233673095703,68.48376,107.629135
153.7415771484375,74.75893020629883,68.64314,106.382256
154.35514068603516,80.24393081665039,69.2478,102.67843
156.54028701782227,75.2113265991211,67.84168,106.19371
155.90305709838867,80.03339004516602,68.86907,101.19439
157.35907363891602,74.32235336303711,65.537575,107.75971
158.0233154296875,70.72599792480469,66.05693,113.12598
156.60581970214844,73.843505859375,67.88875,112.25781
158.11699676513672,77.5087661743164,67.8797,109.475174
160.2714500427246,81.38288497924805,65.1202,107.183205
160.4232521057129,78.43822860717773,66.91712,109.59489
162.06907272338867,85.20160293579102,64.46343,103.883385
162.86965942382812,81.06174087524414,65.304,107.6289
162.89427947998047,85.87480545043945,65.01529,106.077385
163.57608795166016,87.40752792358398,64.486145,106.5196
165.62304306030273,92.37229919433594,63.95867,104.092926
169.08736991882324,85.78116607666016,61.10149,106.75542
165.90221977233887,88.62068557739258,63.684986,104.98986
163.8614158630371,74.48649215698242,68.09698,111.65406
166.17712783813477,81.00812911987305,68.281075,112.38734
167.68253326416016,87.61904525756836,65.2605,106.69514
168.02858352661133,84.98941421508789,64.9148,108.02395
169.3531837463379,89.46674728393555,64.83195,102.02744
169.96163940429688,86.22427368164062,64.56978,104.30954
170.40197372436523,85.82365417480469,64.08523,105.74869
170.86246490478516,86.21490478515625,63.049896,108.226074
170.1119613647461,79.95587921142578,59.268738,114.26781
170.10104942321777,89.9288330078125,54.031742,108.32251
169.01083946228027,90.95826721191406,47.094822,106.070496
167.6428928375244,84.02814102172852,42.204006,111.625175
165.04982948303223,83.15935134887695,38.90063,109.594505
162.5040740966797,84.86919403076172,39.25493,111.9597
161.03916549682617,103.07015228271484,39.139305,101.62816
160.42462921142578,103.60120391845703,38.287262,104.232285
158.80951499938965,100.28637313842773,39.68558,107.32154
155.26023864746094,96.6463623046875,38.94774,111.41855
154.11132621765137,95.42288208007812,42.154377,110.06369
151.8037929534912,94.58111953735352,43.668552,111.51354
153.01652908325195,93.47483444213867,42.02894,111.75904
152.47155570983887,93.95282745361328,42.478413,110.12422
151.77189445495605,94.25191497802734,43.718983,109.2242
154.62618446350098,90.9594955444336,42.959835,110.301956
154.23624229431152,89.38179779052734,43.87293,110.56554
154.8006935119629,94.89797973632812,43.311623,106.10846
158.8655548095703,92.38190078735352,42.731216,105.11425
158.4249668121338,96.65383911132812,38.39697,103.86008
156.2119960784912,93.54169082641602,38.997288,104.852745
160.8941650390625,97.06241226196289,39.451736,100.60012
159.60389518737793,95.11462783813477,38.948536,104.53295
156.91982650756836,94.71820831298828,41.245018,105.485214
151.52708435058594,108.65559005737305,41.331375,101.222694
145.28497505187988,114.30210876464844,42.474438,99.47543
129.637300491333,127.81827163696289,44.200222,105.6036
132.17105293273926,126.038818359375,42.212032,114.309784
134.46283531188965,120.55788803100586,39.343616,119.772804
135.61027908325195,120.85515213012695,42.82168,118.75338
137.03578186035156,121.27585220336914,43.642914,116.382195
138.0201301574707,120.77193069458008,46.10015,112.771416
139.2746295928955,120.22316360473633,44.56622,115.86016
138.54848861694336,121.57182312011719,47.310524,116.965546
139.39275360107422,123.21606826782227,51.53636,111.37597
140.4467430114746,121.32239532470703,50.469612,107.76659
139.2437744140625,122.05459594726562,54.30539,101.71295
133.01133728027344,122.95368957519531,57.763947,103.428406
131.12681007385254,118.42984008789062,56.85255,108.13196
130.4287223815918,120.59101104736328,54.608192,106.2256
126.96104431152344,116.35953521728516,52.618713,106.03166
131.14684295654297,119.9940414428711,49.063858,102.79118
134.09697914123535,114.67424774169922,44.845287,105.92558
128.43547248840332,112.34415817260742,45.68182,109.15992
125.5824146270752,110.18935012817383,44.176693,110.455986
125.9195785522461,105.90451431274414,43.622757,113.175804
128.5410919189453,107.83871459960938,45.803497,112.88867
130.0859146118164,105.30643081665039,44.19026,116.39599
129.63391304016113,106.09465789794922,44.603725,117.16542
129.05411529541016,107.25720596313477,46.733505,116.78588
124.67136764526367,110.93606948852539,51.674446,113.42599
121.34985542297363,113.84189987182617,53.681576,111.28593
112.23155975341797,111.09627914428711,62.298843,113.955605
108.7376480102539,108.80173110961914,64.400955,115.62185
106.69172668457031,110.35558700561523,66.15808,114.21793
106.46378326416016,111.03003692626953,65.92598,114.89177
108.14605712890625,110.4874038696289,63.73654,116.607925
104.4351921081543,110.91918563842773,65.38117,116.2627
105.41184425354004,110.57820129394531,63.894604,115.380035
104.31303977966309,107.50444030761719,61.213703,118.61685
102.59847450256348,108.16140747070312,63.289257,118.056244
102.94265556335449,107.73788452148438,62.300358,118.55768
107.3664608001709,108.72877883911133,57.943623,117.899376
108.97917175292969,107.10159301757812,54.135284,120.48453
102.63652229309082,102.45112609863281,56.57208,128.15222
104.44684600830078,105.63134384155273,49.589493,127.02009
104.70299530029297,107.51115798950195,50.051193,123.94851
105.1192455291748,108.05433654785156,49.293034,120.84604
106.55555152893066,103.99545288085938,49.33198,128.64911
106.55435752868652,101.08978271484375,51.64403,131.08878
105.48381614685059,107.71090698242188,49.638935,124.561066
106.01953125,97.71488189697266,49.616882,135.69545
105.8840274810791,100.39837646484375,48.85023,131.14755
105.18514823913574,102.23641967773438,50.54587,130.62888
105.50574684143066,99.11140441894531,50.49455,134.95312
105.9957160949707,96.94257354736328,50.48333,136.74754
99.74131965637207,103.861572265625,53.56396,128.20529
101.4239273071289,110.24711227416992,54.48619,123.90006
101.99231338500977,111.28977584838867,55.272087,121.732765
102.55093765258789,112.0218505859375,55.824272,120.49237
104.19606018066406,113.69647598266602,53.946198,118.306725
104.5218734741211,115.04816818237305,53.314316,117.35163
104.55134010314941,113.87819290161133,51.332165,118.32891
105.34271049499512,111.73220443725586,49.25919,119.93708
105.64275169372559,116.05383682250977,48.227802,115.78643
104.88956832885742,114.33344268798828,46.586067,117.99483
68.58332252502441,101.71772003173828,39.81558,129.70735
66.17503929138184,101.35911560058594,39.889286,129.78204
65.21643257141113,97.00853729248047,40.723583,133.98445
67.70950889587402,93.6358642578125,39.80643,140.07407
70.06599807739258,93.33228302001953,40.421455,137.8933
73.53097343444824,96.91204071044922,36.92635,138.16399
73.20551872253418,98.1024398803711,39.71007,134.924
71.73372459411621,97.85796356201172,39.796482,134.8423
72.70918083190918,99.94913482666016,40.7148,134.32066
73.11040687561035,101.76559448242188,40.81219,133.28903
73.16411399841309,104.66229248046875,41.319798,130.38364
72.9548568725586,104.25341796875,42.150055,129.94287
74.91073799133301,106.26846313476562,41.259045,128.52411
75.73639678955078,106.28280639648438,41.088257,128.58707
76.17927742004395,98.28868103027344,37.684826,134.21072
75.35371398925781,103.56964874267578,39.53273,132.25667
77.76340103149414,101.75990295410156,38.188118,135.85342
74.47209358215332,100.82250213623047,39.702312,138.82747
103.56467056274414,113.93444061279297,45.38044,127.89647
101.12879180908203,122.01395034790039,43.44934,123.24828
97.55428314208984,127.93508911132812,45.76877,118.01849
96.7451400756836,126.5181770324707,45.549072,120.44137
90.25123596191406,124.74677658081055,45.67717,121.39466
88.34293937683105,131.34490203857422,44.21407,116.02156
83.97478485107422,133.11487197875977,44.161255,114.06075
78.57994079589844,133.44384384155273,44.65541,114.304146
67.74535179138184,126.94654846191406,47.17319,119.37485
64.4692325592041,133.4850730895996,50.447475,111.78501
60.77192306518555,134.3147430419922,43.97271,114.74866
53.5726203918457,134.51522827148438,44.9289,114.888
43.54034996032715,135.01243209838867,46.695225,114.344795
42.5972900390625,132.6930046081543,48.097397,116.66996
33.22650146484375,132.65373992919922,54.377182,115.52516
28.460838317871094,137.50592803955078,56.0748,111.753555
25.550182342529297,136.51881790161133,51.62658,112.79604
17.00650978088379,137.19543075561523,56.021847,113.92899
15.032642364501953,144.3083381652832,52.927193,104.868675
11.876211166381836,147.98337173461914,49.93201,101.30251
3.438283920288086,151.58832168579102,61.729618,100.2716
2.6782302856445312,155.75949478149414,55.86374,96.664604
1.728271484375,155.37157821655273,51.361404,97.27256
1.4102363586425781,162.5883026123047,49.552437,93.54727
-0.19314193725585938,166.5112648010254,45.82514,88.26351
-0.5826416015625,173.40073776245117,43.618423,85.32322
-2.4013519287109375,180.10746383666992,40.81642,74.73353
-4.6402130126953125,176.79478073120117,39.599503,77.029015
-6.453369140625,175.41851806640625,37.41223,75.97391
-5.818412780761719,169.63209533691406,34.84967,89.96762
55.68108940124512,180.6252555847168,49.63866,94.311165
78.96453094482422,187.3502426147461,46.538177,125.20082
74.3430118560791,189.9767074584961,46.87118,139.82991
69.62068748474121,191.04195404052734,49.82297,139.5761
73.06753921508789,192.34234619140625,52.215614,142.1976
71.53183364868164,192.49488067626953,47.066383,137.95573
62.559818267822266,193.8830795288086,45.78962,128.82936
59.167152404785156,192.8349151611328,44.705017,135.13217
53.6986083984375,192.9297866821289,44.467575,136.96678
48.454172134399414,192.55670928955078,44.899685,137.0381
35.416677474975586,196.25144958496094,49.42783,131.03006
31.123464584350586,197.39117431640625,53.501347,127.34677
32.88142204284668,194.3003692626953,50.181904,130.65933
35.88630676269531,193.46034240722656,45.18605,131.10245
23.21621322631836,188.52507781982422,53.627464,134.85585
21.50543975830078,192.22632598876953,55.122864,136.72145
14.485973358154297,192.42176818847656,61.240532,139.10855
14.010875701904297,192.84751892089844,60.6336,140.6094
37.82176399230957,137.94742584228516,50.494396,111.778336
48.458160400390625,113.9257583618164,53.432816,111.39488
45.9627742767334,117.41521072387695,52.582737,107.677605
43.39432334899902,116.20181274414062,52.446903,108.58841
40.91819953918457,114.40432357788086,52.672283,109.48875
38.8225040435791,112.07281494140625,53.948544,110.948425
37.32847595214844,110.60270690917969,52.69548,111.89053
37.36459159851074,110.50003814697266,47.48287,111.9969
40.570796966552734,106.43976974487305,43.80712,115.03986
38.156394958496094,108.66133117675781,41.967926,113.46692
39.47468948364258,107.83742141723633,40.393684,113.83004
38.59033203125,105.8297119140625,38.97435,113.5499
39.29465675354004,106.82954406738281,39.449306,110.43085
36.28963279724121,109.40901184082031,39.85819,109.441895
35.00160026550293,109.46285247802734,40.16576,110.2415
29.32657241821289,109.74843215942383,44.944252,110.74688
40.713680267333984,100.74908065795898,45.591423,111.505714
27.082279205322266,109.5620231628418,48.800087,110.29417
22.180410385131836,116.01888275146484,50.078465,106.476395
14.169458389282227,123.51579284667969,52.748043,102.996826
40.17136573791504,81.84578323364258,42.008144,118.98325
16.37442398071289,108.14337539672852,51.517982,110.90653
12.91384506225586,114.48263168334961,53.17266,107.27453
12.920673370361328,108.08819580078125,51.928413,110.35573
6.9845123291015625,122.18113327026367,52.976883,101.24673
7.025449752807617,113.2105598449707,45.96816,107.42539
5.522928237915039,107.91785430908203,38.92349,110.1225
10.153266906738281,94.51913070678711,35.401,118.38735
14.207304000854492,84.26441192626953,43.058186,125.572815
6.01555061340332,80.75563049316406,45.73057,132.75874
3.063455581665039,85.24095916748047,43.328274,130.44205
-1.4679412841796875,87.10938262939453,39.381943,129.198
2.064023971557617,72.87467193603516,33.259724,139.57025
0.5413360595703125,74.16898345947266,39.029922,134.794
-0.23195266723632812,91.47613143920898,40.685844,122.12646
-0.7293834686279297,118.73248291015625,39.071606,102.8589
-1.3871803283691406,145.04963302612305,34.57659,95.77123
-1.4306774139404297,165.13132095336914,36.621075,91.93119
0.4522380828857422,163.07696914672852,36.625233,93.320076
5.758171081542969,197.9073829650879,48.43393,87.54194
11.836353302001953,207.45994186401367,53.657295,82.68447
6.824888229370117,198.94817733764648,58.885303,84.799706
4.253814697265625,195.33505630493164,64.393906,90.68305
11.537944793701172,191.92769622802734,67.87301,101.22
1.7953052520751953,186.58030700683594,58.624462,112.61296
11.423233032226562,187.3294792175293,59.97078,114.551414
1.8055477142333984,186.78499603271484,49.141087,116.65448
21.167036056518555,184.1999168395996,54.24297,120.34609
33.46544075012207,184.20820236206055,53.57533,118.2579
42.28321647644043,184.5209846496582,53.472065,120.5033
47.24493217468262,185.36686325073242,55.788197,120.31109
58.45466232299805,184.6890640258789,54.19491,120.20679
73.37105751037598,183.22292709350586,50.038876,123.50854
78.03644943237305,186.22216033935547,50.285637,122.38675
85.45367050170898,187.62735748291016,53.30654,116.75296
84.01093673706055,191.37990951538086,53.76101,115.3865
88.61574745178223,192.9365577697754,57.263973,114.53626
93.80989646911621,191.30193710327148,52.022648,118.41915
102.40530776977539,194.6246337890625,53.020668,118.451584
110.90466690063477,192.82187271118164,53.09379,118.27485
121.65206718444824,184.39546966552734,54.30364,113.33652
131.7925319671631,178.8097686767578,50.36347,118.82774
139.20486450195312,176.95993423461914,54.644424,120.86292
146.304780960083,176.61821746826172,57.195507,122.26587
150.49934768676758,173.07184982299805,62.027992,120.813896
156.10880279541016,171.4379425048828,60.5636,120.384445
161.93873023986816,169.97443771362305,60.909054,122.1448
169.80996131896973,172.51851272583008,60.682796,118.80216
174.05530548095703,174.33229064941406,64.310425,125.08342
178.76107025146484,176.86338806152344,53.352722,123.65517
184.3332176208496,177.49217224121094,49.719078,126.59209
187.61291122436523,176.2307243347168,55.809196,124.28094
187.8000373840332,177.78336334228516,63.0102,127.42316
184.0708351135254,175.02457427978516,66.36939,129.92422
183.50377655029297,173.37609100341797,67.49649,135.20853
185.48971557617188,172.41741943359375,65.94627,135.30516
189.13860321044922,171.82740020751953,65.088135,134.30936
181.1299057006836,176.74261474609375,73.6297,132.61964
192.34081649780273,172.1848602294922,59.511192,123.97841
182.72280502319336,175.0844841003418,66.076836,117.706566
196.2585906982422,197.83749389648438,74.18956,122.12346
198.01158714294434,179.22763442993164,61.78348,122.40153
175.51796340942383,168.60323333740234,63.712654,122.61749
178.64141464233398,136.3459014892578,57.422173,132.57274
182.56035804748535,129.21883392333984,52.575222,128.37167
175.4683132171631,124.99589538574219,54.485477,115.64595
173.80078887939453,110.06229400634766,50.749695,108.90628
176.04962158203125,113.23021697998047,51.673813,106.31406
180.73782348632812,115.38668823242188,50.04503,105.57994
185.50900840759277,113.81261825561523,51.177372,104.62847
184.7115650177002,116.40994262695312,50.442577,105.73338
193.2285556793213,112.02909851074219,48.51205,106.93788
144.29249954223633,144.8265724182129,62.7078,110.85447
125.90461349487305,135.36416625976562,62.549522,115.698105
109.68253707885742,125.0567626953125,55.181145,107.445694
108.42388916015625,121.15936660766602,54.47545,102.28483
108.78915214538574,123.49549102783203,48.9836,99.39383
112.83302307128906,128.69518280029297,46.766342,93.32208
117.52105331420898,132.2025604248047,45.402092,91.33711
123.58820915222168,127.80813980102539,43.984364,97.997505
125.29301834106445,131.01285552978516,45.58988,97.89105
125.34243774414062,133.94889450073242,50.16658,98.3861
123.3389663696289,139.99951171875,53.641327,95.97005
135.02159690856934,144.05192184448242,60.999912,112.42138
161.22492599487305,131.50538635253906,58.778435,109.05171
158.86771774291992,134.95157623291016,57.16546,118.667786
162.59034156799316,134.15464401245117,52.053463,120.18383
171.69859886169434,129.7473907470703,45.14954,111.9409
190.65031051635742,127.02553176879883,36.49874,108.27656
196.25972366333008,131.53664779663086,36.949013,103.20907
207.39785766601562,132.01669311523438,35.72673,106.79826
210.54597663879395,136.6304168701172,39.71504,99.5544
168.57729530334473,153.51647567749023,49.7579,92.27047
163.79295349121094,149.12766647338867,45.59471,117.67162
164.74250984191895,147.92941665649414,44.74693,118.94993
167.62903594970703,145.91753005981445,41.05255,115.469185
99.6175765991211,111.76239395141602,39.37001,100.597466
101.38694381713867,105.910400390625,38.627205,104.885284
103.81197357177734,110.15876388549805,39.55098,106.75666
106.3984603881836,117.70634460449219,38.79338,105.26813
110.86352157592773,120.25511932373047,35.92005,105.123795
115.27537536621094,123.33930969238281,34.49298,107.99252
118.42971229553223,133.91130828857422,36.773235,106.74739
121.52335929870605,143.42926406860352,37.497776,104.24517
124.0220775604248,147.91945266723633,36.98029,104.384544
126.33555030822754,152.64824295043945,38.47108,105.536766
128.2981014251709,151.13247680664062,41.85259,108.433624
131.60623931884766,167.09810638427734,42.70848,97.41759
135.47281455993652,169.3937225341797,41.04839,95.95941
138.78588104248047,175.17156600952148,38.760117,93.37098
141.24208641052246,174.19439315795898,37.94927,95.23774
142.6659393310547,180.34077072143555,38.420044,90.89774
145.9268455505371,173.72136688232422,38.98185,98.26793
149.33115577697754,176.39658737182617,39.670116,97.874886
151.27145957946777,171.7423973083496,39.830708,106.49799
153.49686431884766,172.39512634277344,40.383255,111.19272
155.72747421264648,176.24904251098633,44.06318,109.95287
158.07351112365723,185.39408111572266,45.56071,99.78398
159.07269287109375,185.04192733764648,42.145752,99.08201
157.06834030151367,183.9682960510254,41.397194,101.74221
162.40091514587402,182.7693748474121,40.6263,103.41511
167.34611701965332,186.1160659790039,37.81869,107.934006
173.75222206115723,185.2391357421875,40.42396,104.12186
174.34075927734375,184.17742156982422,40.89435,105.626785
176.6237907409668,190.82525253295898,39.263313,108.02552
179.79626846313477,190.5937042236328,38.020836,117.54547
177.415433883667,194.07839965820312,41.205173,113.06537
174.95747184753418,192.21815872192383,40.898106,112.613
177.13740348815918,192.74389266967773,38.056767,110.32722
180.16068267822266,192.2501983642578,39.1642,115.05295
183.21355819702148,194.70156860351562,37.39039,115.21106
186.80755233764648,189.75001525878906,33.515083,120.5043
198.5445442199707,185.19355392456055,36.000298,126.29783
203.52835273742676,182.5257339477539,44.044247,126.62477
205.93503189086914,173.66912841796875,47.974663,128.11002
207.27014923095703,178.526123046875,45.764023,122.670044
204.97642707824707,171.86386489868164,44.20123,125.485405
203.28493881225586,167.4668426513672,41.419228,125.663635
205.36595153808594,162.5000457763672,41.41855,130.16043
206.3561954498291,161.0406723022461,40.56825,129.89537
206.1892795562744,160.06754302978516,39.865643,131.67934
206.62757682800293,156.83145141601562,40.958042,134.137
203.9057388305664,153.12249755859375,43.864853,138.60352
204.32676124572754,162.0626678466797,46.348705,134.08401
203.47222518920898,151.27252960205078,45.794624,146.70842
203.6151828765869,166.4469757080078,44.73213,131.1177
205.99838829040527,173.17541122436523,41.124195,125.8028
207.65942573547363,169.57901763916016,38.33395,111.907455
203.75006294250488,174.92495727539062,34.784664,102.9176
193.51098442077637,190.1896514892578,34.28815,115.71838
186.20460891723633,200.50173568725586,36.49444,117.025246
189.2144317626953,201.5966682434082,34.20175,126.79174
202.3340721130371,196.48226165771484,37.004036,128.11784
196.51292037963867,202.05503845214844,43.049812,127.40274
200.22605323791504,206.58132553100586,42.66383,123.5113
197.60612678527832,207.55084609985352,46.83166,124.937096
196.71821784973145,205.21115112304688,50.2662,125.51199
197.74801445007324,213.51471328735352,48.38413,118.76269
202.0715160369873,213.1741828918457,46.202213,120.1459
203.82063102722168,215.500244140625,42.81177,116.8241
205.75555419921875,216.23436737060547,43.3071,116.73921
205.9940299987793,215.0704002380371,41.81855,116.99055
211.22661781311035,212.0661964416504,42.574963,114.59017
211.89449882507324,206.57284927368164,44.61179,106.99465
206.39355278015137,205.1569480895996,50.675755,95.49702
197.55763244628906,207.82484817504883,43.87039,111.28594
190.33069610595703,210.47855377197266,40.799423,126.70674
195.31643104553223,196.52106475830078,50.190228,108.921005
204.22027397155762,191.06988525390625,44.33237,109.88382
