250.0,168.0,106,105
244.2732048034668,170.58465194702148,111.98048,103.336555
235.63274002075195,181.43322372436523,110.58642,103.49412
217.52548217773438,199.9349479675293,110.93747,103.24421
214.1864776611328,209.48716354370117,109.26105,103.18073
217.56043243408203,205.41744232177734,111.295975,104.28563
217.4096908569336,195.80356216430664,111.026474,104.31728
215.08815002441406,195.9626693725586,111.38016,104.099655
176.5609016418457,206.02681732177734,127.67892,115.32497
145.70780563354492,249.23457717895508,113.91239,104.12893
188.57937622070312,249.93470001220703,137.6596,108.61339
245.30189895629883,220.79313278198242,111.83315,106.37788
228.53569412231445,205.80449295043945,107.908165,105.20644
219.55067443847656,202.71961212158203,109.94791,102.58812
207.83699798583984,200.6525993347168,107.740555,103.27497
191.90512466430664,209.25278091430664,110.8532,101.79693
193.87964630126953,216.58853912353516,108.67259,102.69243
204.94381713867188,213.1753158569336,107.25729,102.503494
217.24970245361328,187.88955307006836,114.54909,98.825905
216.47418212890625,147.17498779296875,110.53113,109.06836
198.2480812072754,140.40576171875,111.62081,105.14981
199.4048728942871,161.15767288208008,113.552284,104.96075
211.36331939697266,195.40296936035156,131.26656,104.95923
256.517578125,231.78031539916992,118.1149,99.9524
271.88224029541016,240.3636131286621,109.94835,103.33518
258.4259033203125,241.69916915893555,108.53992,104.22086
242.98801803588867,248.34902572631836,111.86582,102.49702
238.40614318847656,248.6224021911621,111.2218,103.66767
231.23601913452148,240.23531341552734,111.92683,103.66609
225.4851188659668,221.411865234375,112.19071,107.79379
223.96014404296875,214.15298461914062,113.30362,105.83588
231.24666595458984,208.20455932617188,110.99797,103.30353
241.6746482849121,198.24464416503906,112.33338,102.00232
240.03757858276367,171.80091094970703,110.16032,107.79039
227.9681282043457,158.4183006286621,109.427666,100.36643
223.03305435180664,132.53172302246094,110.46044,106.51816
227.61516952514648,118.52145767211914,110.31907,104.91628
246.06553268432617,126.95058822631836,111.02915,104.56046
254.16712951660156,130.40353775024414,111.48367,103.76769
253.81774139404297,135.6529197692871,113.461624,108.77589
261.3819770812988,171.18878173828125,112.37206,112.00177
267.7764091491699,219.54703521728516,111.97016,100.093185
274.0455436706543,231.77398300170898,110.86817,103.1229
276.06481170654297,235.4698371887207,112.59654,104.507835
273.1587257385254,236.44549942016602,110.3865,100.54369
263.7907943725586,220.24972534179688,112.95616,103.94943
263.1376075744629,213.17441940307617,112.5805,103.73539
266.1175193786621,204.0992660522461,110.23777,99.32445
267.0608940124512,158.90138626098633,113.08814,110.947014
269.02253341674805,157.8688507080078,111.69392,106.209045
271.55634689331055,181.82369232177734,111.68842,101.38109
268.5885314941406,183.59840393066406,109.43155,100.706085
267.5823287963867,179.46637725830078,109.04585,102.36903
269.7956886291504,180.79895401000977,109.84841,100.28045
275.2679443359375,186.18072509765625,110.525635,101.767426
284.60668182373047,196.23160552978516,109.08757,103.21318
282.37771224975586,210.65360260009766,108.928566,101.52608
257.3305015563965,211.65659713745117,108.762825,105.33558
219.99102783203125,209.02092361450195,107.756714,103.47744
201.79132843017578,208.7140235900879,110.2563,101.24554
206.0351448059082,207.8782501220703,107.724236,100.56409
230.88532257080078,208.14287185668945,106.265854,103.48519
269.7236518859863,210.43565368652344,102.60403,104.671844
309.77111053466797,211.31876754760742,107.17372,104.30637
333.66091537475586,219.99219131469727,109.666756,101.10726
331.43265533447266,221.206298828125,108.960495,101.93735
318.6064224243164,211.3779640197754,108.70134,104.4573
291.1104278564453,186.03732681274414,117.3067,109.45989
256.9515724182129,163.37454986572266,118.358116,108.63457
241.52862930297852,159.02814483642578,112.94402,101.77083
243.1352424621582,166.4160919189453,110.5996,106.327545
251.33815002441406,183.01665878295898,110.92554,105.57627
256.18353271484375,198.02120208740234,111.089294,102.989914
271.4652671813965,207.64350509643555,108.77256,107.86204
299.7500190734863,219.1620750427246,107.50408,108.27332
310.505672454834,230.11052703857422,110.69016,104.57353
306.39605712890625,240.9269027709961,111.39975,104.42131
298.15147399902344,249.15739059448242,111.26016,102.45234
288.4676971435547,244.17942428588867,110.346375,105.7725
260.37496185302734,231.6558837890625,107.54784,109.28122
227.84828186035156,226.02363967895508,110.48984,104.349174
213.92853164672852,227.52637100219727,111.46233,102.78118
212.29706954956055,234.28807067871094,109.71732,102.49454
220.7930145263672,231.27576446533203,109.550995,101.92726
236.55292892456055,196.44374084472656,111.3935,119.90314
250.98288345336914,167.71910858154297,112.82876,120.729416
264.0764923095703,143.7961082458496,112.5249,115.67713
297.14805603027344,139.51536178588867,108.51599,105.90296
321.61511993408203,142.8672981262207,109.41554,104.95876
329.3967056274414,152.00824737548828,111.11253,106.94682
327.2603225708008,170.76937866210938,112.35832,102.70599
316.71596908569336,178.27056503295898,107.19645,104.76258
292.2829704284668,186.37840270996094,112.26435,110.25275
264.95726013183594,200.5524787902832,109.94171,114.89956
250.76119232177734,225.09495544433594,107.82024,102.316315
235.85752868652344,227.9480209350586,110.51431,101.650925
222.70513916015625,214.54215240478516,111.29761,102.50246
212.51050186157227,205.58552932739258,110.72994,101.9331
208.13451385498047,202.71892166137695,109.17998,101.68084
214.58045196533203,194.83701705932617,109.02919,103.57191
232.0222396850586,171.02056884765625,110.20241,109.44891
246.40187072753906,166.49943923950195,109.756836,102.39092
261.6024742126465,168.53290939331055,112.50028,105.93699
275.9289894104004,176.69091033935547,115.68041,116.79222
298.68627548217773,217.74750518798828,107.46497,102.28157
308.0553398132324,223.84900665283203,109.32319,101.68825
293.66796112060547,196.0292510986328,116.704605,117.58859
255.9387969970703,189.15477752685547,105.0509,104.57814
205.2892723083496,189.36370468139648,115.2331,111.8686
175.39313888549805,201.20548248291016,112.56281,115.506485
164.18935012817383,229.9500274658203,112.25564,104.50336
164.47967147827148,236.60597610473633,110.74796,102.67843
178.39567947387695,205.68181991577148,111.56185,121.5593
199.15420532226562,179.52265167236328,116.91864,120.73839
226.49526977539062,169.61154174804688,114.663025,106.05234
234.11190032958984,171.82048797607422,112.11623,106.194016
230.2645149230957,186.17608642578125,112.263756,111.683655
225.6502227783203,205.81996154785156,111.979095,101.52695
223.84878158569336,203.7662696838379,110.14936,102.223656
230.73859786987305,193.26619720458984,110.97828,104.12779
242.19342803955078,195.94217681884766,109.48979,102.143936
238.05808639526367,205.05663299560547,110.771675,103.278915
224.74910354614258,220.27346801757812,108.26501,101.651215
209.66049575805664,222.10370254516602,110.56362,101.59087
203.98883056640625,204.9008445739746,110.79947,108.1099
201.3013038635254,192.2240104675293,110.88998,102.73087
197.52434158325195,189.99166107177734,110.21606,101.96492
198.05923080444336,196.87001037597656,112.801125,110.45203
209.05669021606445,216.1590461730957,111.40487,117.983086
206.9800033569336,253.36935424804688,112.84276,100.806366
203.74784469604492,254.27520370483398,109.92036,99.77531
200.9485092163086,224.74974822998047,112.43089,103.81416
202.64514541625977,195.1379165649414,113.04308,110.01494
193.57501220703125,180.01855087280273,111.13098,106.222725
172.42469787597656,172.94074249267578,110.91223,103.469986
164.1827278137207,182.98022079467773,111.63824,102.74143
171.55057907104492,196.38219833374023,109.633736,102.96256
184.77217483520508,202.5280876159668,110.755424,103.65049
203.79851531982422,202.96148681640625,107.951065,102.98779
228.33672714233398,205.15894317626953,107.72736,108.936905
251.92066955566406,221.6602554321289,107.635376,107.70598
278.76422119140625,236.28164672851562,103.24802,107.31555
297.1783103942871,243.2925796508789,110.08317,102.91966
289.21987533569336,234.68309783935547,106.29371,106.99159
244.91150283813477,222.5677947998047,110.04061,110.69977
201.4771728515625,215.70154190063477,108.93677,107.050316
172.7841567993164,214.06190490722656,104.44899,103.7558
140.67362213134766,220.5222282409668,104.00456,104.95017
108.91292190551758,223.1864471435547,108.81332,102.199554
109.25102615356445,201.49857330322266,117.9696,118.27675
162.3990821838379,189.67098999023438,127.1628,113.101715
219.41892623901367,189.27322006225586,107.80036,105.322365
230.0688705444336,186.62541961669922,107.50029,102.10451
229.50409698486328,188.90663146972656,109.081345,101.19504
236.87771224975586,196.52998733520508,108.74821,102.24435
242.7899055480957,210.43367767333984,111.21691,102.33107
232.88933944702148,216.45743560791016,103.97358,102.28874
196.7588119506836,215.88977432250977,103.91438,105.57925
171.40394592285156,222.65853881835938,109.79654,101.12305
176.21163177490234,223.29608154296875,106.05147,102.46594
209.28979873657227,213.61774063110352,109.112816,108.560295
264.9667091369629,211.6227798461914,102.62093,103.56062
276.7532958984375,214.10063552856445,113.00607,101.96609
270.43737411499023,214.50857162475586,109.98115,101.29252
259.72241592407227,205.24955368041992,111.30886,102.463234
253.03228759765625,196.81654739379883,110.66376,101.88598
249.30030822753906,190.97842025756836,109.934265,103.8975
253.61152267456055,185.66803741455078,109.345345,103.67226
268.3369255065918,189.35762786865234,111.08283,105.26738
276.5106201171875,200.41651916503906,110.771545,104.0708
269.02617263793945,202.65148544311523,105.970116,103.492836
242.23324584960938,201.24710845947266,108.87555,112.33913
205.00379943847656,217.55253219604492,108.08411,117.61344
186.7311019897461,242.5249481201172,110.515366,103.76126
176.47111129760742,247.8815460205078,110.9195,102.84378
181.5728302001953,243.71569061279297,109.88046,103.734695
205.29247283935547,238.10985565185547,108.4185,103.69685
210.83868408203125,234.72707748413086,110.95401,103.19813
195.37071990966797,230.61499404907227,106.823654,104.524315
175.60155868530273,226.87970352172852,110.138985,102.87255
173.2592430114746,220.40524673461914,109.50144,103.04333
193.67771530151367,215.19816970825195,103.693306,104.65197
230.25988006591797,202.2278709411621,116.48152,113.94666
282.04821014404297,197.2382354736328,106.59871,103.881226
280.78820419311523,193.41200256347656,108.45692,102.433716
242.34945678710938,188.2860221862793,109.94232,105.87022
209.80886459350586,181.36087036132812,112.1027,103.39667
197.84803771972656,179.0819435119629,108.42163,102.2853
181.0053596496582,182.5364532470703,106.179955,102.826935
168.73732376098633,186.35744094848633,111.85058,102.6538
173.5801239013672,186.37747192382812,107.1687,103.06824
202.68560409545898,187.98714447021484,111.258125,107.51503
270.12513732910156,193.8963165283203,99.90219,104.71936
294.7343101501465,191.80792617797852,108.98368,101.02325
293.24509048461914,189.57080078125,107.42898,101.78052
276.43130111694336,193.3214988708496,105.79279,102.9542
255.96422576904297,196.48766326904297,105.06032,104.171585
235.78470993041992,205.26984405517578,105.4441,104.97856
209.87704467773438,211.5305061340332,106.22354,103.593346
173.1349868774414,202.46287536621094,110.32933,106.36786
141.92840576171875,184.97697830200195,111.197845,103.94247
141.8142433166504,184.18574905395508,108.44561,102.38384
161.39509201049805,183.6333770751953,105.783424,105.44919
188.35156631469727,190.24671173095703,110.34634,105.09071
195.42344665527344,193.95745086669922,111.33334,101.224045
191.65647888183594,187.87726974487305,110.07007,102.57914
196.73082733154297,177.36878967285156,110.21898,101.56171
207.15237426757812,169.44300842285156,109.24362,101.37485
216.48345947265625,169.31076049804688,110.24478,102.569855
216.65151596069336,179.8306121826172,111.94233,102.70245
209.7591667175293,189.9997673034668,108.58378,103.16828
201.68096542358398,207.97621536254883,111.578865,101.27703
215.2167205810547,229.35213088989258,106.4075,107.88308
224.45951461791992,248.572021484375,111.09376,101.05286
212.01982498168945,249.6108169555664,106.82198,102.28905
195.75453567504883,242.4302635192871,106.13467,100.47605
181.76900100708008,218.2452392578125,112.20855,100.812744
180.16058731079102,182.49359893798828,111.201744,96.4185
190.29262161254883,155.9996795654297,110.17861,101.911194
204.00060272216797,157.23422622680664,109.389084,103.05773
220.83225631713867,173.1701545715332,105.59345,100.98797
241.1287078857422,185.37410354614258,106.233,101.21569
245.0258445739746,185.42314910888672,110.41596,101.07851
236.93925857543945,184.08465194702148,105.21578,101.60383
215.35702896118164,191.5420150756836,101.872215,103.59978
191.48933792114258,201.06858825683594,107.42635,102.59866
187.49674606323242,211.7028045654297,109.08604,100.81232
189.26629257202148,214.94916152954102,110.35972,101.80114
188.41123962402344,211.22462463378906,109.80267,99.11255
185.87893676757812,192.18630599975586,111.00531,98.37699
203.89598083496094,160.7535400390625,104.13992,105.935
230.4407501220703,159.40898513793945,103.16196,102.451256
270.3210983276367,165.79572677612305,102.97899,105.94111
295.7209892272949,175.0725212097168,108.23493,117.19251
300.63349533081055,210.52826690673828,107.27949,99.02855
297.85659408569336,220.20047760009766,106.30225,99.6501
297.7873649597168,222.55398559570312,106.95396,99.63925
302.1905708312988,218.55640411376953,108.114006,100.55849
295.2713508605957,223.17011260986328,102.21563,99.415146
267.18185806274414,227.69333267211914,98.26116,99.73525
239.85071563720703,226.66073989868164,106.68904,100.158104
233.0583610534668,234.8152313232422,108.55549,101.09677
220.03263092041016,239.8612060546875,106.886154,100.55768
208.38927459716797,231.32747650146484,111.21498,100.14613
209.74617767333984,215.31623077392578,110.130325,99.99626
214.96298217773438,206.79431915283203,108.21878,100.057205
222.6745948791504,202.3900489807129,105.76421,99.56182
239.26243591308594,200.5815200805664,100.86154,100.932175
253.46353912353516,194.24546432495117,107.827194,99.54322
260.49353408813477,176.89199829101562,108.31411,102.05826
262.01799392700195,167.29923248291016,107.28112,99.13115
272.96573638916016,171.79253387451172,106.71037,111.917496
282.5244026184082,224.58491134643555,108.19781,97.37913
280.4812202453613,252.23790740966797,105.03942,99.37312
264.19580078125,256.7384605407715,104.81299,100.06089
254.2412452697754,234.24811172485352,106.925804,105.401146
250.09615325927734,182.9678840637207,106.34856,115.8912
242.2396469116211,162.10092544555664,109.0428,103.293785
238.53267669677734,156.85996627807617,105.99541,100.81605
228.65906524658203,161.86516189575195,100.00621,102.215355
208.3934555053711,170.90095901489258,105.87816,100.36373
222.51374435424805,168.1911849975586,96.47187,101.61125
252.9703598022461,155.80857467651367,97.10414,104.13114
270.62619400024414,143.1209945678711,100.75161,102.561905
280.39928817749023,141.05923461914062,107.095406,100.46039
279.18531799316406,156.6152000427246,108.90567,99.30622
262.8324508666992,172.82549285888672,103.03157,103.31145
245.86319732666016,185.09452056884766,103.968155,99.18581
238.5424690246582,186.83719635009766,107.20431,98.44536
242.21086883544922,184.39682388305664,104.54317,97.62679
249.22200775146484,186.28200912475586,107.20146,99.58662
243.51981735229492,195.47802734375,99.3541,103.325775
211.74652099609375,207.12408065795898,100.936615,100.7313
202.9936866760254,211.58535766601562,105.52834,98.17456
216.08756256103516,203.2401351928711,102.5309,98.90733
231.37368392944336,183.88525772094727,104.95017,99.82885
241.49169158935547,182.1083984375,107.02519,99.114746
242.4415397644043,189.07126998901367,106.690346,100.54432
240.81810760498047,199.44303131103516,105.883896,99.25566
238.85996627807617,204.1867904663086,105.72086,98.90056
232.0126953125,207.7935028076172,105.60541,98.92441
215.17863845825195,217.07966232299805,103.165276,101.54966
209.65947723388672,233.63280487060547,106.798386,99.497635
218.81165313720703,237.10785675048828,106.76659,99.15889
223.0766258239746,228.8409881591797,106.7837,101.89337
218.61159896850586,224.50246810913086,105.614296,100.27882
216.02753067016602,223.5653190612793,104.12823,97.3007
228.60498428344727,217.4704933166504,99.921715,96.16656
248.06512069702148,184.78330993652344,106.84138,108.36386
278.91401290893555,161.7322540283203,105.04676,98.70993
282.1151885986328,160.96081161499023,104.105865,96.21369
280.6394805908203,166.27011489868164,107.25159,103.04415
274.7086715698242,185.1319694519043,107.67671,109.33805
268.4166793823242,218.24900436401367,105.440384,99.36814
264.2428283691406,228.64506149291992,102.31192,97.851906
246.42668914794922,222.39332962036133,99.37193,100.397484
219.45888900756836,225.66077041625977,104.196754,99.001945
218.24786758422852,236.92757034301758,104.58572,98.68459
229.47481536865234,245.9008674621582,103.18968,99.261894
239.50242614746094,243.8656997680664,104.11737,97.162766
239.28152084350586,220.85879516601562,104.71479,106.054535
243.05523681640625,207.89681243896484,103.319275,100.05055
258.6029472351074,204.54651641845703,99.26212,101.57866
291.814697265625,211.34528350830078,98.49069,97.915726
303.53252029418945,210.2810935974121,105.168755,97.141
296.8012161254883,202.04678344726562,104.0674,98.37363
283.1934356689453,200.27070236206055,103.33203,98.44727
272.8376655578613,208.12506103515625,104.70165,101.62274
266.6360092163086,225.12311935424805,105.84779,100.28199
258.7867851257324,240.19337844848633,102.92417,95.70504
254.67243576049805,241.91257095336914,103.2411,95.28341
265.0390281677246,236.50837326049805,101.66541,96.49781
268.40289306640625,226.04120254516602,103.72089,98.24212
263.97130584716797,219.31608200073242,102.39183,95.66993
259.8271827697754,212.6752700805664,102.465324,96.0493
258.80009841918945,208.57910919189453,101.181114,95.2849
263.78789138793945,206.57247924804688,101.38442,94.57388
270.28017807006836,198.19390106201172,103.1536,95.995255
271.54469299316406,190.69652938842773,101.48639,96.15449
272.08325958251953,195.79524612426758,103.07997,99.14431
280.45359802246094,208.06194686889648,101.92795,102.47346
289.6445083618164,225.5491180419922,102.71504,96.75137
292.9637794494629,230.00862503051758,101.616905,94.74029
279.34666442871094,229.30450439453125,99.423584,96.60797
250.23009872436523,234.2226905822754,97.33738,97.8861
228.62165069580078,236.76110076904297,99.48094,96.96309
217.9963607788086,219.1103401184082,99.315445,102.86764
202.71649169921875,181.51508331298828,105.15381,111.327866
205.00181579589844,167.50797271728516,102.27823,99.70497
213.12092208862305,164.72925567626953,101.48048,93.83513
226.4435806274414,166.5995216369629,100.9456,102.36999
241.21467208862305,179.29058837890625,102.42707,97.4353
248.5272445678711,184.2103271484375,101.29799,93.97339
254.87128067016602,186.23197555541992,102.632866,96.15623
266.30208587646484,192.74263381958008,102.935135,110.83987
282.6304397583008,215.82551193237305,106.71022,114.434944
294.833309173584,251.28803253173828,101.54328,94.66826
287.8827018737793,249.38573837280273,99.85847,92.642494
277.29125595092773,205.8505096435547,104.39472,108.73953
266.8460998535156,199.97188568115234,102.58234,95.99791
249.49432754516602,194.51713943481445,98.530876,95.74551
224.4577293395996,198.2318000793457,103.11384,97.13525
219.47690963745117,214.40748977661133,101.13401,99.00994
230.8028793334961,229.8747329711914,97.49306,93.575455
242.26086044311523,228.15987396240234,103.72791,93.126205
267.3083839416504,227.20314407348633,96.64962,93.4663
276.00495529174805,232.5235366821289,100.70902,93.48366
277.3762435913086,240.19877243041992,101.86482,96.7635
273.8593940734863,254.71642303466797,101.17968,95.960464
273.07755279541016,259.7110023498535,100.81508,94.025505
273.17972564697266,255.4591522216797,100.95409,94.76538
275.7569808959961,250.36222457885742,100.28761,94.664314
277.086856842041,238.81519317626953,101.614555,97.1613
279.0252380371094,231.83110427856445,99.39279,94.11736
273.5518264770508,233.93259048461914,100.81056,93.54717
263.0492973327637,240.6621208190918,99.472755,93.630714
254.9550895690918,243.89552307128906,100.85807,91.243256
253.49129486083984,231.6201629638672,100.38002,96.0014
253.51951217651367,218.32967376708984,100.66288,95.02663
252.6618423461914,217.65154647827148,98.34059,93.475716
246.27030563354492,220.83592987060547,99.32325,93.11391
249.47189331054688,226.68924713134766,98.749176,92.278
263.43358612060547,228.72669982910156,97.06633,92.833954
282.34496688842773,222.0030746459961,95.184944,92.00841
294.09650802612305,204.08589935302734,97.7114,95.66133
294.03833389282227,191.42229080200195,100.65887,94.50393
290.52655029296875,191.4486312866211,99.455505,92.891464
285.8931465148926,198.06085586547852,99.18008,94.438286
282.27128982543945,206.2595672607422,98.889824,93.47809
265.34632873535156,211.59199905395508,92.070465,92.34817
240.15281677246094,200.5548553466797,95.433716,96.44467
226.10437393188477,194.7850570678711,97.10909,91.75041
223.20691680908203,197.4415740966797,99.14543,94.217255
228.88703536987305,204.48910522460938,98.318275,105.04059
246.87349700927734,235.01537704467773,101.92815,122.150246
276.6066017150879,277.44864654541016,97.00329,96.242386
298.989933013916,253.03849411010742,99.05923,106.936775
317.3342170715332,238.37134170532227,98.454094,97.11669
316.16654205322266,229.4342918395996,95.69389,95.241035
297.51706314086914,222.27187728881836,96.63796,91.16892
277.4001808166504,225.21233749389648,95.21203,99.187965
246.93805313110352,237.25397872924805,95.02102,93.968605
224.06187057495117,237.17436599731445,99.51115,90.35854
240.96912002563477,235.0746612548828,94.56051,92.12634
283.55106353759766,236.93457794189453,96.879745,93.167404
316.9649085998535,233.70534133911133,90.4197,93.86593
332.9524040222168,229.45701217651367,95.61411,91.2367
340.2447166442871,228.17120742797852,98.04316,93.47805
347.2684860229492,238.28527450561523,98.396774,91.318825
351.2484664916992,236.79133987426758,98.03459,92.11907
351.1415596008301,229.49145126342773,98.106804,91.59162
343.9859275817871,231.02978515625,94.42469,93.16794
315.59266662597656,244.30981826782227,97.39484,100.35412
298.28307342529297,263.1673011779785,96.165726,90.01479
297.27178955078125,255.10539627075195,97.04904,92.851036
308.2547073364258,242.71441650390625,96.03398,91.29077
317.1739196777344,239.3620376586914,95.71701,91.535904
328.9711036682129,243.17862701416016,95.04037,99.20253
350.71899795532227,258.444522857666,91.283775,91.37032
356.9666557312012,240.97251510620117,99.14335,101.308846
338.64403915405273,201.21244049072266,104.62534,117.86067
297.94453048706055,168.88743209838867,105.95902,109.11198
285.6810531616211,164.29039001464844,97.968124,90.069885
283.4417419433594,167.5433807373047,96.193634,95.63599
281.03253173828125,182.6136703491211,97.29898,100.059555
271.25565338134766,199.01056671142578,94.67314,104.31282
252.11881256103516,230.08706665039062,89.411514,93.802795
229.4489974975586,239.94898986816406,93.12184,90.57013
221.32948303222656,243.7961654663086,93.58505,87.50813
220.94831466674805,245.7999725341797,96.85316,87.73938
232.54938888549805,248.72175216674805,92.386696,88.73658
247.89973831176758,244.17979049682617,92.747765,85.325356
252.00469207763672,191.03442001342773,96.1971,105.93336
240.3432388305664,173.79551696777344,96.47914,95.35776
236.03135681152344,172.51990509033203,94.24771,88.73665
229.87742614746094,177.74192810058594,94.69803,91.025116
207.65349960327148,184.4528694152832,99.737495,101.32671
194.0548439025879,206.1297264099121,96.09069,89.450935
190.0110321044922,209.46872329711914,94.843414,88.51174
186.69098663330078,212.7766571044922,95.63002,88.58911
180.13378143310547,230.0622329711914,95.86516,87.45564
184.3047218322754,234.7188835144043,93.37502,89.885445
205.65129470825195,233.88507461547852,90.21993,91.296165
244.12799453735352,230.83295440673828,85.74819,91.66887
276.8404998779297,219.42030334472656,84.943054,93.15161
297.70132064819336,217.5037841796875,88.88938,88.575195
312.208927154541,221.18954467773438,93.12011,93.68909
312.9750442504883,235.69221878051758,95.41557,93.246605
287.4062614440918,244.94403076171875,87.718666,91.787445
232.5684051513672,224.87775802612305,118.93353,101.22715
202.0588722229004,213.1308937072754,103.429436,95.629326
183.8216781616211,214.32398223876953,96.3907,91.864
177.87329864501953,227.38803100585938,95.85112,89.07199
209.40302658081055,231.61907577514648,86.7989,90.35499
232.89795684814453,219.15435028076172,90.3979,90.69359
246.22602081298828,197.41798400878906,94.151566,92.22815
267.47216415405273,194.56544494628906,87.37183,88.594055
293.5791435241699,198.86716842651367,83.80433,88.80601
324.2230453491211,202.6584014892578,87.22121,91.8114
335.63697052001953,207.7359504699707,92.6364,88.871574
330.77743911743164,204.3042869567871,89.55599,90.5947
285.19751739501953,196.90674209594727,114.99266,92.13171
254.51291275024414,168.38840103149414,120.106804,107.787834
236.482666015625,153.7718963623047,94.55835,92.904205
254.0420799255371,147.2034568786621,85.55683,90.36494
287.8921127319336,143.00841522216797,82.72261,87.75798
298.0473403930664,131.6930046081543,92.574844,87.451
303.8357048034668,120.42840194702148,93.959145,88.71067
303.40330505371094,125.30084991455078,94.378845,93.525925
301.84511947631836,141.64764785766602,97.19291,103.60827
306.309024810791,174.48297119140625,95.053856,114.101654
309.6005859375,229.15315628051758,92.20569,86.1314
307.6743392944336,231.5198631286621,92.21001,87.75831
303.3768005371094,216.0936279296875,94.46091,89.34412
296.63951110839844,204.72591400146484,95.13257,87.14903
292.5197410583496,194.8882827758789,94.11106,87.30513
290.07958221435547,176.35242462158203,93.130936,87.78056
288.17900466918945,118.96931457519531,95.245995,114.53018
288.1765556335449,80.3902587890625,96.75257,110.368866
306.0046844482422,76.28677368164062,92.59598,90.680695
323.6263084411621,82.82465362548828,95.96812,105.98552
332.23712158203125,117.0942611694336,96.877106,110.52046
318.9829521179199,157.6288948059082,95.68311,101.71996
303.06980895996094,177.7643280029297,94.93295,97.73663
291.6676712036133,198.82318115234375,92.758224,93.97836
280.4020080566406,216.6662139892578,94.82837,90.67728
272.28060150146484,227.2374153137207,97.23491,88.82967
267.91513442993164,232.46793746948242,94.247795,89.14158
272.37955474853516,237.9188461303711,95.30318,87.725845
280.9837303161621,235.47066497802734,94.023994,88.05229
288.770751953125,225.1410369873047,94.31006,87.92993
294.83409118652344,213.41061782836914,93.81662,88.49395
308.91385650634766,195.74869918823242,92.53215,89.32227
315.9475746154785,190.6343116760254,92.7615,87.57925
319.92129135131836,192.4386215209961,95.08903,87.75307
331.5538215637207,196.2083969116211,94.9761,93.272385
332.8980941772461,211.20298385620117,94.56679,95.87327
318.0051040649414,228.0025749206543,93.61186,99.667366
295.08413314819336,249.52167129516602,94.81376,95.94918
273.9485549926758,264.65148544311523,91.669876,87.67237
263.9705505371094,262.98827362060547,94.87439,86.44841
261.1771354675293,259.6893196105957,92.48237,86.88195
237.93206024169922,215.51112365722656,99.76344,112.53769
237.45751571655273,186.3001823425293,95.42683,102.174965
263.7691879272461,180.00955200195312,86.29268,89.417114
282.0760917663574,176.75753021240234,90.17454,86.02467
293.9149971008301,177.0931854248047,91.76592,91.809845
305.7989273071289,188.23175048828125,98.33333,99.78522
320.32981872558594,202.84839630126953,100.81415,102.30754
334.3947944641113,221.27507400512695,100.93755,104.65386
350.0166778564453,253.20380020141602,92.75519,92.957695
342.7658348083496,265.34337615966797,94.27909,86.82744
329.8191223144531,266.53822326660156,86.22916,87.485016
297.5429801940918,270.0418014526367,85.11158,88.2639
254.3943977355957,272.22362899780273,85.08108,88.11152
216.98057174682617,269.71345138549805,91.72175,87.51115
213.3225975036621,241.54801177978516,94.23081,104.00581
222.07479095458984,209.59984588623047,95.719955,106.117386
224.08819198608398,192.8871612548828,93.64713,97.06546
237.44232940673828,187.1384620666504,89.46425,88.05367
267.97582626342773,183.85179901123047,86.41773,88.65871
299.1217155456543,184.18097686767578,85.53965,89.13612
312.69862365722656,186.89168167114258,92.32739,86.48626
318.5589790344238,191.3017692565918,93.06579,87.330055
319.08581161499023,198.20308303833008,98.90775,94.360466
325.9031066894531,214.15446090698242,95.1261,94.52915
316.8074264526367,233.59334182739258,90.24449,89.73214
277.3357696533203,233.93141174316406,94.805115,91.65842
232.20630645751953,231.71795654296875,98.33983,91.240204
195.63263320922852,232.75830078125,90.88015,91.47882
181.86016845703125,230.57422256469727,92.687836,87.88412
192.7811737060547,230.5665283203125,91.51907,89.601105
233.1226921081543,232.39463424682617,92.00358,90.953926
252.44657135009766,230.50204849243164,91.833694,86.5855
257.74493408203125,226.6590461730957,90.57318,86.48992
283.25571060180664,226.61650848388672,82.676384,89.8246
340.39177322387695,218.3471908569336,87.912926,90.657425
368.9899787902832,208.9521942138672,93.63906,89.180786
348.5111618041992,203.5926971435547,92.77385,90.10989
298.8093566894531,196.19129943847656,106.1958,97.237946
249.1147346496582,198.84665298461914,117.935905,104.75512
158.14792251586914,218.67972564697266,92.9367,86.22093
162.17309951782227,214.96959686279297,88.99114,87.03981
190.80219268798828,175.04893112182617,100.481064,108.0539
219.91180419921875,158.68181228637695,93.98065,93.42083
219.61088943481445,158.42754364013672,94.231895,88.06093
217.47437286376953,162.25504684448242,98.23369,100.61765
223.83368301391602,181.5119285583496,104.245476,111.16892
238.75723266601562,215.40423965454102,93.53293,104.65499
231.89701080322266,247.48464584350586,96.11665,89.90882
240.27569198608398,262.5993003845215,93.561714,87.777565
249.19625091552734,267.3662872314453,92.86543,86.97894
237.36448669433594,253.21250915527344,96.38934,94.75336
217.43699645996094,252.33202743530273,95.11359,89.02982
226.48815155029297,258.20378494262695,93.57887,100.991264
253.06077575683594,283.7511672973633,96.31326,93.4066
272.6637763977051,287.9205436706543,95.553734,86.88413
273.610652923584,266.69825744628906,96.41413,100.25845
270.7427520751953,231.61569595336914,99.4986,115.99529
281.95545959472656,179.32339477539062,93.651764,136.54236
263.4681816101074,148.5006446838379,107.88099,108.55129
253.8288688659668,148.24488830566406,93.54899,90.649536
234.66919708251953,154.1918487548828,98.02724,98.49106
227.68855667114258,171.72952270507812,99.36077,102.83728
223.63035202026367,201.7286033630371,100.13386,112.20402
222.89707946777344,242.53277206420898,98.50635,94.81693
233.1711082458496,257.00983810424805,94.11805,87.577705
242.23343658447266,250.49785232543945,95.70186,89.59112
247.17377471923828,233.5904769897461,95.65547,91.529434
246.20198440551758,228.31359481811523,93.680046,87.262215
260.44639587402344,225.8065528869629,87.46155,87.101524
282.1259422302246,214.0351104736328,92.337746,91.79379
278.4873733520508,199.40283203125,99.58128,91.822815
269.5177764892578,188.90033340454102,96.198944,89.97454
280.88180923461914,179.91392135620117,89.99264,89.61521
292.38955307006836,177.85306549072266,97.909584,89.11165
298.20623779296875,189.14548110961914,94.15448,100.47845
282.40434646606445,216.8584098815918,97.444176,105.322426
272.92494201660156,251.83319473266602,93.94638,91.758965
285.2859764099121,263.0625686645508,92.33839,88.83748
287.40839767456055,255.29937362670898,97.2747,91.522804
274.7706642150879,239.05224227905273,96.50237,91.738106
271.9236602783203,237.64716720581055,92.12305,86.72855
274.92823028564453,238.85565567016602,92.86818,86.115654
274.6468696594238,236.17063522338867,93.72436,87.87888
267.28954696655273,227.2051658630371,94.77079,89.33662
259.0856132507324,219.28123474121094,95.00019,88.16086
256.1223945617676,221.25075149536133,92.94518,87.08581
251.215087890625,226.04784774780273,93.33621,88.601875
241.39313507080078,228.90712356567383,91.81984,87.25503
239.81898880004883,223.61229705810547,93.4938,88.70152
264.19948959350586,219.8108253479004,91.052895,86.459984
288.4556541442871,220.24462890625,95.43604,90.44763
276.24778747558594,231.51044082641602,95.56372,90.417534
256.8337745666504,239.1339111328125,92.14291,88.899536
255.25802993774414,239.98363876342773,93.15734,87.05985
263.7350082397461,228.46742630004883,93.28493,88.39794
269.5064888000488,215.4829864501953,93.905266,88.950134
270.0073890686035,214.3701629638672,93.513145,86.56995
273.588623046875,217.99411010742188,93.78046,88.12744
283.06120681762695,222.67092895507812,93.539604,86.65326
280.74052810668945,223.90515899658203,91.1928,86.467575
273.31185150146484,221.05735778808594,93.20039,87.466034
273.72116470336914,217.64705657958984,92.81869,86.306046
276.56590270996094,220.00497436523438,93.934875,88.45038
276.70694732666016,229.35043716430664,93.982285,88.181145
269.87845611572266,245.5899772644043,93.507034,87.04093
267.1842346191406,249.0249481201172,92.82172,86.084656
275.3175964355469,235.35504150390625,94.096436,91.280365
287.49992752075195,221.56705474853516,92.99569,86.83522
284.61829376220703,219.4483985900879,94.40401,86.748436
276.5867233276367,225.65504455566406,92.94124,90.52756
267.80300521850586,240.05590057373047,93.40363,85.48268
266.99239349365234,239.11919403076172,93.66371,83.826004
270.26983642578125,211.1616325378418,92.766754,90.626564
273.2263488769531,206.06316375732422,94.70288,86.27562
277.0715866088867,211.38887786865234,94.452896,89.170975
275.19042587280273,228.18023681640625,94.79218,88.35687
269.9879684448242,237.0894775390625,93.56181,87.36301
263.97932052612305,238.80142974853516,94.105354,86.60994
265.8833770751953,233.64774703979492,95.10599,86.59806
269.09897232055664,229.96304321289062,93.963036,86.58566
261.1841735839844,229.0339813232422,93.07303,87.08096
250.84268951416016,241.70521926879883,94.764175,88.593254
249.19787216186523,252.12083435058594,94.38627,85.79724
250.8453025817871,250.45563125610352,94.42161,85.7766
250.68876266479492,239.9259262084961,96.08045,88.166916
252.2681007385254,237.1908950805664,92.711876,85.16905
248.50924682617188,242.60043716430664,94.80948,88.36468
250.37900161743164,256.2543754577637,94.04882,85.98228
253.04070663452148,261.4249954223633,94.26026,85.622604
252.60353469848633,263.4269599914551,93.49688,85.230736
251.8448143005371,263.50517654418945,93.122505,84.84911
249.54316329956055,257.87430572509766,93.68867,87.66518
240.51645278930664,249.56468963623047,96.86941,87.04463
241.18604278564453,246.88966751098633,93.70482,84.76867
242.63428497314453,231.92590713500977,95.219986,87.0729
240.68766021728516,222.0028839111328,95.050766,85.980865
240.57480239868164,222.12119674682617,93.31582,84.655556
242.6295623779297,224.69055938720703,94.22992,85.10835
248.09427642822266,222.47274780273438,92.762924,85.78253
251.01627731323242,210.57808685302734,94.63816,88.18831
254.15756225585938,209.06669235229492,93.6149,85.917854
254.22175216674805,217.18276977539062,94.65699,90.384155
254.86008834838867,237.40076065063477,94.127174,86.84142
258.37611389160156,244.24962615966797,92.35867,85.27611
254.0611457824707,241.00881958007812,94.64916,85.95303
255.3423843383789,230.16778564453125,93.2473,88.54898
266.93619537353516,224.613525390625,92.41316,86.10483
265.6721878051758,225.6957664489746,94.691086,89.58231
264.94482421875,235.85237884521484,92.289185,86.96794
254.7913932800293,239.82781982421875,92.86121,86.96112
251.50753021240234,239.18939971923828,93.57265,85.27623
254.1688232421875,227.66330337524414,95.29483,90.10357
252.73261260986328,223.1599349975586,94.63286,86.060165
241.68797302246094,233.2244529724121,96.493195,92.33024
236.97538375854492,250.0486831665039,95.30079,86.83766
237.92833709716797,254.74364471435547,93.47844,86.1797
252.21001434326172,252.1507453918457,90.48787,87.62069
268.9569549560547,241.43132781982422,100.64871,89.91933
280.04797744750977,229.36168670654297,94.74871,87.81624
259.40313720703125,230.7242088317871,101.62445,92.29749
243.43169021606445,247.64440536499023,95.97631,87.7017
266.5969581604004,254.90362930297852,89.95495,87.4316
284.2971382141113,252.4186897277832,94.301506,83.795525
266.92566680908203,229.15694427490234,108.89891,92.86781
251.7291603088379,225.39128875732422,96.68807,87.75249
238.32439804077148,228.46257781982422,97.16642,87.69411
237.6158676147461,231.24552154541016,93.29195,86.14888
240.83074951171875,230.99792098999023,93.28375,85.41929
241.20592498779297,227.92167282104492,93.98558,85.22694
235.59457778930664,227.15791702270508,94.07775,85.49035
234.2218894958496,228.6079216003418,93.79432,85.7241
240.48938369750977,231.8420639038086,95.0588,90.38875
242.48082733154297,243.79950714111328,93.88249,87.616196
253.9300422668457,248.15356063842773,95.75945,92.82377
299.4162788391113,248.8884391784668,107.774376,90.90565
315.2967643737793,242.38895797729492,99.18302,87.92362
277.9231948852539,239.20696640014648,113.439224,93.2053
236.50406646728516,241.53685760498047,118.539566,107.98341
217.96289443969727,270.43787384033203,95.31838,87.158066
224.13118743896484,272.06263732910156,95.45387,87.78223
249.17052459716797,261.35333251953125,100.1938,91.48782
257.4723243713379,259.9110984802246,94.67083,86.02366
245.36933517456055,261.08709716796875,94.962715,88.2168
228.34958267211914,262.48136138916016,94.19384,86.67186
216.61707305908203,264.1982116699219,94.686325,85.009155
225.62135696411133,265.8287162780762,93.418816,88.12678
242.4005584716797,268.0423240661621,94.459076,85.34754
246.1194839477539,261.88468170166016,94.366776,86.434494
245.33598709106445,252.5958709716797,94.07668,86.763306
237.08066177368164,251.4448013305664,94.01742,85.670334
236.46442413330078,245.56327438354492,93.933365,86.23048
247.5865020751953,236.8771743774414,93.122986,86.684494
249.4727897644043,230.41664505004883,93.322,85.31951
244.87781524658203,226.2174835205078,94.660965,84.66629
245.6529083251953,218.38455200195312,95.04593,86.14188
249.4947395324707,215.16428756713867,94.63528,84.25254
251.59486770629883,216.8080596923828,95.31609,92.17148
240.8869857788086,237.37135314941406,94.6093,110.07593
231.7502212524414,289.43834686279297,94.29936,83.4648
231.5755729675293,291.6060562133789,93.748634,80.4669
237.34009552001953,257.3944091796875,96.46266,93.6488
244.45873641967773,240.35836791992188,96.81425,91.862274
255.6047477722168,226.2153778076172,94.76066,88.63815
259.7611961364746,209.13272094726562,94.45362,88.88037
247.59072875976562,187.00332641601562,101.680176,93.85004
247.63050079345703,180.4097671508789,93.77626,89.83467
250.4164924621582,166.44033432006836,94.16488,87.68107
253.71660614013672,158.89916229248047,95.46898,84.961655
256.58825302124023,158.7028350830078,101.445076,92.06595
267.8186492919922,170.0699348449707,97.18213,97.257805
268.32436752319336,184.40972900390625,98.28272,115.36185
276.22863006591797,243.6849136352539,93.48659,80.07878
278.7630195617676,244.72161483764648,93.34408,77.76777
274.55467987060547,204.7391700744629,94.84453,92.67968
274.03685760498047,198.65208435058594,93.8914,84.76996
287.93013763427734,195.75112533569336,97.02171,86.071785
310.6151008605957,204.27649688720703,97.17144,85.25786
316.9044952392578,216.18965911865234,94.0697,82.88704
309.09130859375,220.89306259155273,89.160614,85.42707
292.77307891845703,223.75654220581055,93.07567,83.546486
292.8967475891113,227.78754806518555,94.323235,85.17002
297.26609802246094,232.17821884155273,94.67502,99.371864
307.9524269104004,274.91838455200195,95.491295,80.70684
313.9379539489746,280.5855407714844,92.73066,83.23755
308.98061752319336,269.37182998657227,92.685616,85.33846
300.93984603881836,241.62560272216797,89.65058,94.82655
291.7932586669922,224.5618782043457,92.971924,90.58062
287.6271438598633,203.22849655151367,93.63139,87.854866
286.4064712524414,202.36390686035156,93.744705,84.02591
286.928653717041,208.68572616577148,92.7976,85.04264
294.0868225097656,218.31903076171875,95.69626,85.9176
309.2341079711914,231.28740692138672,90.89958,80.925644
308.9460258483887,234.5124855041504,93.20887,82.917564
304.5365867614746,239.20993041992188,92.33027,84.0889
297.679874420166,252.34285354614258,92.69561,80.550224
292.86136627197266,252.4702033996582,92.837906,81.15884
291.6731071472168,244.4255599975586,93.41389,81.64143
293.23337173461914,226.86769485473633,91.45339,86.662926
294.2314872741699,211.83839797973633,90.87348,83.092125
296.57563400268555,204.0175895690918,92.1034,81.70292
296.1897735595703,200.91188049316406,91.184906,81.42297
300.5240936279297,201.13859939575195,90.27942,79.9269
302.58512115478516,201.10646438598633,96.348404,86.237236
316.6354446411133,200.52407836914062,99.296036,105.5285
329.30347061157227,227.61538314819336,94.46105,98.494026
304.37746810913086,238.12932586669922,102.401985,104.63075
272.54280853271484,254.54044342041016,97.69261,88.10945
256.0819320678711,248.72838592529297,93.33064,86.1078
242.40328216552734,231.84580612182617,92.910385,98.692635
223.3395118713379,185.38882446289062,95.20275,121.89267
222.6201629638672,176.57930755615234,100.71991,102.759995
242.9710922241211,177.3050422668457,90.40794,83.13329
239.40956115722656,169.60567092895508,104.766785,97.170586
275.39237213134766,192.21685409545898,90.53175,88.91422
280.10754776000977,208.19402313232422,88.02874,79.8766
283.8474922180176,212.21560668945312,87.59069,79.284485
291.45765686035156,215.97724533081055,85.93707,78.82749
292.1121826171875,216.7701530456543,88.45984,77.53623
293.7322120666504,219.00829315185547,88.1704,79.44365
294.00920486450195,220.56694793701172,86.873314,78.34224
