352.0,197.0,56,100
352.98322105407715,193.57827758789062,54.498646,98.73938
354.6960144042969,193.4472885131836,54.468506,98.22591
356.3446235656738,191.59771728515625,54.157036,99.0849
357.17230796813965,192.19943237304688,54.580555,98.434875
357.21366691589355,193.04970932006836,54.504246,99.01417
357.1318130493164,192.3434181213379,54.51329,99.48995
357.1021251678467,191.6948013305664,54.62723,99.63957
356.84615898132324,191.47521209716797,54.851627,99.21846
355.1155471801758,189.51223373413086,55.159927,99.424934
354.5478458404541,188.34659576416016,54.985516,99.60039
354.8131637573242,186.28874969482422,54.339188,100.323715
354.5344524383545,185.15470123291016,54.693485,99.70766
354.7849063873291,182.6129493713379,54.619213,99.805565
354.9521827697754,180.3722686767578,54.611076,99.76141
355.90538215637207,178.1700439453125,54.374233,99.85806
356.848295211792,174.64529418945312,54.694065,99.31009
359.51743507385254,170.4621353149414,54.92796,98.17952
363.4363822937012,167.35745239257812,54.63645,99.32678
364.49784088134766,168.1684799194336,55.357346,100.54213
367.2851390838623,177.3857650756836,54.192448,98.6526
370.67774772644043,200.21188354492188,52.79453,94.458374
372.0040454864502,228.53053283691406,51.32516,92.826996
371.73709869384766,250.12038803100586,53.067245,94.25965
370.1867561340332,263.16225814819336,54.427177,97.23792
368.93667793273926,264.26390838623047,55.36175,99.759995
367.20874214172363,253.26049041748047,53.0256,93.78136
366.7275810241699,230.73373794555664,52.014656,91.22918
366.7124557495117,204.14582443237305,53.630722,95.65211
364.0506477355957,185.00674057006836,54.23385,97.546
361.55605697631836,168.48392486572266,54.618965,98.3777
358.39656829833984,159.20323181152344,55.854385,101.970184
356.66462326049805,162.6728401184082,55.24311,100.41036
352.5898895263672,176.46640014648438,54.275574,96.17532
340.8018398284912,197.98675155639648,55.79204,92.425545
322.793888092041,209.05263900756836,57.57879,94.628456
305.7602729797363,216.02865982055664,54.586876,98.16204
297.2671489715576,210.30032348632812,55.66596,99.55939
304.5566215515137,204.0940818786621,55.270515,98.61518
321.41896057128906,196.48018264770508,60.126587,91.02117
345.58199310302734,170.08431243896484,51.034164,93.76892
349.0789222717285,138.3839340209961,52.534203,94.320694
330.93147468566895,104.9621810913086,56.98898,106.39473
326.9078063964844,108.32577514648438,53.915558,103.27878
333.57996559143066,145.0708465576172,53.05705,100.90054
346.89500617980957,190.5697364807129,53.48556,108.45397
365.8626899719238,250.16980361938477,54.64312,100.617485
379.07225799560547,282.5553169250488,54.022995,98.09252
385.40085220336914,290.1427536010742,56.746147,100.0966
386.4102954864502,275.5731010437012,53.771175,96.91541
379.1320571899414,227.31522369384766,49.98851,102.267
379.93607902526855,176.46450424194336,51.03394,101.68487
388.76308822631836,156.10992431640625,57.959816,101.00313
392.5038032531738,166.49779510498047,52.229424,100.58853
378.0756149291992,208.32704162597656,52.36104,88.78725
349.5640811920166,254.01848220825195,54.140408,88.618996
334.1012763977051,263.8540687561035,56.69944,99.427986
339.746789932251,256.33209228515625,53.442867,93.74873
353.22867012023926,221.67583465576172,48.632977,100.61377
357.7111301422119,177.6998291015625,50.33523,99.32265
350.8773880004883,140.46602630615234,55.89911,102.67868
335.5890998840332,138.87717056274414,55.582436,99.198616
326.3753414154053,181.10093688964844,47.952946,95.56081
315.5981788635254,238.16119003295898,47.913704,97.42129
312.0200729370117,270.2531280517578,52.51184,96.455185
311.7319641113281,272.5774917602539,54.34178,97.49304
314.87293815612793,235.49546813964844,50.64278,107.982574
310.0328121185303,171.38944244384766,51.50867,118.060776
307.0514678955078,128.5161590576172,54.367844,104.540695
310.1355152130127,131.53640365600586,51.767864,104.69729
304.0092430114746,174.48048400878906,47.55642,104.44368
298.40295791625977,229.23583221435547,47.678078,100.24011
311.8863639831543,251.53159713745117,45.26989,94.18108
339.5920810699463,248.72507095336914,60.806973,88.63303
351.42891693115234,232.39251327514648,54.50113,91.98696
326.483341217041,202.76526641845703,61.095085,89.41127
277.59687995910645,157.33706283569336,59.268703,102.9916
284.68107414245605,164.9020767211914,55.129642,105.18146
306.25665283203125,212.77880859375,52.983063,98.30986
313.3215446472168,251.68349838256836,50.75007,97.10772
319.542724609375,272.8244743347168,55.028442,99.95345
329.58250999450684,270.478084564209,54.485798,93.155174
333.88755989074707,228.03264617919922,53.239834,106.558365
317.1635799407959,179.4581069946289,56.147785,99.299164
291.53621673583984,142.0611343383789,59.824783,103.62167
290.54236602783203,157.40522003173828,50.02147,99.93805
279.4784107208252,207.63397979736328,49.3269,98.375305
272.5385627746582,247.5555419921875,49.58004,95.73714
274.64166831970215,255.05748748779297,55.531757,98.71567
290.47886657714844,242.71281051635742,50.976654,89.84438
293.2015781402588,186.7417755126953,51.20982,112.85176
277.39030265808105,130.39715576171875,55.19721,102.33301
266.1978569030762,102.72980880737305,57.315895,105.717415
269.8593807220459,126.69497299194336,50.92058,111.46015
266.5789604187012,184.4366455078125,49.05558,112.61948
267.0930366516113,250.92977905273438,49.482353,97.95755
267.019495010376,262.6361427307129,57.21159,99.862236
273.53368186950684,253.99468612670898,51.36614,94.09736
268.8345127105713,208.31756210327148,52.994946,105.14002
259.70392417907715,158.777587890625,53.634907,101.56552
256.3922595977783,145.16605758666992,57.076748,103.144264
244.3028564453125,161.6008644104004,56.85199,101.08657
238.99924278259277,202.4952507019043,49.381123,100.04694
254.90160179138184,236.45991897583008,49.864918,94.36074
301.3114814758301,248.89356231689453,52.33245,90.57576
337.06471824645996,237.3909454345703,54.461536,91.19049
350.27605056762695,215.79877090454102,53.914085,96.55341
344.6346607208252,196.42492294311523,56.871395,103.87243
341.80063819885254,197.10668563842773,55.34303,102.282585
346.3412685394287,202.69061660766602,57.30501,103.921364
357.9104824066162,210.9384651184082,57.32738,101.91639
366.36773681640625,226.1363754272461,57.282227,99.68442
369.2597122192383,233.1950912475586,57.38411,101.42154
364.47058486938477,227.53424835205078,56.06643,100.79968
344.14962005615234,212.1655044555664,60.39354,94.229614
306.25765228271484,186.72488403320312,65.75183,93.701675
249.63728713989258,166.0024528503418,57.035866,94.12289
229.5004711151123,174.1617546081543,55.98424,101.978874
233.91111755371094,190.29984283447266,57.225693,104.730225
253.78038597106934,208.15159225463867,55.84107,103.30529
280.7754878997803,220.60506439208984,54.971897,94.678925
303.9869632720947,217.6479263305664,60.664272,94.06787
324.17703437805176,210.10765075683594,60.79655,97.55809
341.8535099029541,197.44967651367188,58.536495,99.15993
341.88482093811035,187.03976440429688,57.914455,102.451645
331.11820220947266,191.05234146118164,57.827606,101.04221
323.53662300109863,194.51651000976562,55.464397,102.25246
314.24880027770996,191.82615280151367,57.926365,103.3146
315.2533645629883,191.97477340698242,58.46225,101.97488
325.7381477355957,199.2861099243164,58.957405,101.82834
324.1995849609375,203.66427993774414,58.60344,102.61625
300.83337783813477,200.55123901367188,57.85572,99.554184
280.2210102081299,194.39300918579102,58.75175,104.45188
279.7568550109863,186.74350357055664,57.31565,101.33335
288.5197639465332,175.90821838378906,58.1052,103.328445
284.4631652832031,170.1736183166504,56.612717,103.620094
284.0673236846924,160.96797561645508,57.64683,102.72697
290.65798568725586,150.19364547729492,58.909447,101.77209
293.95387077331543,144.13890838623047,59.95766,103.63132
293.066987991333,142.5522918701172,59.638287,103.514206
302.2957820892334,152.1021842956543,59.26157,100.95644
302.6158924102783,158.5226593017578,59.0818,100.29143
297.3885440826416,154.27093124389648,58.387356,102.19692
304.8424816131592,145.18774032592773,58.887012,95.32635
337.36194038391113,137.26394653320312,59.323864,102.137344
337.04161643981934,139.41304397583008,57.96274,101.628334
335.3816604614258,151.93032836914062,58.029663,103.03105
333.64236068725586,159.76541137695312,59.655083,101.491714
307.9804458618164,161.7017478942871,63.637146,96.187584
242.6650447845459,154.37364196777344,63.417896,94.401474
213.21130180358887,156.2803611755371,59.628834,98.70602
204.0485725402832,165.31667709350586,60.33985,103.18371
220.87903213500977,173.106689453125,51.159126,95.39662
263.06640625,177.93218994140625,65.28322,92.95433
334.0904998779297,164.3895034790039,68.65541,97.272675
397.10535621643066,156.52985000610352,60.1163,97.20588
405.74059104919434,156.2476692199707,59.051395,103.58347
416.1835880279541,168.6285057067871,56.98773,102.461784
410.03635597229004,173.4128303527832,57.440456,99.90009
374.9486484527588,177.55528259277344,59.423306,91.150375
307.85415267944336,177.53720092773438,68.0357,92.696884
273.17361640930176,181.83384323120117,59.71641,98.0324
267.75045585632324,188.59016799926758,61.493397,98.11881
255.89018440246582,195.14027404785156,57.96034,98.280075
254.24050331115723,191.2240333557129,58.474606,99.091774
283.7277889251709,175.59017181396484,54.766544,94.15665
316.4733467102051,167.87367248535156,56.154182,92.516495
355.38940048217773,164.5317611694336,54.6892,90.80545
399.79858779907227,167.81250762939453,56.031868,91.304535
436.93319511413574,171.8106689453125,53.380634,97.16585
447.6413040161133,176.89697647094727,56.583984,102.7353
436.66917419433594,177.21160507202148,55.798325,100.94326
413.8813934326172,172.18416595458984,58.052963,102.67618
416.3430995941162,173.34184646606445,58.22324,102.360695
439.42898750305176,176.20339965820312,59.73231,96.40874
458.3949317932129,175.63509368896484,59.288033,99.81769
483.9005603790283,173.92918395996094,51.254345,94.74968
514.7260894775391,171.91315841674805,56.314255,98.13366
525.8062400817871,172.42324447631836,58.004814,105.75475
525.0542888641357,177.88232040405273,57.43111,104.814476
523.8523788452148,186.57382202148438,57.857178,104.49745
515.3994655609131,191.0291862487793,55.201664,100.08257
484.6214122772217,188.61591720581055,53.25469,93.11205
460.38691329956055,185.89332580566406,57.797874,102.26073
447.1945495605469,186.63759994506836,57.777542,101.18508
447.9755268096924,189.26385116577148,56.818707,102.201225
472.6715316772461,188.69446182250977,50.194977,92.73847
497.6169033050537,184.51227188110352,58.070927,104.01237
486.92230796813965,186.35182189941406,55.26166,94.524826
428.8410339355469,190.37434768676758,64.93323,92.583595
395.0611686706543,192.04863357543945,51.201668,98.6504
381.18489265441895,191.54212951660156,56.622524,102.66826
374.33267974853516,189.62157440185547,55.74196,100.8306
362.9751491546631,192.95966720581055,59.290974,100.82406
353.5184574127197,200.2184829711914,56.365032,99.13202
358.2005786895752,204.8450813293457,55.163357,101.094246
378.4939422607422,202.930908203125,55.52594,92.946365
402.5715789794922,196.90921020507812,58.69702,98.48744
402.3922634124756,185.93147659301758,55.193348,103.64564
370.93445205688477,180.97265625,54.74775,91.78969
350.32286643981934,178.99085998535156,56.26441,100.442825
332.4814624786377,179.18313598632812,56.562572,100.92711
319.81324005126953,179.2142562866211,56.476776,100.17554
308.02237129211426,185.69213104248047,55.770092,100.98627
307.42276191711426,191.5589714050293,56.928783,103.38601
316.87268829345703,195.37881088256836,56.066895,101.31054
328.37185287475586,192.27527618408203,56.701683,101.36417
335.09693717956543,184.89574432373047,56.005604,103.801544
327.10595512390137,179.8162956237793,54.87514,102.83135
314.1555633544922,182.45505905151367,56.513443,103.41595
292.7525520324707,183.37554550170898,57.98591,97.55108
271.8653163909912,177.46821212768555,56.55704,104.22204
258.21222496032715,174.4303436279297,57.91065,101.69121
255.85840225219727,178.32542419433594,57.581642,102.14696
260.9505100250244,182.9424819946289,58.4248,101.8869
277.1069278717041,187.64473342895508,55.72012,98.03928
308.72546768188477,183.05255508422852,49.35566,93.79734
329.9540557861328,176.94558334350586,59.60707,100.35696
337.01053619384766,175.17551803588867,57.222076,102.88085
323.0337600708008,179.65751266479492,58.838715,96.46145
301.09181213378906,185.9256477355957,57.008743,99.40247
282.3601551055908,187.00882720947266,58.799816,100.20596
255.4250316619873,182.42446899414062,58.16103,101.26332
239.51469039916992,178.14799118041992,59.389214,102.608696
238.27556228637695,175.3827896118164,57.583015,102.454895
234.98718643188477,164.08953475952148,56.36756,97.41265
218.63243293762207,134.50486373901367,58.444744,100.16958
227.8944549560547,120.90274810791016,67.98848,101.51416
255.90631866455078,149.89704513549805,58.353577,101.88659
269.9695510864258,198.22494888305664,55.329346,105.568275
286.55485343933105,248.41778564453125,55.115284,101.20625
296.26734352111816,273.9610824584961,56.993435,100.38666
295.4836654663086,272.8984680175781,56.749786,98.64137
294.20729064941406,249.7371063232422,50.784714,93.816605
308.7233085632324,202.903076171875,50.004234,91.13049
314.17610359191895,165.19640350341797,58.977642,103.26753
325.52009773254395,160.5484161376953,61.33012,103.96152
344.13998222351074,196.75557327270508,53.75072,102.50921
346.9010181427002,248.45125198364258,48.83491,100.95733
349.2449722290039,299.4588737487793,53.693695,98.55369
361.869441986084,328.04832458496094,57.023003,101.76898
364.31178283691406,329.85902404785156,58.38588,100.33087
358.520055770874,304.12700271606445,54.629856,102.07339
352.0123825073242,257.5439682006836,51.02304,106.957565
345.82198333740234,210.4758758544922,54.43103,99.01489
320.0285472869873,184.54502487182617,63.792164,100.81205
313.5411376953125,200.00435638427734,52.919113,99.68962
325.2967872619629,238.96161270141602,53.477028,104.03069
342.94250297546387,288.8785171508789,53.839527,98.185745
353.371919631958,311.6460990905762,56.860455,101.08979
353.14050674438477,312.8040580749512,57.203957,101.72675
342.8197765350342,293.11185455322266,54.638172,96.64906
319.8413944244385,243.72441482543945,54.85638,97.57305
303.5849800109863,195.83275985717773,53.800087,103.87127
301.98509979248047,158.3174934387207,58.194336,101.860405
313.45679092407227,171.3824691772461,56.22245,97.28685
321.1995601654053,216.97447204589844,50.527256,101.67059
321.4655303955078,280.8652992248535,50.76201,96.00674
327.2150020599365,311.7772750854492,53.410954,95.69249
322.437162399292,318.7872200012207,58.12325,99.87615
310.13434410095215,301.0024833679199,54.731358,99.79716
298.50082778930664,257.0859603881836,51.30317,100.00235
299.4419174194336,198.81752395629883,51.576263,99.49563
314.88040351867676,161.82079696655273,62.975018,99.35432
328.3969974517822,183.3992156982422,53.946926,98.598175
328.1775131225586,235.35117721557617,50.273132,94.62238
322.57377433776855,287.6480712890625,48.574818,92.29767
308.70646476745605,312.58145904541016,56.70055,94.821396
303.47572135925293,310.41617584228516,53.927204,96.80696
304.5680351257324,280.82927322387695,48.61779,92.33062
314.68860244750977,235.45968627929688,47.758736,89.73587
323.2361869812012,195.44537734985352,63.855217,95.27595
344.4910583496094,221.55387496948242,52.69319,100.24688
347.68989753723145,269.9792594909668,48.84669,103.6238
340.051456451416,325.3764343261719,50.74357,98.796555
332.2599220275879,338.6081008911133,58.31214,100.356445
328.521671295166,321.7384719848633,53.952003,96.74811
314.530611038208,264.9510841369629,54.089,102.37922
300.1910343170166,204.50286102294922,53.59683,99.45114
298.40243911743164,165.47497940063477,57.924232,100.33047
313.2442932128906,192.88101196289062,53.374344,96.63867
325.00245094299316,247.06304931640625,49.040493,106.95187
330.7659034729004,299.7886734008789,52.409187,97.261
330.7910041809082,324.1439895629883,56.24299,97.34593
327.6734390258789,319.38845443725586,54.802765,97.097115
315.99101066589355,285.38493728637695,52.84499,96.962364
314.11973571777344,223.06800079345703,50.24843,99.20624
312.1723861694336,165.40725326538086,51.787994,100.09275
303.5686836242676,136.6880111694336,58.532265,101.74014
302.75436782836914,157.49895477294922,52.148933,97.20337
303.55566596984863,200.2649803161621,48.61729,110.486534
312.5196762084961,263.43115997314453,51.81369,103.4429
330.8799877166748,299.0283546447754,53.825397,97.53776
333.99531745910645,305.1685371398926,56.96626,100.23548
326.0124263763428,287.42496490478516,53.596867,97.98523
310.9065589904785,239.4646339416504,55.11152,104.00083
296.5280132293701,179.34412384033203,54.487385,108.256485
294.7996768951416,141.46502304077148,56.97851,100.109276
306.882381439209,140.98797225952148,54.643944,101.63821
307.94156646728516,189.44468688964844,49.908722,97.787735
299.6389045715332,255.94640731811523,48.899147,92.7058
302.5329284667969,297.59932708740234,52.89473,97.074036
309.84606742858887,311.5060729980469,56.676655,99.49202
319.1060161590576,303.0125961303711,50.847126,94.19803
328.30605125427246,270.3161926269531,47.961277,92.43686
327.1890926361084,217.47827911376953,52.482243,99.83302
315.44297790527344,171.87024307250977,54.162704,95.751366
308.07334899902344,151.80938339233398,56.711044,102.9455
312.0297317504883,175.14706802368164,49.83026,95.753136
308.594087600708,221.80577850341797,49.29893,96.44289
312.27473068237305,264.3583679199219,51.23751,98.7594
316.4667339324951,290.636661529541,54.585377,97.86617
319.28008460998535,290.8527488708496,53.825985,95.10194
332.6309280395508,266.22919845581055,49.42166,89.64861
339.7310485839844,217.30673599243164,49.26387,96.772316
326.7452964782715,174.01053619384766,57.42446,98.384766
315.5871868133545,146.87798690795898,57.425007,102.0678
318.11062812805176,153.73175048828125,55.027447,98.2516
322.35373878479004,192.06237411499023,49.672024,95.52676
318.43041801452637,236.78348922729492,48.141895,95.836235
321.8978805541992,273.5763397216797,51.159485,94.44969
327.898380279541,292.3438529968262,55.4701,99.266014
329.144250869751,291.014892578125,54.84869,96.11995
333.8808479309082,268.594913482666,49.18415,91.67843
336.07559967041016,229.80168914794922,49.96164,94.33601
327.41795349121094,173.02947616577148,54.702957,104.83607
317.0510940551758,138.89449310302734,58.05945,102.107864
315.5553512573242,141.10860443115234,57.260223,102.52925
315.78389167785645,160.3989715576172,54.287304,98.50842
319.5564880371094,195.82826614379883,51.419205,107.72842
330.21718978881836,253.60760879516602,52.281578,98.07473
324.44311332702637,281.7609405517578,55.307575,92.94525
312.8783435821533,285.6545639038086,56.804424,98.37813
316.0820255279541,269.7763328552246,48.97085,94.78214
323.50036811828613,231.28134155273438,48.56596,93.36951
322.3648223876953,185.8927764892578,50.71968,97.245926
312.67130279541016,153.6403045654297,57.872803,100.84265
309.90565299987793,149.7414894104004,56.340595,103.96429
310.5164089202881,176.20289611816406,52.081394,96.39462
300.7268371582031,215.04370498657227,50.498215,92.88781
290.339879989624,244.43760299682617,50.181126,94.31797
282.0831775665283,269.4119415283203,54.13969,94.754425
278.0914535522461,278.4200439453125,56.394073,100.602936
290.8969192504883,275.78717041015625,53.210754,92.10028
326.2281494140625,261.9771423339844,49.625107,86.8082
350.9855270385742,242.54790496826172,56.089325,91.02513
383.9444770812988,242.84990692138672,61.218666,93.2043
414.2170352935791,247.6051788330078,50.97189,99.387115
439.5973892211914,254.7567367553711,54.64789,101.68849
445.48766708374023,260.0429039001465,57.54165,101.5167
427.72585678100586,260.46009826660156,61.49166,94.011536
391.49380683898926,260.5089683532715,57.35113,91.22199
345.73350715637207,257.03470611572266,53.643444,91.08226
307.79429626464844,255.56915664672852,55.919266,95.662895
296.7323684692383,254.53524780273438,55.56668,101.21515
298.2139129638672,249.82762908935547,54.77144,99.41142
316.7932319641113,241.78877639770508,51.258553,91.81005
360.89906311035156,227.75207138061523,46.498978,89.95411
379.1556510925293,211.88678359985352,55.59597,101.816536
383.56128311157227,205.41528701782227,54.370216,102.57783
383.5797176361084,199.65956115722656,54.956974,101.66585
385.0976619720459,194.15921783447266,55.05747,102.517334
371.2979221343994,196.1803970336914,57.026608,93.06802
337.0790157318115,209.4139862060547,54.56342,91.19499
295.46871185302734,225.27323150634766,48.87628,90.375946
264.1925048828125,236.70502853393555,55.834244,95.540306
261.5935916900635,242.89093780517578,55.60052,101.36609
286.96668243408203,241.95843124389648,48.201477,91.54369
322.4810485839844,230.9630584716797,51.852737,90.19464
369.8581008911133,205.9543571472168,62.954376,92.94996
412.0615348815918,181.70010375976562,56.702538,98.190125
423.6274833679199,168.0655632019043,56.377647,101.64207
424.29505157470703,157.9937629699707,56.564636,105.52862
404.1764736175537,152.07550811767578,60.49863,92.99367
365.5620632171631,146.56637573242188,57.532368,93.89847
327.24490547180176,156.82680130004883,56.28848,91.41421
286.02265548706055,178.05993270874023,49.658516,89.85221
237.2812042236328,193.23757553100586,55.554733,93.34269
192.1271095275879,205.94956970214844,50.634254,92.112335
155.8262004852295,210.0186424255371,57.07427,95.78266
150.87789344787598,205.72041702270508,58.795223,100.42159
185.31804084777832,204.44461822509766,62.639233,93.40007
246.7968521118164,202.6912841796875,71.90683,85.71274
316.78377532958984,166.42802810668945,70.72241,92.18934
354.20693588256836,143.68719863891602,59.622612,102.62272
364.8152542114258,141.47324752807617,58.04892,106.48162
386.9689083099365,155.9718360900879,53.640507,105.2996
393.01111221313477,161.7599983215332,57.859352,104.12052
385.63554191589355,155.77032470703125,53.98656,100.408646
346.8630180358887,145.27971649169922,57.920464,89.2337
286.3703918457031,130.36492156982422,61.291092,91.48517
236.4145107269287,118.99480056762695,59.865513,96.142525
199.94914054870605,119.84806060791016,58.19704,95.25101
166.78980255126953,119.63183212280273,58.415207,97.36953
154.56709671020508,115.35608291625977,61.59005,104.84498
172.8498077392578,105.40475845336914,53.782684,95.60911
209.05474472045898,93.48640060424805,59.90876,98.9316
235.39324378967285,91.21592330932617,63.366528,99.79595
257.7692127227783,91.59378814697266,59.129086,106.51312
268.54248046875,101.75235366821289,59.194824,105.477486
262.0978317260742,108.66092681884766,59.608505,101.494965
238.1411018371582,114.1639175415039,60.18505,101.58206
223.26288223266602,118.58724212646484,60.424126,103.35773
228.0513858795166,126.17418670654297,58.5872,104.89206
246.23271369934082,136.0323486328125,60.725094,103.60445
268.9208755493164,143.0457000732422,57.15349,99.67027
293.70105361938477,136.7364616394043,60.269463,95.17388
320.8402976989746,122.70772171020508,60.874367,102.55198
333.6939468383789,118.27224349975586,56.195908,104.64532
338.5528793334961,119.02996063232422,57.394363,106.1178
334.2680950164795,125.70021057128906,57.10642,104.05946
322.96154403686523,132.91666412353516,57.70896,102.946106
297.3490390777588,138.11196517944336,57.15446,94.26632
264.47016525268555,137.16974258422852,58.87284,101.186745
254.09391021728516,142.42476654052734,57.90822,102.791565
253.85165405273438,138.4287109375,57.623535,102.10411
260.2283592224121,124.65855407714844,57.764015,101.00487
285.2857322692871,96.03816223144531,53.466103,92.7119
333.50406646728516,81.92442321777344,55.70024,96.79906
361.2543087005615,86.28303909301758,59.27486,108.33097
376.2571678161621,99.23457717895508,56.71778,106.83613
386.0585765838623,120.55900192260742,55.649326,101.356224
376.2856979370117,130.6314353942871,60.06682,101.608574
356.6273994445801,138.1551284790039,54.920403,94.65219
324.4093494415283,146.95679092407227,56.413296,95.97022
307.5421504974365,146.92675399780273,59.514515,103.17791
312.90220642089844,142.44265747070312,60.551086,101.168686
324.4096145629883,130.62975692749023,55.85869,96.41827
329.28972244262695,104.21453475952148,55.042747,101.82299
332.7341823577881,93.60531234741211,59.09087,108.996605
353.948486328125,108.3460693359375,56.65335,107.53456
380.26990699768066,147.38970184326172,55.72822,101.02991
389.3918209075928,170.72588729858398,53.885487,98.803154
365.3725528717041,182.60830307006836,48.529644,92.52535
307.1677703857422,186.49856185913086,66.123505,92.688805
257.46439933776855,179.4587631225586,51.11002,95.39395
228.55047988891602,161.89247512817383,59.73182,103.08695
231.06635856628418,149.47934341430664,57.633564,100.77619
224.01621055603027,131.56169509887695,57.63132,102.55161
212.76491165161133,117.45824813842773,59.339485,105.607445
211.47661781311035,111.06451416015625,58.13708,102.385056
239.22443389892578,130.4204330444336,61.158783,93.33011
289.02084732055664,164.0987548828125,59.171455,86.7278
329.5010471343994,197.9196891784668,52.68014,90.955986
343.7886657714844,218.85801315307617,55.52031,99.432945
336.95660972595215,228.42639541625977,59.550327,98.62806
312.41390228271484,221.51071166992188,54.009186,97.4218
291.0873432159424,197.001708984375,55.35246,101.38066
290.58852195739746,164.5951690673828,56.931248,92.60422
322.0023593902588,127.92337417602539,55.05691,89.778694
351.5954761505127,96.57004165649414,62.717846,88.89248
378.1831169128418,78.20506286621094,61.507164,106.302155
395.2339038848877,94.49982452392578,54.279644,106.617355
405.1784915924072,135.76859283447266,53.420162,103.33827
409.30771827697754,172.6656837463379,52.10586,102.03268
400.7835273742676,197.35459518432617,58.20878,98.000465
374.08698654174805,204.98381805419922,57.259605,95.21001
329.35228157043457,202.18698501586914,51.356,96.28283
291.655086517334,183.3095932006836,61.545357,104.837204
289.3188819885254,160.84294891357422,53.734215,99.60219
293.6971244812012,128.10526275634766,51.653053,98.931015
299.4787998199463,91.53049087524414,57.495983,104.84115
324.9660129547119,86.77434539794922,60.92207,105.652084
352.7875328063965,102.42873001098633,57.206184,108.94814
375.9960346221924,143.00817108154297,58.28393,104.48537
398.0216064453125,184.15600204467773,56.262543,101.21769
389.5754814147949,204.44974517822266,62.542366,96.63869
359.8392925262451,210.1255989074707,52.588657,96.587395
320.6116428375244,199.4404067993164,53.967068,94.719284
284.28989601135254,160.7154884338379,60.499035,106.292076
241.69211196899414,114.12969970703125,58.214104,103.11119
235.0254783630371,78.27140045166016,53.323677,100.2661
254.95759391784668,49.21278381347656,62.216312,99.34247
291.9475555419922,67.18457794189453,58.37671,105.64705
309.5164909362793,100.76408767700195,55.79313,104.12051
334.41591453552246,140.85893630981445,59.3456,104.03805
352.39650535583496,169.53856658935547,56.101856,99.18202
339.0907955169678,183.45034408569336,61.33971,97.57331
312.1636219024658,182.64644241333008,61.15115,105.0118
301.9819965362549,170.99796676635742,58.996304,99.85291
303.3583679199219,144.79432678222656,56.157806,98.76706
304.97813415527344,113.94684982299805,60.273834,105.4607
316.99494552612305,108.712158203125,59.906136,107.85837
338.2991638183594,123.05207824707031,56.051697,106.99649
343.80915451049805,148.3431510925293,55.378395,101.1912
329.402250289917,165.31063842773438,60.51856,102.73816
314.43836402893066,177.1647834777832,59.46098,105.10207
310.9397945404053,183.97988510131836,60.42339,106.28779
315.1064853668213,180.1164093017578,58.952984,104.33322
325.1494941711426,160.00328063964844,55.61364,103.48691
331.68700790405273,130.27402114868164,57.470985,102.126305
315.17158699035645,109.3281135559082,59.547237,99.78405
280.92331886291504,113.63961410522461,55.43864,108.33131
280.2167568206787,153.44087982177734,54.455647,105.55983
296.9132652282715,186.1993408203125,55.7779,104.28693
305.53177642822266,199.93204498291016,59.41429,107.148636
308.116060256958,191.39600372314453,58.285275,102.047775
327.8318214416504,164.32814025878906,57.287254,96.68387
346.60105895996094,130.5243797302246,55.299286,103.26202
339.3280429840088,109.05376434326172,61.007214,109.15643
327.81486320495605,115.5962028503418,58.726902,106.35784
319.96874618530273,151.12164688110352,51.22352,107.05396
326.7703552246094,193.79329299926758,54.211456,97.87092
314.32290840148926,207.82276916503906,60.63928,94.62532
280.99464225769043,205.60094833374023,57.13605,106.33834
273.96204376220703,185.31502151489258,56.853745,103.28739
292.3165111541748,150.55964279174805,61.611057,97.934654
302.2680721282959,125.00407791137695,60.677357,107.99766
294.38091468811035,126.06595611572266,59.067974,109.53961
302.67066192626953,161.3803367614746,58.14644,109.04009
329.685152053833,206.3193702697754,58.937435,102.01722
327.8746395111084,220.09245681762695,60.539417,101.910255
318.32855796813965,213.71884536743164,57.12856,101.292336
319.3788757324219,182.2718391418457,56.901825,101.583305
320.86786460876465,171.04592514038086,62.5201,105.92539
323.83399772644043,199.7909278869629,54.193363,98.13375
293.00975227355957,245.6551628112793,58.260387,94.91767
283.28187561035156,263.8693542480469,59.520554,102.93173
293.26717376708984,252.2006378173828,52.562683,96.46326
295.60468101501465,212.1417694091797,50.624027,92.98689
297.474157333374,157.51970291137695,56.745304,102.7927
318.20433616638184,153.69650268554688,62.06699,106.35072
332.96646308898926,189.7149887084961,51.44331,111.63107
325.84379386901855,256.69683837890625,49.6993,106.99733
308.63196754455566,301.2922897338867,56.99606,98.15869
299.37358474731445,298.1459655761719,54.86152,100.8297
294.2608070373535,261.9764213562012,50.784523,99.1448
301.86348152160645,198.17663955688477,49.996044,101.580956
308.48414611816406,166.67641067504883,64.38008,103.433525
328.3323211669922,195.07574844360352,54.340958,107.5154
328.9034366607666,247.75043106079102,50.493893,105.176384
309.28466796875,285.7088851928711,56.967514,98.023056
297.38060569763184,283.10791015625,55.834232,101.85745
286.1399669647217,254.74597930908203,53.44765,96.34947
290.7507266998291,199.91916275024414,53.419308,91.78654
315.89146423339844,174.59648895263672,64.69081,102.64929
336.21742057800293,204.1672821044922,54.48424,102.26903
337.2877388000488,259.5298881530762,51.048347,101.024956
323.99181938171387,287.3878860473633,59.82259,96.949615
303.2939453125,290.16768646240234,59.229538,96.60211
279.4562797546387,250.15816116333008,55.280968,104.28567
278.71351623535156,190.56147003173828,51.282608,102.2874
296.3433265686035,170.3562774658203,65.51298,106.6857
314.9302406311035,202.42737579345703,50.692696,117.355484
304.98034477233887,282.7971496582031,50.101307,108.71326
305.02771377563477,331.91190338134766,54.78019,104.12254
312.2777633666992,331.66135025024414,56.53607,97.752495
323.20408630371094,297.9091606140137,52.410202,97.168175
325.0666561126709,260.1514205932617,52.378086,96.810104
320.28325271606445,223.3428726196289,58.882515,105.067154
317.5931091308594,251.2153205871582,50.092484,97.52676
310.8342475891113,296.79967498779297,50.09812,99.85994
312.6178340911865,320.9530944824219,57.84592,103.17651
319.7848243713379,314.63640213012695,52.525978,98.24264
317.9505805969238,268.308895111084,53.248604,104.92223
306.23309898376465,217.4320297241211,56.46491,102.38095
295.67413902282715,195.63568496704102,57.877598,105.03126
294.9601764678955,225.97596740722656,51.727917,101.910995
281.78900146484375,267.97964096069336,52.196335,97.50829
267.8799476623535,274.6416358947754,57.19175,105.42591
265.626127243042,258.9874458312988,50.194874,97.98063
274.5465316772461,207.40076065063477,50.74478,98.68505
292.86161041259766,173.84220123291016,66.370636,99.38391
314.78117179870605,198.0672492980957,53.512043,101.2588
312.36216163635254,250.02331161499023,50.095974,91.02236
280.29394149780273,288.8925132751465,59.726753,96.25396
276.9169178009033,289.13575744628906,53.48794,98.52461
284.05652809143066,245.73123168945312,50.085857,92.83417
289.4884834289551,174.6689682006836,50.72457,99.16014
286.78713607788086,131.97420501708984,55.423836,101.247086
278.0292778015137,124.17987060546875,57.897804,107.01105
274.59757232666016,174.93712997436523,51.297256,104.5001
276.32601737976074,240.24953079223633,50.77329,96.23736
264.12574768066406,256.07763671875,60.815125,102.06903
258.0855312347412,243.74975204467773,54.641468,99.72263
266.30070877075195,201.7154884338379,52.13491,90.90734
286.66481018066406,152.30530548095703,64.45108,99.50447
296.99925804138184,150.85369110107422,59.643482,105.12065
287.7757205963135,182.77919387817383,57.03819,96.94732
273.25869941711426,215.3961944580078,54.995388,95.183716
253.78354454040527,231.9427604675293,62.890705,99.698555
242.02872467041016,236.92332077026367,56.066544,102.98142
221.34656524658203,231.05027770996094,60.106674,104.89993
227.83423042297363,226.54407501220703,58.50781,99.371506
251.97538948059082,226.31586837768555,62.629177,97.740395
267.06859016418457,229.25608825683594,60.380886,103.26172
270.35309982299805,228.64766311645508,59.53916,101.36605
279.18023681640625,221.69390869140625,61.264984,99.83969
290.24921226501465,206.84768295288086,57.176716,100.21815
295.01499938964844,191.3924446105957,57.61969,105.243004
302.1780586242676,191.27740097045898,58.897057,105.24653
300.0344638824463,197.68340301513672,59.02772,103.104904
291.4706268310547,201.85382080078125,58.246704,101.69299
281.70355224609375,202.9815902709961,60.558624,101.8987
268.6665859222412,199.70671463012695,57.304707,102.92718
261.790340423584,198.0191650390625,58.42228,103.05606
275.0887279510498,190.25397491455078,61.012424,99.08449
300.0737419128418,175.2711181640625,58.081306,99.17322
309.9844493865967,154.5757064819336,59.34998,105.69054
328.5956287384033,150.6389045715332,55.81399,99.89843
350.01700592041016,153.4797821044922,58.65303,107.142365
345.7382621765137,157.77259063720703,59.51252,103.53401
321.1387424468994,157.7469711303711,57.519726,100.47713
296.033655166626,158.43528366088867,60.972668,104.270454
292.8032989501953,158.10076522827148,59.879395,105.72599
287.3119125366211,157.25362396240234,59.970688,105.34477
274.1246871948242,152.04234313964844,61.443314,106.716064
272.11115646362305,141.42627334594727,58.5337,104.66537
281.02464485168457,128.9925765991211,59.906765,106.356186
294.21847915649414,124.9517593383789,58.28692,106.8365
300.7895050048828,126.26176071166992,59.07431,107.89069
303.3693618774414,132.6580467224121,58.18199,109.052284
305.03851890563965,138.8079376220703,59.39806,107.51254
313.8204040527344,142.3989715576172,59.851746,106.39145
323.20462799072266,149.05237579345703,60.716843,107.91356
318.4470691680908,154.31521606445312,60.806973,104.68115
305.06174659729004,160.07150268554688,60.39784,105.47266
296.7444877624512,165.23092651367188,58.66239,104.68448
295.99084663391113,169.17592239379883,60.48965,106.30407
306.11194801330566,173.71287155151367,60.526928,106.1948
317.10267639160156,185.3213653564453,61.830597,104.83615
321.7702884674072,195.18070602416992,59.097973,104.92191
317.52736473083496,204.7947883605957,59.851643,102.97787
315.102632522583,212.28494262695312,59.12042,105.67227
315.003116607666,218.9152488708496,59.416588,105.1482
318.80484199523926,222.60578536987305,58.336605,103.680824
317.1014976501465,222.43380737304688,59.829323,103.2695
308.8884334564209,225.04652404785156,58.12279,103.13397
305.676570892334,228.35342407226562,58.776375,104.57092
306.4043941497803,230.95623397827148,58.889454,105.23533
307.0343704223633,234.68817901611328,57.749924,104.12669
