70.0,51.0,107,87
68.17475509643555,49.91564178466797,108.84223,86.56145
67.26622772216797,50.115516662597656,108.23955,87.53142
66.91525650024414,50.74094009399414,109.11898,85.587456
66.39011001586914,49.53471755981445,108.1274,88.63549
67.49972915649414,50.087425231933594,106.24996,88.75313
66.18890762329102,49.984413146972656,107.41842,87.60567
66.00618362426758,50.3261604309082,107.22033,87.73196
64.94901275634766,50.07707977294922,107.23329,87.42583
65.16146850585938,50.341651916503906,105.677,87.22423
65.3204116821289,49.75929260253906,106.01732,87.62497
64.13127136230469,49.503814697265625,106.022705,86.69919
63.91079330444336,48.994346618652344,106.023994,87.757706
64.23036575317383,50.14796447753906,107.782616,85.93918
63.22454071044922,48.67517852783203,105.89354,86.69771
62.8670539855957,48.44397735595703,105.99059,85.64046
62.97662353515625,48.854549407958984,105.544525,86.196175
62.595298767089844,49.877037048339844,105.66664,85.19508
62.96464538574219,50.083824157714844,104.30835,84.77919
61.770870208740234,49.99468994140625,104.51859,86.0195
61.76371383666992,51.544952392578125,104.337654,83.58545
62.362850189208984,49.23929977416992,104.42872,85.24134
61.89087677001953,52.07273864746094,103.11659,83.87756
61.587989807128906,50.749488830566406,103.95442,84.05516
61.73529052734375,51.97496795654297,103.31662,83.85445
62.881805419921875,51.201377868652344,102.163666,83.83827
62.88491439819336,50.508544921875,101.9434,82.80185
62.17577362060547,52.51328659057617,101.83052,82.6222
60.008384704589844,52.318206787109375,104.28737,82.01889
60.80208206176758,51.756874084472656,102.67379,82.2318
60.246212005615234,52.35763931274414,102.01383,81.56411
60.000797271728516,50.16658401489258,102.93075,82.22613
61.055747985839844,52.12883758544922,101.97609,80.49425
60.37009048461914,51.071319580078125,101.71343,82.04251
60.92896270751953,49.62040328979492,100.981735,82.48527
61.62478256225586,51.52542495727539,100.77802,81.151634
61.23319625854492,51.05809783935547,99.22358,80.909134
62.30141067504883,50.52037048339844,100.086754,81.121185
62.456783294677734,51.88431930541992,99.82661,81.639656
62.39570236206055,50.9926872253418,99.57932,81.0601
62.73564910888672,51.36637878417969,99.84346,80.755646
63.096534729003906,51.53511428833008,98.94298,80.80309
62.60018539428711,52.82767105102539,100.05717,78.616875
62.374267578125,53.78030014038086,99.625854,78.14381
63.549583435058594,53.2263298034668,99.2397,79.07191
63.61076736450195,52.99501419067383,99.71511,79.51769
64.45294189453125,55.489784240722656,98.620026,77.49284
64.9493408203125,54.889198303222656,98.73825,79.02751
65.64493179321289,53.73508071899414,97.978355,79.677086
65.80294799804688,54.065025329589844,97.82254,78.583694
65.38268280029297,54.06474304199219,97.72148,78.749756
67.17464447021484,54.4758186340332,97.34657,78.2311
66.50968170166016,54.61884689331055,97.35503,78.47535
65.8224868774414,56.50806427001953,97.61803,78.41496
67.26151657104492,55.6537971496582,97.66578,78.382774
66.66815948486328,57.22295379638672,95.85573,78.37221
66.36957931518555,57.798343658447266,97.59449,77.78191
67.36307525634766,57.08091354370117,97.33186,77.05338
67.47829055786133,57.72480392456055,96.08428,77.83964
68.32323455810547,57.4393310546875,96.61696,77.48233
67.9891586303711,56.829994201660156,96.13475,78.06175
68.47687911987305,56.65794372558594,95.299904,78.491394
68.17733764648438,59.186370849609375,94.904144,77.45987
68.71632385253906,58.385738372802734,95.91165,76.70585
69.40553665161133,57.79261779785156,95.78518,75.83679
69.53681564331055,57.52510070800781,94.75785,76.12717
69.52035522460938,56.743309020996094,96.0314,76.23143
69.39506912231445,56.7974739074707,95.29589,75.88024
70.31476211547852,57.24319076538086,94.911705,76.415535
69.89977645874023,56.85207748413086,95.134895,75.63294
70.47483825683594,56.6311149597168,93.853546,76.20075
71.10358047485352,56.42525100708008,94.24938,75.72747
70.21297454833984,55.58549118041992,94.36287,74.81028
70.1345443725586,56.15068054199219,94.96443,74.28165
69.56927871704102,54.778324127197266,94.62649,74.523674
69.9571647644043,54.80846405029297,94.28846,73.838974
69.6911735534668,54.9967041015625,93.63764,74.35889
68.9657096862793,55.710052490234375,94.32838,73.07138
69.11816024780273,56.627525329589844,93.30567,74.11177
68.18164825439453,56.22962188720703,94.42958,74.383316
67.7795639038086,56.83570861816406,94.29323,73.26364
67.74652099609375,58.262516021728516,94.222626,73.66845
68.97979354858398,56.80209732055664,93.80149,73.825584
68.87347412109375,58.905765533447266,93.53601,72.97515
68.09100723266602,58.85546112060547,93.75506,73.02916
69.65524291992188,58.06135940551758,92.79117,73.6173
68.61492919921875,58.9859504699707,92.07495,73.52752
68.91133117675781,59.515438079833984,93.13034,73.219734
69.18066787719727,58.79313659667969,92.8951,73.37042
68.72783279418945,59.24251937866211,91.61846,72.85911
68.1259880065918,59.65416717529297,92.74946,72.83629
68.47769927978516,59.35328674316406,91.97652,73.1633
68.8138198852539,59.48210525512695,92.85985,72.72173
68.60564804077148,59.157894134521484,92.02073,73.43775
68.51375198364258,58.460044860839844,92.36907,72.93657
68.26532363891602,58.37570571899414,92.18282,72.430626
69.31786346435547,57.307437896728516,91.46709,74.067406
69.5678939819336,57.765228271484375,90.569595,73.01413
70.5452995300293,57.172080993652344,90.76054,73.32909
70.94075012207031,57.738311767578125,90.15573,72.88388
69.78130340576172,57.61183166503906,90.974045,72.17142
71.43893432617188,58.02263259887695,90.19537,72.69979
71.80693054199219,56.99300765991211,90.30264,72.76905
71.90571975708008,55.99198913574219,90.34597,73.19171
73.59627914428711,55.25973892211914,89.684425,72.758354
73.65251159667969,54.970985412597656,89.40546,72.794785
74.13919448852539,54.898231506347656,89.2691,73.641495
74.93806457519531,55.23049545288086,88.396576,72.71928
75.06929397583008,54.615386962890625,88.39468,72.22519
75.18276596069336,56.28095626831055,88.634254,72.69477
75.91268157958984,55.9354133605957,88.89427,71.99081
75.59210968017578,55.44306182861328,88.27174,73.89485
75.66854476928711,56.1513786315918,88.363106,73.90598
76.41753768920898,55.728424072265625,88.142525,73.26865
77.34149932861328,55.989768981933594,88.419754,73.30177
77.27448272705078,56.167991638183594,87.67018,73.10167
77.34035110473633,57.663414001464844,87.94253,72.75935
77.87551879882812,57.146034240722656,88.30243,71.84444
78.39429092407227,59.23373794555664,87.93508,72.48705
79.12892532348633,60.01776885986328,87.497856,72.464615
79.77530670166016,59.60620880126953,86.84798,72.15059
80.22542953491211,62.45915985107422,86.049965,70.51964
80.51537322998047,62.05215835571289,86.805954,70.43493
80.92042541503906,62.313621520996094,86.91843,70.26137
81.99865341186523,64.55582809448242,87.16956,69.49967
82.35591125488281,62.76415252685547,86.24393,70.15535
82.66939544677734,63.74800491333008,86.64287,69.819756
83.03202438354492,64.05231094360352,86.30677,69.60229
83.6436996459961,67.43168640136719,85.680405,68.105194
84.11554718017578,67.36249542236328,86.44835,68.32063
85.10140228271484,67.81463241577148,85.06505,67.662544
85.69941711425781,67.5713996887207,85.43747,68.24273
85.51350021362305,67.1738166809082,86.39527,68.0212
86.44131469726562,66.39873123168945,85.11188,67.49709
87.90543746948242,65.35125350952148,85.41395,67.63987
87.23490142822266,64.29811477661133,85.704666,67.24801
87.5790023803711,64.3487548828125,85.260025,66.790405
88.2795181274414,63.73710250854492,85.190414,67.30125
89.08356094360352,63.04991149902344,84.478905,67.456726
90.00648498535156,61.353912353515625,84.346405,67.49292
90.04999542236328,60.204837799072266,84.235855,67.01006
92.05894470214844,60.634117126464844,82.96695,66.16057
90.63944244384766,58.703285217285156,83.62639,66.172745
93.32646179199219,59.82765197753906,82.28342,65.049866
93.49300003051758,57.50804138183594,82.49404,66.31415
94.58425903320312,58.29640197753906,81.80652,65.96237
94.02681732177734,55.96849060058594,81.6259,66.438385
95.00811004638672,56.4116325378418,82.055954,65.973976
95.52363967895508,56.23844528198242,81.60482,65.64442
96.90975189208984,55.997711181640625,81.89284,65.50751
97.41466903686523,55.7231559753418,81.21534,64.9271
98.00378799438477,56.41941833496094,81.2878,65.40985
98.93669128417969,55.21874237060547,81.36923,65.30852
100.36865997314453,58.0000114440918,80.944595,64.71021
101.75332641601562,57.667694091796875,79.581696,64.61832
102.02324295043945,59.18120574951172,79.65896,64.88292
102.3693733215332,58.622013092041016,79.78707,64.13653
103.20236587524414,61.5208740234375,79.342155,64.16641
104.52335357666016,60.17080307006836,78.96669,64.26673
104.67888641357422,62.8825569152832,79.489456,63.11361
104.72270965576172,62.2058162689209,79.61836,63.024525
105.51478576660156,62.84336471557617,78.91156,63.93583
106.80112075805664,62.88960838317871,78.95327,63.23775
107.55865859985352,63.10000991821289,78.247795,63.304863
108.33647537231445,63.0983772277832,78.20608,63.10473
109.13031005859375,63.19334030151367,78.24933,62.904
109.59627151489258,63.49519157409668,78.27651,62.568302
110.562744140625,65.50224304199219,77.79709,61.48529
111.06423950195312,65.72173500061035,77.2702,61.859722
111.35009002685547,65.07417488098145,77.1205,62.20434
112.07655715942383,65.38241958618164,76.424736,62.774162
112.75493240356445,64.8588809967041,76.410545,62.226086
113.93351745605469,66.76849937438965,76.34854,61.676136
113.38545227050781,66.91198348999023,75.49484,60.866035
115.33284378051758,67.61585998535156,75.92599,60.95706
114.93901824951172,66.4454174041748,74.80409,61.464787
116.8396110534668,67.06529426574707,74.91401,60.81454
116.23679733276367,64.7122631072998,75.331276,61.11176
117.611328125,64.57794761657715,74.47952,60.406513
118.46798324584961,64.38337326049805,74.94663,60.16645
118.91619110107422,64.61234092712402,74.44603,60.12212
119.62656021118164,64.17721176147461,74.343864,59.747383
120.57872772216797,63.57324409484863,73.627884,59.98306
121.25444793701172,63.48183631896973,73.28218,59.667187
122.57774353027344,63.2374324798584,73.48657,59.610523
122.48315811157227,63.82222557067871,73.705894,59.415028
123.46324920654297,63.40793418884277,72.90791,57.693134
124.6913948059082,63.54634094238281,72.07986,59.448975
125.02582168579102,63.04884719848633,71.399956,59.758446
126.26692581176758,63.71627235412598,70.95959,58.639233
127.21565628051758,61.49384880065918,71.68343,57.23557
127.07339477539062,61.29096984863281,71.844635,58.151886
129.79289627075195,61.69400405883789,69.97588,57.85662
129.79546356201172,60.48465538024902,71.03871,55.711582
129.64263153076172,61.05200386047363,70.75127,57.679607
130.61614990234375,62.07434844970703,70.64923,56.6304
130.95249938964844,62.47641181945801,70.729675,55.76312
131.84582901000977,63.07938575744629,70.84409,57.553234
133.41009521484375,63.06181335449219,69.979935,56.644867
133.21134567260742,62.756202697753906,69.82812,56.601547
134.6719093322754,64.00906944274902,69.83561,57.387226
135.2410888671875,62.59404182434082,68.89836,55.57655
135.90436935424805,65.78137969970703,68.6099,55.63994
138.1091079711914,65.16295623779297,68.86275,54.987762
138.35861206054688,66.24023246765137,68.97731,54.889057
139.9057388305664,65.48221206665039,68.87433,55.407845
141.26961135864258,66.63085174560547,68.28567,55.503433
141.16806030273438,66.47006225585938,69.12921,56.4243
142.7257957458496,67.63046073913574,67.60917,54.14139
143.36399841308594,67.73108100891113,67.8477,54.373257
143.4970932006836,67.19742393493652,68.39128,54.753117
144.16167831420898,66.95202445983887,68.0458,53.74033
143.91423797607422,68.29298973083496,68.21771,53.682407
145.20281219482422,67.54550743103027,68.246506,53.93456
146.5883903503418,66.82581901550293,68.052284,54.338413
146.8456573486328,67.56971740722656,68.038315,54.57823
148.84225463867188,67.01701164245605,67.92055,54.582615
149.30260467529297,68.0854377746582,67.84291,53.884224
150.35443496704102,67.44915771484375,67.57925,53.118378
150.75431442260742,66.12403297424316,66.99505,54.303326
152.65295791625977,68.40047836303711,67.02624,53.46067
153.54921340942383,67.31678199768066,66.782845,53.60075
154.21524810791016,68.1732292175293,66.8775,53.21119
154.79568481445312,67.89717864990234,66.57378,52.75116
155.87986755371094,68.94230270385742,66.39995,53.187843
156.43585968017578,68.22413444519043,66.23537,52.29334
157.15371322631836,68.07067680358887,66.42495,51.745518
158.77080535888672,67.87906837463379,66.15152,52.030514
159.7586669921875,67.59116172790527,65.35011,52.132908
161.14957809448242,66.67106819152832,65.44352,52.729763
161.1205177307129,67.45022773742676,65.47062,52.147152
163.32369995117188,67.29374885559082,64.801895,52.89471
162.1826934814453,67.15336990356445,65.893936,53.485725
162.93253326416016,67.57728958129883,66.177704,51.123222
163.43546295166016,67.04619216918945,66.15671,52.239845
163.60540771484375,68.65278816223145,65.88225,51.3921
163.28989028930664,68.1830883026123,66.62243,52.422153
165.46153259277344,67.40018272399902,65.584595,53.10198
165.4694061279297,67.3988265991211,65.698395,52.762054
166.54523849487305,67.49575614929199,66.01699,52.35297
166.69953155517578,67.45765113830566,66.316376,51.33714
168.47800064086914,67.33135414123535,65.677345,51.651714
169.14630889892578,67.71541786193848,65.54758,51.91322
169.4915313720703,67.47816276550293,65.01552,51.64507
171.1280975341797,68.06141471862793,64.93837,51.33655
170.74985122680664,66.41169738769531,64.93369,51.60231
172.16426467895508,68.81412315368652,64.560875,51.954945
171.96229934692383,66.80447196960449,66.16369,52.018253
173.12828063964844,67.3044204711914,64.8504,50.605255
173.84722137451172,67.43263816833496,64.36049,51.276386
174.45710372924805,67.49027824401855,64.50884,50.46108
175.26690292358398,65.4753589630127,64.92899,51.59187
175.91079711914062,66.0591983795166,64.36954,51.330517
176.32950592041016,64.22556686401367,64.207596,51.29165
178.18964767456055,63.478248596191406,64.66093,51.189743
178.58258056640625,61.493913650512695,63.63936,51.360058
179.3339729309082,62.47015190124512,64.3274,51.3364
180.19318771362305,62.62760543823242,64.51075,50.280968
180.22627639770508,62.84791564941406,64.54446,51.07312
180.8145980834961,62.9868049621582,64.24213,50.462044
181.27511978149414,62.574079513549805,64.477394,50.68778
180.98823165893555,63.1461296081543,64.3124,51.089592
182.32242965698242,62.67421340942383,63.853493,50.247932
182.9380931854248,62.93129539489746,63.806126,51.217106
183.83499908447266,63.25251388549805,63.637604,51.32453
184.23894500732422,64.3681640625,63.99597,51.70218
184.37858390808105,63.095882415771484,63.794056,50.56643
185.56101417541504,64.55440521240234,63.472683,51.3257
185.20919799804688,63.98426818847656,64.00598,51.055084
186.13925170898438,65.2918586730957,64.00748,51.36413
186.33868026733398,67.48619079589844,64.36031,50.965714
186.43375778198242,67.2056655883789,64.17492,50.947647
186.33563995361328,69.58661079406738,64.24461,50.392666
187.7359619140625,69.22796630859375,64.30971,50.744995
187.6666374206543,67.96565246582031,64.28202,49.928238
188.40124893188477,68.09798049926758,64.0754,49.912056
188.6252555847168,66.90213584899902,64.60491,50.128666
190.2555274963379,64.79888534545898,64.48344,50.202858
190.1297149658203,65.44947242736816,64.38968,49.550884
190.89056396484375,63.62313461303711,64.23776,49.689598
190.66891479492188,62.375165939331055,64.313324,50.19321
191.33850479125977,64.8768539428711,64.38648,50.505234
191.48052978515625,63.14689636230469,64.95972,50.502335
192.0524559020996,65.0007095336914,64.14863,50.17668
192.68500900268555,66.23396110534668,64.832115,50.028187
191.47901916503906,66.70712280273438,64.8273,49.830734
192.3684844970703,66.2889347076416,64.98511,50.243237
192.00104904174805,66.32101440429688,64.255424,50.000656
193.0025291442871,65.66213607788086,63.83921,49.521828
192.7806167602539,65.51152801513672,64.61894,49.3777
192.66920852661133,63.19924545288086,64.57581,49.746635
193.64329147338867,64.36464881896973,64.2895,48.772854
194.20905685424805,64.0568675994873,64.22912,48.963596
195.09192085266113,63.19704818725586,63.430996,48.98722
194.67565155029297,64.20624923706055,64.200165,48.939674
194.3009796142578,65.19902038574219,64.03201,49.137863
195.4127197265625,66.38425636291504,64.12918,49.17889
195.50310897827148,67.21284294128418,64.032616,48.852848
195.46457862854004,67.96691513061523,63.606487,49.22065
196.27048110961914,67.36407089233398,63.6659,49.48667
196.96700286865234,67.6739616394043,63.599503,48.915108
196.40649795532227,67.47434616088867,64.36776,48.763344
197.62154388427734,67.38375663757324,63.077667,48.537235
197.1514892578125,66.87150955200195,64.64497,48.025932
197.72902297973633,68.03925895690918,64.248955,48.243122
199.04990577697754,66.97494888305664,63.936626,48.386665
199.7181739807129,67.71372032165527,64.21821,49.340305
199.7778549194336,68.34053421020508,63.72061,49.93908
200.5078525543213,66.72245597839355,63.98669,49.595203
200.57077407836914,68.42267227172852,63.879112,48.186806
200.803466796875,68.45602035522461,63.728333,47.987846
201.09260940551758,68.23950386047363,63.457726,48.8202
201.58020210266113,68.22790718078613,63.284496,48.52876
200.99174880981445,69.82639694213867,64.03872,48.371666
202.25604438781738,68.25034713745117,63.78285,50.1997
202.15766525268555,69.32902908325195,64.44259,48.54772
203.12854385375977,67.8021297454834,63.827797,48.83501
202.9284782409668,66.88801574707031,64.13044,49.694138
204.0655746459961,66.46339225769043,64.99724,49.162174
203.50264358520508,65.67306900024414,64.63346,49.907417
203.8700828552246,66.63682174682617,66.56779,49.014626
204.24608612060547,67.72530746459961,65.98395,48.747566
204.3723487854004,66.33019638061523,66.373116,50.20426
205.10308074951172,68.6126880645752,65.90764,48.48498
205.66052627563477,69.00357055664062,65.751045,48.253998
206.48580932617188,68.59581184387207,65.02269,48.452602
206.83257675170898,69.72326850891113,64.777824,47.565807
207.73151779174805,67.63582038879395,64.90913,48.669643
206.7857322692871,70.39141464233398,65.3597,46.989388
208.50382232666016,69.93635177612305,65.24077,47.918556
208.68569946289062,69.27560424804688,65.430374,47.52887
208.94828414916992,68.44896507263184,65.493065,47.80495
208.04086685180664,70.17044067382812,66.303825,46.930237
209.9904556274414,68.28661155700684,64.88112,47.64287
209.81708526611328,68.07561111450195,65.53795,48.220314
210.1655387878418,67.53420448303223,65.27749,48.75201
210.3800163269043,69.32678604125977,65.43284,48.028496
210.78228759765625,68.64856338500977,65.439514,47.961647
209.9702377319336,69.18305397033691,65.727264,47.997295
211.27008438110352,69.61715316772461,65.53759,48.114204
212.33858489990234,69.32619667053223,64.698044,48.32919
212.20003509521484,69.13820838928223,64.95949,47.465008
212.41567611694336,69.01637268066406,65.34864,47.1593
213.43836212158203,68.45326232910156,65.17508,46.954773
213.95254135131836,67.01971626281738,64.42275,46.938427
213.2401237487793,66.90313529968262,65.480965,47.15691
214.35584259033203,67.21774101257324,65.36464,46.840107
214.1622314453125,67.93859481811523,65.13948,46.42222
213.856201171875,72.53707695007324,64.78281,46.89905
214.3060646057129,76.43417930603027,64.24076,46.883823
214.7135467529297,77.39605140686035,65.866974,45.980175
215.10396194458008,76.79550170898438,65.41288,46.2883
215.57150268554688,77.04882621765137,64.85118,46.6944
216.82487106323242,73.3638687133789,64.36028,48.420105
216.07904434204102,72.08390617370605,65.205635,47.50951
217.2550048828125,67.55622863769531,65.043884,48.310516
217.2956428527832,61.13003349304199,65.61228,47.2531
218.15142440795898,58.1035213470459,64.788414,48.27402
218.46427536010742,55.08086967468262,64.77236,48.30457
218.22097396850586,58.198177337646484,65.45702,47.414574
218.03767776489258,58.68538284301758,66.26348,46.84086
218.39605712890625,60.311866760253906,65.495544,47.315292
217.9461898803711,62.40000534057617,65.59099,47.637627
218.7718505859375,65.63403701782227,65.061844,47.93017
218.9121208190918,67.86865043640137,65.339745,47.243397
219.32568359375,69.67544555664062,65.23601,47.23285
219.87913513183594,70.91332626342773,65.91028,46.97506
220.47954177856445,70.09634590148926,65.81594,47.190197
220.34648513793945,70.73555564880371,65.6285,47.17629
220.4736785888672,69.57053756713867,65.999374,47.29075
222.05875396728516,69.47437477111816,65.391235,46.556133
221.9732322692871,68.84782409667969,65.77352,46.741608
221.88092422485352,68.62001991271973,65.95661,46.52705
221.65671920776367,68.20953369140625,66.34748,46.783554
221.92583084106445,67.59588241577148,66.5808,46.74534
222.13684844970703,67.49348449707031,66.80211,46.8011
221.60517501831055,67.95826530456543,67.024315,46.569004
221.84202194213867,67.86744689941406,66.461525,46.398636
221.68616485595703,66.82243537902832,66.7755,46.77035
221.79106521606445,68.09432601928711,66.631615,47.092873
221.91626739501953,66.9746036529541,66.968704,47.449703
222.21096801757812,67.71820068359375,66.95657,47.046356
222.57204818725586,68.0910701751709,67.28239,47.88399
221.72652053833008,69.34510040283203,67.36089,47.310287
221.1538200378418,70.53598403930664,67.92812,47.412605
221.9641456604004,72.98517036437988,67.93424,47.28874
221.28364181518555,71.03382873535156,68.019295,47.80957
221.94351959228516,72.93332862854004,67.951935,47.108624
222.82382202148438,75.11890983581543,68.298386,47.066807
222.34017181396484,75.32390403747559,68.04617,47.232517
221.34281158447266,74.77804756164551,68.27867,46.770153
221.9829864501953,75.58774375915527,68.31732,46.24959
222.65948867797852,72.44050407409668,67.55135,46.93076
223.18928146362305,69.07082176208496,67.095726,47.202
221.75796127319336,69.47342109680176,67.838585,46.933117
221.62327575683594,68.37788200378418,68.43744,47.09815
221.1434440612793,69.59991645812988,68.81522,47.3327
221.00139999389648,73.65644264221191,68.11863,46.56204
219.7732925415039,73.12068176269531,69.17029,46.909485
220.18851470947266,75.09245872497559,68.69075,46.886387
220.52938079833984,73.68874549865723,68.51317,46.90536
219.68755722045898,72.94932746887207,68.81066,47.29228
219.83692932128906,71.90415954589844,69.1431,45.845886
220.10167694091797,71.17135238647461,69.072205,46.155556
219.5746726989746,69.84190940856934,69.011024,47.01398
219.48562622070312,68.57431983947754,69.05568,46.068813
219.68523406982422,66.24553298950195,68.920334,46.537163
219.75905227661133,65.67605400085449,68.8305,47.319263
218.96437454223633,65.80648231506348,70.120766,46.858807
218.80900192260742,65.33059120178223,69.71331,46.935726
219.23300170898438,66.0451889038086,69.97096,46.76912
219.04371643066406,66.53246307373047,69.56831,47.286484
219.04794311523438,66.27451133728027,70.24419,47.703144
218.38440704345703,66.17580223083496,70.00525,47.717945
218.17004776000977,67.39432907104492,70.28623,47.574883
217.7309455871582,68.58270454406738,70.643654,47.276577
217.73838424682617,66.57511138916016,69.66338,47.592224
217.79595184326172,69.55343437194824,68.9518,47.497288
217.8907241821289,67.94924736022949,69.98111,47.918995
218.5321922302246,66.32426261901855,69.934715,48.194202
216.96723175048828,67.1518325805664,70.36192,47.408646
216.09563827514648,66.60623359680176,71.409676,47.73469
217.03543853759766,65.64727783203125,69.76372,47.79373
215.82511520385742,67.44675636291504,70.73666,47.306957
214.89171600341797,68.01813316345215,70.94777,47.71686
214.38023376464844,69.15752792358398,72.03119,47.783455
214.3835334777832,67.88338279724121,73.18548,47.921024
215.42931365966797,68.73454093933105,70.570816,47.602833
214.59310150146484,68.31497573852539,70.31093,46.772606
214.3122100830078,68.51155471801758,70.19893,47.394356
214.39505767822266,67.92458152770996,69.698654,48.329685
213.7256317138672,67.3980598449707,69.489685,47.89869
213.50629806518555,68.57678031921387,69.70933,48.253025
212.11973571777344,68.58313179016113,69.42709,47.579784
212.7505645751953,67.67840003967285,67.80025,47.946743
211.07953643798828,68.09651947021484,69.437515,47.66208
211.4755630493164,68.5745849609375,69.64856,48.198364
210.38869094848633,67.87790298461914,69.93813,47.75744
210.04232025146484,68.96138572692871,69.90399,48.614902
209.1638946533203,68.65117835998535,69.70964,47.802135
208.65410995483398,68.06435966491699,70.402245,48.06113
207.49044799804688,68.95444679260254,70.618576,47.74696
207.5937156677246,68.46883201599121,70.32137,47.719563
206.7677459716797,68.65711212158203,71.057144,47.72415
206.80034637451172,68.75651741027832,70.58934,48.321148
205.69207763671875,69.13214302062988,71.20581,48.55142
206.09763717651367,67.7548885345459,70.22881,48.729725
205.12652969360352,68.34343910217285,71.1959,48.270992
204.90094757080078,69.90865707397461,70.87273,48.397987
205.23986053466797,68.89265060424805,70.9229,48.307808
203.41217803955078,68.73551750183105,71.52991,48.483463
203.9589500427246,70.44773864746094,70.79891,48.50656
203.16920852661133,67.70475959777832,71.53426,49.132214
203.32816314697266,68.26578140258789,71.40488,48.98252
201.8285789489746,68.31514358520508,72.00878,48.560387
201.73847579956055,68.38546371459961,71.44712,48.85888
202.6137351989746,68.28213310241699,71.1601,49.001637
201.45389556884766,68.08199310302734,71.36838,48.669113
201.3063621520996,67.74346733093262,70.65768,48.51813
200.2254295349121,68.07681083679199,71.84934,47.979572
200.74371337890625,67.46408081054688,70.84779,48.339157
200.2388038635254,66.89410400390625,71.79412,48.199905
200.33434295654297,67.74733352661133,71.273575,48.891182
199.6622314453125,66.91890335083008,72.432816,48.74003
200.01620483398438,67.56180381774902,71.20241,49.372242
198.95512771606445,67.07807540893555,71.40777,49.255608
199.4413299560547,68.10186004638672,71.556625,48.641907
198.86626815795898,66.4776496887207,71.797325,49.548714
198.0193214416504,66.51018524169922,72.08193,49.510376
198.9670181274414,67.10975074768066,71.874115,49.85185
198.6822166442871,66.9576244354248,72.80782,48.895405
197.46600341796875,67.51886558532715,73.21042,49.500523
197.54681015014648,67.29661750793457,72.637184,49.638744
197.78470611572266,67.16617393493652,71.60988,49.927525
197.3892364501953,67.65914916992188,71.82988,50.126007
197.33828735351562,68.89247703552246,71.9035,49.948826
196.98866653442383,68.28254890441895,72.172844,49.14526
198.13162994384766,67.68077087402344,71.58487,50.316956
197.1978874206543,68.46341514587402,72.86843,49.45287
197.20963668823242,68.15693092346191,72.4103,50.058422
196.85041427612305,67.94973564147949,72.37156,50.143192
196.3567123413086,68.27924728393555,73.27084,49.96572
195.3193244934082,67.76947593688965,74.268394,50.018803
196.71662521362305,66.63751411437988,73.3417,50.334637
195.74344635009766,67.34709358215332,73.8174,50.390484
195.2237205505371,66.12384605407715,75.0039,50.683384
196.44821548461914,67.18414878845215,74.95463,50.189518
196.10718154907227,65.77345848083496,75.1195,50.65801
195.44517135620117,66.2420654296875,74.314384,50.574707
194.9703598022461,65.3982105255127,74.41196,51.15417
195.11774444580078,66.49018287658691,73.78171,50.947796
194.01476287841797,66.60902404785156,74.167114,50.77359
193.6460304260254,66.9207649230957,73.895164,50.88584
193.78233337402344,66.3989429473877,74.080765,51.02783
194.14367294311523,66.96508598327637,74.16343,50.929173
193.20738983154297,67.2514533996582,74.15201,50.492836
193.53301239013672,67.70285606384277,73.80881,51.19399
193.40415573120117,66.55797386169434,75.178444,51.549946
194.6241111755371,67.78485870361328,74.074455,50.984802
193.77652740478516,66.91150665283203,74.296616,51.23973
193.44705200195312,66.39992332458496,73.57213,51.85483
192.8648910522461,67.8542308807373,74.5905,51.482838
191.93357849121094,67.09583854675293,74.81087,51.15592
192.52827072143555,67.97579574584961,74.13947,51.229424
192.2434959411621,65.6977481842041,73.40514,52.414288
192.37194442749023,67.22026824951172,73.99293,51.527496
192.18561553955078,66.14617538452148,73.46883,52.654564
191.74962615966797,65.02237510681152,73.913925,52.596058
191.34431838989258,64.36177825927734,74.78455,52.669144
191.11978912353516,62.322038650512695,75.366516,52.667248
191.61344528198242,63.90134239196777,74.94341,51.696507
190.7587013244629,63.58857345581055,75.03611,51.87536
191.2572021484375,63.53310012817383,74.47464,51.725334
191.47423553466797,62.74958610534668,75.05406,52.19826
191.30412673950195,63.2681941986084,75.22065,52.248447
190.9920654296875,64.14116859436035,75.72302,52.43841
190.8434829711914,63.554481506347656,75.44075,52.22914
190.5843849182129,64.04229736328125,75.884926,52.34488
190.52555084228516,63.388858795166016,75.46341,52.62754
190.1289291381836,62.844797134399414,75.93826,53.50317
191.2683334350586,64.57863807678223,75.70026,52.985134
191.06897735595703,63.13876914978027,75.04547,53.02094
190.48239517211914,64.24911880493164,75.60906,53.587654
191.52135467529297,63.72675895690918,74.9554,53.601
190.9456558227539,62.20221519470215,75.476395,53.582355
190.4692611694336,63.530548095703125,76.18007,53.74298
191.9054946899414,62.76629829406738,75.216965,53.48431
191.24142837524414,63.96618843078613,75.76229,54.09524
190.905517578125,63.37800598144531,76.14505,53.744476
191.3243865966797,64.79511070251465,75.99472,54.113056
190.42916870117188,64.90960311889648,76.499054,54.306923
192.06937789916992,64.62724494934082,75.541664,53.750088
191.0174102783203,64.7177562713623,76.38629,54.24573
190.73725509643555,65.63832473754883,76.391884,53.70095
192.27242279052734,64.97968673706055,75.63066,53.810677
191.93842697143555,64.45882606506348,76.994484,54.278545
191.80269241333008,63.85030555725098,77.131035,54.67674
191.03346633911133,64.3094482421875,77.74374,54.647583
192.29502487182617,65.49950790405273,76.89085,54.99299
191.52549362182617,65.90511512756348,77.87409,55.00651
192.49512100219727,65.90216255187988,77.21096,55.430904
191.36463165283203,65.13487243652344,77.93294,55.78122
192.4824562072754,65.42560005187988,77.74801,55.40704
192.2422981262207,65.03043174743652,78.245415,55.694416
192.29888916015625,66.22098159790039,78.565186,55.323784
193.52519607543945,65.74019050598145,78.11706,56.064266
193.25364303588867,63.87367820739746,77.8086,56.42287
194.0418586730957,65.11839866638184,77.89956,56.464283
193.26535034179688,65.08134269714355,78.432465,55.909367
194.7291603088379,64.86279678344727,78.30697,55.982292
194.23816299438477,64.34903144836426,78.365135,56.50955
194.0007095336914,64.11346817016602,78.97606,56.153618
195.20891952514648,63.5396785736084,79.18455,56.30898
194.73785781860352,63.158952713012695,79.89446,56.09033
195.34599685668945,62.7340202331543,79.508934,55.936897
195.48065948486328,62.13468551635742,79.79079,57.234352
195.51811981201172,62.445430755615234,80.147385,57.278206
195.80145263671875,61.958229064941406,80.21411,58.17723
196.82721328735352,61.71610450744629,80.02215,58.2039
197.23818588256836,61.705867767333984,80.010475,58.345802
197.6433219909668,61.76658248901367,80.010475,58.345802
197.36319732666016,61.82962608337402,80.196915,57.34328
198.83247756958008,61.54872131347656,80.39831,57.735046
198.53411483764648,61.47878837585449,80.35276,57.889896
199.327392578125,61.154014587402344,80.17752,58.04323
200.18290328979492,59.862205505371094,80.51899,58.457016
199.38400650024414,59.54021453857422,82.10467,58.046616
201.10243225097656,59.410661697387695,81.207275,57.88403
200.58151626586914,59.96921157836914,82.572624,58.21975
201.87658309936523,60.307790756225586,81.87949,58.11446
201.92569732666016,61.13890075683594,82.478775,58.268616
202.7339859008789,61.77952766418457,82.2639,58.599392
202.89804458618164,61.76595878601074,83.300255,58.970676
202.8185920715332,63.60785484313965,84.03393,58.63451
204.9537582397461,63.34331512451172,82.83751,57.928604
203.71450805664062,63.46305274963379,85.14743,58.22331
206.00706100463867,62.40665054321289,83.655464,58.520714
205.55454635620117,62.854190826416016,84.07758,58.64901
205.68606567382812,62.441410064697266,84.63852,58.91189
206.71122360229492,62.305362701416016,84.24439,59.132683
207.90636444091797,62.47099685668945,84.08003,59.517418
208.5613136291504,61.115766525268555,83.85754,59.478764
208.89365768432617,61.90334892272949,85.269936,59.083866
207.74754333496094,63.625587463378906,86.198364,59.42302
209.77235412597656,63.63548469543457,85.44675,59.454006
209.0758056640625,63.92556190490723,87.19232,60.05308
209.56647109985352,64.32600402832031,87.3894,61.012146
212.4760513305664,64.22510528564453,86.32524,60.63356
211.4214324951172,65.49245834350586,88.85907,60.893837
213.09017944335938,65.3903923034668,88.75998,60.86811
213.56217193603516,64.66651916503906,88.88042,61.068695
213.84647369384766,64.1015510559082,88.550186,60.392418
213.57716369628906,63.737741470336914,89.779816,60.374462
215.3409423828125,63.757978439331055,89.39255,61.95963
215.8459243774414,62.03765678405762,89.55867,61.84006
215.45468139648438,61.88141059875488,91.075714,62.859768
218.57318496704102,62.04653549194336,89.41387,62.50831
217.89253616333008,62.94824028015137,91.01186,62.359898
220.99987411499023,63.20347785949707,89.513405,62.947384
219.7782211303711,62.8197135925293,91.405136,63.242744
222.09109497070312,63.5374870300293,90.522125,63.259438
221.03377532958984,63.24429512023926,92.39491,62.508633
221.5830192565918,62.24439239501953,92.39863,64.01674
222.5722885131836,61.612457275390625,92.82655,64.57803
223.18234252929688,61.29793167114258,93.48935,64.50332
224.75719451904297,60.68031311035156,93.13789,64.58362
223.85154342651367,61.20905303955078,94.46812,64.46315
225.28239059448242,59.85916519165039,93.75431,64.576256
226.46895599365234,60.469635009765625,93.802414,64.56183
227.9400978088379,60.23542022705078,95.37139,64.84181
226.86624145507812,59.68863296508789,96.58963,65.496086
228.7971954345703,59.190223693847656,96.68906,64.44719
228.334716796875,58.006629943847656,97.81885,65.918625
229.70895767211914,57.898921966552734,97.35796,65.92045
231.3033790588379,57.25946044921875,96.924,65.89682
230.63706970214844,58.68683624267578,98.963104,65.81993
230.6349220275879,58.465152740478516,98.0104,66.90249
232.45220565795898,59.94535827636719,98.66285,66.357605
232.80039596557617,59.711448669433594,99.321785,66.86461
232.80127334594727,59.391971588134766,99.55355,66.02178
233.33157348632812,59.46841049194336,98.8501,67.00596
235.81299591064453,60.92926788330078,98.03407,66.74693
235.7782325744629,59.712303161621094,99.31277,67.61864
235.16854095458984,61.10380172729492,100.43465,67.422646
236.42520904541016,61.15208435058594,99.87544,67.00879
237.61141204833984,61.08366012573242,99.34471,67.55259
237.37139511108398,63.51388931274414,101.054695,67.720726
239.61940383911133,62.49231719970703,99.86709,67.58583
238.60224151611328,63.07655715942383,101.86293,68.165276
239.5280647277832,63.174381256103516,101.662895,68.3236
240.2714729309082,61.38446807861328,102.63903,68.56563
240.6801300048828,63.476768493652344,103.691895,68.96413
242.0722885131836,61.565032958984375,102.155624,69.67044
241.86930084228516,62.5389518737793,104.02193,69.06971
243.06932830810547,61.94110870361328,103.92671,69.77022
242.87664031982422,61.763912200927734,104.58385,70.28159
242.87859725952148,63.22672653198242,104.955666,69.06788
243.22692108154297,61.696651458740234,105.61803,70.03632
244.67707061767578,60.57099151611328,106.32857,70.46529
244.93578720092773,59.57640075683594,106.13645,71.765015
245.35057067871094,58.882972717285156,105.78461,71.55797
246.00653457641602,60.04804611206055,107.98278,71.29432
246.4897804260254,59.577232360839844,108.16009,71.79753
246.5610237121582,59.25420379638672,108.33993,71.57066
248.49763870239258,60.251407623291016,107.93328,71.22631
247.84076309204102,60.06908416748047,108.91271,71.14494
249.41814422607422,59.67070770263672,108.07521,71.39226
249.36912536621094,60.045692443847656,109.34619,71.62218
248.7368392944336,59.48952865600586,109.57213,71.518684
250.67822647094727,58.41971206665039,108.38186,72.66213
250.7320899963379,58.18013000488281,109.428154,72.16632
250.82738494873047,57.9532585144043,108.81642,73.17841
251.4052734375,59.449256896972656,108.03265,72.60576
251.64259338378906,60.12422561645508,107.94455,72.16476
251.58099746704102,60.253807067871094,108.0292,72.517105
250.77002334594727,60.90131759643555,108.60424,72.64756
252.7171745300293,61.84636306762695,106.54908,73.08355
252.1342544555664,61.71430969238281,107.561295,73.759705
253.35163497924805,59.46949768066406,105.89869,74.481384
