73.0,126.0,29,23
72.17560577392578,126.90541172027588,31.41529,19.444654
73.32240200042725,126.82902336120605,31.082506,19.75111
74.24231243133545,126.81710243225098,31.03348,19.465878
73.81334590911865,125.65420150756836,30.980532,19.819191
75.17672443389893,125.17478942871094,30.473402,21.16642
75.90865898132324,125.45783424377441,30.720425,20.678707
77.04935550689697,125.25795841217041,30.703566,20.709661
77.97183036804199,124.83767604827881,30.749737,20.314539
78.05186557769775,125.65717029571533,31.077742,19.590513
78.42365550994873,125.21996212005615,30.842096,19.305162
78.80539321899414,124.67621803283691,30.086388,19.761646
79.81965255737305,124.06005573272705,30.237457,20.732351
80.20708847045898,124.00696754455566,31.143044,20.493649
79.9615249633789,123.32963562011719,31.775558,20.427437
81.22351264953613,121.82839584350586,30.310047,21.603409
81.42617988586426,122.43363571166992,30.873608,21.337067
82.44552516937256,122.60526847839355,30.415865,20.310665
82.86554050445557,122.45740795135498,30.617765,21.490885
83.23478031158447,122.2087869644165,30.93353,21.055655
84.32181644439697,121.71742630004883,29.810835,22.206726
83.79623794555664,122.14213848114014,31.032944,20.868402
85.24287796020508,121.68388748168945,30.391449,21.447472
84.32279777526855,121.75231075286865,32.007877,21.108011
85.9534559249878,121.86737155914307,30.700129,22.479239
87.78181743621826,122.28060245513916,30.219675,21.588781
87.64500522613525,122.4549207687378,30.854795,20.354052
89.59650993347168,121.5772066116333,27.602512,22.07398
90.64071464538574,122.13872241973877,27.123669,23.136564
90.35330295562744,122.82276821136475,28.866774,20.471521
89.60769271850586,122.56882095336914,29.76014,21.599525
90.54229164123535,122.94573402404785,28.97823,21.153194
90.15647029876709,122.26833248138428,29.644121,20.978151
91.10746097564697,123.86272048950195,29.653433,20.136787
90.73853302001953,123.18488025665283,30.475143,20.728285
91.49895572662354,122.40475654602051,29.40557,21.095821
91.87641143798828,123.22377681732178,30.121712,19.928034
92.47768974304199,123.21995162963867,29.498905,20.119576
91.4047679901123,123.3891716003418,29.193684,20.391068
91.54508686065674,124.31160259246826,29.712538,20.914194
92.89866733551025,124.29823017120361,29.925154,21.078085
92.18424701690674,124.81627082824707,30.880651,21.231731
91.71815013885498,125.0931167602539,31.583506,21.232216
93.15375709533691,125.77745056152344,30.356136,21.687393
92.48658084869385,126.28973007202148,31.542372,20.90329
93.53582859039307,125.93243885040283,31.196966,21.842253
92.38788032531738,127.63488864898682,32.886257,20.181845
92.63127899169922,127.36361980438232,32.77881,21.371798
93.46209526062012,127.6779556274414,32.05866,20.113861
93.39125633239746,127.1431713104248,32.453083,21.191792
93.70725631713867,127.89603042602539,32.009094,20.906364
93.91411590576172,128.25805473327637,32.42135,20.044971
94.52578449249268,128.08228015899658,31.517347,20.415205
94.65054321289062,127.25757884979248,31.778664,21.097582
94.69303798675537,127.51777935028076,31.996462,21.696093
95.1322078704834,127.01039600372314,31.664524,21.856009
95.04649925231934,127.41196823120117,31.72337,20.862648
96.62838840484619,127.73324584960938,31.56603,19.995255
97.26455402374268,127.08125591278076,30.618872,19.991823
96.64658546447754,127.29692268371582,31.736614,19.35226
96.99812126159668,127.55727100372314,31.283451,20.60584
98.07008361816406,127.89821147918701,30.474022,18.807337
98.4426679611206,127.30689144134521,30.25654,19.285341
97.72780895233154,126.3581075668335,30.717356,20.605532
98.33205318450928,125.67351150512695,30.730532,21.156784
98.03495597839355,125.74005889892578,31.217228,20.675018
98.26347923278809,125.63468933105469,30.997784,20.725357
98.74174404144287,126.2552137374878,31.084826,20.764109
97.9310712814331,126.1219539642334,31.696817,20.193836
98.85092639923096,125.62774467468262,31.844877,20.717846
98.16408157348633,125.82364463806152,32.95629,20.458012
98.21581840515137,126.1361608505249,32.27238,19.19649
99.43132209777832,125.01058578491211,31.87479,21.03151
99.26978874206543,125.06467628479004,31.45779,21.371029
99.85818099975586,125.32946586608887,32.186317,21.816227
100.22323799133301,124.73487854003906,32.158344,21.539886
99.46585273742676,125.06325817108154,32.50523,21.57371
99.43888282775879,125.4002628326416,32.618214,20.433407
101.0574779510498,124.81658458709717,32.15401,22.694162
100.33647632598877,124.97310543060303,31.830503,21.119928
100.37599182128906,124.63985443115234,32.81775,22.483429
100.8985185623169,124.660475730896,31.502256,21.733118
100.25532913208008,124.73577499389648,32.00432,21.917885
100.87908554077148,125.45864868164062,31.39392,22.456398
101.17405319213867,125.11456203460693,32.311577,22.081804
101.59838008880615,124.66031455993652,31.271448,23.350697
101.2839002609253,124.93263244628906,31.831202,22.564758
101.11792373657227,125.55316638946533,32.47233,22.421515
100.9127140045166,125.7717866897583,32.626537,21.214582
100.74125099182129,125.4019021987915,32.971127,21.725157
101.67073631286621,124.15600299835205,31.48988,22.613508
102.18889427185059,126.30392265319824,31.611301,22.210003
101.65526390075684,123.71377277374268,32.719166,23.231245
101.69947528839111,124.7534008026123,31.400549,22.509472
101.70646286010742,124.01106452941895,32.20823,22.472393
102.49712753295898,124.59942436218262,31.616722,22.782581
102.06292533874512,124.75050163269043,31.966885,22.374813
101.56577110290527,125.10661125183105,32.603374,20.579449
101.13121795654297,125.01580047607422,33.043877,22.455101
101.51322746276855,124.84848403930664,32.68012,21.694664
101.10638618469238,124.7187385559082,32.959324,21.309242
102.06991863250732,125.00149917602539,31.478983,21.418076
102.73132133483887,125.10397720336914,32.625942,21.758827
101.62503814697266,125.14173316955566,32.883537,20.386654
102.93496036529541,124.8945484161377,31.664488,21.77898
102.7061014175415,124.37556171417236,31.886671,22.071653
103.80800342559814,124.56614017486572,30.934637,22.512388
102.01504325866699,125.38096618652344,33.523388,20.08265
103.74662399291992,124.79166030883789,31.13469,22.149506
103.4088773727417,124.92513465881348,31.876947,22.471348
103.46672344207764,125.35188293457031,31.837206,21.0448
102.81421375274658,125.31665802001953,31.713415,20.963554
102.92451190948486,125.82386112213135,31.887892,20.926908
104.08250522613525,124.51016139984131,31.419683,20.767412
103.6181755065918,124.08740997314453,31.492775,22.451675
103.38059043884277,124.09383964538574,31.339542,21.591518
102.9467830657959,124.61141395568848,32.23839,21.318562
104.41075611114502,123.83381080627441,30.295225,21.958866
102.40314102172852,123.56952857971191,32.42511,20.709942
102.9825849533081,123.28141689300537,31.64071,22.12649
103.52667140960693,123.57959270477295,31.975687,20.52003
103.20156002044678,123.1967887878418,31.501291,20.86081
103.01444435119629,121.67849254608154,32.41686,22.488657
103.07598972320557,122.9897518157959,31.413122,21.21661
103.24787044525146,123.29264831542969,31.98115,20.686531
104.16907215118408,122.97328281402588,30.368612,21.345343
103.77771759033203,122.52295112609863,30.856895,21.325047
104.0871467590332,122.81501388549805,30.753899,21.852287
104.44512176513672,122.55244636535645,30.48384,21.39552
103.79264068603516,122.481689453125,32.02871,21.386887
103.88131809234619,122.91804313659668,31.324324,20.916103
103.1707649230957,123.6482105255127,31.667313,20.687756
104.44064426422119,123.38660621643066,30.04421,21.414341
104.69088649749756,123.50969505310059,30.957636,21.314907
104.94942378997803,123.42863273620605,30.450052,21.237598
104.31589317321777,123.43764019012451,30.355747,20.778864
105.08563232421875,123.68680763244629,30.114235,20.358784
105.2559757232666,123.24474239349365,29.47958,21.502665
105.51478481292725,123.52464485168457,29.894915,21.724522
104.87238025665283,123.17310619354248,29.742758,20.991457
105.35217571258545,123.71109867095947,29.23446,21.531446
105.71982765197754,122.75279331207275,28.966099,21.246931
105.37953472137451,123.73204612731934,29.319094,20.624096
104.24747371673584,122.46372985839844,29.872995,20.131744
104.8411455154419,122.777587890625,29.163992,21.374123
104.5611457824707,123.18028545379639,29.579826,20.554186
104.89923763275146,123.1290225982666,30.102396,21.074963
104.39584636688232,122.75862312316895,29.884424,20.121914
104.33844661712646,123.8274974822998,30.40034,20.728565
104.14015674591064,122.92390727996826,30.14939,20.519823
103.54910373687744,122.68834209442139,31.12831,19.745142
104.3411340713501,122.13301467895508,29.52226,21.659332
104.62388801574707,122.19695568084717,29.718708,21.550203
104.70503616333008,122.98166847229004,30.290985,21.013073
104.0117073059082,124.02594470977783,31.073608,19.082174
104.0405683517456,122.1339340209961,29.906427,20.17604
104.76173973083496,122.99873352050781,28.949543,21.01744
103.45590209960938,123.39140319824219,31.075058,19.450851
104.53051376342773,122.96478176116943,29.701607,21.066126
103.91336822509766,123.1120433807373,30.497574,20.043247
104.82973003387451,122.34609127044678,29.563578,22.698168
104.1082935333252,122.80224800109863,30.117474,20.406742
105.1274061203003,123.33347034454346,29.514147,21.427732
105.18325138092041,122.12469291687012,29.923483,21.07426
104.10884761810303,123.35822677612305,30.518335,21.146027
105.05758476257324,123.71974182128906,29.447979,21.948357
104.66442966461182,123.60997200012207,30.222357,20.761097
105.1020975112915,124.25757503509521,30.265219,21.051348
105.63751029968262,122.66811656951904,29.70911,21.646143
105.60446357727051,123.68822765350342,29.848248,22.334475
104.3514175415039,123.54094886779785,31.23896,20.969143
105.00698184967041,123.36255645751953,30.224234,20.74466
104.83137607574463,123.44870185852051,30.225706,21.766186
105.6606216430664,121.97653579711914,29.8237,22.725029
105.35805797576904,122.60111999511719,30.454882,20.446983
105.8235673904419,121.7891616821289,29.21861,23.358238
105.35672950744629,123.06322574615479,30.878788,20.158476
105.79656028747559,122.07054996490479,30.253963,21.748571
105.85213375091553,122.62018203735352,30.22809,22.461899
106.3061294555664,123.79400157928467,30.268143,20.363977
105.28495979309082,122.63948822021484,31.260807,22.378021
106.38873863220215,123.12281799316406,30.581776,21.304504
105.51628971099854,123.5943775177002,31.168867,20.303448
105.47124576568604,123.32703018188477,31.456686,19.87555
105.27479934692383,124.00063419342041,31.588905,20.998663
105.35608386993408,123.70777130126953,31.319197,20.78704
106.28370094299316,124.36800575256348,30.11481,20.749989
105.76789379119873,124.36986446380615,31.072718,21.272905
106.53728103637695,123.71149635314941,30.867867,21.19971
105.86217975616455,125.39283466339111,31.73435,20.266516
106.04068279266357,124.5324296951294,31.833124,20.995398
105.77717018127441,124.14148616790771,33.39249,20.806917
106.26184844970703,124.75717067718506,32.734024,19.865671
105.78662109375,123.97631645202637,33.256027,21.670246
105.8309211730957,124.37268543243408,33.34852,21.091497
105.41116333007812,124.39651584625244,33.620926,19.583204
106.59834289550781,123.53423023223877,32.633133,20.653898
106.14613342285156,123.56237030029297,33.14692,20.388634
106.26517105102539,122.81777572631836,33.893356,21.25679
107.22569274902344,123.68439865112305,32.863,20.731476
108.70616912841797,122.37285709381104,30.920532,22.204107
108.88398265838623,123.99514865875244,31.388468,21.25376
108.81757259368896,123.44738578796387,31.040323,21.485867
109.53927516937256,123.99420261383057,30.262636,20.816809
108.10348606109619,123.86161041259766,31.380514,20.081772
108.9116382598877,123.6862268447876,31.521717,20.359335
109.39420318603516,123.61763954162598,31.347305,20.701344
109.14750480651855,123.61709880828857,31.010387,21.171495
108.91580581665039,123.46048355102539,31.530273,20.892899
108.88387203216553,124.03990745544434,31.660769,19.86343
109.50545597076416,123.52324867248535,31.295973,21.024738
110.55406951904297,123.77069187164307,30.987556,21.302
110.55029773712158,123.98229217529297,31.034216,21.869995
110.3515977859497,124.00410842895508,30.70658,22.32499
111.14801025390625,123.9849967956543,30.74453,21.587685
110.87211418151855,123.303635597229,31.0061,22.324385
111.68753147125244,124.34327983856201,31.129057,22.960901
111.69552326202393,123.62205028533936,31.28182,22.897783
112.03739070892334,125.8286771774292,31.583017,20.864779
111.25966453552246,124.52496337890625,31.391544,22.132019
111.6543960571289,123.44426918029785,31.523262,22.924732
112.72255229949951,125.0899772644043,31.890337,21.661781
112.0605354309082,124.11506843566895,32.059395,22.845097
111.31978607177734,123.76811504364014,30.947647,22.969133
113.53403854370117,123.05377578735352,30.349503,23.340927
112.93698787689209,124.09498119354248,30.47436,22.479052
111.94766998291016,123.24052143096924,32.412094,23.07701
112.52047348022461,124.10103225708008,33.5437,21.95034
113.19985580444336,123.85369777679443,32.96749,22.414026
112.81180572509766,123.6692008972168,33.34034,22.47573
114.96834754943848,123.29561424255371,30.862278,22.509731
114.55072116851807,123.32660865783691,31.503141,21.259052
114.93532848358154,123.92620086669922,31.574091,20.81987
114.63502311706543,124.2169885635376,32.89349,20.218435
116.1390733718872,123.96145343780518,30.977507,20.914839
115.25769805908203,124.62328243255615,32.28852,19.881327
115.44440841674805,123.76263999938965,33.26204,20.469364
115.68953132629395,125.01136589050293,32.755238,20.048832
116.13406181335449,125.15431118011475,34.26753,19.136301
115.24074745178223,124.7689790725708,36.58752,20.152006
117.72741889953613,125.48141670227051,33.365772,20.143276
118.73096656799316,125.28522872924805,33.633205,19.454468
117.6524658203125,124.5328483581543,34.69156,20.579773
118.62828063964844,125.3798189163208,34.04467,20.947783
118.91305351257324,125.80121040344238,33.327747,20.56683
119.48140716552734,125.81807327270508,32.237778,19.52967
119.75357818603516,125.2772569656372,34.002518,20.893736
120.3989429473877,124.85724353790283,33.370747,21.601034
120.80142211914062,125.38834285736084,33.357224,19.837397
121.96974658966064,125.9338264465332,31.269766,20.50579
120.98414611816406,125.90572452545166,33.732628,18.920927
123.12350273132324,125.19449615478516,32.34627,20.175232
123.15365314483643,124.96917343139648,30.817053,20.591515
122.7512149810791,125.20227813720703,33.935703,19.096016
124.18955993652344,124.92074394226074,33.82453,20.296429
123.7963752746582,125.04038333892822,41.504402,20.464972
122.21947288513184,124.01784038543701,41.901142,21.613115
123.3347396850586,126.19563484191895,54.95665,23.260777
117.05632591247559,123.9199743270874,43.1207,21.374414
124.81013107299805,124.95831394195557,35.7378,18.9551
126.50870323181152,125.34119319915771,34.95711,17.242022
127.99960136413574,124.15449333190918,33.949406,18.992962
128.72555351257324,124.06190013885498,35.091434,18.894014
128.07850456237793,124.9818468093872,35.00136,18.322927
128.32929611206055,124.22124862670898,35.64251,18.976631
129.4185447692871,124.25568580627441,35.116043,19.324207
128.0219898223877,123.80261325836182,35.928654,18.41944
130.55708503723145,124.28546619415283,37.10516,17.79244
128.9642276763916,123.46045589447021,38.17963,19.261095
135.4662799835205,125.11556911468506,38.814304,21.197916
140.94348907470703,124.6679048538208,34.8347,20.94631
133.19498825073242,123.25611305236816,35.11087,19.737827
131.0092067718506,123.99863243103027,35.480648,18.64796
132.36913299560547,122.993896484375,38.962402,19.083961
162.69615364074707,120.40859603881836,40.816036,28.150917
168.5200366973877,117.38799667358398,42.030087,32.711143
161.59988021850586,117.5737657546997,44.5429,31.436865
170.0286159515381,114.1462574005127,38.199818,35.398632
168.53969192504883,113.96751403808594,40.451485,35.692307
168.7865505218506,124.40010166168213,49.639347,29.200361
171.0444564819336,112.46699905395508,39.264664,38.333397
152.7110595703125,115.51228046417236,43.199097,30.031927
139.17642402648926,115.55239486694336,39.19472,26.351112
139.81053733825684,116.48652267456055,35.752712,24.582314
138.24325561523438,116.91748809814453,37.689835,23.41417
138.67652702331543,118.24030113220215,37.245068,23.247547
139.1642074584961,118.80582523345947,36.753036,23.1052
141.69352912902832,118.99628829956055,36.108707,24.464966
141.04414749145508,118.8806848526001,37.370224,23.186079
139.46518898010254,119.55939197540283,37.495014,24.45291
140.88955688476562,119.27541446685791,37.35025,24.987402
142.48519897460938,117.88256931304932,36.56713,25.841925
142.06410598754883,118.00570678710938,36.97944,24.279793
138.11798858642578,118.3895788192749,38.284897,23.770113
138.3761501312256,117.84872913360596,39.2076,23.39359
137.53743743896484,118.57249355316162,41.596794,22.306551
135.1902961730957,118.56151866912842,44.12641,23.758966
136.65603637695312,117.46494960784912,43.9693,25.107943
139.00007247924805,117.10988521575928,40.872856,25.248156
138.63277053833008,117.40567779541016,39.86477,24.811234
137.56895065307617,117.83507251739502,38.242928,25.098593
146.42381858825684,117.50982666015625,33.433704,25.084946
148.00379943847656,118.04664707183838,33.02767,23.852674
148.6857566833496,117.7625093460083,32.360725,23.480124
148.0498390197754,118.11582565307617,33.501106,22.817085
147.35660362243652,117.35237503051758,33.859432,23.646675
150.0411548614502,117.12895011901855,33.160954,25.70699
149.48519134521484,119.13123989105225,33.40222,25.016314
148.81829261779785,119.0888500213623,33.470974,25.989117
148.71968460083008,120.50838947296143,32.210953,25.61331
149.2772674560547,120.72337436676025,33.639816,25.367529
148.2151165008545,120.54086494445801,36.74399,25.627079
148.47662544250488,121.96229362487793,32.896915,25.456326
147.72131538391113,122.87291431427002,34.257183,24.142385
147.8299503326416,123.4967451095581,33.472782,25.943743
146.14510536193848,123.39909267425537,36.141293,24.56663
147.46919631958008,122.56635284423828,39.497368,26.844711
149.2029266357422,123.34167289733887,34.787537,24.654087
148.03284645080566,122.8868408203125,34.906094,24.120255
148.57485580444336,123.60277557373047,33.580536,22.680534
148.46322059631348,121.23599529266357,37.368465,24.298685
146.62055778503418,120.04958057403564,39.176662,24.35314
147.7140941619873,117.62462520599365,40.516552,26.22185
147.26283645629883,117.14871978759766,37.903336,27.39827
147.20637893676758,115.74747371673584,40.858505,24.91656
146.17494583129883,113.20825576782227,42.914368,29.06601
144.7790985107422,113.6017427444458,42.055138,30.49037
144.2193603515625,113.45337772369385,39.899834,27.705847
143.66048622131348,113.16694164276123,39.510807,31.831896
144.64855003356934,112.60878849029541,38.064816,28.267172
142.11233139038086,111.86919593811035,38.570892,31.31351
142.44821166992188,113.14361572265625,38.16143,30.829674
141.5541820526123,112.78954410552979,35.842617,30.174704
138.64167404174805,115.93503952026367,40.1091,26.056854
138.99548530578613,112.44569683074951,37.148716,27.978151
138.20412635803223,113.3088550567627,37.36977,28.213017
137.22615432739258,112.92532634735107,40.484375,29.80179
135.95273399353027,114.04381942749023,38.9295,31.815506
136.29206466674805,115.10455703735352,36.581177,29.896454
135.56879234313965,114.61145973205566,36.03915,33.619907
136.11916160583496,115.27842807769775,34.411526,31.740713
134.14691734313965,114.89749145507812,35.562008,34.980186
132.89722633361816,115.59329795837402,35.801365,32.119335
132.9054183959961,116.56500053405762,34.869255,34.06509
129.99947929382324,118.09465789794922,37.808453,32.870155
129.8420639038086,116.47240829467773,36.63233,33.61641
128.65540885925293,118.0345287322998,36.2684,32.662
127.56113243103027,116.85611724853516,35.935726,35.583595
125.864013671875,115.9488353729248,36.097054,36.06776
124.90031814575195,116.61729431152344,36.545074,34.704826
124.07668495178223,117.38882446289062,36.684147,34.111946
123.3028507232666,117.23771667480469,35.69649,36.09913
122.13407707214355,117.2551383972168,36.19769,35.507996
121.31121635437012,116.88378143310547,35.754375,34.701683
119.27519035339355,118.47492980957031,38.442654,32.028908
119.38091087341309,121.80171585083008,36.491695,32.678223
117.73184967041016,117.90583229064941,36.575523,35.885975
115.77116394042969,117.79583740234375,38.159874,34.38479
115.23605537414551,117.86781692504883,36.691547,37.84845
113.06330871582031,116.59538841247559,39.437096,37.865337
111.46383857727051,115.55737686157227,38.83611,38.009445
111.13516616821289,116.70007705688477,37.963516,38.829727
108.71127319335938,115.86723518371582,40.63984,33.81032
109.73088073730469,115.4636173248291,37.362587,36.570744
105.88695907592773,115.00158500671387,41.904037,37.47604
106.49327087402344,113.80400085449219,38.142952,35.920815
105.37025451660156,115.44695472717285,37.92643,36.867924
102.78179550170898,113.57787895202637,42.345856,37.701595
102.7562313079834,113.10762023925781,40.08595,41.07212
99.41330337524414,111.73847961425781,41.47499,36.45681
100.97446250915527,120.00410461425781,37.33633,33.196373
101.05885314941406,121.78562927246094,36.043114,33.637276
98.78708457946777,125.89162635803223,37.308743,30.083805
98.66271591186523,125.47601509094238,36.75229,30.389332
96.01642608642578,124.62404155731201,39.124947,31.424898
94.35158920288086,114.8375186920166,42.16397,33.85951
92.4271068572998,126.59035205841064,38.928585,30.537176
91.19726943969727,123.33940696716309,38.74565,32.627537
90.44366645812988,111.6054859161377,41.109074,41.133663
88.8557186126709,121.8890323638916,38.11851,33.14358
86.82051658630371,120.60647964477539,39.05868,35.893684
84.3200912475586,115.03751754760742,41.221077,41.963387
76.69240760803223,116.79771614074707,46.93497,40.577374
82.78596305847168,120.41153717041016,38.842617,37.374268
81.06270217895508,120.72432327270508,39.924606,37.28904
79.99744415283203,124.2210865020752,38.97834,33.37167
79.40708923339844,122.8798828125,39.655556,35.299637
76.91391944885254,125.4076042175293,39.31049,32.52674
76.04322814941406,122.87875175476074,39.824303,36.78284
75.27122497558594,120.97291564941406,40.129173,38.84549
72.37907218933105,120.33260726928711,41.884853,39.814278
69.38362693786621,123.5023307800293,42.754894,34.959663
62.67396545410156,122.44699478149414,49.991722,36.16662
