143.0,125.0,30,54
141.2707405090332,127.03514671325684,32.67231,49.64287
141.14616775512695,127.38809394836426,32.814873,49.611233
140.98293495178223,127.98529243469238,33.07693,49.43176
141.0031394958496,127.89277839660645,32.73452,49.307537
141.45119667053223,128.6626796722412,32.93211,49.575764
141.54199028015137,129.2836627960205,33.043583,49.590755
141.3339328765869,129.3330478668213,32.98097,49.118603
141.47867965698242,129.09517669677734,32.67112,49.893692
141.72269439697266,129.10044288635254,32.248154,50.30438
141.6447238922119,129.28506660461426,32.470318,50.629116
142.21076011657715,129.57134246826172,32.44756,50.18373
142.00637435913086,129.673677444458,32.32949,50.1835
142.20948219299316,127.24992370605469,32.23559,52.3817
142.23201751708984,127.36423110961914,32.244568,52.368355
141.43322563171387,124.53451728820801,33.32741,53.744442
139.76547813415527,125.01443099975586,34.383457,53.079674
139.32048416137695,122.5591869354248,34.993675,57.857716
138.8451862335205,123.42236328125,36.300167,57.717438
138.15623664855957,125.35250473022461,38.503902,58.197853
137.9009838104248,126.09932136535645,39.24898,59.90208
137.40668487548828,125.9256763458252,40.36464,61.80752
136.67530250549316,124.92203140258789,41.888714,64.660805
137.05695343017578,126.0324878692627,42.1492,61.12341
137.96044158935547,124.78240203857422,41.37703,63.89334
135.04467391967773,126.92322540283203,44.338326,63.48616
135.88426208496094,125.42826843261719,42.384567,66.68341
135.37264823913574,122.79692840576172,43.210575,70.03288
135.32323455810547,123.18508529663086,45.308014,69.70188
135.9955825805664,123.39263916015625,46.46547,69.99318
133.59828567504883,123.94413375854492,49.90728,76.20905
140.46145820617676,125.01887512207031,43.327297,74.40015
134.94044494628906,123.03773498535156,48.820923,81.18436
136.26480674743652,123.5440788269043,48.116505,78.79304
134.58788299560547,122.91722869873047,49.344406,80.84744
134.45532035827637,122.83609390258789,49.58176,80.15534
134.03893089294434,122.99337387084961,48.53005,79.04507
133.53496170043945,125.66437530517578,48.30964,72.93164
133.17497444152832,129.625,45.151592,67.46956
132.86795616149902,131.091552734375,42.92528,65.96263
131.66245651245117,133.55182456970215,41.07151,61.94672
131.64594268798828,134.66128158569336,38.84723,59.21673
130.77699279785156,132.9418125152588,37.2921,58.326702
129.07855796813965,134.7975082397461,38.259403,55.261536
127.32942008972168,131.2163600921631,36.713978,54.344715
128.13391876220703,128.61638259887695,36.636246,57.07905
129.2923355102539,129.40404319763184,36.971817,54.61095
131.3559398651123,132.3866901397705,36.605396,48.995876
135.04626083374023,132.06463813781738,37.844444,49.647366
138.26408576965332,131.93565368652344,36.43469,49.298706
141.62013244628906,132.81197929382324,37.09912,48.178074
145.38277053833008,133.12346649169922,38.102592,45.479218
150.52103805541992,134.2604217529297,36.384438,44.284134
152.17716598510742,134.47168731689453,33.47358,49.67952
147.15077590942383,136.36780166625977,36.147224,48.647255
144.70877647399902,135.9383087158203,35.067554,47.70047
144.41269874572754,137.1789093017578,34.33044,46.381256
141.6658535003662,135.9840030670166,35.862232,48.618786
137.9672393798828,138.7268180847168,36.515533,51.172844
136.43358421325684,140.21629905700684,36.38779,52.80016
135.59824562072754,140.96567153930664,35.13371,53.02279
140.1299819946289,142.77626037597656,32.989273,53.514236
136.06179428100586,141.24219512939453,38.716682,57.059464
136.51261711120605,141.32899475097656,40.33579,57.96457
136.23116874694824,138.1347885131836,41.160862,63.438873
136.01836395263672,134.04007720947266,41.904633,65.648254
134.72199630737305,131.13283157348633,43.082237,69.883995
132.37779808044434,130.52630615234375,44.728016,67.29985
131.3860206604004,127.12273025512695,46.458977,74.38741
131.31740760803223,124.25177001953125,49.70367,73.0258
130.09929275512695,117.58826446533203,55.90339,70.0352
130.7757968902588,100.61175155639648,56.919186,83.17858
131.8155918121338,97.61724853515625,57.298733,77.41826
132.08578300476074,90.3765869140625,58.323414,81.468
128.4060001373291,80.06531143188477,62.630306,87.12437
126.37161445617676,78.65116500854492,62.09715,78.93365
118.1831169128418,78.38496017456055,70.03228,75.1014
111.9663200378418,79.66445922851562,66.044426,78.79726
152.5168399810791,81.38434982299805,59.81338,57.18444
167.02911758422852,86.20253562927246,49.96009,35.720142
169.46542358398438,88.74890422821045,41.905334,26.638117
169.88344192504883,89.0111026763916,40.94268,27.415539
169.67673301696777,88.37324237823486,39.26392,25.93102
169.94568824768066,89.64702701568604,41.506954,26.297392
169.8562240600586,89.53237724304199,41.238342,29.548359
169.26562118530273,88.85895252227783,41.84739,30.356161
169.28707122802734,89.56075859069824,42.541275,28.133213
168.9556121826172,89.19940280914307,41.04924,27.335234
169.1060562133789,89.4766902923584,39.729675,26.454609
168.8148307800293,88.63652515411377,37.494698,27.069326
169.01322746276855,89.30645179748535,40.969105,27.416668
169.19893646240234,88.90919780731201,34.219543,25.309793
169.67499351501465,89.16962718963623,40.6061,26.041422
169.8636236190796,87.89619731903076,31.049181,24.915369
168.75323677062988,89.7554702758789,41.62196,22.902641
170.1341609954834,89.36201858520508,42.053257,29.403244
170.85998725891113,88.83731460571289,41.64178,29.088196
170.12613487243652,88.67621421813965,39.913425,28.353298
170.38751411437988,88.7868881225586,38.74452,28.478294
167.79600715637207,89.99057674407959,39.42129,28.78927
169.6996021270752,89.52724552154541,41.80775,28.885351
169.3246021270752,89.64628410339355,40.307384,28.544292
169.99631118774414,90.25239276885986,40.930428,26.632734
170.98787689208984,88.58960437774658,40.96762,26.895842
170.18565940856934,88.92208290100098,41.344913,26.994816
170.06846046447754,90.2205400466919,42.272884,27.44798
169.24950981140137,89.11166000366211,40.96343,27.014221
166.7540397644043,88.81797409057617,32.885216,32.783768
168.81531143188477,87.59651184082031,39.430977,29.659325
151.2121467590332,125.56482887268066,34.867767,50.2719
151.03446769714355,124.94950675964355,35.68211,49.169018
150.1956443786621,124.74835014343262,36.45816,48.75285
149.96245193481445,121.52978706359863,34.729385,45.72379
147.4311637878418,119.91763877868652,34.59703,46.56242
142.45277786254883,120.10603904724121,34.89055,46.474392
136.66447639465332,119.26078224182129,36.854313,49.03072
132.88885879516602,121.84818840026855,34.57019,51.00735
131.90298652648926,123.15308570861816,33.809513,50.699665
130.7731056213379,122.92312622070312,34.034546,56.51255
129.0876750946045,131.03597259521484,35.96658,50.8285
128.00647354125977,132.93265342712402,36.060806,53.372753
129.5418930053711,133.39448928833008,39.524788,51.39299
133.17881965637207,130.43901443481445,37.010624,50.932724
135.9815845489502,128.48602676391602,34.289555,52.786148
136.21750831604004,127.32062530517578,33.11156,54.435158
133.10180473327637,124.95370483398438,34.99658,57.124702
131.40357780456543,124.90572166442871,35.33836,55.359432
130.5529499053955,122.50704956054688,34.266605,52.352104
131.45785331726074,120.49789047241211,32.967815,49.876923
133.6973352432251,120.50131034851074,31.371405,50.431393
132.68920707702637,123.03200340270996,32.17851,47.43603
131.40114784240723,122.06643104553223,33.08391,48.38341
128.70681953430176,123.71357917785645,40.81946,49.301487
125.20512008666992,118.20567512512207,47.144806,55.183765
123.99261093139648,115.29851341247559,46.723923,56.382442
125.46573257446289,116.03080558776855,41.352966,53.200512
123.51699829101562,114.09244155883789,37.090477,55.714996
124.1758975982666,116.49529838562012,36.453358,53.78149
125.63833618164062,118.16264533996582,33.60856,51.85059
125.25771713256836,118.1107063293457,36.447678,52.99727
125.5211238861084,118.62981796264648,35.253628,51.32193
127.46078300476074,121.22303771972656,35.33903,48.609016
128.32545852661133,121.29392623901367,36.04808,52.028976
129.162353515625,123.57479095458984,38.64022,48.472816
131.68185806274414,123.97415542602539,36.624435,48.66617
131.39836978912354,129.15948867797852,31.755163,45.831406
130.8920497894287,124.95021629333496,36.438793,50.36523
129.1323471069336,123.21562004089355,38.88218,49.762005
125.30774116516113,126.2387752532959,42.021427,47.00909
122.25594902038574,125.35980606079102,44.330975,44.100357
115.42463874816895,129.8781795501709,50.61562,45.226147
109.11313056945801,128.93861198425293,55.347828,47.538723
105.6961841583252,126.43765640258789,52.701923,46.50856
104.74408531188965,118.76808738708496,49.985317,42.071697
112.43854522705078,113.15549659729004,43.797844,36.59461
97.27129745483398,104.93757438659668,56.027878,44.70315
103.14154815673828,102.54840660095215,55.48107,53.6947
103.17096328735352,100.36505699157715,51.201324,54.973064
122.24565505981445,104.04332733154297,39.345627,58.4672
125.51633834838867,105.75462532043457,36.163986,56.882267
125.49056243896484,104.87264251708984,36.935738,58.549706
128.85733032226562,107.0439682006836,34.798683,57.033485
130.50511741638184,108.65835762023926,34.541744,56.66892
131.80791091918945,103.2507381439209,35.652527,59.200954
132.57970809936523,113.47970581054688,35.329865,54.909157
132.40924072265625,109.8971061706543,38.148277,57.532288
130.29648971557617,112.5699577331543,50.304398,60.324387
128.92998504638672,116.71407508850098,52.14147,59.678196
128.72747230529785,116.3819408416748,52.587025,61.86926
129.77386856079102,118.73556327819824,48.761673,60.631954
128.30511665344238,120.0690803527832,44.677097,62.9348
126.90117835998535,126.53014373779297,41.691425,60.923485
124.8740348815918,128.93639373779297,41.886505,64.11054
123.59410667419434,133.97789001464844,42.758053,58.86355
123.25971221923828,125.80371856689453,42.66848,69.94965
121.3416690826416,125.48897933959961,43.559025,68.73709
120.19845008850098,119.81537628173828,42.519505,76.26217
117.78354072570801,137.5455093383789,51.30599,67.70675
123.4026050567627,138.70851135253906,51.77376,58.099968
124.39686965942383,138.6828842163086,50.357513,60.696983
134.11920928955078,128.0131072998047,47.22016,65.180336
138.64171409606934,134.94775581359863,45.850643,58.853733
147.0999870300293,115.37812805175781,40.55162,79.10459
147.923002243042,132.87648391723633,40.756145,60.90474
143.62667846679688,136.3022232055664,42.6372,57.78431
144.18195152282715,137.61375617980957,42.60406,55.06235
145.5155200958252,138.1283893585205,41.136173,58.012608
147.1263427734375,135.62703704833984,41.853966,55.91944
147.6600112915039,138.19023513793945,39.461967,53.967667
149.48044967651367,135.8473663330078,39.871414,56.2788
152.39613723754883,136.00044631958008,39.654373,51.566757
154.81248474121094,137.08252716064453,39.456535,49.916145
155.83583641052246,136.2062702178955,41.23765,52.131535
160.7192153930664,132.97284126281738,41.65452,51.81748
162.8218173980713,130.04077339172363,41.515537,54.614353
166.87348747253418,120.58640480041504,44.228725,58.683887
172.8156280517578,123.18183135986328,42.06002,62.435707
176.2570343017578,120.55860137939453,43.50924,69.025246
181.25356674194336,125.43634796142578,46.052063,72.392784
186.77921867370605,127.90469360351562,47.48225,71.52647
192.65375137329102,130.0496368408203,44.312164,68.040016
197.14518928527832,122.48311614990234,41.89214,79.909004
198.07169342041016,135.3821258544922,42.25245,64.5118
195.75486373901367,136.58930206298828,43.52542,67.79162
192.53865242004395,135.08631896972656,45.74271,72.50085
194.91712379455566,131.7939338684082,47.35944,65.14879
195.9656982421875,135.00732231140137,49.80816,63.284054
196.02751922607422,127.77274703979492,52.860283,79.88284
193.92042541503906,116.02395248413086,54.946236,85.71867
188.31422424316406,106.87531280517578,59.492287,81.719475
181.97364807128906,92.03009796142578,65.041725,87.6672
185.7967929840088,100.1139030456543,61.3557,83.68523
184.45620346069336,78.4784164428711,64.03255,96.97228
181.13116073608398,66.59091186523438,70.071915,106.96378
180.9950408935547,65.99010467529297,76.50483,100.802666
181.5864601135254,71.12201690673828,73.12332,95.757195
174.60512161254883,59.57548141479492,78.25821,93.05339
168.37763595581055,62.32059860229492,87.57927,93.597855
162.79242706298828,64.93550491333008,82.58953,97.83386
150.17119216918945,58.88311004638672,88.226654,104.487236
139.7530746459961,79.7954216003418,89.38839,84.71077
129.9554786682129,77.20370101928711,88.09616,72.28087
112.68819046020508,81.7947883605957,88.12515,67.94513
102.00666427612305,77.42075729370117,79.94377,75.37721
80.23877716064453,61.13151550292969,84.52233,74.068825
95.05751419067383,57.11936569213867,77.92276,84.76601
47.410560607910156,73.84062194824219,81.64942,85.436226
41.198143005371094,55.45257568359375,77.407875,108.07203
38.641845703125,58.930824279785156,81.214134,112.360374
37.98663330078125,48.58389663696289,73.34872,148.58151
31.938945770263672,80.2052001953125,80.466736,114.203255
44.15156555175781,69.52608108520508,69.78368,109.14157
48.99984931945801,80.88412475585938,63.59316,108.32374
54.015785217285156,85.75470352172852,66.89237,95.97449
61.60176086425781,94.34978866577148,68.45345,86.86766
62.21058464050293,91.3643913269043,63.32217,93.739426
69.36910629272461,103.0718002319336,63.24243,71.595085
76.58596992492676,97.31258392333984,55.715992,72.68734
80.27701377868652,97.55481338500977,60.68864,65.31358
84.00858116149902,100.63509559631348,55.515575,61.970783
92.58867645263672,104.0246810913086,50.504692,64.49235
97.67581748962402,106.80179023742676,43.48956,62.854404
102.5675220489502,111.97908401489258,40.91373,64.114075
103.89264678955078,116.1356258392334,39.615288,60.158657
108.88150596618652,126.51018333435059,40.42065,55.520565
113.52895545959473,128.79629135131836,38.984974,47.355225
119.83059501647949,134.86160850524902,36.755993,46.93774
121.78316879272461,132.29061889648438,32.283722,47.372047
124.08147621154785,133.4172477722168,33.677525,44.99736
125.07275581359863,132.81437301635742,32.097645,43.573975
124.6797046661377,128.89320182800293,31.190144,46.05421
125.13729095458984,130.26641654968262,31.232399,42.84193
124.25883197784424,125.2767219543457,30.986479,45.081375
124.62921524047852,125.30181312561035,29.946884,42.641483
124.20356941223145,124.21627044677734,28.099323,38.532967
123.0243034362793,121.61115264892578,26.516754,36.817177
123.41401958465576,118.61617279052734,25.809465,34.573784
123.41301155090332,116.71965026855469,24.531452,36.19496
123.42908000946045,117.77179145812988,25.192171,34.97456
124.59243202209473,116.89348030090332,23.85477,35.874035
125.4941816329956,115.9762134552002,23.621286,35.580837
127.18719482421875,116.3899917602539,24.128357,33.407097
128.4556245803833,114.78572463989258,23.916868,32.45787
130.7521629333496,114.46382141113281,22.194511,32.940796
131.15185260772705,113.69634437561035,22.402433,32.692654
132.38430881500244,113.9817886352539,22.47663,32.010834
133.08051776885986,113.84309196472168,22.10507,31.843258
133.9328441619873,114.23612785339355,21.568455,32.59274
134.32246017456055,112.39092350006104,21.693512,31.443876
135.88411617279053,118.5760555267334,22.98363,32.081882
137.13875102996826,120.08225059509277,23.176157,30.181515
138.4390983581543,116.79462718963623,20.810722,30.064783
140.72856521606445,112.29401302337646,20.573334,30.100405
140.93842220306396,110.13972663879395,20.73858,32.995884
139.4813985824585,109.87364959716797,21.553675,31.08522
136.99961757659912,111.14256572723389,20.328913,27.605143
134.59040641784668,110.13914203643799,21.033596,25.98789
132.42374420166016,110.6674394607544,22.631218,28.357267
130.6323480606079,112.06067657470703,22.359396,30.039886
127.21026706695557,111.56315040588379,23.134405,32.543186
124.77263736724854,114.48428535461426,23.511892,33.274815
124.07361507415771,115.24324417114258,22.564714,35.90335
123.60539150238037,119.61849594116211,24.60908,35.961464
123.3564624786377,124.5282974243164,27.462772,35.0851
122.29519271850586,129.31766510009766,29.562897,37.788315
124.1300859451294,131.99720573425293,29.11064,45.587055
124.88377475738525,133.90703582763672,30.855032,49.806335
125.98971557617188,136.5757713317871,31.551369,50.068367
127.12173843383789,139.00679969787598,33.896698,51.37756
129.97206687927246,142.89626121520996,32.314526,45.398106
132.5676670074463,143.70015716552734,30.722523,43.896927
134.46279048919678,139.64932250976562,31.812677,48.462616
133.46148109436035,138.06199645996094,32.090366,48.18184
130.5322208404541,138.82261848449707,34.42728,47.142635
129.67459678649902,141.217866897583,34.27734,43.974987
126.70991134643555,139.07209014892578,35.595474,47.86464
123.55417823791504,140.96062660217285,37.231724,48.98199
123.54944038391113,141.70657920837402,36.266575,53.269306
121.86578369140625,139.33230018615723,38.495934,57.05865
121.66813850402832,137.7967071533203,40.00629,57.08333
120.39315795898438,136.29720497131348,40.908607,63.23942
120.0312271118164,143.12993240356445,42.233864,61.965782
119.79638862609863,135.7037582397461,42.898045,72.58937
119.98269462585449,139.97943115234375,43.676968,66.78688
120.46805191040039,139.1455421447754,43.24344,69.425804
121.37633323669434,139.17388916015625,44.837353,65.68431
123.80851173400879,141.54714584350586,42.540928,65.558235
122.81528854370117,140.21751403808594,42.414658,65.59424
122.69971466064453,147.34553146362305,42.983818,59.751396
123.23286437988281,138.1088409423828,42.1112,67.31421
126.26937103271484,146.24070358276367,41.207085,60.501915
125.13322830200195,141.03965759277344,37.542694,62.40857
125.83260345458984,144.15246391296387,44.724205,56.101124
127.88570976257324,142.68604469299316,42.334164,54.947643
132.6303367614746,145.5167579650879,38.57489,53.016335
135.53490829467773,141.47793006896973,38.309647,59.93162
136.7043743133545,145.5548553466797,40.065853,58.925644
140.4169692993164,149.72183418273926,39.44239,51.348858
142.26868438720703,147.91712188720703,37.47599,60.07585
144.64041900634766,150.3885898590088,35.52923,59.677654
146.65543937683105,154.83985710144043,35.40872,59.6626
146.5528964996338,162.51201629638672,36.653446,55.677414
147.1412868499756,171.067232131958,35.14407,53.499416
148.45481300354004,165.15821266174316,37.306843,57.060818
149.09873580932617,161.19681358337402,38.674667,56.377094
150.03956604003906,161.81030654907227,38.32241,53.633873
149.6009521484375,162.59765243530273,37.701637,53.18615
149.79948043823242,160.4713249206543,34.275375,53.894005
149.97152709960938,162.27019691467285,33.866005,52.93568
162.0988941192627,121.22290229797363,34.433765,55.73061
164.69903659820557,125.59226036071777,30.69695,52.45721
164.11464405059814,127.59723663330078,31.034758,51.328316
165.33564949035645,128.70889854431152,32.369297,51.82861
165.15098190307617,128.33059883117676,31.426819,52.513874
165.07473373413086,133.8409538269043,32.39102,51.433548
163.6927890777588,135.58944702148438,32.41364,52.064766
162.26440620422363,135.13168907165527,33.246082,48.924725
156.64743423461914,137.58184242248535,34.98683,48.31928
153.2027587890625,133.8500919342041,38.396416,45.246204
148.48941612243652,131.0634651184082,37.417324,46.68834
147.6346549987793,134.4969367980957,46.48285,42.176804
146.5140781402588,128.2231788635254,48.841465,46.775772
140.16963577270508,119.78011322021484,41.803574,49.372627
139.70923519134521,123.12422370910645,28.009546,45.1599
138.51874542236328,124.5838680267334,27.104393,37.082348
139.2014923095703,122.67658042907715,24.925545,36.43343
138.75385761260986,119.99552917480469,23.742132,34.57689
138.30442810058594,120.75039482116699,23.748055,31.35249
138.13127422332764,119.57625484466553,22.41472,31.24026
137.272629737854,117.22163963317871,22.229696,30.938663
136.5125789642334,118.4484510421753,21.821125,30.338488
135.74142169952393,117.8715705871582,22.144415,29.543892
135.6333293914795,117.43858051300049,22.92818,28.922209
134.11022853851318,117.44948863983154,22.169626,28.146753
134.64588928222656,114.72779273986816,23.314651,27.907978
134.9420804977417,116.72467136383057,22.962084,29.151335
134.71234226226807,117.54382801055908,22.774168,30.570402
134.06689739227295,116.61901664733887,23.808199,31.571125
134.1373815536499,117.62627983093262,23.980394,33.3622
133.83442497253418,120.20742797851562,24.594822,33.239273
132.88012409210205,123.27765464782715,22.900312,34.65611
133.31003856658936,124.93141174316406,23.903437,34.584373
134.68077087402344,126.78396606445312,24.185844,36.071396
134.5829839706421,129.272066116333,25.923044,37.096363
135.7219352722168,131.01046180725098,25.997925,41.11043
135.79204940795898,131.57508850097656,27.998642,42.118446
135.21875667572021,136.77000999450684,29.00361,40.693707
136.17988300323486,137.85047340393066,28.963484,42.220097
133.29607963562012,139.39928817749023,30.054363,41.731018
133.44145965576172,138.77383613586426,29.375832,42.558826
131.90206909179688,139.47012901306152,29.922646,40.21641
130.66109561920166,136.6489486694336,30.933432,43.326393
129.5221061706543,137.0625400543213,32.19899,45.19263
127.58896827697754,133.91557693481445,33.03905,47.16246
127.1995677947998,133.03662872314453,34.405956,50.30567
126.71653175354004,133.02425575256348,35.48537,52.060307
126.40151405334473,133.72868537902832,38.509464,53.525913
127.11457443237305,131.58449363708496,40.205368,59.843105
126.64553833007812,133.90053749084473,42.73121,60.994236
128.9213466644287,132.6775779724121,42.71774,67.385056
131.62106704711914,142.07790756225586,41.66716,64.64491
134.6172866821289,143.3721923828125,40.23461,66.34965
134.767183303833,139.8277587890625,41.92255,66.243996
132.8236198425293,137.36872100830078,43.063416,65.90707
126.98784637451172,135.0474033355713,48.826805,61.57662
122.39973068237305,135.40227127075195,49.41295,66.75331
117.27516174316406,134.01227951049805,48.032707,69.72473
114.51292610168457,133.3344841003418,45.073124,74.12512
113.53657722473145,137.6894302368164,44.524403,72.0832
111.9611759185791,141.6610870361328,44.757267,68.77671
111.71684265136719,139.80808639526367,44.664696,73.33293
109.294189453125,142.18508529663086,45.39106,72.64278
109.9400806427002,144.9329490661621,44.123585,71.54402
111.7816047668457,148.25730514526367,45.636612,66.515656
116.73827934265137,149.2278823852539,47.42384,66.23643
121.19898796081543,148.62582206726074,51.457363,62.586132
129.94330215454102,148.35523223876953,48.516556,64.58785
137.0239028930664,147.89293670654297,55.182854,64.751625
143.1509895324707,145.55197143554688,56.089066,64.671486
147.41889190673828,139.1489715576172,44.287804,68.11787
149.78380012512207,130.02495193481445,42.93279,69.633804
149.32341957092285,125.09486389160156,43.93755,68.41302
147.74079132080078,119.72608184814453,45.69593,67.93185
143.78260612487793,113.72541427612305,43.700665,67.33595
139.4349536895752,115.84691429138184,46.20641,59.08874
132.6423110961914,121.68207931518555,48.908318,56.42267
126.75277328491211,123.1309700012207,51.856476,54.99962
121.23685836791992,122.06851196289062,47.09706,58.660927
115.59934043884277,124.96084213256836,47.632458,61.30916
113.65747451782227,126.93217086791992,41.29486,60.325424
113.11549186706543,128.30315589904785,40.422237,61.047245
113.32741737365723,129.56662368774414,41.432636,60.146347
113.22490119934082,130.55598258972168,40.565754,60.194164
114.67223358154297,128.90690231323242,41.100044,60.649765
115.97581100463867,128.6393222808838,53.27025,58.24486
121.06784439086914,124.07084083557129,53.65387,61.31188
127.90153694152832,118.27816009521484,49.861454,65.099144
137.3301486968994,109.74331283569336,45.841724,68.69977
147.37141227722168,105.64290237426758,47.43664,70.773926
156.7283821105957,105.6765251159668,41.350372,70.30821
162.7524871826172,108.75037574768066,42.21441,63.859623
167.4193515777588,105.02213287353516,44.25542,60.15644
171.1192226409912,107.68755149841309,45.530712,50.528957
171.94416999816895,100.18683624267578,44.952427,49.425285
169.56762886047363,91.67166900634766,46.96581,44.55091
166.57894706726074,87.76770782470703,44.30238,35.361107
168.19566345214844,89.0193920135498,49.471474,48.134686
167.8759651184082,89.49664688110352,55.993057,64.01967
166.57423782348633,90.62911605834961,60.163315,61.34442
167.59379768371582,92.30897903442383,57.941837,65.917725
167.184814453125,91.09016036987305,55.740746,66.110275
164.57448196411133,85.22518730163574,51.903778,35.600887
162.23021697998047,85.9362964630127,42.672203,29.917362
165.98859119415283,87.52265930175781,28.248075,27.79589
166.78013706207275,88.91848373413086,25.56635,25.1875
166.71511363983154,88.79985618591309,25.133593,24.78841
166.60343837738037,88.07179832458496,24.86069,25.343746
166.8321018218994,88.77868366241455,23.990444,24.844976
167.1372194290161,88.93172645568848,24.261702,24.35323
166.99285125732422,88.27372741699219,23.580544,24.300224
167.56324577331543,89.2890739440918,23.217113,22.881958
167.30167865753174,88.37343311309814,24.32363,23.52107
167.2136116027832,88.57186889648438,24.179352,23.810112
167.01939010620117,89.29698657989502,23.234856,24.889647
166.68152809143066,89.0029935836792,23.388935,24.866755
166.9038963317871,89.78411483764648,24.363441,24.4637
167.20817852020264,88.8546085357666,22.780138,24.395527
167.00932598114014,89.06541538238525,23.15925,24.334814
166.48319149017334,89.53840827941895,23.744814,24.095318
167.50693893432617,89.53651237487793,23.170204,24.192265
168.31149768829346,89.40407657623291,23.718435,23.391088
168.39066982269287,90.0566816329956,22.136599,23.677546
168.55004024505615,90.3236312866211,22.45524,23.583519
167.9353723526001,90.34044742584229,22.984632,24.073256
168.28500843048096,90.07107067108154,24.055815,24.71596
166.94311332702637,89.69003582000732,23.955769,24.767275
167.73603343963623,89.07150459289551,23.617098,24.52644
166.78146171569824,89.35301685333252,23.997562,23.460592
167.35086822509766,88.39881896972656,24.21524,22.466301
167.27376651763916,89.13930034637451,24.233809,23.08784
167.62283515930176,88.8321762084961,23.62077,24.130539
167.95687007904053,89.67908573150635,22.870485,24.816381
167.5392551422119,88.94388580322266,23.240559,25.106613
168.01339435577393,89.76301288604736,22.804533,24.773787
167.30968284606934,89.00022315979004,23.151562,24.603
167.78786754608154,89.51036643981934,23.47571,24.179897
167.71089839935303,89.44287014007568,23.287256,24.467394
167.48599243164062,89.13797760009766,23.081863,24.808243
166.6521291732788,89.22549057006836,23.916498,24.53682
167.16447639465332,89.40200996398926,23.331867,24.495808
167.8811092376709,89.23175811767578,23.249485,24.294456
167.56676197052002,88.7972240447998,23.169691,24.461994
