298.0,160.0,48,80
297.55298805236816,162.90744018554688,46.187374,77.54373
297.82797622680664,165.5851707458496,45.63746,77.536995
298.8297367095947,168.85847854614258,46.432552,77.3319
299.8213081359863,172.35817337036133,45.923347,77.234795
302.0143699645996,175.97753524780273,47.016487,77.98304
303.72381019592285,179.13022232055664,47.808193,78.0494
304.74448585510254,181.20754623413086,50.872066,77.65014
304.89398193359375,182.3708152770996,52.77449,77.66952
305.5668087005615,183.37487411499023,55.20136,77.66772
305.6200180053711,182.92572784423828,55.990143,78.54758
306.635799407959,182.94828414916992,55.831596,78.688805
305.9827995300293,182.9096336364746,55.83767,79.360344
305.86609268188477,181.52085876464844,56.47898,80.224014
303.9169387817383,181.50309371948242,55.705017,82.40826
303.04164695739746,181.5439453125,54.88373,84.25459
299.997034072876,182.6636619567871,55.34976,82.80862
297.6457462310791,182.21493911743164,56.05221,84.98759
295.9532165527344,183.2680206298828,56.379776,85.4789
292.8599052429199,181.07201766967773,56.490654,86.60763
291.00672721862793,181.95849227905273,56.764942,85.757866
287.7990016937256,181.46241760253906,57.843754,87.30989
284.5156440734863,180.8817481994629,57.65113,87.85999
279.7617702484131,181.18832778930664,59.353336,86.85343
276.02124214172363,181.81808853149414,60.37672,87.71818
272.4121322631836,184.40959548950195,63.214264,86.946846
274.17820739746094,186.15987396240234,62.41008,87.50784
279.5384464263916,188.4422149658203,62.197964,88.64421
288.39760971069336,191.2162971496582,59.483574,87.56162
296.89563941955566,196.2925033569336,58.809444,87.41916
308.60106468200684,199.35715103149414,57.48453,81.39707
318.97864723205566,201.32599639892578,56.257412,89.50256
328.5319137573242,205.9775733947754,54.972443,93.09852
334.55181884765625,212.97341918945312,54.36052,94.03758
337.1288604736328,218.43729400634766,53.51744,95.72128
332.570613861084,225.63220977783203,56.22277,93.736694
325.8830108642578,229.63258361816406,54.90526,87.90575
307.72134590148926,232.3973159790039,60.740124,81.15518
296.21568870544434,233.91005325317383,56.639133,74.24378
285.9271755218506,229.68251037597656,52.30138,74.34616
269.90148162841797,228.49419021606445,56.75891,79.24572
260.8347682952881,222.07820510864258,57.392323,83.54745
250.0024299621582,217.36294555664062,57.42437,81.9837
239.69691848754883,209.0359344482422,59.012047,87.72989
231.34428596496582,200.66995239257812,60.878597,90.836334
227.68947410583496,191.2894287109375,61.52367,91.1846
227.38676261901855,184.38092422485352,61.433506,87.5256
232.8956298828125,177.43301391601562,61.034393,87.38861
243.52949905395508,172.61459732055664,58.751183,88.96554
254.8814239501953,170.67871856689453,59.08905,88.067276
265.3126907348633,172.25541305541992,62.3463,88.28553
281.48627281188965,172.55840301513672,58.967365,89.21596
293.9935054779053,171.96266174316406,57.511463,89.48169
306.1866092681885,171.9395408630371,57.498943,89.12531
317.0270595550537,169.83454132080078,57.64974,90.423904
329.6670265197754,169.40766143798828,56.495872,90.692856
342.9219226837158,166.4859733581543,57.372433,94.268776
355.1040096282959,167.35402297973633,58.59441,94.5729
369.3276996612549,170.34756469726562,58.842922,94.63162
382.9052848815918,172.61465454101562,60.569496,96.06656
397.26475524902344,176.7951545715332,59.69394,97.53152
409.44969367980957,183.34730529785156,59.6947,99.400024
419.91577911376953,190.35554885864258,55.984512,97.76998
423.2279472351074,197.5611457824707,57.694954,95.7423
420.9690341949463,203.20244216918945,58.890453,96.412254
411.26759338378906,208.34001541137695,61.32541,97.14794
397.21590995788574,208.08995819091797,61.071964,98.939835
380.6662769317627,209.23735427856445,62.78152,96.175316
364.7260150909424,209.09996795654297,58.862484,94.76579
347.7591323852539,210.9279899597168,62.56755,92.36643
338.2809009552002,209.46675872802734,53.83682,92.30025
326.2927875518799,209.6363067626953,54.66769,90.83087
316.69350814819336,206.43019104003906,54.316505,85.62622
305.8739719390869,204.9981460571289,56.753094,81.79439
296.4621105194092,200.6325454711914,56.384678,90.152664
289.32409477233887,195.97711944580078,54.415714,88.64699
284.61222648620605,193.24030303955078,52.949223,88.42085
278.3364486694336,189.81669235229492,53.873062,87.051155
274.0646095275879,186.66246032714844,52.910393,87.00168
272.2835006713867,184.2410545349121,50.309708,87.56437
270.14862060546875,183.19103622436523,48.24704,88.27744
267.916166305542,183.39820098876953,48.273746,86.68556
264.43285751342773,183.2941551208496,49.292793,86.60371
262.91971588134766,183.80198287963867,48.924362,85.680305
261.83080101013184,183.3453254699707,50.33904,86.34557
258.84113121032715,182.94449615478516,51.167103,85.67116
258.31303787231445,183.83663177490234,49.073357,86.14873
257.6495189666748,182.21212768554688,48.607243,86.69095
257.0468235015869,181.51778030395508,50.773174,85.22997
255.008638381958,179.86577606201172,51.289883,86.72246
250.43799591064453,178.71319580078125,54.46376,86.01843
247.0164566040039,176.1646614074707,57.47078,86.737724
245.6844654083252,173.78953170776367,57.48184,87.574715
243.99278831481934,172.58364486694336,55.98131,87.992226
242.1895294189453,170.9195671081543,58.315094,87.64988
241.93725395202637,171.03791046142578,57.902317,87.12584
242.1861400604248,170.55691146850586,58.133884,87.69172
240.78684425354004,169.53142166137695,58.97453,88.34481
241.38819694519043,171.1956443786621,59.813053,86.43003
241.7781276702881,170.90346908569336,59.26766,88.02741
241.83820152282715,175.19598770141602,58.969685,82.65142
241.27313804626465,177.89849853515625,60.35671,80.431854
240.3998966217041,177.9250373840332,61.228985,80.98766
239.44902992248535,178.57854843139648,61.977795,81.021736
238.577392578125,178.27817153930664,62.70349,80.77041
238.78137397766113,173.92289352416992,61.870632,85.363655
239.9515609741211,172.23196029663086,60.31227,87.36851
240.56021881103516,174.33822631835938,59.6873,87.04599
243.85499382019043,173.27046966552734,56.531193,88.55467
245.76904487609863,173.2605743408203,55.567104,88.5108
249.73276329040527,172.75672912597656,53.53716,88.79739
253.1355094909668,173.15851593017578,51.883217,89.51262
257.84489822387695,172.8679313659668,50.403862,90.03031
259.88733863830566,173.5405044555664,49.90739,89.377335
262.01765060424805,173.75035095214844,50.04978,88.469604
263.1874408721924,171.3763542175293,51.701077,89.5254
264.2276363372803,171.0208740234375,52.413837,89.481995
266.03083419799805,168.94097900390625,53.609077,90.85474
267.63615798950195,169.07629776000977,55.29119,90.29101
271.5265369415283,163.53900146484375,53.593044,96.00873
270.40652084350586,165.15805435180664,57.27836,92.559044
272.37836837768555,161.9435691833496,55.193153,95.07737
273.13119888305664,156.154052734375,55.385582,98.97235
272.2496566772461,155.97428131103516,56.938126,96.63878
270.68877601623535,151.25371551513672,58.04353,100.112076
270.57484245300293,150.02754592895508,57.913578,98.93267
272.42645263671875,148.58196640014648,55.11331,100.13276
272.99403381347656,147.89662170410156,54.463104,99.03436
271.49641036987305,143.64690780639648,55.145546,100.76127
269.551944732666,140.26406860351562,55.96029,99.61456
266.86944580078125,139.11703872680664,56.991333,96.309746
266.5208625793457,133.1772232055664,57.175163,98.15941
266.36380767822266,136.3932876586914,57.317673,90.503006
268.7925910949707,127.24630355834961,55.211937,98.98283
268.79164123535156,129.71631622314453,56.910583,94.899765
270.20374298095703,130.40815353393555,56.0309,93.02436
270.3475284576416,128.8839225769043,57.087963,94.97541
274.19589614868164,124.15272903442383,55.62063,98.84594
276.00596046447754,125.608642578125,55.846905,96.95914
277.67318534851074,128.09569931030273,56.51154,95.48432
280.3234577178955,128.2969627380371,55.599148,95.61274
279.6924362182617,132.55721282958984,56.75432,89.8752
279.0034370422363,135.3226203918457,57.019127,88.4652
278.21764183044434,130.77831649780273,56.213367,91.08152
276.7345542907715,135.62579345703125,57.51606,86.67868
273.6639175415039,134.1484260559082,57.3105,88.935295
270.47698974609375,132.35308074951172,58.075104,90.663376
265.726957321167,133.21722412109375,58.993046,92.34131
263.6778678894043,133.54885864257812,60.471138,93.61417
263.0321960449219,130.5108642578125,58.820038,97.671936
261.9144878387451,132.94057083129883,57.993534,97.5787
261.30173110961914,136.95804595947266,56.14675,95.85881
259.8833599090576,143.40596771240234,55.06528,93.291885
258.5831546783447,145.37226104736328,54.467266,93.66283
257.8745174407959,147.8094482421875,54.29662,94.013275
257.03524589538574,150.48123931884766,54.944523,95.23677
259.52881240844727,155.23540496826172,54.731285,92.40785
262.92323112487793,155.28551864624023,56.468204,96.11399
266.6909427642822,160.4891815185547,57.46641,95.07422
272.48341941833496,165.10808944702148,58.74001,95.17625
279.0922603607178,169.74993515014648,57.814198,95.219124
286.41866874694824,177.1517562866211,58.549564,92.695816
293.9094772338867,188.67671585083008,60.293167,87.83416
304.5293674468994,196.2004623413086,58.41688,74.22276
317.34709548950195,202.24080276489258,55.51992,81.02462
329.1741771697998,205.14397048950195,53.620518,84.92037
339.6702136993408,201.6589241027832,54.675625,87.93609
347.24269104003906,198.11476516723633,57.17691,86.36266
352.21221923828125,191.83448028564453,55.892456,86.7516
355.4247817993164,178.96070861816406,55.213577,89.54608
353.5805187225342,170.802490234375,55.751102,87.20389
348.83372688293457,156.90130996704102,55.02685,90.17834
339.5446376800537,146.62881469726562,56.204945,91.83182
326.06554222106934,138.94144821166992,61.615345,91.519905
308.33374977111816,135.06655502319336,63.316357,90.95194
291.0590476989746,132.7611961364746,63.837654,92.38941
274.3007469177246,139.67465591430664,66.51075,92.18435
262.93180084228516,145.33969497680664,65.562515,95.19967
252.14285278320312,160.4196014404297,65.013916,91.397736
244.69464492797852,175.7049560546875,67.24828,89.07718
243.14784622192383,188.6612548828125,66.23742,89.00659
242.98540115356445,195.59689331054688,65.425865,96.77786
246.94930267333984,201.09756469726562,64.57323,96.754395
253.78358840942383,218.6122817993164,64.93099,84.235825
262.06993865966797,227.22915649414062,64.32634,78.86725
271.1923370361328,233.9093132019043,58.130707,70.35291
280.99521827697754,240.7959747314453,59.07249,66.986725
293.3730278015137,243.80719757080078,54.091377,64.084854
308.5513229370117,244.3166160583496,57.470078,44.37023
328.5610065460205,243.4842529296875,49.5865,85.741745
340.9428462982178,237.95938873291016,51.069798,88.680695
349.6624698638916,230.6185646057129,55.052517,89.41868
354.9118003845215,224.2591438293457,56.49877,89.63114
356.492525100708,199.70087051391602,54.942394,104.72889
354.37274742126465,196.80734252929688,56.661747,98.90364
345.5873508453369,185.1156234741211,57.39172,104.90982
337.1928119659424,186.0089454650879,53.47993,96.64274
326.2694664001465,178.9092025756836,52.143425,97.267944
313.04814529418945,183.38771438598633,53.21128,85.57169
299.7981586456299,172.3460693359375,53.28851,93.04076
286.28560638427734,171.14741897583008,52.109177,92.83506
272.8359775543213,169.95537948608398,52.253307,91.712364
261.05868339538574,169.1419563293457,51.510227,91.626595
248.65612411499023,172.38219833374023,51.45005,88.56216
237.3080539703369,174.34256744384766,55.064037,87.254
229.4946231842041,174.61162948608398,54.044933,87.86312
223.04136657714844,175.85783767700195,53.30359,87.146706
216.14019203186035,178.08453369140625,53.291454,85.47743
212.93465995788574,178.98773956298828,52.15064,85.31659
208.23149299621582,179.8766632080078,50.925472,84.53215
204.44329071044922,180.39906311035156,53.869247,86.823166
205.16753959655762,183.34763717651367,53.868717,85.3041
209.48000717163086,187.8985939025879,52.054146,83.89814
216.64551734924316,191.52437591552734,50.89445,85.41043
225.7073268890381,194.40901565551758,51.944508,92.47175
236.78113746643066,192.79388427734375,55.206615,96.48985
252.38938331604004,206.11548614501953,57.598217,87.61105
264.2845401763916,206.07708358764648,62.172497,90.65652
273.60568618774414,212.70320892333984,65.29165,86.85297
289.9911422729492,208.85430145263672,61.314957,89.06149
298.98290634155273,204.9340362548828,60.67292,87.9507
307.5552558898926,191.5959014892578,57.271202,88.820755
306.88958740234375,182.8027801513672,57.693573,94.239365
304.12846755981445,179.56336212158203,60.33642,93.424866
296.8888473510742,175.1021270751953,60.288895,92.64427
288.72071266174316,171.58223724365234,62.406475,93.25842
281.5347137451172,172.6861457824707,65.136475,91.598946
275.13394927978516,170.35756301879883,66.36354,92.6923
271.0492172241211,171.46181869506836,65.98567,93.93841
267.73663330078125,169.49368286132812,69.36426,94.91368
266.5738410949707,170.4938735961914,64.99886,94.3884
267.3908920288086,170.0362205505371,64.673416,94.94375
272.6448287963867,170.47100448608398,64.50777,93.38943
278.6425018310547,171.65159606933594,65.80667,92.08305
283.5746726989746,172.1000099182129,66.13975,93.57905
290.67606353759766,170.55265045166016,64.12096,95.50217
295.09598541259766,166.27871704101562,65.36989,97.57771
300.500244140625,162.33082962036133,65.88544,96.72227
305.2793197631836,154.75286865234375,64.85924,98.35417
307.0291576385498,153.2449607849121,63.61008,95.77502
307.4130859375,146.98577117919922,63.20526,97.41849
307.9985656738281,141.21610641479492,62.319183,97.088615
307.77722930908203,136.62873458862305,62.12642,97.49648
307.8817501068115,133.9506072998047,61.429615,97.61903
309.9381732940674,133.27678680419922,58.83334,97.03137
310.94639015197754,136.41316604614258,60.02,97.8451
314.2372703552246,141.21503448486328,57.68934,97.56827
313.8667049407959,151.10923767089844,58.709553,96.11397
313.3916473388672,159.93163299560547,58.238342,94.90042
310.6124038696289,169.0137176513672,58.1736,96.99248
307.1817932128906,188.4073600769043,57.556152,90.5841
304.4382495880127,204.49311065673828,57.827938,87.4021
303.1951103210449,220.01324462890625,55.094154,77.55373
303.8991165161133,235.94397354125977,50.117294,61.44776
304.2457981109619,241.84408950805664,46.10687,65.34362
302.53979301452637,249.82460021972656,47.46036,68.202194
298.47554206848145,252.88676261901855,48.95042,60.038136
296.80609130859375,259.7579689025879,43.69249,56.701164
289.4724864959717,265.3861675262451,43.182926,48.284794
279.5023593902588,272.9060459136963,38.809933,40.561947
280.6313705444336,278.1051254272461,32.822052,34.905594
255.7946662902832,279.11890983581543,42.8453,30.491749
272.553071975708,279.3026371002197,38.548702,32.36146
283.9243326187134,279.5333423614502,30.326582,28.834698
289.4212999343872,274.4690647125244,26.22724,33.24776
283.27394676208496,263.6174030303955,34.58034,46.79842
271.8367671966553,250.97873497009277,52.05254,60.494198
271.59874725341797,236.15756607055664,56.190308,73.79445
271.0648994445801,230.1128158569336,57.304268,77.47671
273.3561191558838,220.85884857177734,63.71713,85.429375
281.30089569091797,215.2475700378418,64.766815,88.92299
292.3680534362793,210.63328552246094,62.53518,87.026924
302.158634185791,204.2951889038086,64.4611,89.777275
322.9341220855713,199.10496520996094,58.895687,88.80372
337.45591926574707,195.4590606689453,59.32945,94.64036
349.5727882385254,190.49365615844727,62.074562,98.17209
366.8758354187012,185.70766830444336,58.902245,101.41588
379.7930088043213,185.14023971557617,57.7655,99.432175
387.1774387359619,182.40561294555664,58.979946,97.940704
385.7867679595947,174.46856307983398,59.17596,98.97716
378.4132614135742,167.8718490600586,57.671936,98.07696
367.3079948425293,155.89228439331055,58.293694,99.1353
354.45844650268555,147.6289176940918,60.964287,99.5305
340.108118057251,140.74119186401367,63.69705,96.481155
326.2759704589844,133.64177322387695,64.15953,95.36603
310.772403717041,126.10970687866211,63.65928,97.14247
293.7612552642822,120.86114883422852,63.369503,98.49652
277.5822219848633,119.83007431030273,64.60101,96.96126
261.02586364746094,121.98875045776367,66.1776,95.46001
248.47634887695312,124.72146987915039,64.99193,92.08197
236.4343605041504,127.30641555786133,65.32328,94.247894
