150.0,53.0,40,148
147.92405128479004,54.73810577392578,39.427807,150.2169
146.11876487731934,55.07560729980469,39.26235,155.54855
143.75103759765625,53.05426025390625,39.18756,162.57437
141.56644248962402,54.64678955078125,39.222736,161.6218
137.85565948486328,54.91404724121094,40.750443,164.7305
134.22055625915527,56.095436096191406,42.601612,163.71031
128.8869915008545,62.366111755371094,46.508366,157.54704
126.21533012390137,64.57290649414062,48.45432,158.53809
122.60883712768555,68.76792907714844,50.67295,151.345
116.34929847717285,71.26298522949219,54.77302,150.21442
112.30644989013672,70.15948486328125,56.487045,152.27051
109.60984802246094,70.09767150878906,57.90518,151.1973
108.25893592834473,70.18744659423828,58.26399,150.37175
105.9262809753418,68.47230529785156,59.68174,151.64062
100.45944404602051,68.1859359741211,63.561977,152.09059
97.22961044311523,65.76390838623047,66.916695,154.40627
97.04018783569336,64.73287200927734,65.84913,157.57454
95.26593017578125,62.737518310546875,67.278625,160.50311
94.30859375,61.550315856933594,68.02826,162.66689
94.87372589111328,60.33366394042969,66.758255,162.95682
95.13896179199219,59.83222961425781,65.61865,163.15219
95.92727851867676,61.34172821044922,63.555843,161.22993
94.79767990112305,62.375282287597656,64.7002,159.6407
95.55746078491211,63.49674987792969,65.167854,156.10934
99.45969772338867,64.42398071289062,61.48887,158.9678
102.17251205444336,65.33751678466797,58.88807,158.23155
104.62991714477539,67.42208099365234,57.32247,156.13081
108.56495475769043,69.35956573486328,55.31354,154.30824
114.36331367492676,69.9830322265625,51.657406,149.34763
118.36985969543457,71.2787094116211,46.913998,150.08827
122.5765209197998,70.92008209228516,43.057102,151.78285
125.97932815551758,66.61568450927734,40.1802,157.54979
127.82230377197266,59.452796936035156,39.474777,166.15437
129.04724311828613,51.30182647705078,41.357754,174.16328
131.14162254333496,48.641204833984375,42.133137,176.76343
133.11198806762695,46.196136474609375,44.488914,179.20001
135.54136657714844,41.53077697753906,44.855194,180.36658
138.16866874694824,38.47007751464844,43.540348,180.97318
140.9969139099121,39.09021759033203,40.879738,180.16899
142.8541603088379,41.16450500488281,40.580345,176.38168
144.79258918762207,44.59394836425781,40.57327,172.61487
145.49080657958984,46.18505096435547,42.890152,170.61668
146.51993560791016,49.15364074707031,46.81926,170.41113
148.40761947631836,52.30802917480469,48.337807,165.72696
149.6880111694336,57.564598083496094,51.71266,160.53871
151.1533317565918,61.034751892089844,56.364998,157.74712
153.15376663208008,63.339202880859375,59.13439,156.04413
156.20444297790527,64.30145263671875,62.4876,157.07178
158.45855712890625,65.01387786865234,65.7724,155.38322
160.796630859375,65.7889404296875,66.42377,152.65228
163.400146484375,67.34656524658203,66.0148,151.2997
165.5608253479004,68.35926055908203,65.640495,149.69777
167.23303985595703,68.51323699951172,65.69115,144.8319
168.3935947418213,66.94871520996094,63.42732,147.83774
168.51069259643555,63.818519592285156,62.78431,150.96214
168.59145736694336,62.82952880859375,64.92954,151.98257
169.2106647491455,61.06184387207031,57.73321,152.1036
169.73745727539062,60.73664855957031,57.47589,154.29532
170.481201171875,60.574562072753906,58.792664,154.96056
170.8154525756836,60.48881530761719,56.265366,155.20273
170.29706001281738,61.992225646972656,57.350185,153.75932
171.04622077941895,63.19325256347656,58.041195,151.98914
170.78323364257812,63.21495819091797,58.02008,150.32103
171.1894073486328,65.69486236572266,59.255768,148.87907
171.78998374938965,66.47181701660156,60.617115,148.25449
171.72126388549805,67.3145523071289,61.1594,147.89116
172.44284629821777,67.1369400024414,62.068592,147.73949
172.61956977844238,66.82659912109375,61.93075,145.85028
172.18990516662598,67.6491928100586,60.445843,141.62968
170.8759994506836,67.15093231201172,59.217056,149.6108
168.84204483032227,64.4969482421875,56.122307,152.49933
168.0002613067627,60.94593811035156,53.38101,156.60828
166.08098793029785,57.281341552734375,52.414623,159.92346
164.26997566223145,52.09266662597656,51.774014,161.13184
163.92298126220703,49.609657287597656,46.017105,163.0858
161.9296474456787,50.058509826660156,43.300404,163.6534
160.30799865722656,52.658485412597656,41.110718,156.7506
158.81378555297852,51.510780334472656,39.980736,154.79619
156.89536094665527,53.75181579589844,39.209614,156.18408
154.1976776123047,56.15980529785156,38.066437,154.87585
151.52054977416992,58.218788146972656,39.25895,152.43584
148.15668487548828,57.582664489746094,40.283646,157.87099
144.08797454833984,56.84043884277344,43.398148,161.68457
139.86248207092285,55.46495056152344,46.596813,165.70981
135.61884307861328,60.33757019042969,49.027298,161.79913
130.63590240478516,63.42133331298828,54.754013,157.23088
126.4986515045166,67.44007110595703,58.831676,152.77446
121.27436256408691,70.7116470336914,61.128185,150.87428
116.4857120513916,70.18521118164062,62.92555,153.40384
114.20783042907715,70.98206329345703,59.853504,152.62856
112.24131202697754,70.97645568847656,59.884136,150.68378
110.21816635131836,69.72755432128906,60.317574,148.49094
107.92623901367188,69.64092254638672,61.23932,145.61055
106.03491020202637,67.60116577148438,61.934544,152.56927
101.54558181762695,66.09565734863281,64.76769,154.07443
99.20256042480469,63.42991638183594,66.5621,158.3447
98.55705261230469,62.34032440185547,65.69418,161.23537
99.45468711853027,62.04608154296875,63.40993,160.91678
98.75091171264648,63.328704833984375,63.199654,158.19122
99.82658958435059,63.37519073486328,62.412098,158.5129
99.0922679901123,63.60455322265625,61.20563,156.40015
102.44485855102539,62.78740692138672,59.476555,157.36003
105.10579681396484,65.04930114746094,57.936447,156.44388
107.64780807495117,64.72332000732422,54.446754,155.48232
109.77255058288574,64.48665618896484,54.024204,157.51588
113.76894950866699,65.44271087646484,52.724644,153.65788
117.51797103881836,65.77706146240234,49.144814,150.02571
121.92705535888672,64.72563171386719,44.558517,156.21909
124.6895637512207,63.87364196777344,44.546318,156.04742
126.99627494812012,61.89653778076172,49.377354,157.88503
128.32428550720215,56.700294494628906,47.26247,162.74403
130.57260131835938,54.829917907714844,50.831024,166.15773
132.91914176940918,52.94293212890625,51.607273,170.2796
135.46739387512207,51.73107147216797,47.485073,167.45659
136.26143264770508,53.03101348876953,49.551598,167.31236
137.0170078277588,55.07818603515625,50.003002,161.23666
138.7305850982666,55.73381805419922,50.819653,164.40279
139.90756034851074,59.80609130859375,50.786503,161.06937
141.44615173339844,63.56848907470703,47.384247,159.00133
141.50229263305664,66.6926498413086,48.420097,155.85542
142.49169158935547,71.1645278930664,48.93364,151.51591
143.92951011657715,75.89559173583984,50.785297,146.3658
144.37692832946777,82.1724624633789,51.374897,140.04893
145.24058532714844,85.47660827636719,48.458344,134.8917
147.011869430542,88.2105712890625,42.72675,134.47775
147.09383010864258,91.99391174316406,46.76272,130.16095
147.56577682495117,92.14066314697266,53.585426,130.13228
147.7830924987793,90.76276397705078,56.602882,132.67137
148.05306243896484,89.69590759277344,62.269608,132.1138
148.6697120666504,86.35250854492188,63.35247,136.72171
149.8589973449707,85.46044921875,65.57943,136.03598
149.84888458251953,81.96036529541016,69.73265,141.08473
145.76306533813477,77.8831787109375,77.80584,144.56027
142.56304168701172,75.47372436523438,87.80315,145.35507
136.51885604858398,72.1229476928711,98.93278,147.76472
132.7747573852539,69.03545379638672,104.94942,150.04073
130.89456176757812,64.58245849609375,105.460815,151.93387
131.63383102416992,59.606658935546875,102.49473,152.01242
131.0082893371582,59.83660888671875,104.4197,152.07852
131.17438125610352,55.746337890625,101.987114,153.98334
133.1902961730957,54.14237976074219,94.33712,154.80527
138.40299224853516,48.07209777832031,84.20476,165.16116
142.98325729370117,45.373085021972656,75.31684,165.97722
144.73223495483398,43.044586181640625,68.9221,168.5256
148.0754508972168,40.878448486328125,63.788918,170.68509
148.95474815368652,39.671287536621094,62.555958,170.57338
150.32835006713867,41.43456268310547,60.048927,169.59007
153.59917449951172,42.72599792480469,56.06392,170.05551
152.94160652160645,44.981201171875,57.621304,167.68161
