129.0,80.0,64,78
120.40715217590332,79.05181884765625,63.530605,77.09039
112.99295043945312,76.25235366821289,65.070984,77.79229
106.21792602539062,69.58918380737305,66.22894,79.19996
99.39288330078125,65.67276000976562,65.52252,78.11133
93.68120193481445,62.393272399902344,65.484,77.66399
93.40617752075195,62.03578186035156,65.623405,76.401886
92.07733917236328,62.49625015258789,64.7708,76.57751
92.25213623046875,68.05598068237305,64.417725,76.69596
90.32534790039062,75.8015022277832,64.135254,76.186455
88.42481231689453,81.220947265625,63.94438,74.79947
84.56991386413574,84.78074645996094,63.349583,74.37195
78.3264217376709,87.31707382202148,62.712177,73.2963
72.36693954467773,86.65718841552734,63.000526,72.72621
66.31424903869629,82.95194244384766,61.782146,73.80861
60.09941291809082,80.21849060058594,61.93545,72.78592
60.337276458740234,75.7550048828125,62.077065,72.65503
60.92138481140137,71.70933151245117,61.17139,71.447395
63.643415451049805,72.21798706054688,61.02686,70.29318
69.32250785827637,72.86837768554688,60.121067,69.54642
74.43592643737793,75.64925003051758,58.900364,69.93914
76.90736961364746,79.93009185791016,58.49355,68.88518
78.02364730834961,83.3684310913086,57.949715,67.10335
82.69187355041504,84.3140640258789,57.915752,66.95552
87.28723335266113,87.21823501586914,57.682156,66.6117
92.0782241821289,87.0330696105957,57.479843,66.49734
96.67198371887207,83.259033203125,57.63055,67.11597
101.160888671875,77.14316177368164,57.997284,68.731026
105.37180709838867,68.89858627319336,58.544624,69.34269
114.74762916564941,62.03668975830078,59.538525,69.53992
122.39905166625977,58.110958099365234,60.10189,69.07612
130.860595703125,58.763275146484375,61.74893,70.009
135.22881507873535,63.4358024597168,62.01811,71.55958
135.98543167114258,66.45288848876953,63.11251,71.53676
138.58256149291992,69.2505874633789,63.226784,70.889755
139.7354621887207,70.456787109375,64.3854,70.98709
141.1415557861328,72.41549301147461,65.68155,72.02308
141.87880325317383,73.1633186340332,64.929344,72.28979
139.53381729125977,72.2044906616211,66.78759,73.045975
140.5571632385254,70.22801208496094,67.818535,72.72992
140.5641746520996,67.71440887451172,66.798134,73.535965
138.73766708374023,66.42575454711914,67.22721,72.461205
139.34518814086914,65.34476852416992,68.21804,73.114296
138.1376838684082,66.86239624023438,67.95043,72.82562
137.57585525512695,68.24886322021484,67.66921,72.43358
138.2917594909668,69.89736938476562,67.720314,73.20444
136.00841903686523,70.25455474853516,68.06428,73.76161
136.38238143920898,69.95216751098633,68.0528,73.08172
137.5081558227539,70.94910049438477,67.932846,72.7951
139.83810424804688,68.9994010925293,66.894714,73.23194
141.85853576660156,63.4317626953125,67.321106,74.1962
144.85967254638672,59.923336029052734,66.203354,73.77915
149.75640487670898,58.22166061401367,66.38297,73.17448
153.9231185913086,57.8135871887207,65.31178,70.80056
156.23250007629395,62.64756774902344,63.74249,72.90622
156.15507698059082,69.50674438476562,62.57382,73.16461
154.7202377319336,77.30514907836914,62.471085,69.72555
154.62445831298828,82.26065444946289,62.787308,68.58163
153.3633861541748,84.36909103393555,62.817265,66.41004
149.3232593536377,78.68643951416016,60.791058,67.81879
150.28385543823242,73.83889389038086,59.379295,66.50999
154.5437297821045,68.48669052124023,59.933308,67.483055
159.54691123962402,66.1302719116211,58.186802,64.41896
165.02831268310547,68.41625213623047,57.80838,62.91696
165.45591354370117,70.41793251037598,57.265816,62.14079
165.3294849395752,75.94706916809082,56.177242,60.299023
161.42630577087402,78.0006160736084,55.847416,59.623173
155.0479030609131,79.89114570617676,54.44791,56.618908
149.65404510498047,80.81524848937988,53.416626,56.562023
143.05874061584473,79.14570808410645,52.785305,55.625957
135.7379913330078,74.6807632446289,52.076004,55.690216
131.95879936218262,69.86062812805176,50.769184,56.074825
129.72496223449707,65.1656551361084,51.748608,56.573643
132.69569206237793,64.52250480651855,51.742863,56.0994
134.33718490600586,65.635498046875,51.53071,57.422913
132.6251277923584,67.77141189575195,52.359455,56.730263
132.95179748535156,70.14070320129395,52.44124,57.992443
133.51584434509277,73.08554458618164,52.293583,56.5756
132.2065258026123,73.57271766662598,52.237583,57.64282
129.28574180603027,75.23395347595215,51.986393,57.009937
127.21764945983887,76.30673027038574,51.31403,56.168262
124.3670482635498,72.72909545898438,51.169575,56.36267
127.78487968444824,69.42817878723145,52.216022,56.077007
130.85407066345215,67.54421806335449,51.386646,56.640537
133.70079803466797,66.18935203552246,51.977554,55.302723
143.44405937194824,70.30993270874023,52.41538,55.050743
148.6581974029541,73.42057037353516,51.920284,55.62805
154.55076599121094,73.11720085144043,53.08983,57.965107
162.57834815979004,71.27243041992188,52.849056,57.78035
166.31344413757324,69.12610244750977,52.754093,57.15412
170.44631576538086,67.84636306762695,52.388924,57.705223
172.35851097106934,66.58319282531738,51.01952,57.282833
174.3948745727539,66.07208061218262,50.4234,55.68349
173.77277946472168,61.39591026306152,49.97466,55.978916
176.12911415100098,58.708274841308594,49.322002,55.215744
177.23081970214844,57.33404541015625,48.79782,54.318954
175.4879264831543,58.73828315734863,47.925316,51.741085
175.41858100891113,59.02915382385254,47.614315,51.556957
178.70042991638184,64.55740928649902,46.632435,51.994404
174.8709602355957,71.95157814025879,47.72831,52.520992
171.31854629516602,78.42634201049805,46.626274,49.602745
166.53846168518066,80.30396270751953,47.88351,49.7063
160.65914154052734,79.83583641052246,48.450424,49.302082
155.89466094970703,76.35481071472168,49.990097,49.67925
154.93151664733887,71.40668869018555,50.840504,51.185448
159.62462997436523,66.03091621398926,50.56933,50.91624
160.79480171203613,66.65155982971191,51.21046,49.968975
162.37816429138184,66.9475269317627,50.33739,50.49171
161.7657871246338,71.20234489440918,50.00616,48.661076
162.3586940765381,76.11741638183594,50.1906,46.254333
163.22763442993164,78.59176063537598,49.82601,46.5211
162.764066696167,80.47850608825684,49.494297,46.84995
163.45449829101562,82.17972183227539,49.08464,48.57299
165.62734603881836,83.73373222351074,48.384407,47.586796
167.41490173339844,85.25877380371094,47.845,46.638733
170.57171440124512,79.02488136291504,46.327137,46.96574
169.77714157104492,75.60858917236328,44.650993,45.62201
173.63461685180664,76.10989189147949,44.45574,45.645664
176.56135368347168,80.11262702941895,43.624226,45.008587
175.3062801361084,84.07521629333496,43.13065,44.01018
173.39443397521973,87.87458610534668,42.394283,43.550144
170.4142551422119,89.81847953796387,41.800564,43.78348
166.51691055297852,90.25730895996094,41.14402,42.175613
164.8317642211914,90.20173835754395,40.753952,42.348248
163.31930541992188,88.68579864501953,41.474167,42.17212
160.44238471984863,86.25382423400879,40.88084,41.399776
156.9624309539795,84.45329093933105,40.92525,41.13738
152.2428150177002,82.03679084777832,41.390606,42.13792
149.15369606018066,80.18758773803711,42.210476,43.030037
145.65517044067383,75.61292457580566,43.489418,48.74856
144.46481323242188,68.02018928527832,43.870132,44.077038
141.54824829101562,67.90531730651855,44.74199,43.965534
140.37877464294434,72.53725051879883,43.967854,43.778862
140.0738353729248,74.55437660217285,44.52814,42.861126
140.89250946044922,75.24860000610352,44.082687,44.244087
138.4280605316162,79.13538551330566,44.23705,44.99905
135.60377502441406,80.36713600158691,44.691513,44.015163
136.89444160461426,82.08611106872559,43.99937,43.510685
134.65850639343262,82.13795280456543,44.10033,44.649693
138.6535301208496,80.47653770446777,43.07119,44.7401
144.82670974731445,80.3888053894043,42.210808,44.82476
151.61898231506348,81.66201400756836,41.69183,43.29464
158.7158489227295,82.19904518127441,41.56354,42.815044
163.99768257141113,82.41133499145508,41.535656,42.32807
167.00697898864746,82.92144775390625,41.705357,42.18622
169.60845565795898,83.58096885681152,39.97773,42.322514
167.26694107055664,86.07763481140137,39.872704,42.242558
169.39721298217773,85.63083457946777,37.68792,40.63352
172.6968879699707,82.86530303955078,39.015953,40.53363
170.59921646118164,81.2631893157959,37.55477,39.473804
170.76264762878418,82.07050895690918,37.418613,38.250736
161.5858097076416,79.44198608398438,39.579876,38.664963
161.0630226135254,76.1927661895752,33.81124,36.793102
161.1455593109131,79.00780487060547,34.378407,34.490738
158.5972843170166,82.387939453125,31.001644,33.47818
158.1647434234619,84.78545761108398,28.667233,33.07601
156.42125797271729,88.25586128234863,29.028723,31.617062
156.37372207641602,87.75408172607422,26.86657,32.10209
162.53178691864014,91.07723331451416,25.299677,30.867346
163.89719200134277,92.71376132965088,25.476994,28.978857
165.563946723938,93.88584804534912,25.169546,28.691683
166.8275899887085,93.54127025604248,24.904802,29.598726
168.40064239501953,95.08323001861572,26.040771,29.125471
166.99660110473633,93.4242353439331,26.440514,29.090952
167.46155452728271,93.96059703826904,26.683168,29.4228
165.64594078063965,92.66257953643799,27.62547,30.826551
164.77988815307617,94.75089836120605,27.578178,29.492764
157.40953063964844,94.55078887939453,24.238571,32.030846
156.75800228118896,91.8156213760376,24.076067,31.711714
154.4191951751709,91.41421508789062,25.630299,32.04474
150.35633945465088,90.25400161743164,25.890303,34.87995
145.79046535491943,89.95265865325928,29.991465,31.054018
145.62325191497803,89.94349098205566,27.636034,31.521297
143.96835041046143,87.8187837600708,28.341215,31.881025
142.23553085327148,87.20122528076172,29.295967,32.9284
141.2179193496704,86.21518898010254,29.246588,33.647274
141.2547264099121,84.2959098815918,30.254173,36.221054
141.9769811630249,83.83255577087402,30.679522,34.648464
143.76125526428223,82.73631858825684,32.418865,34.400356
146.49226760864258,81.79710578918457,32.19512,35.200123
145.92531394958496,80.29879951477051,34.510685,36.74393
148.35702323913574,79.6790657043457,35.35361,36.148193
147.95681762695312,79.12019157409668,36.9393,38.314922
148.26239013671875,81.07802963256836,36.647156,37.44612
142.33182334899902,80.37143516540527,37.616505,37.6123
143.18000984191895,79.01806831359863,38.17024,38.412174
141.98358917236328,77.24822425842285,38.459305,38.677326
143.70849800109863,76.03070259094238,38.210278,38.585224
143.5862274169922,75.06287956237793,39.53087,40.44186
144.80867958068848,74.40058326721191,39.397396,40.285267
144.32099151611328,73.19022178649902,39.471695,40.5296
147.70563125610352,71.45817375183105,38.35267,38.805004
148.99634552001953,69.77488899230957,39.43068,40.03014
149.3260669708252,68.6735954284668,40.780865,40.711258
142.56036567687988,65.50800323486328,39.415615,41.22509
142.0920867919922,64.43610000610352,40.503296,41.972427
141.0134220123291,66.72755813598633,40.379467,40.946808
136.1025848388672,66.96377944946289,41.08522,42.005356
134.26822090148926,69.66308212280273,40.72923,41.65889
130.31005477905273,68.5716667175293,42.231377,42.994797
133.4233627319336,68.81739616394043,43.101456,44.113415
133.14624404907227,66.1509838104248,45.019707,45.838467
139.0403652191162,63.604135513305664,44.93607,46.74811
142.3679542541504,59.499488830566406,45.306236,47.50518
145.68966102600098,56.56037521362305,45.0619,47.89383
150.17870903015137,57.285343170166016,46.304417,47.41165
154.913724899292,60.26529121398926,47.113422,48.055775
157.7770004272461,60.89802551269531,46.891403,49.296425
161.56195068359375,61.55005073547363,47.040756,48.765263
163.98325538635254,61.081674575805664,46.802486,48.715107
163.3176555633545,55.435977935791016,46.701527,48.886063
165.07133102416992,53.1618709564209,46.5971,48.778393
167.39942741394043,50.89594841003418,46.76743,48.298626
170.94337463378906,51.685956954956055,46.844254,48.800213
168.99055099487305,54.623680114746094,45.48069,48.83152
168.4389133453369,60.2679557800293,44.91984,48.121307
164.79604530334473,66.41230392456055,45.657467,46.540756
157.38165664672852,69.1154613494873,45.28289,47.389004
149.99815368652344,71.58393478393555,45.516235,47.862015
144.54211616516113,71.46395874023438,45.529278,47.985542
136.60276222229004,69.7901840209961,46.24864,47.62606
137.15328216552734,70.80656814575195,46.337387,48.3022
134.1857032775879,67.78841400146484,44.788536,49.167503
132.16636848449707,63.53762626647949,46.544247,49.4351
135.34579849243164,64.29367637634277,46.247337,49.422054
137.2336540222168,66.10427856445312,46.86759,49.908363
140.8065357208252,67.01239395141602,46.642025,50.833954
144.01406478881836,69.98227500915527,47.667,51.398632
145.81268119812012,71.6637077331543,47.680256,52.527786
148.00379180908203,75.42115592956543,48.023712,52.393
152.39719772338867,78.6270980834961,49.220085,52.224983
155.99109077453613,80.36849403381348,48.93411,53.86588
157.77299118041992,76.70215797424316,49.778206,54.902027
159.05555725097656,69.89832305908203,50.991318,57.660606
158.8396339416504,67.77972602844238,52.56356,55.311222
159.02215194702148,66.50976753234863,53.160484,55.421986
160.9970474243164,67.05734062194824,53.73355,56.4315
161.7037353515625,70.16049003601074,54.382538,56.344097
161.66791534423828,70.16340446472168,54.605057,56.258526
161.3153076171875,68.52598571777344,54.378418,55.46447
159.13518714904785,64.0925121307373,53.685223,57.70869
157.25180625915527,60.04361915588379,54.487232,58.156193
155.76104545593262,54.17667770385742,55.658558,60.229492
154.43612480163574,48.90703010559082,56.11124,61.14368
150.37000846862793,45.69222068786621,55.802525,60.90263
147.97853469848633,46.261688232421875,54.395332,61.589897
142.9649200439453,50.335792541503906,54.689575,59.86692
138.62231826782227,53.709632873535156,53.97782,58.611153
136.1423454284668,53.8544864654541,53.665535,57.379322
136.08440017700195,55.48792839050293,53.32473,55.767757
136.81771850585938,56.03255653381348,52.34906,55.77564
135.84864044189453,56.96936225891113,50.930298,54.717793
134.69328498840332,57.40116310119629,50.008236,53.525654
133.99393272399902,56.27875900268555,49.18015,52.871887
135.3792839050293,53.988847732543945,49.102333,52.327747
138.3387565612793,55.06329536437988,48.18009,52.575977
139.87319946289062,58.19064712524414,47.923874,51.58751
141.87722778320312,62.70653533935547,47.89395,52.60784
141.8912010192871,67.79320335388184,47.807655,52.426098
140.48055267333984,71.08815002441406,49.158844,52.135857
142.61529731750488,74.76763725280762,48.223385,51.54582
139.45695686340332,73.40205764770508,49.77444,53.390198
141.01843452453613,65.9421501159668,49.203365,55.904556
143.01517486572266,57.808353424072266,49.84732,54.89444
148.20650482177734,53.41798400878906,51.56697,54.983086
149.65031051635742,56.9396915435791,52.485588,55.716908
150.8870391845703,59.78234100341797,51.973114,57.817635
151.90979194641113,65.93844223022461,51.845486,56.55864
150.28521537780762,68.57423400878906,51.351704,56.4535
149.47392654418945,70.23037528991699,51.0037,55.11366
148.30993270874023,70.92124938964844,50.283165,54.808388
148.24821662902832,72.18756103515625,49.48132,55.911324
148.55350303649902,70.00290107727051,48.61153,57.456257
150.1130199432373,69.86275863647461,49.489582,56.134644
152.22346878051758,70.96731376647949,47.23255,54.538418
147.3279209136963,67.8867130279541,46.312237,55.46567
142.67800521850586,70.00476264953613,45.8888,53.317036
140.01311111450195,70.98364639282227,45.81701,52.217575
135.73894691467285,70.84174537658691,45.61912,52.576557
128.35677337646484,69.35100173950195,46.284134,53.136887
125.22101020812988,68.2722339630127,45.93394,52.503803
119.63327407836914,66.93411254882812,45.84527,51.95263
115.1534309387207,68.62961769104004,46.647728,49.251987
118.75971984863281,67.40215110778809,46.1304,47.81341
121.04151725769043,64.15699768066406,45.493626,47.791557
121.28899955749512,59.402164459228516,47.02297,48.640244
126.2711181640625,60.36591339111328,46.685867,48.33799
128.4451904296875,63.5320987701416,46.663605,48.539906
131.5716037750244,69.2058219909668,46.926144,48.78041
134.9854621887207,75.98796653747559,47.104088,47.013546
141.17896270751953,77.63459587097168,46.68277,46.190838
149.31098175048828,74.62848091125488,46.01982,46.392887
153.96805000305176,69.70885276794434,45.839138,45.688747
157.30080032348633,65.25537490844727,45.102364,45.42418
160.37726402282715,62.68241882324219,44.56351,44.560585
162.3707675933838,59.64649963378906,44.49162,45.262978
165.12455368041992,58.911869049072266,44.484886,44.653
165.983304977417,59.85110664367676,44.603382,45.275715
163.96653938293457,60.57981300354004,45.08343,44.541904
164.29905128479004,63.01802062988281,44.901745,44.977943
163.4508876800537,65.4263973236084,45.437183,44.92422
159.56331253051758,67.49237442016602,46.35923,44.675873
156.0191249847412,69.20448684692383,46.270206,43.14531
156.05457305908203,67.97807884216309,46.816757,45.194256
153.42543983459473,66.28774642944336,45.729534,45.258896
151.9075870513916,63.76646614074707,46.636486,48.427876
151.21211624145508,61.2640266418457,47.686333,48.638077
150.49310302734375,60.30447196960449,48.14131,49.041805
149.7511692047119,61.85655975341797,48.3421,48.753273
149.37521362304688,62.21906852722168,49.062088,50.145504
149.03991317749023,63.437814712524414,49.55123,50.8566
151.78053092956543,64.10016822814941,48.685947,49.486866
154.95448303222656,65.5103931427002,48.68782,49.630344
154.8746795654297,66.3613109588623,49.222992,49.342968
154.23028182983398,66.48578643798828,48.282738,49.4345
155.97768211364746,68.02662467956543,48.03992,49.07037
155.06876373291016,70.69524765014648,46.75316,48.262665
151.53728866577148,75.10697555541992,46.466637,49.571747
150.38880729675293,80.78831481933594,46.686817,48.028435
152.60120010375977,84.39664840698242,45.987877,48.354797
151.07249641418457,86.98441505432129,47.10107,50.256702
148.74094009399414,90.1722183227539,46.151024,48.727867
145.4398422241211,88.0394458770752,47.017075,49.869724
145.09953689575195,86.31109619140625,47.927788,49.74241
146.86788940429688,84.37290000915527,47.30063,50.087994
143.95685386657715,82.2879867553711,47.090717,49.938667
146.04828453063965,77.91180992126465,47.17484,49.791714
149.44091796875,77.79546928405762,47.42958,49.75137
152.10284805297852,77.35003852844238,47.691994,49.497684
155.93675422668457,78.94557571411133,47.150585,48.44667
159.48149871826172,79.15812492370605,46.439545,49.208965
161.26252937316895,79.8071517944336,46.649883,49.85343
163.44953155517578,79.84789848327637,46.42267,49.017773
165.11357498168945,79.25366020202637,46.626,48.849087
166.00219345092773,73.97601699829102,46.78866,49.96498
164.827730178833,72.99948120117188,46.880978,50.295982
162.07020378112793,70.40653991699219,46.161808,50.546913
157.72406578063965,67.46088790893555,46.151234,51.230164
153.05530548095703,67.58388137817383,46.191116,52.278732
148.17724227905273,69.92688369750977,46.46723,52.891266
144.38415336608887,74.09590530395508,45.249348,51.044647
139.21875,74.8264102935791,46.11859,51.744816
135.87383460998535,77.71983337402344,45.449657,51.31881
131.434907913208,78.64362907409668,45.639324,51.143063
126.10420227050781,79.18134117126465,45.568253,50.93968
125.58182716369629,79.55463790893555,45.81387,49.543762
122.84400749206543,76.50898361206055,45.512806,49.700424
122.33915519714355,72.05913925170898,45.828114,51.574738
125.98013687133789,70.74175643920898,45.107613,51.09616
128.17774772644043,72.70139503479004,44.465443,48.612797
131.66641235351562,76.58139610290527,43.63292,49.16247
135.47357368469238,81.23240661621094,43.032787,48.125298
141.41064071655273,86.11379051208496,42.60874,48.10136
146.9675807952881,89.81230354309082,42.092167,46.340214
151.89642906188965,90.1290283203125,42.77741,46.852333
155.25854110717773,88.3141918182373,41.629845,45.35336
161.37948989868164,85.00446128845215,42.067924,46.578136
169.52379989624023,82.80052375793457,41.062218,45.16094
172.97620391845703,84.07212829589844,41.19217,45.754707
176.30940437316895,87.03307342529297,40.57266,44.931236
177.42534255981445,91.1831226348877,41.25254,44.714542
177.51433753967285,93.73909950256348,41.803555,45.392612
176.1811637878418,95.06243324279785,41.430275,44.84331
172.016939163208,94.20741271972656,41.343044,44.15664
167.40628242492676,92.00157737731934,41.028835,43.291515
165.76291275024414,89.1153507232666,41.169243,43.802616
163.57829475402832,88.7600154876709,41.59376,43.828167
160.83328819274902,89.26598930358887,40.871937,44.498394
158.98100662231445,89.15231895446777,41.72866,44.54774
158.4482192993164,89.12265396118164,42.793427,44.282455
157.3873291015625,88.70327186584473,42.18315,45.064
156.2523593902588,89.60161018371582,42.17866,45.135258
153.4629898071289,89.76241493225098,42.605743,45.767918
150.25358963012695,90.09849739074707,42.408806,45.102604
148.82513618469238,89.85228157043457,43.65504,46.700153
147.61553573608398,90.03307151794434,43.258293,47.01205
147.1521110534668,89.13273239135742,43.96601,46.203888
147.27281951904297,88.02224922180176,44.147263,45.658024
149.95730209350586,86.5033130645752,42.650063,44.68265
151.61353874206543,84.90064239501953,43.151997,45.93319
154.7453269958496,84.6587028503418,43.45646,45.150284
159.42914390563965,85.26440048217773,44.04526,46.77739
164.62477111816406,88.68963432312012,43.807144,44.531338
167.91566276550293,92.5410041809082,44.639973,44.25328
168.39829635620117,94.22883605957031,46.462746,46.997566
170.8692626953125,94.50192451477051,46.48015,48.14432
171.7411346435547,94.9286994934082,46.830826,50.509445
174.62927055358887,93.72036170959473,46.878956,49.63506
175.2168140411377,90.338134765625,46.620724,50.3556
175.16047286987305,89.50605392456055,47.952522,49.113403
177.02207946777344,88.92176246643066,46.993652,48.721455
177.00686264038086,88.03713989257812,45.712013,48.517952
178.46837615966797,87.63930892944336,45.737,49.056168
178.7967414855957,81.73946762084961,45.52413,54.905945
183.26708221435547,80.11342239379883,44.846786,49.43132
185.93287658691406,80.79334449768066,46.22513,46.440876
186.3841438293457,83.01127052307129,44.815132,44.63384
184.77642250061035,87.59457397460938,48.211956,53.8079
187.64020156860352,91.87045478820801,48.050392,49.552906
187.82833290100098,92.99464416503906,46.706905,49.417305
185.42725372314453,94.35940551757812,45.7576,46.813423
184.19322395324707,93.72601890563965,46.592754,47.811337
183.12394905090332,91.68270111083984,46.13043,48.291206
178.36700630187988,90.55475425720215,48.55879,48.579586
173.60444450378418,87.77124977111816,46.82143,48.535908
173.31630897521973,86.89953422546387,46.325085,48.408566
173.5503635406494,87.91074180603027,46.97674,48.96023
172.02103424072266,89.05076217651367,46.667038,48.027237
171.05989837646484,89.30970191955566,46.792984,47.540134
169.40787315368652,88.87165832519531,47.601994,48.45986
165.0747013092041,84.46158981323242,46.928143,50.60823
161.76161003112793,82.3123607635498,47.864094,49.628963
161.39763641357422,77.30319213867188,47.64319,49.601357
161.55101203918457,76.40014266967773,47.48196,48.529907
157.3782844543457,73.33273887634277,48.01197,50.514324
163.24241256713867,72.35834503173828,46.91485,50.719902
166.56646919250488,73.3356761932373,48.34744,49.892574
170.48682594299316,77.0570182800293,47.55885,51.450455
175.22123527526855,78.85515403747559,47.269978,49.576992
177.6204071044922,80.72666358947754,46.15445,49.29714
179.56978607177734,81.31402206420898,46.699646,49.144135
182.5463161468506,80.57003974914551,46.705143,48.488697
181.1036148071289,79.95836448669434,46.754517,48.079876
178.49303245544434,79.48819351196289,45.963734,49.128174
176.8401584625244,76.89731216430664,46.04591,48.339798
177.21309280395508,74.73934364318848,46.20014,48.62792
174.54196548461914,74.68178176879883,45.913017,48.21756
172.00793647766113,76.7599925994873,45.58549,48.706173
170.96975898742676,81.64753150939941,44.982403,47.30379
169.425443649292,85.09966278076172,45.663807,48.5655
167.37874031066895,86.67845153808594,45.212017,48.58248
162.3592128753662,85.00048828125,44.523808,48.922417
155.62150764465332,83.35761642456055,44.73921,48.050385
154.35823249816895,80.27987098693848,45.272564,48.813816
151.49412155151367,79.06039047241211,43.96505,47.814346
148.1332187652588,78.32391166687012,44.38148,48.601086
146.93560028076172,76.91690063476562,44.17009,48.281746
144.01119995117188,77.58368682861328,44.370422,47.784477
143.0905303955078,78.83285331726074,43.912735,45.69328
142.7908000946045,81.00616264343262,43.755787,45.23312
145.43823623657227,81.41024589538574,42.97013,46.149944
148.19746780395508,81.94738006591797,43.18743,46.63688
153.0127124786377,80.69330978393555,42.821865,46.14688
157.71982765197754,81.53239631652832,42.68266,47.064594
162.8817024230957,80.80026435852051,41.805138,45.51253
167.50193786621094,79.38239669799805,42.34964,45.23961
170.36534881591797,79.0305061340332,41.99771,45.053925
173.9786148071289,77.41741561889648,42.019135,44.410828
175.84311866760254,77.85904884338379,41.997845,44.588535
177.64699172973633,80.43037223815918,42.128716,45.470974
177.30235290527344,84.43083190917969,41.92984,44.737328
176.01397514343262,88.48163986206055,41.806904,44.882935
174.87078285217285,91.92935562133789,41.32974,44.77011
172.6182975769043,93.57896423339844,41.311867,44.32795
171.39323806762695,94.95921516418457,40.871254,45.024784
169.67477798461914,94.92141342163086,40.085014,43.0596
163.8548812866211,90.97955131530762,40.540466,43.600872
163.60951232910156,86.59423828125,41.283966,43.919838
159.7851390838623,83.93589401245117,40.793736,45.46147
156.9432888031006,85.13104248046875,40.788807,45.66137
151.15659141540527,88.75838661193848,41.48702,44.805088
148.68974685668945,90.25511741638184,40.976112,46.357967
147.42506980895996,90.83357810974121,41.79804,46.441555
146.49459838867188,88.63302421569824,41.569427,47.24719
143.7626609802246,87.4719123840332,41.883415,47.1864
142.47447967529297,88.10522079467773,42.964935,46.877792
141.24668884277344,87.59797477722168,42.393326,48.213406
138.31095695495605,86.45705223083496,42.550068,49.55514
135.63007164001465,86.7391300201416,42.839207,46.780933
133.4895191192627,85.06644058227539,43.068005,48.856766
130.75396728515625,83.61972427368164,43.176132,48.75737
