160.0,83.0,56,65
164.32787895202637,86.3029842376709,58.426014,58.67557
172.47545623779297,82.76903915405273,55.70491,59.909172
173.0833969116211,81.47550773620605,58.23137,62.827534
176.0079116821289,74.99359512329102,59.490158,66.467705
179.61159133911133,71.07024002075195,65.35372,64.795494
179.52568817138672,54.201072692871094,65.78816,72.54602
160.76660919189453,39.854095458984375,68.75235,60.052795
150.6738624572754,39.31056022644043,70.21047,57.316242
143.38837432861328,39.45854568481445,72.090836,70.79063
143.88661193847656,61.75267791748047,71.3981,67.98883
152.58861541748047,74.33649635314941,64.035324,62.67361
152.28510856628418,81.7060775756836,58.250324,56.826935
140.81557083129883,87.38068962097168,66.7237,55.481815
137.1770362854004,92.61333465576172,69.71224,59.651962
140.66162109375,89.40737915039062,72.41077,65.687164
154.4116973876953,84.17267608642578,70.68652,71.560074
176.40561294555664,81.01062393188477,74.5646,75.079185
177.71124267578125,81.56557846069336,76.86163,76.232735
169.48017120361328,73.49586868286133,83.46867,80.01519
168.81331634521484,73.56851959228516,82.748795,80.06215
165.17121505737305,73.30430221557617,78.72617,82.8364
153.88721466064453,72.51558685302734,77.27135,80.42885
152.0278434753418,71.70709609985352,68.87821,81.169426
130.91030502319336,75.66610717773438,68.55729,82.07489
133.56914901733398,81.34484481811523,76.352394,77.50248
157.83925247192383,76.90260696411133,74.44372,79.72796
186.2081413269043,74.0137825012207,64.9679,76.81588
191.2682342529297,74.63842010498047,66.651276,73.767166
197.27305603027344,83.43421936035156,86.51837,79.82065
194.80850982666016,83.18663787841797,86.28868,87.010544
192.50937271118164,76.0920639038086,84.15832,88.91823
190.74665451049805,68.67354965209961,82.192024,87.35468
206.85222625732422,58.40070724487305,81.293564,89.29188
213.42724227905273,55.97184371948242,80.85154,88.02036
219.01550674438477,61.10662078857422,81.457054,89.17012
214.8700942993164,74.68102645874023,74.43147,81.282326
220.10955047607422,77.71040344238281,71.89665,81.423645
214.6563720703125,83.95659255981445,77.78647,75.80093
207.49907684326172,80.70507431030273,77.67052,73.04163
183.12098693847656,53.74600601196289,73.95676,73.176414
120.7270393371582,38.70319747924805,87.26986,60.044792
104.73402786254883,32.55600357055664,82.79122,64.280525
32.21531677246094,36.68446350097656,93.12106,66.47377
1.5301361083984375,38.695316314697266,92.82721,72.78599
6.762592315673828,129.85055923461914,83.22381,77.127174
70.14110565185547,85.36433410644531,75.607376,78.77319
96.34590530395508,47.35764694213867,77.1076,81.351524
118.12872314453125,33.61805725097656,81.24289,65.02858
149.32508087158203,26.738069534301758,73.28252,54.218517
170.47937393188477,35.0389461517334,66.49267,52.260197
184.33891677856445,36.90495681762695,59.23385,58.07029
199.89321517944336,55.6439151763916,64.675545,61.22842
193.55739974975586,64.53357696533203,70.65655,61.23111
199.24703216552734,73.82456588745117,57.773773,67.82635
200.76585388183594,74.29376602172852,54.854584,70.302956
219.37376976013184,61.76493835449219,61.450306,64.02745
226.97110748291016,54.2402229309082,69.69713,68.592
232.40620040893555,59.01700973510742,72.65812,73.43043
235.0566291809082,61.53969955444336,71.42458,74.84211
229.4844512939453,60.96531677246094,69.584595,72.76309
187.93383026123047,84.98737716674805,68.86772,74.939644
178.00472259521484,98.87186813354492,64.35289,76.7378
166.03148651123047,126.7509765625,75.49275,86.42233
160.51036071777344,134.57322692871094,78.29941,90.56561
148.82615661621094,108.57323455810547,79.76636,91.27507
139.94620895385742,96.08465194702148,82.591774,90.73368
126.85968017578125,69.31058502197266,79.267395,91.81831
108.91430282592773,46.339664459228516,84.20307,91.37527
109.21876907348633,46.23342514038086,79.5212,88.295296
130.59986114501953,59.260040283203125,71.526535,89.3056
144.86149215698242,79.18550109863281,71.14387,75.58017
147.01764297485352,90.59754943847656,68.42623,66.312256
149.98356246948242,73.23686218261719,66.60764,64.9312
153.82775115966797,56.4066219329834,67.99776,61.95725
171.3191375732422,39.35244369506836,70.91025,68.03477
193.53420639038086,54.66852951049805,66.65983,70.01252
205.53124237060547,64.65709686279297,66.07503,72.485794
193.96136856079102,65.76087951660156,67.49923,77.6452
121.25483322143555,149.89638900756836,87.911705,102.816505
105.39953994750977,153.69527435302734,114.50236,138.57545
95.79875183105469,182.53960418701172,110.85051,132.15547
83.97928237915039,170.19227600097656,102.51237,126.40204
81.31359481811523,125.31290435791016,96.58047,127.30516
88.63300323486328,106.64682006835938,91.93222,124.78415
106.75214385986328,109.52007293701172,91.32318,122.124466
148.09838485717773,110.10157012939453,94.02877,119.34938
159.76000213623047,104.45358276367188,91.17337,119.298645
183.6540298461914,84.02717590332031,91.87604,115.451996
167.78951263427734,53.79018020629883,93.146484,106.42199
147.97209930419922,40.84281539916992,91.7695,100.34678
109.2486343383789,39.471351623535156,95.20227,73.28114
95.80627059936523,38.58015060424805,96.51696,69.45472
102.07421493530273,38.99495315551758,94.05599,70.875725
114.07599258422852,43.12418746948242,77.62281,75.31803
115.82055282592773,52.801612854003906,73.35601,74.44246
122.55122375488281,73.45568084716797,69.85304,73.34566
126.05334091186523,80.92613983154297,68.25613,73.97667
138.1697654724121,69.01685333251953,72.77447,75.27287
156.6591453552246,49.98106002807617,65.73272,76.413
167.23078155517578,57.11328887939453,76.621704,60.031723
181.1612033843994,47.66829299926758,57.655422,75.41332
177.5459270477295,51.688941955566406,54.224476,72.79469
165.5547161102295,70.43794631958008,60.706303,63.117485
161.17604446411133,77.83794784545898,62.595543,62.919746
158.67100143432617,78.65079116821289,65.33108,64.04865
154.5041732788086,87.09051513671875,66.57742,61.80327
151.82257843017578,88.6715030670166,70.75403,61.155727
153.98056030273438,86.44405555725098,69.2104,60.51257
168.88704872131348,74.64423370361328,59.187862,76.046265
189.33297729492188,73.4009017944336,62.12532,74.70615
222.5445098876953,71.5808334350586,64.63701,75.311676
235.62385177612305,72.77957153320312,66.8261,71.87691
