123.0,87.0,132,176
129.2818717956543,84.2007827758789,121.348,179.52782
131.17995834350586,84.92327117919922,120.3581,178.34877
132.28945922851562,84.94709777832031,120.35748,178.66159
132.31683731079102,85.67788696289062,121.62212,177.51013
133.7402687072754,85.53456115722656,121.02715,178.53494
134.84445190429688,85.00782775878906,121.96295,178.65189
136.23144912719727,85.19544982910156,121.18499,180.0657
137.81758499145508,84.45182037353516,121.91134,178.55217
138.2842559814453,84.63028717041016,122.235504,179.29893
139.61227798461914,85.41388702392578,122.91686,178.41008
139.92083740234375,85.1812973022461,124.159,176.7665
140.9210662841797,85.0803451538086,123.81564,178.38643
142.88285446166992,84.2540512084961,123.83433,176.82558
143.95492553710938,83.9351577758789,123.4093,178.10246
145.3101692199707,84.22757720947266,123.11617,178.10759
147.29436874389648,83.60176849365234,123.26264,179.1642
147.58514404296875,84.1397476196289,123.58569,178.69041
148.35675430297852,83.12598419189453,124.11547,178.6508
149.46075820922852,83.16949462890625,124.346245,179.3869
148.69647979736328,82.12115478515625,124.11131,179.60944
148.31912231445312,82.00908660888672,124.30414,179.99556
147.1594467163086,80.7071304321289,124.864944,180.32536
146.12873077392578,81.6050033569336,124.708664,180.662
143.6501007080078,79.83795928955078,125.09244,181.8983
139.35588836669922,80.28111267089844,125.7632,181.96457
137.99526977539062,80.22601318359375,125.62488,182.1773
136.1022186279297,79.54690551757812,125.54843,183.00494
133.75119018554688,79.4311294555664,126.63379,182.71873
133.02925491333008,78.93094635009766,126.467186,182.11595
132.40276336669922,78.93278503417969,126.5544,182.2999
131.69908142089844,78.31375122070312,127.38486,183.82794
131.57447052001953,78.65303039550781,127.722824,183.45547
132.86898803710938,78.75764465332031,127.341,184.52597
133.08047485351562,78.6060791015625,128.6471,184.81989
134.74217224121094,79.17061614990234,128.0029,185.55397
133.20742797851562,79.89984130859375,130.54321,185.59998
133.9792709350586,79.88584899902344,131.23079,184.24863
134.13651275634766,79.42820739746094,130.86516,187.11234
134.94449615478516,80.0757827758789,130.91112,185.908
134.43971252441406,79.5205307006836,131.90524,185.86293
134.9488983154297,79.82269287109375,132.32382,186.97015
134.23336029052734,79.29812622070312,133.53163,186.16205
134.62945556640625,79.36890411376953,132.85083,187.2882
133.50230407714844,78.50877380371094,134.7687,185.26077
134.80715942382812,78.59537506103516,135.05688,186.2542
136.2145538330078,78.61419677734375,134.11221,186.76501
135.28265380859375,78.64763641357422,135.17645,187.23756
136.8616180419922,78.04991912841797,134.77182,186.7245
137.79627227783203,77.8919448852539,135.74083,186.56523
137.52279663085938,77.857421875,135.75262,185.30048
139.4310302734375,77.16606903076172,135.99304,186.77907
141.13644409179688,76.37688446044922,134.81165,188.46864
140.74152374267578,75.96189880371094,136.02684,187.08646
143.98133087158203,75.82500457763672,133.59569,188.65883
143.08084869384766,75.8623046875,135.88377,187.11005
142.90805053710938,75.35773468017578,134.84381,188.721
144.5018768310547,74.52909088134766,134.55069,188.50224
144.5233383178711,75.91339874267578,135.28157,186.5783
142.99412536621094,74.67371368408203,135.96475,188.04332
144.24263763427734,75.28645324707031,134.98354,188.20291
142.5343017578125,74.3685531616211,136.36572,187.75233
141.24546813964844,74.18534851074219,136.3884,186.37839
139.7062530517578,74.20499420166016,136.40842,188.25206
139.31800842285156,75.02564239501953,135.94473,186.86058
137.97664642333984,75.0239486694336,136.52046,187.15565
137.89390563964844,74.5896224975586,136.51523,186.7817
136.13803100585938,74.59068298339844,136.8086,187.9769
137.17886352539062,74.5623779296875,135.38666,186.79004
136.92105865478516,75.14034271240234,135.51714,188.06276
135.4203643798828,75.28579711914062,136.30362,185.79431
136.84146118164062,74.27295684814453,135.31244,187.6953
136.49036407470703,73.91027069091797,136.47533,186.46754
137.55086517333984,73.27095794677734,135.3766,187.71169
136.8364486694336,73.48588562011719,136.14198,186.77365
137.3758773803711,74.1629867553711,137.3246,186.4634
135.1787872314453,73.60858154296875,140.18387,184.72345
134.23829650878906,73.91819763183594,141.05197,185.92691
133.3553695678711,73.90519714355469,144.32289,185.07333
132.05399322509766,73.74800872802734,146.79765,183.97292
133.21161651611328,73.00362396240234,147.3344,186.23457
133.5089111328125,73.0909194946289,147.98059,184.0283
135.5893783569336,73.42463684082031,146.87148,184.22586
135.48348236083984,75.05243682861328,147.34724,184.74492
137.28199005126953,75.2177734375,146.35155,185.62665
138.0463638305664,75.25521850585938,146.36473,184.40735
139.20977020263672,77.1161880493164,145.8254,184.09581
137.91004943847656,77.54759979248047,147.00644,184.95827
138.23426818847656,77.29569244384766,147.61038,184.77574
138.93548583984375,77.51451110839844,147.35663,184.52359
140.74556732177734,77.96639251708984,147.30531,185.61177
140.9602508544922,77.99386596679688,147.60226,184.53204
142.56837463378906,79.00141906738281,145.90536,184.01834
142.19469451904297,78.78260803222656,147.10884,185.55142
143.40840911865234,79.37773895263672,146.93623,184.19429
143.55690002441406,79.35699462890625,146.83426,185.93219
143.01513671875,79.77753448486328,148.89093,183.54259
144.5557632446289,79.4053726196289,146.16747,184.69206
143.34830474853516,79.8519515991211,146.66978,186.40205
143.3473358154297,79.37755584716797,147.6174,182.34358
140.9594268798828,78.47096252441406,148.27975,185.52621
142.83416748046875,78.15760040283203,145.74811,184.26488
143.85231018066406,77.7171401977539,144.40646,187.06151
142.995849609375,78.53133392333984,145.58899,185.99342
144.83940887451172,78.29891204833984,142.91438,184.78047
145.7505645751953,78.599853515625,141.87003,187.08472
146.92835998535156,78.3093490600586,141.56546,184.57362
148.67516326904297,78.52582550048828,138.43764,185.26341
148.96143341064453,78.46351623535156,137.32152,186.26968
150.95767974853516,78.24258422851562,135.29875,186.42627
153.0902328491211,78.3458251953125,133.72993,187.75006
155.00066375732422,78.8829574584961,132.86159,183.92598
157.4950942993164,77.53533935546875,131.79399,187.30756
160.7594451904297,77.62615203857422,129.53763,184.76723
161.91217041015625,77.40731811523438,129.52771,186.586
165.85305786132812,77.87555694580078,128.18823,185.57103
168.8793067932129,77.2113037109375,127.747856,185.09192
172.25770950317383,77.56957244873047,127.22872,184.70522
174.8375358581543,77.58165740966797,127.53379,183.22896
177.98804092407227,77.05571746826172,126.90337,182.98433
181.5235481262207,76.02058410644531,126.334435,182.7681
186.21114349365234,75.85761260986328,126.36861,181.12645
190.45835876464844,75.72042083740234,126.04428,180.13655
193.54157257080078,75.34917449951172,125.67796,178.72743
197.894287109375,73.2608871459961,125.74542,179.26924
202.54547882080078,73.05561828613281,124.87468,178.88553
206.62028121948242,72.51341247558594,124.11759,178.10294
211.29620361328125,70.07682037353516,122.85541,178.4738
215.0631446838379,69.49138641357422,122.76775,178.4363
219.22473907470703,68.55740356445312,123.71611,176.66766
224.3534812927246,67.44373321533203,123.09089,176.77318
228.97393798828125,66.68934631347656,122.336,177.08768
233.15346145629883,66.23330688476562,122.332115,176.72461
237.0476417541504,66.09423065185547,122.72674,176.0713
242.2569236755371,65.36822509765625,122.23731,175.37775
247.9944305419922,64.93878173828125,120.738556,177.344
251.83787536621094,65.67462921142578,120.37125,176.72551
256.01258850097656,65.53184509277344,120.29147,177.4982
260.4541473388672,67.251220703125,120.529816,176.02325
262.99719619750977,67.4796371459961,122.1339,177.53822
266.16137313842773,68.480224609375,122.09638,175.30219
269.3359260559082,69.05461120605469,123.13601,175.5521
272.1067428588867,69.47469329833984,124.23494,175.2978
276.0363426208496,70.38033294677734,124.215645,174.32246
279.6681442260742,71.11013793945312,124.61818,173.03766
283.9936218261719,71.85362243652344,124.39392,173.225
289.3994255065918,73.76162719726562,124.29478,173.15845
294.1847038269043,74.647705078125,123.409584,172.80731
301.26171493530273,75.68106842041016,122.88563,170.78087
306.56181716918945,76.44676971435547,121.12307,172.73067
311.81843185424805,77.33518981933594,120.88584,171.7366
318.2923927307129,77.34685516357422,121.15472,171.01912
325.97761154174805,77.10505676269531,120.94938,172.11307
332.9011764526367,76.95954895019531,120.85756,169.2579
339.36828994750977,75.9644775390625,122.09112,171.60413
347.4719123840332,76.01306915283203,121.27944,169.99126
354.1427879333496,76.07133483886719,120.235115,169.89615
361.2933692932129,74.85360717773438,119.84704,168.35852
368.11869049072266,73.76099395751953,119.20427,169.96672
374.7361602783203,73.96630096435547,120.653046,170.62782
380.4133110046387,73.18816375732422,121.36106,170.34163
385.96226501464844,72.64473724365234,120.816315,171.37263
391.3360061645508,71.7529067993164,123.23222,170.48839
396.73038482666016,70.72865295410156,121.61955,172.25424
401.9020118713379,71.06555938720703,121.3648,171.84892
405.43500900268555,71.39393615722656,121.86002,170.8865
409.4142761230469,70.43742370605469,121.306274,171.41177
411.9027328491211,70.70722198486328,120.9001,172.6038
414.80215072631836,71.26741027832031,121.100044,171.64487
417.2591209411621,71.7242431640625,120.43934,172.0404
419.65230560302734,72.99010467529297,120.70485,170.65779
421.3671340942383,74.6546859741211,119.232895,172.65242
423.0974807739258,76.42677307128906,119.567795,172.72934
424.3902702331543,77.8224105834961,119.45768,173.42763
424.6590919494629,80.06065368652344,118.96258,172.26987
425.7059631347656,80.8038558959961,119.36621,172.30605
426.82859802246094,81.37297058105469,118.99405,173.90439
425.9748878479004,83.03972625732422,118.91515,170.89363
425.13573837280273,83.51393127441406,119.58106,171.39706
424.629150390625,83.9071044921875,120.24121,172.19452
422.62268447875977,84.87985229492188,119.669975,172.12567
421.2359848022461,85.36953735351562,119.49617,171.14185
418.85643005371094,85.39177703857422,119.37729,170.59969
416.33041763305664,85.67375183105469,119.71508,172.01437
413.8605499267578,85.41880798339844,119.85861,171.103
412.7306594848633,85.67459869384766,118.74431,171.67564
410.2382354736328,84.8427963256836,119.29813,171.68355
409.4848289489746,84.87201690673828,118.86298,172.21873
408.21717834472656,85.30860137939453,118.70444,171.37407
406.3755798339844,85.18482971191406,118.71979,170.90866
404.53313064575195,84.22258758544922,118.84249,171.66438
403.27392959594727,84.59054565429688,118.82604,172.23901
401.1186408996582,84.54981994628906,118.632225,171.616
400.0069923400879,84.40055847167969,118.55053,172.04056
398.44081115722656,85.3619384765625,119.1138,172.45563
397.73667907714844,85.2470474243164,118.40103,170.80852
398.58991622924805,85.39901733398438,118.78623,173.30176
397.87244415283203,86.11583709716797,117.375595,172.50752
396.9212837219238,87.30396270751953,118.07571,173.01201
396.587589263916,88.95891571044922,119.077934,173.48763
395.66355895996094,89.21338653564453,118.19858,174.27489
393.8551139831543,91.8070297241211,118.92234,175.3586
390.80639266967773,94.48412322998047,120.76942,174.42336
388.4243698120117,98.597900390625,120.46321,172.94879
379.859561920166,103.02538299560547,126.82635,168.39607
378.0116271972656,105.65454864501953,124.82477,182.89397
372.9822235107422,109.48387908935547,130.58554,174.64876
366.0640335083008,114.26241302490234,136.40276,173.43208
363.2942810058594,118.35077667236328,136.39294,176.08018
362.4278030395508,121.44851684570312,133.03746,178.06073
360.22057342529297,123.79522705078125,132.79073,175.44977
363.85589599609375,124.92158508300781,127.44171,176.84695
368.1231498718262,128.85110473632812,122.74674,174.06384
366.43786239624023,131.4923858642578,122.94221,173.17093
362.0165824890137,133.06548309326172,127.357155,173.0367
361.9969367980957,135.57083129882812,125.1896,172.30182
362.9713363647461,138.07418060302734,122.18648,171.80397
363.4050712585449,140.83536529541016,119.98966,171.9077
360.93885803222656,142.7422866821289,122.10275,170.67906
360.40130615234375,143.81806182861328,121.72333,168.63896
359.53261947631836,145.83563995361328,121.381966,170.82451
359.0424995422363,147.16939544677734,121.04336,170.92445
358.04468536376953,149.69349670410156,121.721054,170.7402
358.2758560180664,151.6823501586914,120.85924,169.03545
358.271053314209,152.89325714111328,121.19123,169.7556
358.9944877624512,155.67597198486328,120.22697,170.1826
360.08643341064453,158.09137725830078,119.73064,168.21123
361.04896545410156,159.59808349609375,119.53458,168.3003
361.5728988647461,162.250732421875,118.163895,169.25726
360.1150779724121,164.38766479492188,119.57197,168.30457
360.96667861938477,165.71588897705078,120.146416,168.12352
360.7661476135254,167.4937973022461,119.79699,167.10951
361.1240692138672,167.77690887451172,119.52768,168.16548
361.1179542541504,169.45401000976562,119.8316,166.86475
360.61180114746094,169.48255157470703,120.208405,167.3286
360.26385498046875,170.19784545898438,119.91553,167.1836
360.2760772705078,170.34835052490234,119.44144,167.41054
359.95547103881836,169.83525848388672,119.96223,167.03798
359.9790229797363,170.98956298828125,119.70034,166.94061
357.5980453491211,171.7115020751953,121.389175,166.84354
357.4817352294922,171.4916534423828,120.78244,167.57999
357.1341361999512,171.71051788330078,120.52067,168.05528
356.1760902404785,171.27257537841797,120.65954,166.80727
354.15382385253906,171.1538848876953,120.63187,167.45346
352.8738212585449,170.93484497070312,120.814125,167.95728
352.46931076049805,169.62764739990234,120.0062,168.2889
352.05010986328125,167.63638305664062,120.66199,168.3869
350.57179260253906,166.65424346923828,120.653046,168.18541
350.2717628479004,164.27725982666016,120.611626,170.34721
349.3370361328125,162.68595123291016,120.524475,169.42003
348.40039443969727,161.6814193725586,121.096855,169.59578
346.38623046875,160.92438507080078,122.31085,170.45586
345.8483581542969,158.67951202392578,122.87952,170.96104
343.72579193115234,157.6418685913086,124.29805,171.36018
341.7449607849121,156.66107177734375,125.002815,171.63422
339.9028549194336,155.64198303222656,125.906876,172.11697
337.7398872375488,154.73943328857422,126.8464,172.21584
335.2651786804199,153.878662109375,127.021706,173.05664
333.4961280822754,152.9957046508789,126.981865,173.81804
331.33786392211914,153.5054931640625,127.41045,175.16211
326.41845703125,152.94253540039062,130.45074,175.13397
323.3990783691406,152.57495880126953,129.61621,174.80278
319.61968994140625,153.2042007446289,130.43713,178.38457
315.7326889038086,153.34764862060547,131.7505,177.1291
311.4954528808594,154.1755828857422,132.22968,180.18735
306.90116119384766,155.58201599121094,133.33507,179.28677
303.2159118652344,155.88053131103516,133.33228,180.85783
298.63362884521484,156.52776336669922,135.13454,181.05421
295.2495803833008,157.34691619873047,134.49284,182.43654
291.3659133911133,159.38187408447266,135.79259,181.7307
288.33055114746094,160.2242660522461,135.11362,181.90181
284.83077239990234,159.7873306274414,136.6133,182.58244
280.7548141479492,159.55853271484375,137.62263,183.302
277.3412322998047,158.56031036376953,136.79794,184.92278
272.59957122802734,157.80569458007812,137.52406,184.78546
269.0512008666992,156.47592163085938,138.01405,185.90808
263.2746276855469,154.46526336669922,138.27399,185.88625
257.2189483642578,153.00650787353516,139.83353,186.55534
251.90481567382812,151.68128204345703,139.97919,187.57951
246.6291961669922,150.56505584716797,139.85147,187.8791
241.4827423095703,148.44263458251953,140.70395,187.91478
236.95074462890625,146.73926544189453,141.40399,188.24937
233.42417907714844,144.04490661621094,140.79855,188.5325
229.41951751708984,142.4009246826172,141.88771,189.58334
226.5737075805664,139.378662109375,141.93901,190.97473
222.20904541015625,136.55044555664062,143.19257,190.88171
218.98961639404297,133.6564712524414,142.79518,192.6458
216.83303833007812,128.8850326538086,142.75684,195.80318
213.06334686279297,125.75740814208984,143.21516,195.7256
210.51708984375,123.34210968017578,143.46448,196.58086
206.88607025146484,120.59642791748047,144.65578,197.48036
204.41370391845703,118.55391693115234,144.33739,197.84889
202.66075134277344,115.18327331542969,144.33145,201.21262
200.11638641357422,112.83270263671875,145.88777,202.39618
197.5485076904297,110.3966064453125,146.3917,201.88562
196.58871459960938,109.65790557861328,146.31061,202.65282
195.7562026977539,108.03326416015625,146.42412,204.38568
193.22835540771484,106.42329406738281,147.32167,204.13022
190.56536865234375,106.44749450683594,147.6847,204.44785
189.29327392578125,105.68968200683594,146.94019,204.49484
187.47986602783203,104.5907211303711,147.02751,205.35481
186.18190002441406,105.2348861694336,146.86179,204.78127
183.7814712524414,103.52826690673828,147.25816,204.98143
181.47663116455078,103.9294662475586,147.45439,203.4067
179.96605682373047,104.11256408691406,146.63924,204.3193
178.5435028076172,103.37297821044922,145.72256,203.1147
176.38973236083984,103.61122131347656,145.27425,202.71725
174.04136657714844,102.79466247558594,144.44113,203.28342
172.3746109008789,101.9886474609375,144.63628,202.56787
171.18231201171875,100.43236541748047,143.31866,202.16042
169.24413299560547,99.15364837646484,142.8232,201.56667
167.18357849121094,98.61907958984375,142.50253,201.10925
166.3419418334961,98.28449249267578,141.55989,199.79192
165.98278045654297,97.94293975830078,140.2939,198.76591
164.6427764892578,97.11328887939453,139.76498,197.64769
162.61915588378906,96.81885528564453,139.93344,196.41551
162.51853942871094,95.8372573852539,137.72256,196.47227
161.69692993164062,95.53695678710938,137.50092,194.21246
161.40123748779297,93.42843627929688,135.90804,194.44135
159.69165802001953,92.93119049072266,136.39427,193.51146
158.32174682617188,93.0880126953125,136.34155,191.7475
156.81539154052734,93.01721954345703,135.62428,191.1809
157.30152130126953,90.46160888671875,133.3582,193.25714
157.19186401367188,89.13909912109375,133.63696,193.8487
156.47203063964844,88.97643280029297,134.31851,192.38698
156.5139923095703,88.71597290039062,133.38351,192.45471
157.04495239257812,87.3006820678711,132.36346,193.24385
158.02106475830078,84.790771484375,131.51598,193.31073
157.84329986572266,84.79047393798828,131.4663,191.39476
157.27438354492188,82.95697784423828,131.9491,190.4312
156.67149353027344,83.10371398925781,132.54343,188.874
155.67562103271484,82.45256042480469,132.90956,188.99667
155.48888397216797,84.20612335205078,131.63942,187.69347
154.9577407836914,83.86064147949219,132.46977,189.0585
154.60002899169922,85.22097778320312,131.74861,187.67249
154.9286346435547,85.3277587890625,130.7963,188.8451
153.9057388305664,86.55802154541016,131.66063,189.12975
152.7505874633789,88.2213363647461,130.98509,189.03853
152.66216278076172,89.35169219970703,130.75343,188.5866
152.5571517944336,89.66035461425781,131.28865,188.36655
152.57596588134766,91.08229064941406,132.45213,188.76047
152.45706176757812,91.53614044189453,133.45386,187.10442
151.9279327392578,92.29633331298828,135.94266,187.63585
150.95777893066406,92.43708801269531,137.93039,185.59653
152.83145141601562,92.90464782714844,137.89923,185.21011
154.15958404541016,92.85771179199219,138.1906,184.34988
154.39703369140625,93.29696655273438,141.71252,185.75055
157.3100357055664,93.8033447265625,141.64146,185.85272
159.71986389160156,94.01651000976562,140.43167,186.96185
161.82994079589844,95.07279205322266,141.94357,186.87346
165.64290618896484,95.3912353515625,140.07466,186.6159
168.58128356933594,94.83557891845703,139.08652,187.5526
171.0665512084961,95.16622924804688,138.92354,187.08667
173.6012420654297,95.96573638916016,138.845,187.42796
174.38002014160156,96.80970764160156,139.96738,185.87985
174.8064727783203,97.31442260742188,140.5289,188.01617
177.38211059570312,98.49268341064453,139.0683,187.29405
178.13607788085938,97.7091293334961,138.69025,188.72597
180.02999877929688,97.80875396728516,137.55554,188.35094
180.4971466064453,98.22852325439453,137.62894,188.95927
177.90806579589844,97.12115478515625,140.88193,190.06909
177.5881576538086,96.87821197509766,140.15602,191.12706
178.3438720703125,97.76454162597656,139.01837,189.24075
174.40546417236328,96.82632446289062,144.44029,190.27148
172.5440216064453,96.60558319091797,146.61105,188.31703
173.64025115966797,97.10175323486328,145.16225,179.85399
166.64553833007812,95.59736633300781,152.91046,183.64548
170.10492706298828,95.48580169677734,147.20995,192.87788
171.09961700439453,95.9910659790039,145.20598,188.08525
171.3778305053711,95.28235626220703,143.27242,186.91429
172.02889251708984,94.33650970458984,142.00331,188.59694
173.85173797607422,94.40321350097656,140.66786,184.28555
173.97994232177734,93.97193145751953,140.04616,185.8452
175.6250762939453,94.16954803466797,138.05441,184.22029
176.59259796142578,93.20704650878906,137.59087,184.62387
177.41876220703125,92.01703643798828,137.5133,183.52507
180.281005859375,92.37379455566406,133.41919,184.57028
181.33668518066406,91.82473754882812,134.0867,183.98926
182.76280975341797,92.18031311035156,131.2292,181.55307
184.8505096435547,92.8165512084961,129.92447,182.15053
186.30996704101562,92.58444213867188,129.74219,183.06952
189.0790557861328,92.04894256591797,127.31918,182.3304
191.46156692504883,92.8512191772461,125.70693,182.0937
193.3521842956543,93.57740783691406,126.04887,181.15659
195.85720443725586,93.79598236083984,124.62055,181.74031
196.8393898010254,94.77391815185547,125.648,180.50282
197.98986434936523,95.51553344726562,125.5658,180.69763
198.69723892211914,97.0377426147461,125.27697,180.65907
198.60458755493164,97.49050903320312,125.80132,179.5155
198.67994689941406,98.18216705322266,125.902985,179.06792
199.06280899047852,98.05091857910156,126.302055,180.25479
199.6354866027832,98.6244125366211,125.90011,179.14644
200.93888473510742,99.09126281738281,124.788795,179.001
201.39565658569336,99.11726379394531,125.13813,179.80435
201.6961784362793,99.60733032226562,125.38566,180.05731
201.51517868041992,100.19539642333984,125.32993,179.67744
201.45677185058594,100.26220703125,124.39023,179.67181
202.24105834960938,101.1899642944336,123.678894,179.61726
202.00235748291016,101.93302154541016,123.21159,179.94975
202.04312896728516,101.73815155029297,124.06975,180.43184
201.23899841308594,101.97188568115234,124.24362,179.26735
201.4332733154297,102.058837890625,123.72067,179.95868
201.0385284423828,102.77623748779297,123.41934,178.55751
201.09151077270508,101.92872619628906,123.22726,179.57346
200.3024787902832,102.18641662597656,123.544945,179.22287
200.37454223632812,101.96453857421875,123.490234,179.27637
200.91189193725586,101.56586456298828,122.62281,179.17607
200.6796646118164,102.37409210205078,122.95061,179.15105
200.21958541870117,102.50498962402344,123.118996,178.50473
200.4171905517578,101.06768035888672,122.85275,179.82362
200.36336517333984,101.78057098388672,123.47774,178.92348
200.50790405273438,101.93061828613281,123.43768,179.01291
200.5948143005371,102.17020416259766,123.49903,177.80516
200.59743881225586,100.89118957519531,123.46015,177.60617
200.7454490661621,102.15303039550781,123.773994,176.8901
201.04852294921875,100.57756805419922,123.33649,177.66817
201.13908767700195,101.155517578125,124.09066,176.51477
201.58618545532227,101.09627532958984,123.75768,176.5378
201.97836303710938,100.7161865234375,123.55542,176.7002
201.89937210083008,99.92135620117188,123.87417,176.61969
202.1109390258789,100.78641510009766,122.92937,177.26128
201.19419860839844,100.58671569824219,124.08371,176.51767
201.57983779907227,101.13471221923828,124.09838,174.79216
201.81696319580078,101.1883544921875,123.427475,176.94177
201.37074661254883,100.652587890625,123.08401,176.14343
201.58837509155273,101.5824966430664,123.76862,176.60008
201.3578758239746,101.32630157470703,124.115486,176.20439
200.93296813964844,102.05921936035156,124.32364,176.63992
199.49068069458008,102.13613891601562,125.26791,176.03894
199.73457717895508,102.45178985595703,125.81832,176.29918
200.13710021972656,102.45951080322266,125.51785,177.19041
199.8333854675293,103.02391052246094,125.69157,176.78452
199.67734909057617,103.57964324951172,126.027626,176.92805
199.91550064086914,102.4108657836914,126.17687,178.34166
199.52617263793945,102.98434448242188,126.95821,177.03156
199.7005157470703,103.5462646484375,126.328094,177.05304
200.10842514038086,103.58247375488281,126.24616,177.47092
200.3180809020996,104.15729522705078,126.621346,177.25847
200.16357421875,104.86136627197266,126.43909,177.23302
200.570068359375,104.89354705810547,125.79785,177.678
200.02324295043945,105.15251159667969,126.99416,177.16629
199.93680953979492,105.5207748413086,126.49949,176.67085
199.65973663330078,105.70687103271484,126.48839,177.3011
200.0467300415039,104.97368621826172,126.92619,178.2566
200.13290786743164,105.3836441040039,126.46459,177.11052
200.6793556213379,105.97483825683594,126.42516,176.92789
199.89688110351562,107.3817367553711,126.609436,175.64278
200.28960418701172,106.54149627685547,126.38875,178.18404
200.38426208496094,106.60359954833984,127.288055,177.61208
200.1686248779297,106.75271606445312,126.45218,178.04175
200.50098037719727,106.48065948486328,127.32488,177.98387
200.95162200927734,106.66496276855469,126.09865,178.03738
200.44494247436523,106.09844207763672,126.43177,179.44228
200.65520858764648,106.72225952148438,127.30073,178.83875
200.82611465454102,105.87637329101562,126.60467,179.58783
200.7773551940918,106.8674087524414,126.64323,179.58855
200.68354034423828,106.7843246459961,126.907455,179.87361
200.83323669433594,106.39319610595703,127.34604,180.34325
200.54571533203125,106.25811004638672,126.71399,180.75185
200.3470687866211,106.23641204833984,127.40291,181.20314
200.49677276611328,107.15399932861328,127.44481,180.45183
200.1180076599121,107.49525451660156,127.548164,179.86008
200.6708526611328,108.25078582763672,127.45828,180.66054
201.5310401916504,107.5384521484375,126.87536,181.56866
201.3785858154297,108.16910552978516,127.82608,180.78648
202.27079010009766,107.52935791015625,127.572495,181.04395
202.47967910766602,108.23161315917969,127.15319,180.61917
202.5843849182129,107.75572204589844,126.790825,181.02158
203.22388458251953,107.60365295410156,127.07176,181.47287
203.20690536499023,108.29710388183594,126.960884,181.27847
203.74085998535156,107.50154876708984,126.40213,182.49721
204.07270050048828,108.65579223632812,127.09062,180.71613
204.49675369262695,107.61988830566406,126.99703,180.82114
205.18696212768555,108.19913482666016,126.90177,181.47081
205.44718170166016,109.38094329833984,127.00047,180.65486
207.5334815979004,109.02381896972656,126.214165,181.00113
208.13741302490234,110.28121185302734,126.99989,180.0879
209.53246688842773,109.58794403076172,126.42695,181.24184
209.26066207885742,109.83976745605469,126.4683,181.36398
209.35488510131836,109.87606048583984,126.97462,181.446
209.7922592163086,109.78260040283203,127.00008,180.8491
210.31938552856445,109.64119720458984,126.65267,181.62343
211.46755599975586,109.86290740966797,127.18983,180.8213
212.4710578918457,109.67321014404297,127.05007,180.40718
213.47866439819336,110.00171661376953,126.99427,181.20573
215.73537063598633,110.66170501708984,127.36843,180.50728
217.4704475402832,110.25667572021484,126.95754,181.56459
218.91491317749023,110.86524200439453,127.12867,181.14476
220.77183532714844,111.51448822021484,128.1893,180.09541
223.56986618041992,111.16593170166016,127.80808,180.3126
226.20149993896484,111.900634765625,128.28273,179.63464
229.04115295410156,112.9012451171875,128.01791,179.95032
231.55372619628906,113.33466339111328,126.59012,179.91466
233.96121978759766,113.21727752685547,127.52666,180.09944
235.45217514038086,113.65402221679688,127.8791,178.98737
238.1138687133789,112.8364028930664,128.19408,180.07573
240.28214645385742,113.81510925292969,127.59226,179.32065
241.80496978759766,113.34342193603516,127.6425,179.98485
243.71009826660156,114.37504577636719,128.12717,178.59213
245.35347366333008,113.12335968017578,127.83437,180.50365
247.1626091003418,114.74276733398438,127.899574,179.8999
247.6238784790039,114.10874938964844,127.922714,181.12686
249.8177375793457,114.85362243652344,127.79311,179.80576
250.80726623535156,115.0411148071289,128.32486,180.01176
252.82601165771484,114.99690246582031,128.31264,179.68082
255.32933807373047,115.18524932861328,128.34291,179.40654
255.9987335205078,114.11663818359375,128.11575,181.01227
257.6117630004883,114.74575805664062,128.57353,179.88477
259.7869110107422,114.12237548828125,128.67892,180.32452
260.7623291015625,113.84225463867188,128.35864,180.64911
262.8043899536133,113.75376892089844,129.083,179.82877
263.8888244628906,113.08997344970703,129.01532,180.86058
265.8108596801758,111.40987396240234,128.87651,180.65785
267.5465087890625,110.10225677490234,129.59851,180.98476
270.1803665161133,109.6883544921875,129.92412,179.43689
271.84239196777344,108.5054702758789,129.39029,181.07262
272.3132781982422,107.94505310058594,129.97531,180.87167
274.15772247314453,107.04058837890625,130.49168,180.94147
276.85931396484375,106.18013000488281,130.02722,181.05338
278.1539077758789,106.64425659179688,130.59636,180.669
280.2731704711914,105.61885833740234,130.51115,180.94246
281.18357849121094,105.09951782226562,130.4863,181.56195
282.9822311401367,104.4411392211914,131.42262,180.92778
285.1024398803711,102.6366195678711,131.38997,180.9272
287.3974380493164,102.55520629882812,131.35136,180.29694
290.16880798339844,100.17106628417969,131.16574,181.45432
292.42215728759766,98.95175170898438,131.7805,181.91248
295.68206787109375,97.5364990234375,131.28455,182.13751
298.19087982177734,95.29840087890625,131.5533,182.71466
299.9004592895508,94.07404327392578,132.346,184.15544
302.29492950439453,93.43768310546875,132.502,183.45862
304.40631103515625,91.03690338134766,132.84741,186.2033
307.03812408447266,89.59640502929688,133.57945,186.52832
309.13365173339844,88.77684020996094,134.20175,188.56406
310.6570281982422,87.16646575927734,135.21738,190.87038
312.06148529052734,85.86457061767578,136.1634,192.658
312.58296966552734,83.49803161621094,136.97444,195.63852
315.00634765625,82.62840270996094,138.3789,196.91544
315.8559036254883,80.70503997802734,138.62346,199.05794
316.1904067993164,80.04753112792969,139.67491,200.66061
316.2089614868164,77.98929595947266,140.44121,203.53343
316.0525207519531,78.51075744628906,142.01172,203.99155
315.26627349853516,78.03225708007812,142.41496,205.31671
314.8202209472656,78.28913116455078,143.66827,206.60606
312.73699951171875,79.52963256835938,144.7893,207.37439
308.98072814941406,80.04238891601562,146.01761,209.15973
305.84363555908203,81.40711212158203,148.02171,211.55785
302.53541564941406,82.95745086669922,148.29929,212.65102
300.4518051147461,86.58592987060547,148.12581,214.34035
296.1018829345703,89.34320068359375,148.39151,214.78802
293.2987823486328,92.17851257324219,147.90378,214.14493
289.8204803466797,92.47916412353516,149.22537,216.37328
287.28433990478516,92.64373016357422,150.43651,218.27443
282.2801971435547,93.96971130371094,152.01999,219.25266
277.8317565917969,97.9749984741211,154.83136,216.3882
273.0839385986328,100.40039825439453,155.58487,217.95781
267.7082748413086,104.11263275146484,158.60231,218.46419
260.2704086303711,105.24220275878906,161.83308,219.31729
255.0898666381836,108.92488861083984,164.59853,220.86928
253.55098724365234,111.2015380859375,166.563,222.06403
248.6427764892578,112.2155990600586,170.31168,223.95619
244.12628936767578,114.0186767578125,172.21355,224.15497
245.84571838378906,113.05140686035156,167.95554,225.61356
242.05361938476562,110.48521423339844,168.86243,226.4495
241.35714721679688,107.88993835449219,167.40216,226.51205
238.57056427001953,97.16229248046875,166.28032,231.3504
238.38008880615234,89.54041290283203,163.67848,229.75218
230.55384826660156,80.82679748535156,169.76059,228.54782
229.12348175048828,68.24764251708984,168.91692,228.89406
225.23939514160156,56.574974060058594,170.1246,226.05122
224.27324676513672,40.99663543701172,168.48384,228.58418
222.06298065185547,27.27587890625,168.72408,225.76636
223.07715606689453,17.135772705078125,165.77477,223.06824
223.87890625,8.119422912597656,162.37817,220.75816
221.60176849365234,4.77752685546875,161.52205,213.83325
219.1010971069336,1.9778823852539062,161.2906,208.74712
216.83203887939453,-0.1827850341796875,160.71678,204.10562
215.01033782958984,1.6892929077148438,159.54225,199.28523
213.06361389160156,0.641143798828125,159.43375,196.46411
210.49510955810547,1.2691726684570312,157.7817,193.92375
213.962890625,-0.43837738037109375,149.27332,195.33324
213.1129913330078,1.6382598876953125,147.66403,197.8768
212.97476196289062,5.04754638671875,145.5813,195.94446
212.42430114746094,9.43505859375,144.85391,192.93622
210.43844604492188,15.757080078125,143.94049,189.93146
207.06519317626953,20.05805206298828,145.44121,189.58598
206.2240982055664,23.203643798828125,144.51262,188.93018
205.23116302490234,25.582359313964844,144.05727,187.15303
205.23643493652344,28.52655029296875,142.05429,185.58862
204.61075592041016,31.463912963867188,141.53142,181.76334
204.63009643554688,32.70496368408203,141.11371,182.09721
203.0386962890625,33.61467742919922,140.58795,181.84456
201.79544830322266,34.30784606933594,139.40398,179.97049
200.49789428710938,35.914398193359375,139.16211,180.07892
198.27397918701172,36.199562072753906,139.05391,180.55516
196.66724395751953,37.34020233154297,137.33037,180.946
196.1899642944336,37.58448791503906,136.33601,179.43588
192.8333511352539,37.82904052734375,135.82805,182.5014
189.77442169189453,39.27290344238281,136.56438,179.36563
186.65399932861328,40.77192687988281,136.13731,180.21786
184.2515411376953,42.618446350097656,136.48776,179.1497
182.8900604248047,45.13092041015625,134.63254,177.883
178.500244140625,48.034210205078125,135.87158,179.28876
176.47471618652344,50.986717224121094,134.86429,179.22218
175.70539093017578,53.698692321777344,133.7841,176.71034
173.06112670898438,55.652381896972656,135.00159,178.62553
172.11085510253906,56.736488342285156,134.43753,177.87071
171.5542755126953,57.295982360839844,135.22116,179.27412
170.47885131835938,58.726104736328125,134.57776,179.37231
169.802001953125,59.59718322753906,134.92358,179.00528
169.6259002685547,61.06316375732422,134.77658,179.53883
169.59915924072266,64.0230712890625,134.3079,179.58594
170.12310791015625,67.90935516357422,132.86096,179.41664
168.03856658935547,70.8372573852539,133.73207,180.80339
167.2301254272461,74.83851623535156,132.66707,182.2313
165.17131805419922,78.57129669189453,133.64125,181.01494
163.17459106445312,81.96438598632812,134.58405,181.22998
161.6399688720703,85.34417724609375,135.34,181.57935
160.16619873046875,88.37586975097656,135.23157,183.4935
158.6014862060547,92.01299285888672,135.25998,181.50441
157.8211898803711,94.703857421875,135.49043,181.94128
157.15798950195312,96.50386047363281,135.3363,182.13467
158.00180053710938,97.61676025390625,134.3393,180.92224
160.1240692138672,98.96204376220703,132.37808,182.51695
161.38543701171875,99.74227142333984,132.81903,180.50789
164.7407989501953,101.12815856933594,132.31235,181.23618
168.46328735351562,102.340576171875,132.33643,180.32245
172.20274353027344,103.94754028320312,130.58499,179.10706
175.4776382446289,105.79625701904297,129.97887,177.84456
177.9451904296875,107.5617446899414,129.72443,179.63268
180.5240936279297,110.18001556396484,128.79697,177.08998
183.72759246826172,112.27742004394531,129.44753,177.61404
186.2092399597168,114.38390350341797,127.64915,176.60677
186.1488800048828,114.92236328125,129.44168,174.83966
185.74030303955078,111.54741668701172,128.908,174.1111
185.09938049316406,110.14457702636719,128.6467,172.6915
185.09133911132812,109.7665023803711,127.951416,173.79762
183.58013916015625,106.08684539794922,127.05823,171.96492
183.67742538452148,101.12969970703125,125.87348,172.28497
183.50770568847656,97.8865966796875,125.8071,170.94214
181.17284774780273,94.46482849121094,126.13117,169.97171
179.27848052978516,91.40028381347656,125.971176,170.483
175.9603042602539,89.22911834716797,128.07524,171.34859
174.3261260986328,89.51905822753906,127.04404,171.17844
172.65393829345703,89.20414733886719,126.14305,171.43515
170.68597030639648,89.2491226196289,125.24842,171.9251
169.31307983398438,89.28401184082031,124.95123,171.96762
167.33877182006836,89.74127197265625,125.96418,173.06482
165.06174087524414,89.86929321289062,126.8081,174.96802
164.93278121948242,90.14118957519531,125.92838,175.42288
165.2090301513672,92.74039459228516,126.49252,173.65569
166.46111297607422,92.80945587158203,126.00502,174.96178
169.82464218139648,93.38552856445312,125.41273,175.13171
172.55315017700195,93.88298034667969,126.45388,174.96469
177.0008316040039,94.08588409423828,126.54143,176.86308
181.47961807250977,92.90907287597656,127.950066,177.99142
186.01311492919922,93.4665298461914,128.14351,178.53923
188.79591369628906,93.09584045410156,129.61392,175.86478
191.36287689208984,92.50631713867188,129.49483,179.53577
192.92605590820312,91.37971496582031,129.79248,179.259
194.99481964111328,90.60326385498047,130.2678,180.49983
192.88899993896484,89.55867004394531,134.76472,182.32693
194.25685119628906,87.42169189453125,134.92374,182.13025
194.40786743164062,85.0240707397461,136.03278,184.82521
193.05059051513672,82.24615478515625,135.88148,184.92377
192.77224731445312,80.20271301269531,136.48859,187.16934
190.424560546875,78.169189453125,137.92444,187.38965
188.8740692138672,77.39869689941406,139.47482,186.94858
186.2354736328125,77.50390625,141.64056,186.79492
185.0611572265625,78.05813598632812,143.11005,187.0321
183.01522827148438,79.761474609375,145.78943,188.70087
180.4099349975586,82.20375061035156,147.08015,188.39871
179.7925567626953,81.89515686035156,144.68979,188.27664
177.39308166503906,82.01895141601562,146.28403,189.06665
178.7705535888672,81.22280883789062,147.61569,191.31647
179.81293487548828,80.67156982421875,150.86339,195.0293
181.54561614990234,77.77580261230469,155.18867,197.0795
185.86180877685547,76.52709197998047,156.11879,200.45686
190.95098114013672,72.61719512939453,157.9045,203.74266
196.51263427734375,71.8751449584961,159.69702,204.6573
202.74765014648438,67.72589111328125,161.8081,206.56134
207.93521118164062,66.16204833984375,161.26831,208.28223
212.29094696044922,65.022705078125,163.02834,209.02698
217.01632690429688,64.83344268798828,164.349,209.98259
222.3425064086914,65.05115509033203,163.42924,211.01372
224.21133422851562,65.56965637207031,164.28876,208.56796
224.0883331298828,65.90862274169922,165.76358,213.70692
220.70536041259766,65.50910949707031,169.93187,212.53323
221.20337677001953,65.66986083984375,167.609,210.23755
216.24441528320312,63.08668518066406,167.96844,213.46805
214.0513687133789,59.60540771484375,170.60637,211.33032
205.39222717285156,57.9339599609375,174.90756,212.78943
202.3305892944336,57.352073669433594,172.96333,212.35335
193.20682525634766,56.19623565673828,177.42125,214.40154
190.9111557006836,56.20390319824219,175.74434,214.62332
183.66471099853516,56.82758331298828,179.06218,215.81535
182.25019073486328,59.11021423339844,177.35313,217.13669
180.12005615234375,61.83544921875,176.85297,217.97992
177.84915924072266,64.7872543334961,177.5034,217.73341
179.22176361083984,66.31242370605469,178.41756,218.68314
175.35803985595703,69.0175552368164,185.22002,216.49303
176.03651428222656,70.0301513671875,184.25565,216.80939
180.50010681152344,71.00611114501953,179.96878,216.39903
182.88023376464844,73.83799743652344,178.02872,216.28104
184.91397094726562,73.24557495117188,176.2077,218.99164
189.24137115478516,74.6907958984375,173.45299,220.99365
193.5793914794922,78.06761932373047,174.37436,221.46913
200.24168395996094,80.81068420410156,175.07803,216.85117
205.9766387939453,80.95238494873047,179.001,215.87563
216.80159759521484,83.40725708007812,178.01332,214.31097
225.75424194335938,83.77503967285156,176.79095,211.34427
235.51536560058594,85.88114929199219,174.25845,210.76364
244.01567840576172,84.98814392089844,174.57735,212.12582
251.75222778320312,84.73705291748047,173.55786,209.66823
258.6185531616211,81.6847152709961,172.68452,210.13661
263.74915313720703,80.38594055175781,169.56456,211.27866
267.0937957763672,75.67433166503906,167.34164,212.72665
270.4904251098633,71.59363555908203,165.13243,214.3861
271.73985290527344,68.9791030883789,162.69455,212.61992
273.0896453857422,67.57838439941406,161.70749,211.01004
272.60071563720703,67.3968734741211,161.65111,210.16212
270.3407516479492,67.4305648803711,159.22243,210.94789
271.59246826171875,69.87461853027344,155.74036,210.8555
269.6162414550781,73.00965118408203,154.55469,214.29399
264.21060943603516,76.88411712646484,157.09923,214.36317
261.1718978881836,81.48330688476562,157.38124,215.30084
265.4852981567383,88.08741760253906,148.54314,213.12314
261.5146179199219,93.66242218017578,149.44629,211.55418
258.4215087890625,98.58045196533203,145.36224,206.67082
254.0992431640625,101.0459976196289,143.28546,206.82005
251.45572662353516,104.55924987792969,141.2252,203.7297
246.66986846923828,108.85675811767578,142.32518,203.69225
244.81690216064453,111.6680679321289,140.05205,201.09355
242.8537368774414,112.279052734375,140.04607,200.38379
244.23414611816406,114.08797454833984,136.76138,199.34792
246.28280639648438,114.32078552246094,137.95056,199.2388
250.20945739746094,116.14006805419922,137.63156,197.78755
256.0422897338867,117.33887481689453,138.68886,194.98997
263.19105529785156,118.74077606201172,140.08212,193.75514
270.40447998046875,121.3476333618164,140.80762,188.55669
281.1744155883789,121.78419494628906,140.50908,188.98349
290.81290435791016,124.09954071044922,140.16685,188.691
302.23509216308594,125.31192016601562,138.39572,187.32068
310.2477493286133,127.72716522216797,140.90477,189.48085
320.4334945678711,130.63170623779297,139.96242,185.96046
328.9529266357422,133.03511810302734,140.13168,185.43507
338.44667053222656,135.50662231445312,137.52896,184.52454
345.3851547241211,138.93643188476562,137.21284,184.54529
353.1078872680664,142.29261779785156,134.38713,180.51529
359.0132369995117,144.67761993408203,134.368,181.23387
365.09178924560547,147.83331298828125,132.73238,179.53705
371.35741424560547,149.6852264404297,132.50276,179.36307
375.66456604003906,153.6858673095703,132.87125,179.3937
378.85064697265625,156.93328857421875,133.69598,177.4549
383.66992950439453,159.5358428955078,132.76048,176.69394
387.86224365234375,162.0069580078125,131.82867,173.17688
392.66090393066406,163.95740509033203,130.96548,173.9619
396.6953659057617,166.53421783447266,130.93727,172.0623
400.55321502685547,169.1772232055664,130.94093,171.09984
404.1532745361328,171.73920440673828,132.58432,171.45793
409.4130172729492,174.30931091308594,132.80867,166.87692
414.58129119873047,177.16182708740234,131.59627,167.12184
417.6976089477539,178.82725524902344,130.18571,165.41086
421.2237968444824,180.5783462524414,126.289894,163.03435
424.2975769042969,182.29744720458984,123.34308,162.86037
426.55423736572266,183.50296783447266,120.305466,161.21172
426.85931396484375,184.54766845703125,118.25177,160.67181
427.8515167236328,186.10199737548828,117.357025,159.17711
425.9243621826172,185.6934051513672,114.28323,157.59592
422.80459213256836,186.7007293701172,113.10517,155.5452
423.45340728759766,186.90764617919922,109.780136,155.68105
420.46481704711914,187.60191345214844,109.5664,152.7089
416.9325408935547,187.77153778076172,110.300385,154.03365
414.62884521484375,187.96968841552734,108.85718,152.8431
412.39358139038086,188.810302734375,107.32862,153.09332
409.2540283203125,189.5513687133789,108.966125,151.35417
406.7267189025879,190.0086212158203,108.39324,150.59927
405.84667587280273,190.65090942382812,107.14759,149.7528
402.12395095825195,190.8741683959961,107.15627,149.80415
401.06635665893555,191.21404266357422,106.10648,150.0306
397.85803985595703,189.76598358154297,107.11778,149.82219
397.4485206604004,190.438720703125,104.70663,148.9501
396.06539154052734,190.77821350097656,106.20769,148.5162
395.4165229797363,190.63040161132812,104.65969,148.262
394.5928192138672,191.89482879638672,105.454956,147.51006
393.39342498779297,192.18849182128906,104.67012,147.75769
392.3742218017578,192.33082580566406,106.14465,147.41367
391.8289680480957,192.29763793945312,106.03915,148.22733
389.7924118041992,193.96063995361328,107.133896,147.08675
390.8686866760254,193.63105010986328,105.39062,146.4586
389.29103088378906,195.07904052734375,107.0112,146.27115
386.564395904541,195.18860626220703,109.25268,147.78032
385.1181221008301,195.32801818847656,108.83947,147.94223
383.6967239379883,195.77411651611328,108.71013,149.50359
381.47867584228516,195.27281188964844,107.25246,151.051
379.3241996765137,195.75753021240234,108.08161,151.68025
375.6064453125,195.6605224609375,109.687775,151.5774
374.5711479187012,196.35707092285156,109.124214,151.64072
372.25915908813477,196.18450164794922,108.47158,149.24391
370.11341857910156,196.70691680908203,108.66705,150.27013
367.4612731933594,196.79105377197266,109.137726,149.24791
366.3850860595703,196.31471252441406,108.26294,148.38956
364.78261947631836,195.6067657470703,106.55549,147.35648
363.0256233215332,195.35662841796875,107.07082,148.03244
361.57767486572266,194.76480102539062,107.03105,147.6037
360.36459732055664,193.76382446289062,106.5834,146.37277
358.98303604125977,193.15731811523438,106.812584,147.81772
357.8677787780762,192.74636840820312,107.59751,147.31076
356.8294334411621,191.68670654296875,106.54426,148.80072
356.11957931518555,191.6805419921875,106.64634,148.3753
355.00556564331055,192.0468521118164,106.67454,147.31313
354.35009765625,191.91905975341797,106.04562,147.26573
352.95359802246094,191.15464782714844,106.309235,147.55511
352.1083984375,191.54420471191406,105.249176,146.61395
352.3132095336914,191.6355209350586,105.7404,146.65526
352.01549911499023,191.49200439453125,105.45661,146.60916
351.6589698791504,191.85002899169922,105.58422,146.32967
351.78420639038086,191.06450653076172,105.62299,147.28984
351.546443939209,191.8362808227539,105.85737,146.99498
351.0344009399414,191.84103393554688,105.7668,146.90591
350.59798431396484,192.47149658203125,105.97566,147.25446
349.571102142334,192.8615951538086,106.5055,147.59679
349.5714683532715,193.69834899902344,105.42887,147.03119
349.4508361816406,194.42475128173828,105.23346,147.16087
347.9541358947754,194.3637924194336,105.41723,147.34523
346.4572525024414,194.30921173095703,106.232956,145.6061
344.43192291259766,193.8254623413086,107.0309,146.99855
343.39095306396484,193.6981430053711,107.23799,145.95692
340.9259796142578,192.58582305908203,107.3642,145.20152
338.33949279785156,192.35436248779297,107.013336,143.78358
335.31979751586914,190.5585174560547,107.8283,143.88995
329.7637634277344,188.8642120361328,108.53598,146.10574
324.6489372253418,187.1725311279297,109.94068,145.23563
319.20970153808594,185.8421630859375,110.04959,145.71747
312.7937240600586,184.84729766845703,110.34828,147.68712
308.3804473876953,184.6367645263672,108.91498,146.9219
301.73889923095703,183.74014282226562,108.65294,148.19748
294.6006164550781,184.7466583251953,108.1225,149.58716
289.9837417602539,185.76730346679688,107.73631,147.35165
286.0996780395508,186.6363754272461,106.40352,146.72621
280.13340759277344,186.89249420166016,107.524414,149.31804
276.590274810791,187.21776580810547,108.01812,148.22353
272.33398818969727,187.0087890625,107.87356,148.05627
269.4453430175781,185.11351776123047,107.29907,148.23094
267.7237548828125,185.09921264648438,107.20709,148.64905
265.39141845703125,184.26356506347656,108.14783,149.34637
264.65492248535156,182.9297103881836,109.41293,150.3991
262.37167739868164,182.10887908935547,110.17272,149.48705
263.26052474975586,180.84757232666016,109.006355,150.2004
262.4789047241211,180.25446319580078,109.71388,149.92409
261.9061508178711,178.98160552978516,110.756485,151.44984
261.9324378967285,176.88111114501953,112.09301,151.891
261.35268783569336,175.4501190185547,111.63532,152.7309
260.1992492675781,171.4161376953125,112.44733,153.24185
259.8815612792969,167.77980041503906,112.873474,154.11255
258.63521575927734,163.95567321777344,112.83656,154.44635
258.00336837768555,159.68443298339844,113.205055,155.9018
256.50666427612305,155.6709213256836,113.62321,156.94408
253.3411521911621,152.4217758178711,114.82447,159.395
250.3784294128418,150.2276382446289,116.30326,159.38014
245.6462860107422,148.39894104003906,118.31845,162.45728
242.44452285766602,146.65248107910156,117.88201,161.35742
237.67386627197266,143.29428100585938,118.526535,163.33273
234.34465789794922,139.90213012695312,118.42073,163.21811
229.76241302490234,135.93741607666016,117.77638,163.03102
225.6342315673828,132.9974822998047,118.07425,164.78735
221.21344757080078,130.9334945678711,119.90459,165.24474
217.30376434326172,129.66507720947266,119.26558,165.32484
214.26126098632812,128.11554718017578,120.21063,168.40633
211.17567825317383,128.60400390625,122.052574,168.93094
207.84953689575195,129.10205841064453,121.976524,168.79085
205.7091522216797,131.83638763427734,123.68857,169.55382
202.92741012573242,131.8121795654297,124.16062,171.9151
201.6451873779297,133.2186508178711,123.24014,173.45842
200.33981323242188,131.3162841796875,123.56793,178.58652
196.73743438720703,131.24913787841797,124.8604,180.13884
193.9525032043457,130.7334976196289,127.01913,177.62941
192.5009994506836,129.89976501464844,125.96571,177.91962
188.5135269165039,129.58091735839844,127.20885,178.50323
186.16163635253906,127.78125762939453,129.1583,179.65382
181.81966400146484,125.73448944091797,129.59108,178.48308
177.19402313232422,123.6198501586914,130.70235,177.76418
174.08432006835938,118.78620910644531,132.52191,177.73474
172.29956817626953,116.30201721191406,131.77977,180.72864
171.03856658935547,113.17991638183594,130.79579,182.39044
170.14280700683594,109.91685485839844,132.36649,183.56818
170.2296371459961,106.71778106689453,131.44154,187.8318
172.4337387084961,103.1462173461914,134.16725,190.8119
173.74661254882812,100.81102752685547,139.4621,194.4583
178.84900665283203,97.85943603515625,138.43407,196.59763
182.19287109375,97.85453796386719,140.90906,196.13953
190.0211410522461,96.55314636230469,146.89369,199.23901
198.4028549194336,94.27294921875,148.30226,199.40732
209.56632232666016,93.49374389648438,147.9105,197.78732
221.1352996826172,90.14801788330078,148.11227,199.57112
235.040771484375,86.62460327148438,145.62665,200.16641
242.5178985595703,84.46479797363281,147.82224,200.69946
248.26677703857422,78.17115783691406,145.2267,204.75317
248.8855438232422,76.59294128417969,145.3865,204.13977
249.53411102294922,74.23188781738281,144.38771,203.13586
247.66143035888672,73.41799926757812,146.39021,203.19797
246.16901397705078,71.75797271728516,146.91124,201.12617
242.89591217041016,70.22489166259766,146.84789,203.22444
235.67910766601562,68.47261047363281,150.74945,203.94421
231.75157928466797,66.71660614013672,150.71071,206.05455
222.84510803222656,63.9466552734375,156.23093,208.2092
220.4065399169922,61.361045837402344,153.04062,211.58897
214.20709991455078,60.40965270996094,151.65257,211.3728
203.05382537841797,58.922569274902344,158.5541,215.50816
198.07850646972656,58.186546325683594,163.44315,218.80614
193.3289794921875,56.47056579589844,170.65448,221.29749
188.7367706298828,56.11045837402344,174.18674,224.943
187.3826446533203,55.66253662109375,177.324,228.5187
184.8740997314453,57.1060791015625,182.18472,227.27158
183.18289184570312,56.259422302246094,186.61865,230.62505
185.24279022216797,55.76990509033203,185.10219,232.98512
180.31807708740234,56.737396240234375,192.13777,240.73288
179.58660888671875,57.29170227050781,193.17902,238.0633
177.12242889404297,59.21967315673828,197.58919,243.9441
176.0371856689453,61.10376739501953,199.87643,245.76344
176.90752410888672,58.605560302734375,201.41933,249.00174
175.43603515625,54.82086181640625,204.36383,250.15518
173.70362091064453,50.08721160888672,204.43748,250.26317
174.1135711669922,47.381988525390625,206.46487,251.83792
170.7599334716797,48.60504150390625,212.49905,254.85385
172.95319366455078,48.63482666015625,211.15886,253.20975
170.47539520263672,49.515350341796875,217.23097,254.58603
171.4424057006836,49.97230529785156,216.18843,250.5008
173.90281677246094,49.39104461669922,213.99234,252.31432
174.94696044921875,49.65227508544922,211.78058,249.43901
178.46852111816406,50.593505859375,210.02438,246.75931
180.09861755371094,52.24646759033203,205.46072,247.42915
182.65027618408203,53.845314025878906,201.65074,248.24617
187.16734313964844,56.14836120605469,200.561,247.88074
193.25794219970703,59.32215118408203,196.56773,247.14485
199.7040023803711,62.9935302734375,194.24129,243.0209
208.23693084716797,66.70616149902344,191.1155,247.11835
215.7713623046875,72.18812561035156,192.09058,246.2204
227.51510620117188,76.224365234375,189.0708,244.95047
238.1594467163086,80.81924438476562,189.76436,243.1271
251.92603302001953,85.3597183227539,188.67131,242.77028
270.25589752197266,90.93302917480469,180.95457,241.6792
286.73331451416016,96.2801284790039,178.33183,245.25325
302.1492614746094,101.2384262084961,180.84607,246.49791
316.6196975708008,110.3586654663086,184.6541,237.48949
332.0417251586914,114.62023162841797,180.98137,239.61522
347.8020706176758,122.90544128417969,184.3889,235.25946
363.04347229003906,127.80874633789062,179.10947,229.85306
375.57310485839844,134.2359390258789,172.29861,225.20332
386.2581024169922,138.02169799804688,168.89114,224.34396
396.02637481689453,143.66949462890625,166.3994,221.08267
402.0185089111328,148.64566802978516,168.19858,216.5992
405.80433654785156,151.515625,168.17172,221.50052
412.87762451171875,157.3252716064453,162.59735,217.8291
415.1409606933594,165.14954376220703,160.1778,212.39943
417.2857437133789,171.0705795288086,166.17442,211.09459
420.34169006347656,179.22105407714844,166.04587,205.48914
422.4291458129883,188.54047393798828,163.08934,200.18446
421.1210403442383,189.46939849853516,171.734,206.99715
422.0396423339844,193.49248504638672,173.70813,206.7263
418.06817626953125,199.57604217529297,168.71552,208.1923
412.1971664428711,206.21463012695312,172.63948,208.31876
409.8199920654297,213.81654357910156,162.70529,207.31464
404.6110610961914,221.0149688720703,160.39507,208.49133
399.69012451171875,228.4263458251953,157.72247,207.63684
393.44705963134766,236.57056427001953,165.19182,208.1587
386.98424530029297,242.14369201660156,164.32167,207.51099
380.26876068115234,252.2882308959961,163.23494,205.98936
374.4838409423828,260.5981216430664,155.9448,202.67183
368.5091781616211,270.8126449584961,157.85982,197.88591
362.2372283935547,277.96266174316406,154.9208,194.53186
356.56172943115234,283.77002716064453,150.18971,192.11446
352.6255416870117,292.41539764404297,151.47017,183.22758
347.9749221801758,299.4340591430664,153.63927,178.47597
344.7245864868164,307.13101959228516,150.18657,171.78645
344.4281005859375,314.02386474609375,145.74878,166.89963
343.02561950683594,318.40887451171875,144.68814,162.60977
343.8151092529297,322.7165298461914,141.82858,159.08302
346.483642578125,327.86910247802734,138.32507,154.85002
348.87413024902344,332.08406829833984,134.80887,153.4246
351.5828399658203,333.50337982177734,132.63193,149.98448
356.01991271972656,334.5322723388672,130.49179,150.16333
358.8227767944336,334.43763732910156,128.01637,148.49573
366.0821762084961,335.2197036743164,122.38338,148.79884
370.5962715148926,333.85028076171875,122.26858,147.45334
374.44333267211914,332.0612335205078,121.000786,149.68787
377.79966735839844,327.364990234375,118.77255,151.9625
381.29447174072266,320.64366912841797,115.429184,152.40349
384.4214668273926,313.5802688598633,114.231346,154.44551
386.97010040283203,305.01387786865234,113.09422,155.882
390.86782455444336,299.34676361083984,111.65809,153.27184
393.2351379394531,293.8822784423828,110.78876,150.21375
395.61986923217773,290.21087646484375,108.19074,147.03302
396.72965240478516,286.375244140625,106.28386,143.77115
398.27499771118164,283.96759033203125,104.46914,140.74841
398.4097442626953,282.6655731201172,102.54703,138.79456
399.5927429199219,280.1172332763672,101.39264,135.8775
399.94124603271484,278.5654754638672,100.72682,134.55432
401.17522048950195,277.8411865234375,98.707054,131.9927
401.055908203125,277.7168273925781,97.55374,131.07169
401.3687400817871,277.4067077636719,96.414925,130.39343
402.1922798156738,277.49249267578125,95.23666,128.24255
402.2044372558594,276.8166809082031,94.390594,126.87964
404.0788383483887,277.5144729614258,92.57337,126.88066
405.0684814453125,277.2902717590332,91.7092,124.82485
405.09157943725586,277.0246696472168,91.44703,123.39677
406.78060150146484,276.9597282409668,89.62779,123.731544
406.4413299560547,276.3376579284668,89.67749,123.35627
406.9538803100586,276.28316497802734,89.28313,121.56847
407.82366943359375,275.40277099609375,89.17151,121.20172
408.0291862487793,273.84639739990234,89.16999,121.9666
407.97278594970703,272.3762626647949,88.78755,120.56214
407.7284698486328,268.6839408874512,89.74155,121.09638
406.7699737548828,267.5371398925781,88.71518,120.30289
405.12099838256836,266.0092353820801,88.66157,120.047295
404.1420669555664,263.4647331237793,88.58864,119.48298
402.50372314453125,262.4334259033203,88.553925,119.65088
399.8975524902344,261.58610916137695,89.086365,119.65145
397.0126762390137,260.26806259155273,88.591194,118.72663
394.23985290527344,258.1950492858887,88.55081,118.12922
391.2523727416992,257.0384216308594,88.16423,118.27026
387.6478843688965,255.96005249023438,88.44297,117.70734
383.7912712097168,253.86474227905273,88.50593,117.252815
381.2158889770508,253.08509826660156,87.40816,118.52878
379.1968002319336,251.98489379882812,87.45216,118.61124
377.0664176940918,250.79661560058594,86.79856,118.62906
374.1533622741699,249.7778205871582,87.170845,118.383354
371.3523750305176,248.7252197265625,87.43203,117.59799
369.2541847229004,247.15908432006836,87.53344,117.72605
368.2390556335449,246.07971954345703,86.40623,117.94347
366.7898254394531,244.4682159423828,86.95972,118.31061
365.82239532470703,242.59350204467773,87.28322,119.08741
365.11560821533203,241.64239501953125,87.26616,119.15036
364.48279190063477,240.69335556030273,88.0209,119.137825
365.93549728393555,239.52248764038086,87.94187,118.204414
366.5141296386719,237.51555252075195,87.394745,118.0541
367.2718696594238,235.87409210205078,87.84045,119.07405
367.7493553161621,234.52941513061523,87.972115,119.09397
368.9386291503906,233.1478271484375,87.9382,118.84744
369.7292289733887,231.4025115966797,87.96433,118.70871
370.3399848937988,229.86103057861328,87.70101,118.74327
370.7520980834961,228.1291160583496,88.12959,118.88807
371.37300872802734,225.98062896728516,88.27266,119.26424
371.2259178161621,223.89906311035156,88.40928,118.76065
372.06758880615234,222.66807174682617,88.25951,119.19886
371.9018898010254,220.01701736450195,88.05953,119.30755
371.22620010375977,217.15819931030273,88.33041,119.329475
369.8861503601074,216.28388214111328,88.71198,118.74501
368.6327018737793,212.9138069152832,88.92994,119.28704
367.02695083618164,211.49595260620117,88.83221,118.78446
364.92820739746094,210.22111129760742,89.32391,118.92429
362.2154960632324,208.2605094909668,89.52311,119.26194
361.84228897094727,208.15142440795898,88.712364,118.98887
359.29673767089844,206.66827774047852,89.48117,118.289055
358.3119926452637,205.1811065673828,89.03571,118.58414
357.19403076171875,203.31714248657227,88.74158,119.52633
355.82315826416016,201.50321197509766,88.8824,118.35686
355.0667953491211,199.12554550170898,89.16835,118.3325
353.3925895690918,197.9974021911621,89.61829,118.37513
352.0383491516113,195.19788360595703,89.742485,118.703415
352.004581451416,193.68836212158203,88.93389,119.26851
351.13641357421875,192.54400634765625,89.083984,118.800446
350.15149307250977,191.40813827514648,89.14669,118.70722
349.14529037475586,189.50198364257812,89.15403,118.73541
347.5711364746094,188.1315155029297,89.22287,118.49963
345.71317291259766,187.28740692138672,89.39259,118.74251
344.75048828125,185.6167984008789,89.03757,119.359726
342.10863494873047,185.75819778442383,90.06752,119.322655
340.2306938171387,184.84830856323242,89.435585,119.42109
337.5590171813965,183.1152687072754,89.63087,119.60952
333.9370536804199,182.53446578979492,90.42695,119.017494
331.36328506469727,181.8252067565918,90.0769,119.28278
327.79563903808594,181.43461227416992,90.50656,119.71644
324.16212463378906,180.84884643554688,90.34973,120.26587
321.55553436279297,180.42626190185547,89.826035,119.59453
318.802547454834,180.84059524536133,89.569954,119.59606
314.848388671875,180.0914764404297,89.7558,120.362976
312.1443634033203,180.50111770629883,89.659,120.570946
309.10063552856445,179.98458862304688,89.55868,121.02792
306.5187454223633,180.14443969726562,89.2249,121.12924
304.0413932800293,177.64390182495117,89.26942,122.86393
301.0196304321289,176.54580688476562,89.65849,122.21158
298.5683403015137,175.60293197631836,88.90049,122.271614
295.3948287963867,173.90552139282227,88.52284,122.11858
292.21630096435547,173.1203155517578,88.44316,121.96475
289.83737564086914,172.43426513671875,87.6249,121.24957
286.80755615234375,170.63361740112305,87.11392,119.72263
283.13902282714844,170.94243621826172,87.615326,120.46654
280.25428009033203,169.84418106079102,87.33717,120.97558
275.2288818359375,169.88687896728516,88.97574,122.41191
272.377872467041,169.42153549194336,88.29525,121.80744
269.5311737060547,169.3780288696289,87.83002,122.219894
266.052547454834,169.8387794494629,88.03007,122.88705
263.39933013916016,170.0675163269043,86.78096,123.69459
259.7010612487793,170.3786277770996,88.28043,123.075386
256.52182388305664,170.6827163696289,87.831566,121.564224
253.99748992919922,170.2766876220703,87.804306,122.829926
250.69008255004883,168.6146697998047,87.61123,121.897705
248.9374885559082,167.7454376220703,86.90438,122.82733
245.55325317382812,166.8101921081543,87.07272,122.87122
243.3461685180664,165.82160186767578,86.72536,123.08388
241.98316192626953,164.91301727294922,85.924576,123.120316
240.1447525024414,163.77538681030273,85.95723,123.62592
238.21051406860352,162.83075714111328,85.661644,123.99925
235.99642944335938,162.07577514648438,85.63098,124.367615
234.29530334472656,161.46222686767578,84.87625,123.83382
231.57969284057617,161.84551239013672,85.04887,124.18315
228.88018035888672,160.9693946838379,86.14891,123.815575
227.3744010925293,161.00962448120117,85.634926,123.78474
225.75690078735352,160.03059005737305,86.039604,124.65885
224.5044822692871,160.79086685180664,85.54206,124.41436
223.6399154663086,160.92119216918945,85.88176,122.72076
222.3685073852539,160.87164688110352,87.442825,121.64297
224.36119842529297,160.82071685791016,86.63048,121.61162
224.24455642700195,160.36513137817383,88.87359,122.08312
226.4154167175293,160.02848434448242,89.830696,123.868935
228.17269897460938,160.31456756591797,90.35071,124.83705
231.14707565307617,159.71061325073242,90.84815,126.86518
232.48909759521484,160.58325958251953,92.9189,125.83833
233.8784942626953,160.6766471862793,94.25369,126.69541
234.35862731933594,160.4563980102539,96.735535,127.52977
237.17587661743164,161.1522979736328,97.121635,128.28009
239.84272003173828,161.30262756347656,98.08766,128.25485
242.43612670898438,160.9564971923828,99.067474,128.56732
245.0291404724121,159.09903717041016,99.84272,130.24886
246.68972778320312,158.3463592529297,99.65039,130.01657
246.79560089111328,157.60091400146484,100.20268,130.9911
247.23294067382812,157.3945770263672,100.48563,131.88617
247.41664505004883,157.2169189453125,101.09289,132.11075
246.67626571655273,156.21701049804688,101.94584,133.10056
246.5832405090332,154.82454681396484,104.129234,134.56679
246.90451049804688,154.25125122070312,105.32761,132.63577
247.71550369262695,153.82388305664062,103.96609,134.17166
246.86581802368164,152.7520294189453,104.35824,133.73654
245.69755935668945,149.43272399902344,104.51577,135.14243
244.62573623657227,144.5323028564453,106.10488,135.74295
241.5734977722168,138.44696807861328,107.6428,137.31874
236.7815933227539,132.0068359375,110.09816,138.88016
233.2961769104004,126.88994598388672,112.135216,139.11723
230.32209014892578,122.4744873046875,111.210526,140.43738
225.1969451904297,117.70001983642578,113.31738,141.08748
220.62693786621094,115.93245697021484,115.64087,140.75557
215.01376342773438,115.10552215576172,118.67142,141.2929
206.50818634033203,115.59770965576172,118.79439,142.85216
203.5810775756836,118.26691436767578,120.03923,144.82545
