134.0,55.0,60,88
134.63271141052246,54.83416748046875,57.973286,88.89307
134.83807945251465,55.19932556152344,57.72533,88.60443
134.58605766296387,54.976749420166016,58.059544,88.96996
134.71900177001953,55.314430236816406,57.95674,88.667435
134.62884902954102,55.134639739990234,57.937737,88.93989
134.6686611175537,55.85652160644531,58.093983,88.53143
134.7041778564453,55.51609420776367,57.662445,88.74882
134.61226272583008,55.277679443359375,57.481926,88.93063
134.51801300048828,55.215599060058594,58.361282,88.815475
135.06451797485352,55.50002670288086,57.34484,88.83137
134.77085876464844,57.230777740478516,58.156586,87.72207
135.8965663909912,56.39719009399414,58.781727,88.57171
137.98391342163086,57.22861099243164,59.453712,88.13143
138.57627868652344,57.735416412353516,57.99704,88.419914
138.54677200317383,57.657371520996094,57.645164,88.25926
135.83350944519043,57.796112060546875,59.246098,88.16052
129.29768753051758,56.87750244140625,59.576653,88.19479
120.70225524902344,59.007713317871094,61.68222,86.58876
112.97359848022461,56.49497604370117,61.094093,88.45335
109.59708404541016,56.58518981933594,64.05147,87.97427
103.09488105773926,58.438899993896484,62.802853,87.13236
96.06425285339355,57.37035369873047,61.857822,88.12053
89.76772689819336,60.122440338134766,65.33964,88.152
84.00473403930664,62.89315414428711,64.50771,88.85258
80.90346908569336,66.51028060913086,64.31693,90.24375
78.96689224243164,66.83892059326172,64.66308,92.37215
78.08978652954102,73.8569107055664,66.2698,90.16881
78.70255279541016,79.07028579711914,65.28807,89.95699
79.27672576904297,85.83304595947266,65.54808,88.57716
80.82126235961914,89.33764266967773,66.378075,88.7349
84.96224975585938,87.64219284057617,65.750244,90.62516
86.28132247924805,85.86463928222656,68.549324,92.11044
92.98995971679688,88.82211303710938,67.85611,90.15329
99.65014266967773,90.42162322998047,70.6132,88.20924
107.05195236206055,88.45783615112305,71.12394,89.74375
116.700927734375,89.44216918945312,72.2337,88.39288
124.8782730102539,90.70155334472656,70.720535,88.542816
129.2194480895996,93.29804992675781,68.203804,86.58328
135.1180648803711,95.95943832397461,67.106735,88.29853
140.12339401245117,98.45421981811523,66.881386,88.01386
145.10508346557617,101.03501892089844,66.693855,87.373474
149.67340469360352,102.530517578125,66.602745,87.23038
151.10279846191406,98.81829833984375,63.969513,88.93115
150.50674629211426,100.69281005859375,63.93481,87.01007
151.054594039917,99.00174713134766,63.741734,88.92461
150.92494583129883,102.16697692871094,64.013725,86.379486
151.61292266845703,101.38790893554688,62.872147,87.49133
151.99853897094727,99.08834457397461,62.808067,87.37412
152.43174934387207,96.89262771606445,62.911495,88.032585
151.4989776611328,94.56725692749023,64.74725,87.53849
150.99152755737305,90.42297744750977,65.21949,88.512566
151.79802703857422,89.5915412902832,69.28032,87.40185
153.8297882080078,88.03355407714844,66.55774,87.4863
154.54631805419922,85.97905349731445,64.01088,87.862816
153.82140350341797,85.64566040039062,64.6284,87.84378
150.4335060119629,83.43583297729492,66.72939,88.0944
143.2651481628418,82.69673156738281,65.79832,86.53708
134.39838027954102,77.23221969604492,64.71642,89.040504
126.0613021850586,75.22737884521484,67.09184,90.01442
115.23223495483398,74.66859817504883,66.61225,89.89675
110.70804214477539,74.61947250366211,67.87652,89.11973
101.04227447509766,74.06468200683594,69.10103,89.55896
92.52252960205078,72.69234085083008,68.58745,91.019005
90.16536712646484,72.70026397705078,64.78444,90.713425
87.67536163330078,74.75305557250977,68.230576,90.07061
89.46652603149414,76.15985870361328,66.05892,88.984695
90.39192581176758,75.50849533081055,64.22442,90.69282
94.40682220458984,77.24489212036133,65.07152,90.622826
100.49614715576172,77.96643829345703,65.37407,90.9644
106.21876907348633,77.11325073242188,64.56054,91.18237
111.45216751098633,76.99820327758789,67.74206,90.55642
117.40135955810547,79.3530158996582,67.76979,88.71899
119.572021484375,78.24915313720703,71.55728,88.83803
125.38190841674805,77.64811706542969,70.456795,88.49301
130.33547592163086,77.83432006835938,67.53037,89.02237
135.77472305297852,78.02421951293945,67.67187,89.09673
139.04246520996094,76.58370971679688,65.43048,89.47867
139.31509399414062,78.71935653686523,67.052765,87.54099
140.53106307983398,80.0250244140625,66.98823,87.320465
139.59859085083008,82.71421813964844,69.855095,87.97711
139.3348617553711,88.49863052368164,70.941696,87.1184
142.4067268371582,93.89456939697266,69.67309,86.37666
141.94242095947266,97.03475952148438,68.68559,86.69644
142.43889236450195,97.59941864013672,66.40252,87.382126
136.99816703796387,97.97567749023438,63.961887,87.31091
131.4330596923828,96.36826705932617,63.580627,89.06272
124.67241287231445,99.39106369018555,63.43322,87.61472
116.08522415161133,100.00311660766602,65.314476,87.978966
111.48753356933594,100.12318801879883,62.89972,87.08477
108.69282531738281,99.06804275512695,65.98465,86.052666
105.69788360595703,88.12695693969727,69.51814,87.28539
106.37784576416016,76.43116760253906,66.96687,91.5484
106.57625198364258,74.64046096801758,65.77566,90.004845
108.64421081542969,73.0304069519043,63.74768,90.45469
111.3631362915039,75.65094757080078,67.48485,88.913895
114.8026008605957,73.93829727172852,64.64178,90.16866
120.5331039428711,72.11417007446289,64.819046,90.42135
126.12221145629883,74.58674621582031,65.25344,88.61017
133.92729568481445,74.70934677124023,66.082726,88.501686
140.577054977417,73.57875061035156,63.451694,88.87741
145.4601173400879,72.69588470458984,64.52444,88.10158
145.71714782714844,71.33243560791016,64.92572,88.774185
145.16572952270508,74.11100387573242,64.37908,88.16462
149.9727725982666,81.07795333862305,63.88267,87.9452
148.33606719970703,80.84640884399414,65.78224,87.89968
143.04767608642578,80.5414810180664,64.52925,89.05754
139.41085052490234,80.42563247680664,68.0753,88.06643
128.5922088623047,76.23781204223633,68.87018,91.87701
120.33390808105469,79.04677200317383,69.94522,88.55883
115.7580680847168,82.66942977905273,69.05955,88.54658
110.46407318115234,86.56591033935547,65.76344,88.322556
108.30094528198242,90.36196899414062,68.674355,89.18884
109.3047866821289,91.94829177856445,68.75279,89.044395
111.48590850830078,94.09313201904297,69.15706,88.07173
114.91364288330078,96.00336074829102,66.98195,88.46075
121.72651290893555,96.19507217407227,64.85929,88.47234
128.429443359375,98.64144515991211,65.89795,88.68351
135.34646224975586,101.44384765625,66.80863,87.43939
137.8880157470703,102.37248992919922,67.081696,86.18529
141.57696914672852,100.53306579589844,65.86312,86.69974
141.25359725952148,94.69904708862305,67.07456,86.22022
141.5725860595703,89.70550537109375,67.93967,86.19302
141.3551139831543,85.22907638549805,69.76069,86.320564
142.7992057800293,79.68209838867188,66.75837,86.53848
143.5811424255371,76.43491744995117,65.057014,87.273476
143.61529922485352,73.40315628051758,67.03826,86.61117
145.3564224243164,71.14810562133789,67.519455,86.60024
147.14514541625977,72.10728454589844,68.17608,85.771545
146.58713912963867,70.54348373413086,65.19224,85.97288
143.6120147705078,68.49776077270508,67.65564,86.99047
141.35912322998047,69.4901351928711,66.205,85.96663
134.97136688232422,68.32355499267578,65.87889,86.92912
126.97783660888672,66.34393692016602,65.90376,88.2084
117.01266098022461,65.52227783203125,67.0431,87.96231
105.35307312011719,62.871212005615234,67.247894,88.413185
101.03718185424805,60.26375961303711,66.12403,88.441536
93.76601791381836,61.44020462036133,65.57548,88.80175
87.87691116333008,69.39438247680664,66.0671,87.15472
87.82735061645508,73.3896484375,67.19277,89.27841
89.4666519165039,75.46200561523438,66.722,90.59982
92.46405792236328,77.05762481689453,65.32994,90.69786
94.82003784179688,75.9447135925293,64.90881,91.8827
102.2774772644043,75.69157409667969,65.0185,92.17413
109.65633773803711,77.77519607543945,64.87214,89.75515
117.71812057495117,80.35423278808594,68.93171,88.586914
126.22087860107422,80.27130889892578,67.319534,88.63664
133.30257034301758,81.4385757446289,64.67138,87.511
134.0245590209961,81.60396957397461,65.25099,87.61924
137.30841827392578,80.96405410766602,64.94853,87.80123
137.72777557373047,79.30292129516602,64.294174,87.41265
139.1289825439453,76.31719970703125,65.09488,86.05429
141.40350341796875,75.72554397583008,67.688354,85.30663
142.13373947143555,75.70104217529297,69.3523,84.67879
142.75595474243164,74.37505722045898,66.062004,85.49064
139.0357780456543,74.18209838867188,66.6489,86.28656
136.36831855773926,70.8915901184082,61.91592,88.735435
130.9163112640381,69.68135833740234,59.74538,88.53493
120.62527084350586,70.77199935913086,62.35328,86.20402
112.22806549072266,66.61105346679688,60.924484,89.42432
108.59672355651855,69.13895797729492,62.96094,86.426186
100.24001502990723,66.22283554077148,61.707684,88.69007
92.75823593139648,65.80628967285156,61.85444,87.95685
87.03748321533203,72.78760528564453,61.854996,88.108475
84.27272033691406,81.8663558959961,65.0506,87.72218
83.5153579711914,86.32810974121094,65.825424,87.76703
84.50614166259766,92.67667388916016,63.47072,87.62251
86.83560371398926,97.43464279174805,63.317165,87.03034
93.38129425048828,98.36275482177734,63.91423,88.54448
100.43661499023438,99.27792358398438,60.931396,87.56802
108.41450500488281,95.99755477905273,61.02899,91.24586
112.33348274230957,97.15909576416016,61.781124,90.271774
121.44341278076172,96.89622497558594,63.028397,90.60538
130.20171356201172,97.9734001159668,63.92372,89.40824
138.0329475402832,98.18155670166016,62.120445,88.08095
142.3980369567871,97.30874252319336,63.20942,87.26063
145.82340812683105,94.64380264282227,62.952274,86.672844
147.23987007141113,92.9880256652832,62.422146,86.57653
148.08598709106445,89.72909545898438,62.18432,87.2099
148.58600044250488,87.62539672851562,61.84112,86.50769
149.43619346618652,82.20852661132812,62.22411,86.1528
150.7192153930664,75.52155303955078,61.748093,88.213
153.19991302490234,74.3857192993164,63.035446,88.16185
152.7173614501953,74.48202896118164,64.17557,87.60958
152.19348526000977,73.60596084594727,65.21926,87.24529
149.79301834106445,73.4392318725586,67.64089,87.3604
146.72712326049805,74.45382690429688,64.358864,85.804474
138.857177734375,74.4685173034668,69.951965,85.30433
130.7647361755371,70.98450088500977,69.01801,87.307396
129.08404922485352,69.63616943359375,66.264946,86.79068
121.45096969604492,68.40243148803711,67.51063,87.30787
115.1488151550293,67.42412185668945,68.48353,87.38708
108.74021530151367,64.85881805419922,70.00175,89.909836
103.02268600463867,64.65563583374023,71.21079,89.67487
100.22046661376953,65.4507064819336,70.08516,88.64723
92.25911331176758,65.86494064331055,70.1513,88.853035
86.2024917602539,63.18114471435547,68.22844,90.40758
82.83283233642578,65.34638595581055,67.404495,90.47138
80.76128387451172,70.5794677734375,68.42009,89.49335
80.82076644897461,75.32406234741211,69.4441,89.82859
80.22400665283203,72.48039245605469,67.41301,95.09097
80.63055801391602,79.05888748168945,69.060814,91.81866
83.05087280273438,80.77728271484375,67.02759,94.15799
88.12796401977539,85.72190856933594,67.527794,89.20364
95.87582397460938,84.26620483398438,68.23453,89.27844
103.92110061645508,80.38970565795898,66.36309,91.203285
107.34834671020508,81.75703048706055,65.38213,89.46812
115.42127990722656,82.8940658569336,69.117645,87.91478
124.77766418457031,83.62081146240234,66.21213,87.4131
131.05948638916016,84.35242462158203,64.64049,86.82677
135.71705627441406,85.40386962890625,66.6091,86.67969
138.35078811645508,86.19343948364258,65.00216,86.94637
139.76806640625,87.50906753540039,66.061584,86.80303
140.81475067138672,86.98459243774414,66.6801,86.81878
139.46228790283203,83.68801498413086,71.60539,86.61387
141.0070571899414,76.79220581054688,66.50209,86.56732
142.1162109375,75.840087890625,66.904144,86.3609
143.62746810913086,78.13616561889648,66.38587,86.210335
144.51361083984375,76.98283386230469,64.640656,86.34436
142.0904884338379,76.18515396118164,65.88125,86.86071
135.6078872680664,75.17084884643555,65.67604,87.96357
128.43996047973633,73.79708480834961,66.876274,88.555885
120.89673614501953,72.33382034301758,65.22008,88.65084
118.35946655273438,73.15067291259766,68.45154,87.56587
112.21261596679688,73.79520416259766,66.00235,87.236984
107.11735534667969,71.9231948852539,65.672485,89.17485
103.13966751098633,72.87022018432617,66.83001,86.930885
97.52324295043945,72.5394172668457,69.02764,87.42141
95.77865219116211,71.79536437988281,66.04847,88.6767
95.79413223266602,71.83029556274414,65.23693,88.288506
96.03454208374023,72.4072265625,68.52036,87.317444
96.64270782470703,72.49987411499023,65.14674,87.534065
97.82153701782227,73.6894645690918,66.91137,86.33692
102.53164291381836,73.02029418945312,66.79432,87.49103
107.22228240966797,72.16729354858398,66.82237,88.16929
109.35924911499023,73.3380241394043,66.73905,86.77137
115.4793930053711,72.03082656860352,66.881,88.35442
121.97157669067383,71.2310562133789,65.54867,88.7867
127.91289138793945,71.296142578125,65.07079,87.453186
134.37724685668945,73.65458297729492,65.55297,85.347755
137.19540786743164,72.94308471679688,64.79543,86.864044
139.02571868896484,73.34324264526367,66.06386,86.98255
140.2294578552246,77.09885025024414,64.40998,86.83315
141.04038619995117,83.92328643798828,65.040596,86.65669
143.71830368041992,93.35197067260742,65.59992,86.47147
143.17497634887695,97.82356643676758,66.78442,87.49081
140.1483383178711,96.77394485473633,64.08009,86.63662
136.83852767944336,96.19118881225586,64.13282,86.724556
128.82234954833984,99.80998229980469,67.891525,85.82245
118.52154922485352,99.85593795776367,68.336876,87.50678
108.11710357666016,100.2101936340332,66.32994,88.13027
103.50361633300781,100.7298698425293,67.70389,87.1883
101.0850715637207,99.55220031738281,68.588585,86.44003
99.5286865234375,95.17981338500977,65.08951,85.35464
98.29549407958984,89.85000991821289,70.07262,85.72619
97.27921676635742,85.67951202392578,69.440926,86.34953
97.80250930786133,82.3910026550293,69.78448,87.295815
96.31256866455078,79.78083038330078,68.954605,86.99455
96.92618179321289,77.31829071044922,66.720695,87.76097
96.95410919189453,73.78516006469727,68.76152,89.158714
98.32350540161133,73.14766311645508,66.58898,87.72881
100.8449592590332,72.8017463684082,69.42303,87.02105
104.83474731445312,69.51993179321289,69.47299,89.02282
111.54156494140625,68.59721374511719,68.78024,88.48056
114.77324295043945,68.30439376831055,69.319115,87.62702
123.1349105834961,67.55949020385742,67.87001,87.50257
129.20108032226562,67.51789474487305,67.05344,87.07444
133.50042724609375,66.82192611694336,68.12027,86.36137
136.9150619506836,68.92586135864258,66.68077,84.50869
140.96253204345703,68.45394515991211,69.74342,85.9636
142.8724479675293,68.77885437011719,68.814735,85.93555
144.5757179260254,68.72403717041016,66.21432,85.9608
145.6497039794922,66.65789031982422,64.99048,86.737686
145.80157852172852,65.13032913208008,66.11483,86.46703
146.2203369140625,65.43339538574219,66.09082,86.025024
147.47330856323242,64.90914154052734,66.66425,87.580154
148.53129959106445,64.55463790893555,66.816734,87.32151
148.65221405029297,63.316226959228516,65.39604,87.13674
146.84931182861328,61.683963775634766,65.6617,87.77325
142.3433074951172,60.30305099487305,64.705444,89.950264
137.1468849182129,59.803497314453125,63.54693,90.245026
133.45679473876953,61.8037223815918,63.811874,88.99558
124.32899856567383,60.421749114990234,64.07955,89.10914
115.24670791625977,59.704124450683594,64.03237,89.85225
106.15053176879883,62.11655807495117,67.01656,89.79917
99.2951889038086,63.20097732543945,66.67357,89.593864
93.48099136352539,61.0667839050293,65.42535,90.290016
90.39302825927734,60.80496597290039,66.70134,89.12939
86.4030532836914,60.10846710205078,67.37541,88.82597
83.72925567626953,57.75385284423828,66.26424,89.43117
81.95524978637695,58.84883499145508,69.9132,88.51299
81.38212966918945,58.91112518310547,70.08462,88.09862
81.15193557739258,59.248355865478516,71.68261,87.797356
80.64229202270508,58.860328674316406,69.67193,89.172806
82.61469268798828,60.671878814697266,68.94707,87.84896
86.03535842895508,60.65991973876953,69.33282,88.398605
94.7493667602539,61.01768112182617,67.71092,88.16505
104.65342712402344,59.05619812011719,64.68634,89.104675
115.49198150634766,58.70570755004883,64.46544,88.15493
121.16308784484863,59.11798858642578,63.383236,87.94914
128.36080932617188,56.939117431640625,64.949554,88.70752
135.72887420654297,57.18946075439453,66.34624,87.84834
140.34402084350586,59.55622863769531,66.16071,88.13562
140.6287078857422,64.47957229614258,66.86261,88.18157
139.20349502563477,75.2337646484375,68.59139,86.89264
145.7912483215332,82.08674240112305,66.000084,87.93299
143.6777687072754,94.24041748046875,67.64849,88.07391
142.02975845336914,101.8641357421875,66.024956,87.52374
136.14132690429688,103.01211166381836,69.99823,90.982704
128.70733261108398,105.3530387878418,71.84031,89.3444
122.4589729309082,107.16487503051758,72.81939,89.14294
107.62165832519531,108.45841598510742,74.73099,88.95338
97.51579666137695,106.90751647949219,72.66692,90.994934
84.15731048583984,102.79737091064453,74.24135,93.96178
80.9826545715332,102.41454696655273,69.41653,92.75297
78.5906753540039,94.56658935546875,68.41307,91.29794
77.65401458740234,91.5630989074707,69.22804,89.08962
78.92221069335938,80.6767578125,67.32297,91.30405
79.20323181152344,76.98534393310547,66.02484,90.72832
81.84664916992188,77.43272399902344,67.70288,88.801605
89.05435562133789,73.80073547363281,67.96676,90.13959
97.86433029174805,73.04711532592773,66.35624,88.18293
103.96988677978516,71.37528228759766,65.968124,89.53374
114.04668426513672,73.1262092590332,65.7267,87.58703
125.17379760742188,73.33936309814453,68.541565,87.525406
135.7986717224121,74.27960205078125,68.99305,86.20187
144.59246063232422,74.28661346435547,66.39366,86.354385
147.98261642456055,72.45151138305664,67.160835,87.33373
148.27691268920898,72.1626968383789,67.05601,88.26991
148.2762794494629,75.69054794311523,66.05154,87.64045
146.7147216796875,83.59375381469727,70.18982,87.60119
149.96903610229492,91.0677490234375,67.11735,87.19916
148.51911544799805,93.12278366088867,67.236275,87.49003
140.2214584350586,96.71141815185547,68.05397,86.57109
136.5210952758789,97.27289962768555,68.11012,86.64927
127.81267929077148,96.75344467163086,69.44276,86.9221
117.10761642456055,95.8836898803711,71.1955,87.46306
109.13859176635742,96.24828720092773,71.38593,87.08073
104.86567687988281,95.8498306274414,70.57434,87.05992
102.87947082519531,94.66807174682617,68.09656,87.47645
100.00626754760742,91.24024200439453,68.35322,86.717636
100.14077377319336,84.88700485229492,69.84556,86.971504
100.02740859985352,82.89783096313477,67.72961,87.550316
100.89575958251953,78.17383575439453,68.248764,89.16658
104.03215026855469,73.40377426147461,66.45877,90.90678
107.90486145019531,71.8578987121582,67.117645,90.211845
115.354736328125,71.3244857788086,67.232025,88.46193
123.26703643798828,71.18029022216797,69.326675,88.24483
132.0783920288086,72.49671173095703,69.34288,86.11565
138.7454071044922,71.39540100097656,67.5307,86.19736
143.18534088134766,69.97025299072266,67.26811,88.20763
143.18670272827148,71.59109497070312,70.35703,87.49423
143.25433349609375,77.23381042480469,68.29004,87.0907
142.61010360717773,82.76530838012695,73.16581,87.42202
138.96035385131836,83.52247619628906,71.419044,85.87552
131.04238891601562,83.51519012451172,71.84384,87.57399
121.864013671875,83.31253433227539,72.72952,87.53005
119.05508041381836,82.88854217529297,71.335335,87.52406
106.03609848022461,78.75936126708984,70.88474,90.58678
98.12749099731445,79.32239532470703,72.20965,89.51808
91.60834503173828,75.9914779663086,70.32362,91.15892
88.85055541992188,71.42241287231445,66.79544,94.66152
85.73757934570312,73.24272537231445,67.32761,93.851555
84.99772262573242,73.82751083374023,67.720955,95.144325
84.73062133789062,77.43108749389648,67.49841,95.22462
85.1580696105957,84.14494323730469,66.57278,91.384766
88.05058288574219,88.1082763671875,66.41278,90.30597
92.67853927612305,86.5389404296875,69.83454,91.37448
96.23855209350586,89.779296875,68.13615,88.44864
105.38570022583008,82.6480484008789,67.54485,93.33006
113.62501907348633,88.09688949584961,71.55529,88.72175
123.72463989257812,89.16207504272461,69.239624,88.17127
131.53377532958984,89.2524528503418,66.18083,88.277504
137.67318153381348,90.11251831054688,63.714977,87.714966
139.74280166625977,89.24239730834961,63.317955,87.471535
142.11470413208008,88.57933044433594,68.07818,86.52908
142.27500534057617,85.2752571105957,70.51536,85.88418
144.82910537719727,80.22204208374023,69.31725,85.62061
147.26966094970703,78.39473342895508,66.600845,85.8666
145.1079444885254,79.11069869995117,66.366905,85.11939
144.05902099609375,77.87247848510742,66.6969,85.458534
137.78760147094727,74.88629150390625,66.00054,86.48215
129.13803482055664,71.92625427246094,65.77398,88.11542
120.69138717651367,73.37239837646484,68.192116,86.53694
110.76511764526367,68.55041122436523,65.35667,89.8491
101.50722122192383,69.63895034790039,67.4786,88.48641
95.57938766479492,68.27347564697266,67.10606,89.65178
85.95421600341797,66.31564331054688,68.40025,88.58716
79.40419006347656,67.18326950073242,70.11603,88.48914
78.98737716674805,65.93154525756836,65.87553,92.231026
78.43431854248047,69.54132461547852,66.81584,92.21581
79.30461883544922,72.34785461425781,67.95802,93.42001
80.00230407714844,73.75228118896484,67.68375,93.60167
83.58706665039062,76.46418380737305,65.766235,93.047615
86.90106582641602,81.53605651855469,69.131615,91.09326
96.87600708007812,81.94288635253906,69.03424,90.0831
105.25733947753906,84.33082962036133,72.70587,88.81667
111.97021102905273,83.94218826293945,71.57038,88.948296
120.98606491088867,83.49940490722656,72.60374,89.40921
132.1075782775879,85.63617706298828,69.587425,87.88805
140.35103225708008,84.02914047241211,69.33541,90.03269
145.19424057006836,85.83300399780273,70.04905,88.508125
147.69741821289062,86.53533554077148,68.88452,88.645
149.1562957763672,88.00650405883789,70.31952,88.04641
150.0340118408203,86.70842742919922,68.648895,88.29277
148.65919494628906,83.70289611816406,68.24942,88.848755
146.01168060302734,82.49377059936523,64.061905,86.96015
141.88577270507812,77.54750442504883,64.53604,89.051445
135.56449127197266,71.55465316772461,64.69185,89.86002
129.78716659545898,71.85702514648438,66.09989,87.32538
121.74552536010742,65.48074722290039,63.87629,90.16848
113.36803436279297,65.06697463989258,66.98967,89.235405
104.82509994506836,65.48898315429688,69.08338,88.61197
97.63382720947266,63.447784423828125,66.52638,90.88953
90.79296875,62.554996490478516,66.672424,90.12093
87.20306777954102,61.91828536987305,68.21908,89.7302
85.30630874633789,62.40550994873047,65.3016,90.75597
83.62785339355469,66.40834426879883,69.12784,90.34695
85.20476150512695,70.12782669067383,69.47802,89.61797
88.4333381652832,73.19366836547852,67.66323,91.550835
94.18725395202637,75.35661697387695,63.934483,91.40981
97.37503433227539,75.75914001464844,63.50521,92.60596
103.7964859008789,78.7553596496582,64.32152,90.80602
112.94778823852539,82.07184600830078,66.59087,88.50554
122.49934768676758,82.8558349609375,66.540184,88.510864
131.20293045043945,83.14126205444336,66.003075,87.61216
135.0258026123047,84.04923248291016,67.56113,87.620804
143.36233520507812,82.66745376586914,65.940094,88.356895
149.26143264770508,83.08739471435547,65.86666,87.83763
151.40433883666992,83.36307525634766,65.37638,87.53981
150.59929275512695,83.59103012084961,66.77892,87.26084
150.749755859375,81.02099609375,66.60364,87.745056
151.76486206054688,78.54022216796875,65.01016,87.449036
151.71523666381836,75.79766845703125,65.724464,87.47894
152.18121337890625,73.08786010742188,66.72107,87.04196
153.99053764343262,69.97748565673828,63.59705,88.47542
156.06481552124023,66.26069641113281,60.890297,89.00052
156.3525218963623,64.61661148071289,60.249912,88.17419
156.9129638671875,62.429195404052734,60.164062,88.33866
156.98028755187988,63.355674743652344,59.98892,87.30342
157.17934799194336,64.68024444580078,60.55619,87.17949
156.8313274383545,62.78355026245117,59.50089,88.43247
152.35695457458496,60.894676208496094,62.59734,87.68419
152.19805717468262,58.00291442871094,60.35053,87.40674
152.1154441833496,59.59749984741211,59.951668,87.37382
152.1043815612793,59.24824523925781,60.1298,87.73053
151.2470817565918,58.580081939697266,60.672707,87.65188
151.35656356811523,59.35305404663086,60.51084,86.980415
149.73152542114258,58.7068977355957,60.751152,87.19103
149.9439182281494,57.27992248535156,60.23927,87.56622
149.35356903076172,56.33721160888672,61.004562,87.22612
149.11289978027344,56.55044937133789,61.97461,88.4728
148.7051887512207,57.40756607055664,64.08312,87.42538
148.38944625854492,57.61519241333008,65.43308,87.29485
148.28291702270508,56.875030517578125,66.22457,87.31525
149.26606369018555,56.43342590332031,65.60807,87.754364
149.30292510986328,57.10025405883789,65.694595,87.7084
150.84856986999512,57.06321716308594,61.612736,86.55652
151.03474044799805,57.03853225708008,60.12626,86.82372
150.2830581665039,56.39643859863281,60.166275,86.93875
151.55267906188965,57.02682113647461,59.5591,87.66505
151.54349899291992,56.34426498413086,59.98786,87.46006
151.3879451751709,56.747859954833984,59.34505,87.92838
151.36880493164062,56.1009521484375,59.83554,88.089325
151.2794647216797,56.31932067871094,59.760925,87.91208
151.40652084350586,56.08292770385742,59.48127,87.75092
151.66331100463867,56.73308563232422,59.489235,87.410446
151.80892944335938,56.09029769897461,59.345795,88.22199
151.28321075439453,56.304664611816406,59.815384,87.69676
150.83061981201172,56.35407257080078,60.258774,87.757645
150.1640796661377,56.61268997192383,62.457516,87.02584
149.5115509033203,57.15329360961914,64.38574,87.17599
148.60825729370117,56.485557556152344,65.79475,87.62221
148.49037551879883,57.19729232788086,67.244194,87.62452
148.83335876464844,56.207855224609375,65.96918,87.904755
149.54919052124023,57.053890228271484,65.381325,87.35575
