245.0,64.0,12,13
244.98810386657715,63.7430362701416,10.784405,13.597065
245.9128942489624,63.16378211975098,10.713377,13.607975
245.9629898071289,63.37031841278076,10.540306,13.922781
246.19989919662476,63.64700412750244,10.725835,14.001879
246.216655254364,63.4522705078125,10.737222,13.923561
246.1447925567627,63.0685076713562,10.833916,13.922444
246.09672355651855,62.681785106658936,10.761398,13.905244
246.1797857284546,63.27946615219116,10.744352,13.965299
246.53837490081787,62.8537483215332,10.60848,13.975632
246.71742916107178,63.49663496017456,10.765322,13.945146
246.00993490219116,63.155245304107666,10.800649,13.977103
246.53749179840088,62.81545972824097,10.640142,14.098939
247.20656204223633,63.49091958999634,10.637295,14.003287
247.02099132537842,63.14154052734375,10.762602,14.241688
246.9155969619751,62.93789625167847,10.878218,14.305894
247.36259508132935,63.31060791015625,10.674399,14.142929
247.04756355285645,63.083030700683594,10.745117,14.179428
246.54105806350708,62.91948461532593,10.743354,14.216496
246.5170135498047,62.665847301483154,11.079525,14.290174
246.00794887542725,63.04694080352783,11.09141,14.189135
245.48658561706543,63.37430667877197,11.121891,14.118296
245.92559099197388,63.63035583496094,11.085776,14.056213
246.0437331199646,62.948524951934814,11.021466,14.453593
244.47813034057617,63.48442792892456,11.311367,14.534329
244.09217834472656,63.76907157897949,11.188175,14.452217
243.83767080307007,64.00481700897217,11.497254,14.476728
242.8935089111328,63.26506757736206,11.526009,14.192861
242.11638736724854,63.38435935974121,11.455381,14.367096
241.627760887146,63.508055210113525,11.467684,14.498332
240.17168807983398,63.84295082092285,11.538414,14.377556
239.6680359840393,63.28521966934204,11.547767,14.120143
238.08716917037964,63.73654842376709,11.660882,14.125559
237.3794460296631,64.3165111541748,11.777744,14.195747
235.58206796646118,64.24511861801147,11.5011015,13.987981
234.86143255233765,64.75038146972656,11.533738,13.812515
232.7651391029358,64.41939926147461,11.559646,14.025925
231.70654439926147,64.78003454208374,11.637792,14.016713
229.91478824615479,65.18262910842896,11.592241,14.108405
228.42387008666992,64.64789772033691,11.417358,13.97287
226.58576250076294,64.56823635101318,11.537169,14.036585
224.55445432662964,65.06110191345215,11.262311,13.70829
222.30939483642578,65.1983118057251,11.455658,13.583853
220.89789533615112,64.38247299194336,11.311078,13.8134
218.5847291946411,64.22084093093872,11.115076,13.633544
216.78934717178345,62.99985599517822,11.169349,13.681883
215.30567693710327,63.33382320404053,11.275552,14.072641
213.70217943191528,63.11911153793335,11.202888,13.639539
211.63504934310913,62.66969966888428,11.200292,13.858271
210.20353078842163,61.67467641830444,11.161458,14.012719
208.0875015258789,61.600897789001465,11.161949,14.204191
206.17950963974,61.653589725494385,11.138997,13.9829855
204.52474212646484,61.60944938659668,11.099098,14.135838
203.06856775283813,61.80140256881714,11.285659,14.082765
201.04533910751343,62.21059036254883,11.154275,13.844025
199.80148124694824,62.246342182159424,10.992359,14.024917
198.22055339813232,63.03741502761841,11.17864,14.070949
195.91709184646606,62.96127700805664,11.284434,14.353359
194.51513385772705,62.469529151916504,11.10103,14.4128895
192.22350549697876,62.924602031707764,11.141242,14.413541
191.20225381851196,61.94093370437622,11.103782,14.836471
189.2358627319336,61.95208549499512,11.42165,14.983166
187.31916999816895,62.2922625541687,11.2763405,14.872323
185.74221897125244,61.18108034133911,11.20516,14.94768
184.3127408027649,60.711655616760254,11.371318,15.228498
182.64840030670166,60.73570489883423,11.300917,15.022544
180.63362789154053,60.86973476409912,11.3640995,15.041166
178.89739799499512,60.72670030593872,11.375832,15.26728
177.00409412384033,60.03952169418335,11.457109,15.174073
175.2052550315857,60.19553518295288,11.357129,15.389791
173.42605781555176,60.49432611465454,11.507828,15.500957
170.84288549423218,59.94835376739502,11.869958,15.86865
169.82466173171997,61.06107044219971,11.585803,15.4237995
167.53024625778198,61.17013883590698,11.7368555,15.39531
166.06459379196167,60.95997333526611,11.550786,15.509939
163.6606240272522,61.11578035354614,11.545009,15.409801
161.87944412231445,61.9491491317749,11.63903,15.37269
160.3658561706543,61.587703704833984,11.818901,15.792492
158.1942753791809,61.534871101379395,12.182921,15.825586
156.72007179260254,61.20071601867676,11.909267,15.8568535
155.51013374328613,60.76643085479736,11.82029,15.722418
153.72587060928345,60.731338024139404,12.187144,15.571313
153.08255195617676,59.97322082519531,12.053951,15.985535
151.95605516433716,59.48395299911499,11.78633,15.794564
151.23559045791626,58.83862257003784,11.80413,15.821973
149.71504974365234,59.05768394470215,11.930126,15.964546
150.00946044921875,58.16758346557617,11.713882,15.980606
149.7678141593933,58.33875560760498,12.047719,16.454844
148.9955153465271,58.369500160217285,12.136228,16.541021
148.58583784103394,59.05449867248535,12.254575,16.803371
148.77321195602417,59.7152738571167,12.218743,17.142141
148.9480152130127,60.09339141845703,12.452103,16.659962
149.4248309135437,60.39797401428223,12.643598,17.097485
149.99572229385376,60.68994140625,12.213138,16.742691
149.59922695159912,59.6253776550293,12.803469,17.143383
150.0515775680542,59.77336883544922,12.554842,17.086296
150.65335607528687,59.90529441833496,12.920213,16.750889
150.832293510437,59.720027923583984,12.605917,16.822456
151.6702823638916,59.93182563781738,12.617149,17.124718
152.18773937225342,59.83218574523926,12.695745,17.084557
151.97467947006226,59.34871768951416,12.788468,16.79415
151.86551713943481,59.376742362976074,12.816939,17.172144
151.9595799446106,59.46711826324463,12.891604,16.951078
152.38420915603638,59.1593713760376,12.599959,17.654528
152.46291255950928,58.66880512237549,12.58238,17.432524
153.16171407699585,58.56627559661865,12.544465,17.577963
153.40013694763184,58.99383068084717,12.704029,17.670794
152.81413793563843,58.643189430236816,12.729531,17.147795
152.72139739990234,58.567209243774414,12.828598,17.824726
152.74036979675293,59.05517387390137,12.660023,18.417244
153.41802167892456,59.76613140106201,12.64985,17.807081
153.28418731689453,59.66149616241455,12.930035,17.988695
153.92430210113525,60.79851818084717,12.901121,17.58383
154.2328495979309,60.554436683654785,12.958068,18.290678
153.67660188674927,61.730759620666504,13.229827,17.507772
153.9598913192749,62.50333595275879,13.117075,17.724445
154.47446584701538,62.698100090026855,13.121179,17.865736
154.4011516571045,63.558332443237305,13.142616,18.277458
155.08214807510376,63.37770938873291,13.225226,17.90037
155.21100044250488,64.12295341491699,13.265587,17.618454
155.96968030929565,63.99238204956055,13.643746,18.189869
155.87305641174316,63.18152904510498,13.879551,17.45154
155.00748538970947,63.26390743255615,14.500853,17.797392
155.29865980148315,63.0640983581543,14.619416,17.995937
154.9251627922058,62.005985260009766,14.571786,18.077896
154.01385927200317,61.055978775024414,15.166663,18.358456
154.20651626586914,60.66017246246338,14.967102,18.76657
153.823899269104,59.81679153442383,14.90708,18.782074
153.10472011566162,59.50279712677002,14.947527,18.780783
152.84937143325806,59.44406032562256,15.038196,18.764368
151.95093250274658,58.847957611083984,15.0349865,19.062988
151.91465282440186,58.3973274230957,14.863253,19.06411
150.56408834457397,58.24065589904785,14.865254,18.62827
149.90189790725708,57.22165775299072,15.042724,19.050817
149.68852043151855,57.217387199401855,15.205875,19.555964
148.3559718132019,58.073909759521484,15.210687,19.632065
148.43830728530884,57.969374656677246,15.753169,19.936274
147.34605884552002,58.09249973297119,15.464445,19.769659
147.06012296676636,57.82217025756836,15.610383,20.191628
147.17732763290405,58.512962341308594,15.68559,19.81282
146.33696365356445,58.72802257537842,16.036255,19.764208
146.01641082763672,58.304935455322266,15.974289,19.862442
145.6257619857788,57.85513687133789,16.180231,19.813118
146.40545845031738,58.05059051513672,15.921597,20.20501
146.5179181098938,57.37964057922363,15.699531,20.05006
145.64155387878418,56.50201416015625,15.926998,20.180992
145.21212911605835,55.32371807098389,15.863294,20.273653
144.62935543060303,55.506832122802734,16.221544,20.366798
143.8659553527832,55.028470039367676,16.35389,20.484106
142.33158683776855,54.54660701751709,16.179401,20.27926
142.172758102417,54.42000770568848,16.183132,20.333141
140.29705047607422,54.99958896636963,16.580101,20.122786
139.49746704101562,54.70889186859131,16.429153,20.554583
138.60152435302734,55.77896213531494,15.978287,20.34596
136.43292427062988,55.54697227478027,16.119823,20.585041
135.0479679107666,56.09566593170166,16.151508,20.686186
132.9711799621582,55.90631580352783,16.080307,20.525671
129.93206405639648,55.695799827575684,16.979141,20.385103
129.42771816253662,55.9563570022583,16.346346,20.50331
127.28437900543213,55.784159660339355,16.255209,20.34569
125.36099243164062,56.46153545379639,16.246758,20.972422
124.15756130218506,55.970523834228516,16.098993,20.902428
121.6681432723999,55.73048210144043,16.205614,21.006702
120.00477600097656,55.524070739746094,16.02266,20.9095
118.06688499450684,55.24364471435547,16.266804,21.412392
116.81846618652344,54.34492492675781,16.575912,21.091003
115.38315868377686,53.511980056762695,16.261812,21.07166
113.94998931884766,52.14046382904053,16.374931,21.3892
112.71105480194092,51.963483810424805,16.332094,21.473125
112.0721549987793,51.2725305557251,16.32898,21.171011
110.33133029937744,50.512274742126465,16.356855,21.393755
108.56162071228027,50.257086753845215,16.446728,21.526163
107.41471099853516,49.96791458129883,16.534538,21.784142
105.35976314544678,50.22743225097656,16.524134,21.832817
104.14950847625732,50.493160247802734,16.689798,21.888855
103.52543067932129,50.42167854309082,16.912685,21.883549
102.94908332824707,50.47155952453613,16.993397,21.76051
101.66615867614746,50.626630783081055,16.744038,21.920605
100.64341163635254,51.06624984741211,17.025776,21.947624
99.97806072235107,50.56820106506348,17.159212,22.168903
99.54477405548096,50.770870208740234,17.050856,22.149078
99.4766263961792,50.821706771850586,17.052896,22.378063
98.9779224395752,50.862266540527344,17.272236,22.519707
98.69776916503906,49.84157180786133,17.271812,22.85839
98.4980354309082,49.967034339904785,17.394753,23.315283
97.30338287353516,49.31692314147949,17.512009,23.07465
96.51500988006592,49.179619789123535,17.53657,23.57141
96.39425086975098,48.40403652191162,17.481739,23.725046
95.30829811096191,48.56550121307373,17.900593,23.87124
93.87468719482422,48.358890533447266,17.756432,23.832985
93.28151321411133,48.30472946166992,17.961678,23.873672
91.72674655914307,48.42488670349121,17.839857,23.911358
90.84664344787598,48.51260757446289,18.170658,24.089485
89.3441686630249,48.46453857421875,18.088854,24.119125
88.3454236984253,48.588149070739746,18.321505,24.285624
86.41286945343018,49.571510314941406,18.373693,24.444153
84.98977375030518,50.26987648010254,18.204138,24.66872
82.82279586791992,50.65465259552002,18.129265,25.15238
81.36151313781738,51.10658264160156,18.258068,25.007545
80.02274513244629,50.63830375671387,18.483097,25.273472
77.46482276916504,50.497323989868164,18.61591,25.364178
76.2947645187378,50.23689556121826,18.72304,25.602411
74.36997032165527,49.875887870788574,18.635609,25.903101
73.79281044006348,49.41865825653076,18.923565,26.03029
72.58665657043457,48.106356620788574,18.93893,26.091341
71.77678775787354,46.91321277618408,19.16075,26.740988
71.626953125,46.46098804473877,19.481781,26.400373
71.21405792236328,46.385982513427734,19.774574,26.340752
71.60501003265381,45.37675762176514,19.655153,26.478342
71.94363784790039,45.27131462097168,19.687988,26.771534
71.87454319000244,45.357834815979004,19.61775,26.799559
72.09817314147949,45.558860778808594,19.860554,26.825607
72.66061496734619,46.64189052581787,20.140707,26.5235
74.14802169799805,46.91054630279541,20.366043,26.619246
74.75012683868408,46.311347007751465,20.28575,26.742067
75.82598209381104,46.30211639404297,20.316504,26.902092
77.16721725463867,46.23861598968506,20.423416,27.071222
78.85321044921875,45.839691162109375,20.629631,27.396584
79.33327388763428,45.551565170288086,20.732096,27.270267
80.84775924682617,44.657196044921875,20.769669,27.646057
81.54741764068604,45.13816547393799,20.849516,27.857397
82.53760433197021,43.56270885467529,20.850916,27.9303
83.09405994415283,43.729475021362305,20.775015,28.217495
83.00660419464111,43.91690635681152,21.038542,28.375568
83.12340927124023,43.529412269592285,20.840927,28.794325
83.74843406677246,43.63691711425781,21.175716,29.15709
84.6293478012085,43.15761470794678,21.097437,29.093203
85.20600318908691,42.60486698150635,21.100422,29.352987
85.43968296051025,43.0758113861084,21.490705,29.866207
86.19739818572998,42.922773361206055,21.663256,30.127323
86.2444658279419,43.98388385772705,21.699087,29.913946
86.47460842132568,43.9124174118042,22.003222,30.734652
87.0225419998169,43.50448131561279,22.040617,30.673456
86.88084697723389,44.46802616119385,21.97722,30.62525
87.63959312438965,44.11008358001709,22.255886,30.93326
87.05979919433594,43.3390531539917,22.877922,30.92084
87.54133415222168,43.61914825439453,22.678493,31.614647
87.88698768615723,43.15396976470947,22.667591,31.277311
88.03500556945801,42.807929039001465,23.012157,31.606356
88.87961387634277,42.368624687194824,22.806797,31.365656
89.43051147460938,41.92122840881348,23.174995,31.220783
90.04386901855469,41.00705051422119,23.12677,31.178923
89.8015365600586,40.673420906066895,23.490692,31.321241
90.74008274078369,40.43284893035889,23.168165,31.454943
90.90350151062012,39.749074935913086,23.58472,31.472599
91.1449613571167,39.891926765441895,23.749544,31.364866
91.70802879333496,38.50303554534912,23.89507,31.505396
91.8138017654419,38.99921226501465,24.123083,31.369297
92.55978202819824,38.04515838623047,24.023998,31.54181
93.4171028137207,38.67207717895508,24.09259,31.725403
94.23628520965576,38.36825752258301,24.195108,31.621601
94.91778755187988,38.30682182312012,24.947002,31.966175
96.31548595428467,38.845760345458984,25.576525,32.51699
98.0529727935791,39.69738960266113,25.856106,31.986134
100.58083057403564,40.09151268005371,26.053381,32.389874
102.0230827331543,40.91276931762695,26.05864,31.915184
104.1964282989502,41.38668727874756,26.558262,31.781572
107.62657642364502,42.013702392578125,27.364202,32.663574
110.45444107055664,42.56216049194336,27.323067,32.523857
112.75913333892822,42.90312385559082,27.452879,32.387615
115.74291610717773,42.769094467163086,28.889282,32.41202
119.4340467453003,43.3522891998291,28.749178,32.5377
122.88723278045654,42.82194900512695,28.200823,33.08793
125.50910568237305,43.06716346740723,28.316223,33.112247
129.65717124938965,41.93374252319336,26.92648,33.23343
132.77128219604492,41.42072868347168,26.153793,32.229633
134.37128067016602,41.11052322387695,26.604889,31.878616
136.299165725708,41.180633544921875,26.027225,31.197014
138.28278350830078,40.21412467956543,26.122902,30.973492
139.37627601623535,39.553954124450684,26.482594,31.180758
140.34392070770264,38.959317207336426,26.687891,31.13764
141.78539562225342,38.861759185791016,27.010614,31.539726
142.266339302063,38.643710136413574,27.590002,31.756907
144.65985202789307,37.37796592712402,27.065542,32.421604
145.316650390625,37.51277160644531,29.43106,32.633972
147.73149585723877,37.75957679748535,29.095404,33.152073
153.32584190368652,38.26572608947754,26.557087,33.68233
155.954665184021,37.90572166442871,25.52141,34.121716
160.43265914916992,38.47751998901367,25.158287,34.12648
163.93824768066406,37.91704559326172,25.064568,34.119453
166.34099292755127,38.79464149475098,26.50183,33.963596
170.51038932800293,38.82946968078613,25.195156,33.847622
170.94416618347168,39.72806739807129,29.177837,34.32674
175.79596042633057,40.66222953796387,27.895102,34.273388
181.19393730163574,41.57234764099121,26.68655,33.736797
186.88362407684326,42.678253173828125,24.994936,33.976196
189.28979396820068,42.58112907409668,27.167315,33.936054
193.193621635437,41.86031913757324,27.667643,34.12634
198.87717533111572,43.050357818603516,26.219557,33.357567
205.93247413635254,42.56150245666504,23.823574,33.697872
210.7744655609131,43.02179527282715,21.952694,32.814632
214.52874183654785,42.598273277282715,21.552357,31.921122
217.11487293243408,40.367671966552734,22.672613,33.32022
219.18210220336914,39.71780204772949,23.233238,32.945576
223.25268745422363,40.93441963195801,22.341702,32.640934
225.66998100280762,39.99808120727539,22.414875,32.75492
227.49276065826416,40.802066802978516,23.1407,32.881897
230.81955814361572,39.166847229003906,22.690413,34.039948
234.434588432312,39.92522621154785,21.69304,32.775646
232.31143379211426,40.54231071472168,26.941746,33.987904
234.80256462097168,41.18372344970703,27.209423,33.25264
235.95599365234375,41.4468936920166,29.573898,33.566677
238.10696506500244,42.811676025390625,29.863356,33.277283
241.8064889907837,43.902448654174805,29.216185,33.007328
245.83914184570312,45.05741310119629,27.679337,32.48263
247.07282066345215,45.29301071166992,28.721203,33.289375
250.90693187713623,45.965956687927246,27.844316,31.956598
253.66100692749023,46.26658248901367,28.463722,32.55812
256.45316791534424,45.14729690551758,28.004904,32.87275
259.126202583313,45.590925216674805,27.836142,32.466183
262.0445833206177,44.86359214782715,27.4243,32.923367
264.44227504730225,44.95119094848633,27.022104,32.628708
268.37999153137207,43.73415946960449,25.754879,33.181263
270.0487222671509,43.47935485839844,25.161482,33.22587
272.1743402481079,43.74190330505371,25.450003,33.32523
275.3165111541748,43.562639236450195,25.140507,33.599026
277.54393768310547,43.627437591552734,25.387474,34.33732
279.62883377075195,44.45077896118164,24.805504,34.062927
281.7993059158325,44.355552673339844,25.133123,34.841125
284.2974500656128,45.261070251464844,25.273058,34.439377
286.76141834259033,45.35250473022461,25.107122,34.45272
288.19572162628174,45.51833152770996,25.243917,33.713123
290.4068260192871,44.48490333557129,25.812195,34.28568
291.90703773498535,43.72617149353027,25.276798,35.77515
292.8657579421997,43.5236873626709,25.538778,35.071163
294.12581634521484,41.9981575012207,25.528496,35.265854
295.1739854812622,41.65238952636719,25.809431,35.337494
296.5226631164551,43.1861572265625,24.823174,33.153946
297.08644676208496,39.79703712463379,26.076466,36.38168
297.7198886871338,40.213687896728516,25.431126,34.049515
298.34561824798584,38.58363914489746,26.005564,35.857624
298.3587598800659,37.20536804199219,25.935747,35.368996
299.06805515289307,35.2100887298584,26.854605,36.058277
299.5851860046387,35.7368278503418,25.755188,34.01629
299.8064079284668,33.684837341308594,27.22425,36.31504
301.19074630737305,32.85511589050293,27.609856,36.018024
302.23253631591797,33.32215118408203,27.830978,36.414124
303.10443782806396,33.4737606048584,28.045671,36.31725
304.4176092147827,34.09206771850586,28.832994,37.00776
306.3897590637207,36.496063232421875,28.797066,36.558334
307.78922271728516,37.62565994262695,29.239197,37.2687
310.8499011993408,39.34922218322754,29.462185,37.19099
313.1283197402954,41.007863998413086,28.774351,36.79099
315.09476470947266,41.421409606933594,28.211426,35.7894
317.00718784332275,39.18699073791504,29.662367,38.43278
319.8509464263916,39.12454605102539,29.096386,38.777626
321.4322872161865,37.18376922607422,30.188068,39.23857
322.96636867523193,35.27730751037598,30.450426,39.56132
324.2274055480957,33.22272300720215,31.257149,40.32352
325.92285442352295,31.921384811401367,30.375391,40.901524
326.35284423828125,30.829303741455078,30.760147,42.09072
326.69632053375244,29.82261848449707,30.663282,41.779217
325.7833766937256,27.72861671447754,32.11614,42.229717
324.4243984222412,26.9295711517334,32.357594,42.710316
323.0782661437988,26.336040496826172,33.440727,43.648415
321.9767303466797,25.78945541381836,33.884766,44.23568
320.0828266143799,25.524158477783203,33.651684,44.372505
318.48554039001465,26.095996856689453,35.63608,45.065193
315.49773597717285,26.744535446166992,36.22015,45.376377
313.7519111633301,27.13412094116211,36.301826,45.2714
311.0087032318115,28.268415451049805,36.9587,45.72994
307.6752243041992,28.66878890991211,37.39177,45.728523
304.39512062072754,29.34769630432129,38.343807,46.790234
301.19503593444824,30.43572425842285,37.33774,47.30427
298.568883895874,30.976104736328125,36.650623,47.287003
295.91978454589844,31.73720932006836,36.742676,48.228783
292.4611225128174,33.62530326843262,35.05203,46.673985
290.85766983032227,33.965999603271484,34.468163,46.83013
287.4857177734375,33.106245040893555,35.730637,46.355183
284.86515045166016,30.126203536987305,36.29373,48.427723
282.42016220092773,30.049619674682617,34.9925,46.896824
280.2846431732178,28.320493698120117,35.69248,47.849598
277.05908393859863,25.257104873657227,37.370144,51.46449
273.8323612213135,26.810693740844727,37.092327,49.641537
270.7686958312988,26.516006469726562,36.969505,49.717346
267.7718315124512,31.045629501342773,35.380684,46.879765
265.78174018859863,32.90097236633301,35.934536,46.55412
260.78345489501953,34.38960838317871,34.77829,45.01137
258.43705558776855,36.724361419677734,33.526005,41.779366
256.98522567749023,48.93865394592285,32.635414,29.9091
253.58221817016602,47.9414119720459,31.25486,30.873478
251.65184783935547,45.84433937072754,29.213112,30.441097
249.27729415893555,44.45858955383301,32.64081,33.897427
247.06047344207764,45.23184585571289,30.131784,32.25344
244.63519763946533,48.619930267333984,29.875097,29.947975
242.15089893341064,47.41714668273926,28.183424,28.368816
239.80739402770996,49.72746276855469,26.469494,27.343826
237.13238048553467,44.96531581878662,27.4443,31.357851
235.0402193069458,51.17765808105469,27.54344,26.584198
232.09700775146484,52.71475315093994,27.209526,26.50247
230.5921516418457,50.67039966583252,27.941162,29.367537
227.30299186706543,51.96582508087158,27.645535,29.458944
226.23120880126953,50.320817947387695,29.328735,31.070126
224.51351928710938,52.80149555206299,28.542656,29.574125
223.93078804016113,51.370848655700684,28.99184,31.705584
223.50076866149902,53.013895988464355,27.656109,29.381166
223.80992698669434,53.36888122558594,27.853718,28.56488
223.55251789093018,53.67725944519043,28.211317,28.024868
223.53888607025146,51.04768753051758,28.076075,29.13321
223.9022731781006,51.00533580780029,28.43787,29.669268
223.95770263671875,46.343807220458984,29.791054,33.82277
223.60669326782227,44.06155967712402,30.099403,33.53895
223.25419425964355,42.81093788146973,34.40227,35.723263
223.63934326171875,36.76972579956055,36.145752,39.17765
221.26560592651367,13.925544738769531,40.03698,60.759323
221.36046409606934,10.537454605102539,46.011097,61.290783
223.30640983581543,9.825090408325195,47.080616,60.638775
225.16144180297852,8.561683654785156,46.834465,59.618423
225.2219409942627,8.79643440246582,46.670055,59.170376
225.9053611755371,7.84571647644043,45.26165,58.32593
225.76408004760742,7.440893173217773,42.82525,58.38744
224.6647129058838,7.994457244873047,43.997402,57.719658
222.41311264038086,9.709697723388672,43.73974,56.771782
218.7431755065918,10.147378921508789,44.277534,56.96815
214.90469551086426,10.904712677001953,43.216976,56.545433
210.49740028381348,12.103971481323242,42.96629,56.055607
206.39146041870117,13.763832092285156,43.5765,55.709564
200.2879981994629,15.15509033203125,42.901268,55.54933
192.93344116210938,17.34736442565918,43.131058,55.01256
185.92336082458496,19.04261016845703,41.892277,54.9496
176.02456283569336,21.01799964904785,40.901146,54.59004
165.7012996673584,23.156007766723633,42.108616,55.648403
154.56689453125,25.194826126098633,41.466827,55.057125
142.89686584472656,25.946548461914062,40.949158,54.031845
130.4408779144287,27.79352378845215,43.209797,54.034565
118.60131454467773,27.588665008544922,42.821205,55.14608
107.30471801757812,27.316360473632812,40.99318,55.14456
96.88669204711914,27.295740127563477,40.29203,55.16247
87.77831268310547,26.659038543701172,40.43419,54.693474
79.32221794128418,26.085529327392578,39.47907,54.387184
71.68058586120605,25.120296478271484,40.51607,54.23324
66.68687438964844,24.2424259185791,41.939453,54.74983
61.15106010437012,23.93671989440918,43.25443,54.78243
57.31308937072754,22.789527893066406,42.171505,55.74141
53.97918128967285,22.986839294433594,43.01521,55.742218
51.76630401611328,24.178096771240234,42.880432,54.499092
48.801822662353516,24.08289337158203,42.808205,54.449753
47.90938758850098,25.337162017822266,43.40234,53.136192
44.92294120788574,25.29545021057129,42.47228,52.90298
45.2994441986084,26.666139602661133,39.33057,49.682888
42.40009307861328,22.653968811035156,41.903717,54.668
39.07051086425781,21.348844528198242,43.591705,54.40288
39.03806495666504,19.702177047729492,43.56161,54.810993
37.9299201965332,18.327301025390625,42.879723,54.8434
37.6428279876709,16.923498153686523,42.8566,54.035694
37.15439414978027,15.136962890625,43.40003,54.270157
37.76163864135742,12.983358383178711,42.635033,53.61838
36.48085021972656,11.530385971069336,44.347977,53.40285
35.625099182128906,9.932226181030273,44.963165,53.69074
34.13974952697754,9.477602005004883,45.808727,53.585873
33.33920097351074,8.186296463012695,45.19965,54.02772
32.55158042907715,7.445369720458984,44.705067,53.799995
30.9638614654541,6.995607376098633,42.572964,53.43214
28.314905166625977,6.911685943603516,42.621395,53.412712
27.117385864257812,7.290336608886719,43.47191,53.254135
23.54372215270996,8.115081787109375,44.13222,53.36252
19.701602935791016,7.715574264526367,44.051598,53.39629
14.333219528198242,8.507041931152344,47.180317,53.40799
10.223247528076172,7.620092391967773,48.6753,52.968464
3.784921646118164,6.413463592529297,50.441708,53.772682
