294.0,135.0,44,171
292.56436920166016,135.34082794189453,47.051895,165.50786
294.3213691711426,135.17501831054688,46.27645,166.42264
295.801794052124,135.04261016845703,45.608418,166.10298
297.12876892089844,135.47801971435547,45.36383,165.23903
297.0735683441162,136.90938568115234,46.04668,164.80376
297.66275215148926,136.2017059326172,45.93118,164.62897
298.21335792541504,135.82616424560547,45.796,164.58333
298.99625396728516,137.13617706298828,45.715897,164.83318
298.3196334838867,136.46361541748047,45.780685,164.45671
297.51482009887695,136.37354278564453,45.793297,164.47496
296.23491859436035,136.81842803955078,46.307384,163.50047
294.1848487854004,138.58358001708984,45.002525,162.61174
292.51553535461426,138.24960327148438,44.16412,162.47864
289.57884407043457,137.85359954833984,44.386135,162.15123
286.8555202484131,138.54063415527344,44.673176,162.1579
285.45349311828613,138.60295867919922,44.3793,161.50343
282.4013786315918,139.5886001586914,46.19465,160.43169
280.9318904876709,140.89188385009766,46.484974,159.71794
278.39732933044434,139.63925170898438,47.644123,160.69711
277.22101974487305,141.19471740722656,47.656715,159.37051
273.36492347717285,142.35900115966797,50.17097,158.46526
271.92870712280273,142.52617645263672,51.471016,157.7946
271.6480007171631,142.68470764160156,51.31963,157.81732
270.3377685546875,143.27865600585938,53.052704,157.37799
270.2641658782959,145.44871520996094,53.26015,156.4609
269.1484432220459,146.62391662597656,54.271595,154.81375
267.43102264404297,146.55045318603516,55.45735,156.07674
268.2476806640625,146.6538543701172,54.914795,155.93814
267.0171642303467,148.28970336914062,55.687504,155.46368
266.8348217010498,149.66178131103516,56.838596,154.76997
266.89759826660156,150.55670928955078,56.14914,155.12297
265.6932125091553,149.6626739501953,57.84789,156.56256
264.5419006347656,151.1838150024414,58.679962,156.29918
262.6737518310547,151.86920928955078,61.056213,155.86168
259.35175704956055,151.51786041259766,64.128365,156.74461
256.09056854248047,151.59357452392578,66.49458,156.66347
254.2316017150879,152.69499969482422,67.90948,155.23518
252.01484298706055,153.27477264404297,69.44462,154.8817
248.61656951904297,151.78915405273438,71.128525,156.95355
246.63688278198242,151.63385009765625,72.488014,157.5148
244.73668670654297,152.5468978881836,73.058945,157.26555
243.90343856811523,151.5466766357422,71.36823,157.28577
242.6404571533203,152.06979370117188,74.93579,156.90439
243.71531295776367,152.33988189697266,72.16532,156.45067
244.14374160766602,153.329345703125,73.60842,156.93674
245.0969009399414,154.9316177368164,73.71623,154.55913
244.52549743652344,154.52214813232422,75.053314,154.67564
251.19012832641602,153.03460693359375,65.85384,154.6383
252.1222915649414,151.68594360351562,64.39876,155.41406
250.9760513305664,150.38843536376953,67.4781,155.95982
241.75736618041992,149.71319580078125,68.72651,156.74045
251.09379959106445,149.60809326171875,68.103874,155.73044
246.85536193847656,148.7393798828125,68.49661,155.8252
243.15701293945312,148.49549102783203,72.042786,154.35191
249.94342041015625,148.81124877929688,66.935394,153.92212
249.92260360717773,148.4442901611328,67.42591,154.91531
244.81996154785156,147.31546783447266,64.97412,154.925
249.85463333129883,144.53240966796875,64.54046,157.21753
245.8729705810547,143.58018493652344,69.40958,156.83206
236.33045196533203,140.72101593017578,77.939804,158.81529
234.9619026184082,139.59298706054688,74.425285,158.22452
236.5141372680664,141.04430389404297,70.08937,156.1743
238.05626678466797,140.38558197021484,65.95378,155.36006
236.3879222869873,139.5171661376953,56.11246,154.33298
236.99538040161133,138.5653305053711,55.685143,154.65373
237.53470420837402,138.7458724975586,57.713154,154.43413
237.0810832977295,137.79535675048828,60.46906,154.58855
238.77015495300293,135.8906707763672,59.714542,155.1005
237.91154098510742,137.58804321289062,57.60578,152.3801
238.9846534729004,134.83696746826172,73.4024,154.27171
239.11821365356445,135.1337127685547,59.38125,153.64273
241.17800903320312,135.47686767578125,61.28003,153.38452
243.32048797607422,136.43624114990234,65.44853,152.21074
240.4712028503418,138.64013671875,66.622475,150.00565
243.47459030151367,136.9877471923828,70.09806,152.48404
241.32746505737305,138.88092041015625,74.936165,149.83847
240.85002517700195,138.02259826660156,75.300835,150.42368
240.94564819335938,137.46836853027344,73.71286,149.85345
240.03893661499023,137.1663818359375,74.86161,151.0704
236.60257720947266,137.8966064453125,77.17656,150.11835
234.47509002685547,137.97674560546875,77.86644,151.48288
234.94384765625,138.52869415283203,75.50357,150.25124
235.07734298706055,138.17921447753906,74.96906,151.1366
229.77191543579102,135.74237823486328,79.69021,153.09001
226.53753662109375,136.54523468017578,81.96182,153.90541
227.50568389892578,137.86205291748047,79.65434,151.79158
227.4291648864746,137.66622924804688,79.09449,151.78177
227.7147216796875,135.21459197998047,78.416565,153.26466
228.41909790039062,135.8968505859375,77.96634,152.84412
228.0670394897461,133.75613403320312,77.951065,154.9078
228.82093811035156,133.62945556640625,76.943115,154.21729
230.14228439331055,132.74954223632812,74.812386,155.30252
230.7377166748047,134.2610092163086,74.096344,154.57344
233.01400756835938,135.3777618408203,72.90399,153.64792
233.11055374145508,134.2119369506836,73.30996,154.11305
235.2629280090332,133.91999053955078,72.99377,154.72142
237.34127807617188,133.44989013671875,71.43332,154.69095
236.53191757202148,134.39393615722656,72.96369,152.83582
241.33604431152344,134.1484832763672,69.41885,153.8276
243.85694122314453,133.73721313476562,68.12373,154.44006
249.97540283203125,134.29558563232422,64.64813,155.0396
257.9755916595459,135.8033676147461,56.795765,153.72496
267.7976551055908,134.27054595947266,49.82867,156.14073
274.331823348999,135.0603256225586,44.05071,156.2957
277.5918827056885,136.80825805664062,42.3455,156.68674
277.8984775543213,135.9906463623047,40.605633,156.21524
269.79968643188477,136.26003646850586,47.04061,123.91566
273.54115104675293,137.06832885742188,46.47922,118.14252
258.4341278076172,156.56163787841797,69.27374,142.39159
227.51363372802734,206.1523666381836,116.55434,130.58269
199.78412628173828,225.24713897705078,155.50731,118.201065
204.17339324951172,212.05084991455078,156.3946,131.67726
211.93429565429688,218.3920440673828,154.52563,127.37543
221.95565795898438,223.16963958740234,158.70148,121.7896
251.61846542358398,152.80594635009766,123.68903,185.85966
230.75291442871094,185.63774871826172,173.26804,158.43611
245.9056854248047,141.87920379638672,132.96909,201.41902
246.2848358154297,143.33909606933594,160.87784,203.01071
254.7372055053711,144.79944610595703,156.82405,199.08415
259.2255554199219,155.08733367919922,160.25256,189.82661
265.94918060302734,172.15784454345703,158.92818,174.94322
275.8239517211914,205.59406280517578,157.95958,138.55736
281.55816650390625,205.68893432617188,159.27234,139.66437
284.10730743408203,214.77154541015625,162.38176,128.7528
273.1804542541504,135.98251342773438,63.231224,154.62628
275.73624420166016,142.67071533203125,51.355423,161.13318
274.43027687072754,141.14317321777344,52.109325,162.62244
273.81602668762207,141.7164764404297,51.01092,164.84595
272.89001655578613,142.3126449584961,50.773556,164.74986
272.3751621246338,142.83174896240234,50.579754,164.5179
272.44779777526855,142.7395477294922,50.532322,164.88647
272.41380882263184,141.74609375,51.597004,166.67624
270.9575996398926,142.94103240966797,51.421623,165.77739
269.3492946624756,142.63390350341797,51.889515,166.38405
270.4554500579834,142.36055755615234,49.50829,167.24745
269.4434070587158,143.11248779296875,48.977993,168.13129
270.06991386413574,142.0880584716797,48.341465,168.63916
269.8992671966553,141.03172302246094,48.036366,169.68674
269.68632316589355,141.19074249267578,49.10114,170.28355
269.9683322906494,141.24832153320312,48.256817,170.4483
269.0171756744385,141.23098754882812,47.759777,170.23087
271.5258445739746,141.07223510742188,44.79032,169.60974
271.201566696167,141.44092559814453,44.584415,168.66069
271.63158988952637,140.8023452758789,44.787785,169.36604
271.8625030517578,139.97108459472656,45.355255,168.87305
272.31327629089355,139.59756469726562,46.81348,169.05414
272.7830219268799,139.6483383178711,48.234615,167.60991
272.5923881530762,138.9501495361328,50.245216,168.75134
273.3765239715576,139.9740219116211,51.17951,167.89806
273.1448974609375,141.39425659179688,53.15518,166.94153
272.86304664611816,142.51862335205078,56.001354,166.0125
272.5327033996582,142.19000244140625,59.267998,166.19894
271.5498580932617,140.66065979003906,61.892197,168.62656
273.7109489440918,141.2767333984375,63.485634,169.35626
273.28120040893555,140.78343963623047,66.57209,169.79778
272.9285354614258,142.37584686279297,66.677505,169.16164
271.3607368469238,142.34619903564453,68.45644,169.34355
270.2907409667969,143.04285430908203,69.40112,169.38008
269.711669921875,141.59820556640625,70.20267,170.49017
268.0133247375488,144.71800994873047,70.72375,167.36794
267.8197250366211,144.42062377929688,72.3766,168.71637
267.7647476196289,145.45169067382812,72.98036,167.58087
268.9457130432129,146.89295959472656,73.46105,166.8292
269.95731353759766,147.96121215820312,74.68086,166.12479
270.4104194641113,148.33867645263672,76.225975,164.59428
269.60074615478516,150.13427734375,79.80449,164.1846
266.8247871398926,150.73519134521484,83.53124,164.30235
263.9453315734863,148.241943359375,87.2983,166.59076
264.7859420776367,150.14642333984375,89.846725,164.85788
263.6758117675781,149.67916107177734,92.68463,165.64583
263.2861747741699,151.09725952148438,94.92161,164.40137
263.2500686645508,151.4896011352539,95.846115,163.82768
263.3579788208008,150.15569305419922,95.310715,165.96175
266.7791290283203,150.34864044189453,91.657074,164.71696
269.9593162536621,152.09317016601562,87.73896,164.06409
272.21275329589844,148.7535858154297,84.28537,167.96008
274.7294044494629,147.51351928710938,80.93502,168.69379
274.4189033508301,147.73909759521484,80.39089,170.34029
274.18558502197266,146.2342987060547,81.67589,173.02728
272.7986373901367,147.02105712890625,82.3737,172.00159
272.3900146484375,146.41311645507812,83.30017,173.66068
271.5875587463379,144.99009704589844,84.59008,175.71204
271.08839416503906,145.06949615478516,86.05124,175.86995
271.12250900268555,145.66116333007812,88.646034,174.69968
270.18528747558594,147.99610900878906,88.75839,173.05304
269.5652198791504,149.6112518310547,89.1101,171.88531
268.1546745300293,148.97482299804688,90.131996,171.68564
268.2696723937988,148.45418548583984,90.962364,172.46245
269.5709037780762,149.62217712402344,91.54887,172.5982
269.7461929321289,149.95001983642578,92.09038,171.63728
270.4184265136719,152.14107513427734,91.76514,170.05315
271.1392059326172,154.10604095458984,92.56503,168.26427
273.10697174072266,154.91207122802734,94.23717,167.84337
275.54404067993164,156.5567398071289,93.89202,165.87953
277.4689178466797,159.28661346435547,94.24338,163.9287
279.28571701049805,157.4774932861328,93.32395,164.456
281.25873947143555,157.59674072265625,92.85233,163.22482
278.23547744750977,155.08350372314453,96.73205,166.12761
277.0208168029785,155.17362213134766,99.66894,165.98283
274.2627868652344,152.69597625732422,104.88019,168.25288
274.76335525512695,152.62738800048828,105.590416,169.38603
275.37038803100586,151.22408294677734,105.06544,170.12868
277.04450607299805,149.14883422851562,104.423256,171.13812
279.90008544921875,149.53729248046875,102.848816,170.72528
286.6678123474121,151.43191528320312,97.13831,170.31738
288.80482482910156,150.98228454589844,93.84439,171.05453
288.25527572631836,150.82391357421875,94.66633,170.9242
290.5905342102051,159.52377319335938,93.97445,160.57422
287.27542877197266,156.0777359008789,97.30003,164.6169
290.18611907958984,161.61168670654297,92.506424,158.94603
289.74501037597656,157.55359649658203,92.06271,162.72487
291.2726249694824,161.08514404296875,95.294655,159.76901
288.66698455810547,163.20903778076172,99.291916,157.95842
288.0135803222656,161.7625732421875,98.74332,160.22464
289.1911964416504,151.06587982177734,97.36666,171.35875
292.8338966369629,152.98995971679688,93.39248,168.08353
290.9969711303711,149.39592742919922,94.651474,172.5048
290.6909828186035,149.78380584716797,95.123314,171.83092
286.30615615844727,153.11800384521484,98.84414,168.7072
286.7520523071289,152.14629364013672,96.30916,171.51079
283.7706871032715,149.90341186523438,96.6984,173.3038
286.18473052978516,149.33702087402344,93.68495,173.98889
283.8996467590332,147.97198486328125,94.15179,174.65189
284.4112434387207,149.11479949951172,94.11944,173.76823
284.5422706604004,149.22213745117188,94.57845,173.92703
285.5141830444336,148.97564697265625,92.83208,173.87906
286.6130790710449,151.56773376464844,90.17921,173.22906
288.32777404785156,149.9735107421875,89.897095,174.32352
290.084529876709,150.83953094482422,88.87632,173.39415
290.1703796386719,150.79878997802734,88.78897,174.3477
292.2130889892578,151.93072509765625,90.36078,173.42307
294.47325897216797,151.4368438720703,89.42992,173.86047
296.22649002075195,152.65325927734375,90.609245,173.48831
298.4395751953125,152.08792877197266,90.15933,173.79451
299.8088188171387,152.34857177734375,90.10157,174.21506
301.7305679321289,153.87281036376953,90.17879,174.12581
304.0494155883789,153.7025146484375,89.55171,173.9863
306.45475006103516,153.2278060913086,89.95747,175.12389
308.37018966674805,153.65817260742188,89.21076,175.33286
311.8949890136719,155.4439697265625,87.19876,174.32303
312.4424018859863,154.62342834472656,87.64031,177.01648
314.7484703063965,155.02494049072266,87.06614,177.31087
317.66365814208984,154.8770294189453,86.087814,178.3086
319.02131271362305,156.65592193603516,85.749275,177.49135
320.60588455200195,157.09463500976562,86.481804,177.48294
322.8689498901367,157.13129425048828,86.09349,177.15388
323.8784599304199,155.38971710205078,87.15095,178.54182
324.6631889343262,157.44593048095703,87.920845,176.795
325.0551414489746,157.1436004638672,88.209755,176.97913
325.71192932128906,155.7473602294922,91.12805,177.09589
326.5055274963379,158.53618621826172,91.47402,175.26048
327.7701187133789,157.27544403076172,93.56081,175.0894
330.16112899780273,159.07774353027344,93.830666,175.20117
331.64281463623047,156.4963150024414,93.786545,177.5713
335.7617073059082,156.03347778320312,92.8308,177.50052
338.39554595947266,157.92414093017578,91.191055,177.71303
341.8623809814453,157.90531158447266,92.64679,176.72542
343.73889541625977,158.55110931396484,91.34115,176.71379
348.55850982666016,158.57144165039062,92.35457,175.7468
352.3487663269043,160.50526428222656,90.14857,175.23785
354.4488334655762,157.56609344482422,92.821724,176.9384
359.5219268798828,156.26976013183594,89.800476,178.77917
360.5709419250488,157.4446258544922,90.50097,178.70361
362.8003692626953,156.15000915527344,91.42395,179.22217
364.77925872802734,158.39944458007812,91.62059,178.3237
366.11166763305664,157.44536590576172,91.59603,177.54979
369.1306343078613,159.0579071044922,90.86028,177.16205
370.1129722595215,158.72738647460938,91.34379,176.09018
374.22888946533203,158.8513412475586,90.31111,175.93889
376.5570259094238,159.15771484375,89.70208,174.95633
379.0080337524414,160.37361907958984,89.34053,174.29832
382.2181587219238,161.8775177001953,90.11498,172.40692
385.4660758972168,164.3197021484375,89.86927,169.00327
388.26973724365234,168.11486053466797,91.074814,164.86565
383.97607803344727,171.2856903076172,98.394035,162.1623
383.1998176574707,173.48797607421875,102.629295,160.45462
382.9766273498535,171.13350677490234,107.01183,163.9965
383.85875701904297,171.12234497070312,109.40791,164.25705
388.4012680053711,169.447021484375,107.16347,166.22177
393.7491149902344,165.91060638427734,105.06195,168.63817
400.8233642578125,165.1308135986328,98.99219,169.9342
408.51015853881836,163.02437591552734,92.48756,171.6472
413.18096923828125,160.29180145263672,87.07593,173.88127
418.05503845214844,157.34032440185547,82.403595,177.72697
419.1151542663574,155.703857421875,82.26762,179.86429
418.8991470336914,154.5481185913086,82.929245,180.9091
419.35346603393555,153.4844207763672,82.698586,182.11182
420.6461982727051,154.32846069335938,81.25106,182.18814
420.9843559265137,153.61131286621094,79.88761,184.01624
420.94459533691406,153.90553283691406,78.02884,184.00781
420.91714096069336,153.84300231933594,77.46668,184.69104
419.6673812866211,152.96810913085938,76.844986,185.92593
418.29233169555664,152.18211364746094,76.97747,186.73828
416.1384506225586,151.71094512939453,75.61372,187.49556
414.3302345275879,152.15157318115234,76.37475,187.80473
411.5412406921387,151.56266021728516,74.6652,188.84523
409.38195419311523,153.02297973632812,74.82783,189.004
407.05694580078125,151.69974517822266,73.40228,188.61678
405.1767997741699,153.89900970458984,72.82914,186.49254
403.78211212158203,155.17105865478516,72.12883,184.70113
400.62353897094727,153.87867736816406,71.4443,185.65997
398.4723777770996,154.3288345336914,70.71299,185.1736
396.18298721313477,153.503173828125,71.04452,185.04593
392.66829681396484,152.7663116455078,71.10368,186.39825
390.13391876220703,151.6707763671875,71.44591,187.09625
389.7401695251465,151.1100845336914,70.6139,187.38689
388.6546974182129,151.66173553466797,70.358025,186.60677
387.84070587158203,152.15482330322266,70.296005,185.95204
389.1431121826172,151.1538848876953,70.43948,186.67142
388.73444747924805,151.7328872680664,70.06153,186.75865
388.7324981689453,150.53026580810547,70.0968,187.43282
389.74989318847656,150.12203979492188,69.75134,187.975
388.2706184387207,149.5403823852539,70.67593,188.21474
388.0145263671875,147.07213592529297,70.92938,189.92085
388.3799514770508,147.89520263671875,72.29277,189.62592
387.49553298950195,147.6402359008789,70.48025,188.65294
387.3008613586426,147.2442855834961,72.74856,189.6744
387.46033096313477,147.78116607666016,73.82641,188.809
387.4698715209961,145.92433166503906,74.35249,191.35684
386.3805351257324,145.36129760742188,73.87333,192.02551
387.2712059020996,144.78850555419922,75.60493,194.38881
386.11641693115234,144.02236938476562,75.50453,194.76587
386.42314529418945,142.87110900878906,74.90377,195.79355
385.4902458190918,143.3428497314453,77.22929,195.26083
384.3352699279785,144.46952056884766,77.90673,193.96355
383.97606658935547,142.8937225341797,79.44002,194.18002
381.77478790283203,141.47942352294922,82.71135,195.0066
381.36149978637695,141.77721405029297,83.96047,193.92097
380.8962707519531,139.7970733642578,85.15271,195.27109
379.15074157714844,138.7853240966797,88.105194,197.31503
378.61993408203125,139.02884674072266,89.60742,196.50786
378.3465805053711,138.02472686767578,90.54933,196.31047
378.8686332702637,137.0129165649414,91.25858,196.92705
379.7297248840332,136.24928283691406,92.4045,198.11008
379.0072708129883,135.9536590576172,94.68681,198.04697
379.4769287109375,133.50910186767578,95.81311,199.6522
379.98035430908203,133.7967300415039,96.86522,199.53813
375.8441619873047,133.03936004638672,102.374054,199.17787
370.8129425048828,133.55895233154297,109.50394,198.53865
380.2238883972168,132.95751953125,101.631874,199.30719
385.36638259887695,132.72023010253906,97.23696,198.33017
396.8259086608887,131.62466430664062,87.32383,199.05634
381.20439529418945,130.78168487548828,105.11245,201.30424
383.30523681640625,130.39203643798828,101.71509,199.76176
382.4576072692871,130.26300811767578,103.2898,200.19084
382.0812454223633,128.78176879882812,104.28648,199.07892
378.7059783935547,129.876708984375,107.78238,199.15942
373.9274215698242,129.2001953125,108.24031,199.48676
373.9237823486328,128.49153900146484,108.74954,199.32191
373.7237243652344,127.31421661376953,105.48389,200.32695
368.3575630187988,126.12136840820312,106.328514,200.0932
371.9433135986328,125.54527282714844,101.58133,200.17374
364.9659538269043,125.80147552490234,105.289955,200.4131
360.9331855773926,123.9501953125,105.326866,199.39606
361.4444236755371,124.3511734008789,104.2873,200.17857
357.07241439819336,123.572021484375,103.785164,201.16296
355.98888397216797,122.60763549804688,102.19246,200.4945
352.46532440185547,122.60453033447266,102.204056,200.8126
350.43943786621094,121.61894989013672,101.73837,199.87764
349.2438430786133,121.04691314697266,100.85008,200.38225
348.0552291870117,119.558349609375,99.152725,200.96057
342.17746353149414,119.59200286865234,103.16918,200.33797
340.2023391723633,119.77562713623047,103.2791,199.9828
339.7252731323242,117.1035385131836,101.546585,200.17165
337.3143768310547,117.01482391357422,103.21036,199.87434
336.5780143737793,115.36737060546875,102.6804,200.47131
339.2080879211426,114.26691436767578,98.31521,199.23003
335.97314453125,113.0170669555664,99.67731,200.08153
342.3138008117676,111.18718719482422,92.03951,200.21413
331.63128662109375,111.57073974609375,101.00598,199.01538
329.80747985839844,110.60623168945312,100.893524,199.84943
330.0419502258301,109.82756042480469,97.65206,199.35617
332.0272026062012,110.63874816894531,97.175514,197.98544
334.2396125793457,111.49695587158203,92.21267,196.11742
332.12208557128906,110.71451568603516,94.5112,196.54564
327.97332763671875,113.34584045410156,97.788086,195.79868
335.77605056762695,111.30409240722656,92.31234,195.91
326.39769744873047,112.8612289428711,99.22572,194.63911
328.4535255432129,113.4700698852539,93.877556,193.02977
325.7449645996094,113.76167297363281,98.95697,194.0286
332.02247619628906,113.52499389648438,90.16049,192.35968
327.0782928466797,112.72278594970703,93.85025,193.22624
318.8922805786133,113.8475341796875,98.938034,193.46692
328.2545967102051,113.84699249267578,88.35714,192.63133
315.5439224243164,114.29840087890625,99.42589,194.4154
316.18595123291016,116.45893096923828,95.65105,191.86443
310.6504592895508,117.12718200683594,99.64488,193.6691
320.7060317993164,119.0548095703125,91.27782,190.89581
325.51626205444336,118.3828125,85.25471,191.04779
306.26889419555664,121.04491424560547,101.06341,192.80385
308.6847839355469,120.31892395019531,98.12659,192.97678
303.2041206359863,118.7201919555664,98.78982,195.40758
301.59021759033203,120.81942749023438,102.10826,194.30273
301.37778091430664,117.75922393798828,102.36364,197.33202
296.996883392334,117.8596420288086,100.9253,198.57216
297.76126861572266,114.6783447265625,100.97313,200.4762
296.92383575439453,115.14797973632812,95.73979,200.92743
288.83882904052734,113.0731201171875,102.70412,204.95612
292.6998481750488,116.18172454833984,94.943565,201.6003
281.33537673950195,113.4811019897461,104.690025,206.21748
280.7045135498047,117.03977966308594,102.365265,204.7637
277.05614852905273,119.04183197021484,103.05244,204.4554
275.84726333618164,121.42057800292969,101.122856,203.55203
276.34355545043945,120.46510314941406,97.876854,203.77298
274.4307403564453,122.9592514038086,98.56363,203.83583
271.27024841308594,121.39472198486328,96.368805,206.35808
272.71870040893555,121.30978393554688,94.33787,203.24255
278.77772521972656,121.3166732788086,86.26657,194.76375
270.11861419677734,121.43637084960938,94.39412,199.65405
273.9475212097168,121.20636749267578,87.45011,191.26122
265.1159782409668,122.33533477783203,95.60709,197.10588
262.4316596984863,122.43401336669922,99.954,202.39735
264.06574630737305,120.8861083984375,102.212685,202.40247
264.35413360595703,122.70453643798828,98.11278,197.85191
264.83482360839844,123.2008285522461,96.80246,199.49446
263.18004989624023,124.84072875976562,99.82374,198.14783
260.5879936218262,125.86988830566406,99.21763,193.99619
262.95965576171875,125.58462524414062,98.299805,192.28644
265.3911323547363,127.3809585571289,98.153465,190.05583
264.7720603942871,127.78294372558594,98.5716,187.33621
265.7102355957031,127.90605926513672,98.33777,184.31746
265.8491973876953,127.79634094238281,99.69705,179.90689
266.0810356140137,129.42991638183594,97.11869,178.7886
266.9633026123047,129.29485321044922,96.30649,179.71211
266.3579902648926,130.92308044433594,95.9407,178.4938
263.18487548828125,130.34426879882812,97.06952,180.01752
262.478084564209,132.2658233642578,95.4546,178.8594
259.1203918457031,132.99244689941406,97.049805,181.25931
258.91001892089844,134.68340301513672,97.253204,179.03413
256.34189224243164,134.8517074584961,97.51629,180.38173
253.4018783569336,136.41966247558594,98.169266,179.9083
251.12002182006836,137.46144104003906,97.92988,178.82535
247.35198593139648,136.9810791015625,96.951485,179.05774
244.4908790588379,137.10472106933594,98.154106,180.62918
241.36409378051758,139.48479461669922,98.99764,180.86128
240.13859939575195,140.57019805908203,96.56484,179.91429
236.9895362854004,141.58089447021484,99.686455,178.56429
239.23953247070312,142.6493377685547,96.038574,180.69724
231.42184448242188,144.19751739501953,101.83826,179.60759
243.10830688476562,143.07489776611328,88.64606,181.1447
244.18513870239258,146.48130798339844,88.31692,179.76443
238.48029708862305,148.01806640625,94.980385,179.79218
239.2850456237793,147.5811996459961,94.60996,180.60347
231.86750030517578,148.27529907226562,101.00566,180.33179
237.54524612426758,148.98455047607422,97.84579,180.8036
240.5262794494629,149.21063232421875,95.71691,181.47473
254.45410537719727,148.98201751708984,82.688774,185.88258
250.06249618530273,147.1188735961914,90.271,187.85204
245.26186752319336,144.90426635742188,95.6106,189.85999
251.80739212036133,143.5260009765625,92.608116,190.3089
251.13638305664062,142.15579223632812,94.0849,188.56042
262.6890449523926,142.08509063720703,82.52566,182.25322
265.2116889953613,140.5500946044922,81.002464,176.75626
247.3855438232422,142.40594482421875,100.232544,175.8722
247.0019187927246,143.83412170410156,101.26957,175.55771
245.03171920776367,144.54078674316406,103.89344,175.5842
248.0386734008789,146.10438537597656,101.87483,178.71445
248.40814208984375,147.5854263305664,99.75046,178.73393
249.31242752075195,150.46353912353516,94.24004,178.15617
249.4120330810547,149.07616424560547,98.01416,180.42207
250.7148551940918,150.5466079711914,93.24879,179.34459
250.71374130249023,151.6959991455078,92.08347,179.95987
249.85343551635742,149.95899200439453,90.17359,182.18602
250.17569732666016,145.84589385986328,92.57106,188.57365
250.39752960205078,137.04436492919922,94.03676,196.11983
249.29179000854492,145.50858306884766,90.9253,185.92973
247.25715255737305,145.1710968017578,89.469124,186.19858
246.9347801208496,143.55428314208984,80.3939,183.34096
245.97740936279297,145.03931427001953,66.338486,183.83592
245.27900314331055,144.723388671875,92.44294,185.13733
244.9574317932129,143.96534729003906,92.11471,184.39792
243.45492553710938,145.63117218017578,90.85751,185.46776
242.33009719848633,148.94036865234375,91.55956,184.56995
241.75447463989258,149.65835571289062,83.41442,184.84497
243.01971435546875,149.22745513916016,93.05356,186.28654
241.45995330810547,154.31195831298828,91.602646,182.26115
240.7381591796875,155.15185546875,90.03348,182.39954
241.18317031860352,154.1490936279297,93.454185,185.54977
240.70178985595703,153.40605926513672,91.558426,187.47469
240.08974075317383,153.29315185546875,94.51086,188.31488
237.96137237548828,154.5897979736328,97.03926,187.1719
238.5605926513672,150.78500366210938,95.53711,191.66418
237.78768920898438,153.20133209228516,95.1564,188.63316
236.23907852172852,146.73536682128906,94.71346,194.77359
233.80871200561523,154.93215942382812,95.66764,186.21118
232.44570922851562,151.48863220214844,94.754974,188.68283
231.29268264770508,152.47522735595703,94.03625,187.10442
229.59745407104492,150.69192504882812,95.19923,186.85272
228.2428207397461,149.8836441040039,94.7805,187.12163
227.71448135375977,147.60340881347656,94.25478,184.54642
227.22371292114258,144.75294494628906,94.12188,180.98166
228.29138565063477,146.3037872314453,89.467735,171.69125
227.2035140991211,140.64358520507812,90.867294,173.34955
227.63293838500977,139.41944885253906,88.54983,172.264
228.393798828125,139.85149383544922,89.53403,170.74403
228.75545120239258,138.89796447753906,87.30181,172.78671
228.43621826171875,138.24544525146484,84.24228,172.57777
228.1336555480957,135.7962188720703,70.31722,173.8312
227.91933059692383,132.4754180908203,84.17693,177.89395
228.00987243652344,136.40595245361328,82.22797,173.31792
228.97672653198242,131.40866088867188,86.61414,176.08835
230.2300148010254,132.2484588623047,87.32766,175.40991
233.20415115356445,129.61775970458984,81.64947,179.88066
234.9226837158203,121.08964538574219,83.27838,187.4096
235.56268310546875,115.45001983642578,75.03543,194.11708
237.98934936523438,127.2986831665039,68.502106,181.84694
241.83665084838867,128.77509307861328,81.15418,179.28285
242.42132186889648,115.97007751464844,72.54746,193.54855
242.4433479309082,122.63540649414062,77.4981,184.50299
244.11291885375977,117.71721649169922,75.09872,190.28291
245.29944610595703,115.13285827636719,73.93202,190.90591
246.82247161865234,113.65913391113281,72.89311,190.035
247.6592674255371,111.07904052734375,71.56248,191.12329
247.68188858032227,106.99964141845703,71.92428,193.00084
248.76421356201172,106.62594604492188,70.26012,189.42926
250.83420944213867,107.62759399414062,73.4062,184.23083
248.4867057800293,95.51363372802734,70.32505,189.66771
250.23485946655273,102.2303466796875,69.49976,187.14682
250.08457565307617,104.50975799560547,71.58628,179.12566
250.44160079956055,103.92329406738281,72.815926,180.65555
248.75898361206055,101.5007553100586,72.065926,183.01323
250.60337829589844,103.0661849975586,68.07065,181.19765
249.1098861694336,101.34514617919922,73.146866,184.02782
247.6130714416504,102.10244750976562,71.81841,179.448
247.62661743164062,102.10712432861328,72.29636,179.92418
245.33111572265625,93.107666015625,76.374084,189.02658
247.0374641418457,101.21371459960938,73.083824,180.59195
245.26181030273438,94.3653335571289,75.56427,185.06017
243.5759162902832,88.82426452636719,76.156395,191.54263
242.12808990478516,96.82048797607422,77.05101,182.39119
239.00991821289062,90.82567596435547,78.349915,187.25838
237.68910217285156,90.9746322631836,74.37875,186.2311
236.35719299316406,88.68990325927734,77.32382,189.1874
233.47349166870117,87.20596313476562,84.916176,187.18
232.58008193969727,85.45658111572266,86.4508,186.00078
233.0918731689453,86.96337890625,83.17258,182.83716
233.12596893310547,83.61546325683594,86.7314,178.61514
232.13634872436523,85.62945556640625,86.58045,171.60785
229.40848922729492,85.37921905517578,87.01673,169.10591
228.48835372924805,84.6991958618164,86.79664,166.02116
227.51218795776367,83.14441680908203,84.348335,166.55556
227.50938034057617,80.72073364257812,82.011024,169.19278
225.49357223510742,76.44566345214844,85.04368,174.96664
223.5245590209961,77.69654846191406,81.24577,172.42984
223.93763732910156,76.37928771972656,80.70282,174.48392
223.31236267089844,72.44812774658203,82.51907,177.83241
220.9222640991211,82.53319549560547,82.54219,167.62859
221.5070571899414,75.53043365478516,83.16307,174.02892
222.5862274169922,71.62469482421875,81.23941,178.27213
221.67718505859375,72.0689926147461,80.55414,176.62218
221.55844497680664,73.71813201904297,76.953026,175.70659
220.41997528076172,70.76631164550781,83.22945,176.80438
218.55401992797852,66.03440856933594,79.28619,179.16031
220.2521858215332,63.22557830810547,77.48989,180.89491
220.69302368164062,60.005645751953125,73.99274,182.47342
219.8156623840332,58.60980987548828,72.54693,179.23894
222.2240333557129,54.777435302734375,74.345726,172.67285
218.1373519897461,52.95415496826172,76.87938,168.79533
222.19189453125,50.10285186767578,72.25006,168.63206
221.89556121826172,49.11827850341797,69.623795,168.1414
220.64198684692383,47.993743896484375,70.438896,170.56522
222.49425506591797,47.16651153564453,72.59392,170.11876
219.5270767211914,44.44744873046875,72.40556,171.47903
220.7240982055664,44.52063751220703,71.48869,170.1455
220.10568618774414,43.51588439941406,70.62762,170.52112
217.45278930664062,44.20050048828125,71.557495,172.40161
216.9379119873047,43.06748962402344,72.65463,172.56708
216.03964233398438,42.888648986816406,73.32843,172.50578
215.87878036499023,41.786216735839844,74.23704,173.48131
213.17144393920898,38.20965576171875,76.847145,177.87286
211.52842330932617,43.77101135253906,76.75361,172.83835
210.10739517211914,39.09419250488281,78.39361,176.16147
209.47628021240234,37.546363830566406,75.63539,176.40782
207.42777633666992,35.967613220214844,78.406136,177.40263
205.83171463012695,36.705352783203125,77.93551,176.27109
204.56282424926758,37.019813537597656,76.915,175.15916
205.05709838867188,35.244728088378906,75.87775,174.43565
205.22035598754883,32.60893249511719,75.31411,172.49799
207.40826034545898,30.192359924316406,69.70835,170.5804
207.65348052978516,27.937705993652344,67.491135,164.34285
207.46743392944336,28.528907775878906,69.96839,162.74568
207.38452529907227,26.669464111328125,70.83773,165.91684
207.9350929260254,25.29473876953125,69.36025,167.96658
207.22661972045898,23.95543670654297,68.902504,170.0288
207.0079231262207,23.447509765625,74.35366,170.46738
209.30348205566406,23.446754455566406,66.75952,170.23607
209.20067977905273,23.475975036621094,66.63731,172.28105
208.72855758666992,24.08269500732422,64.71552,171.55476
208.0868263244629,23.970687866210938,66.51327,172.67691
206.5539436340332,22.502838134765625,71.106865,174.54404
207.59704971313477,25.262535095214844,70.8113,172.20403
206.7322235107422,26.21002960205078,71.81674,171.85966
205.50314712524414,28.49267578125,74.68868,170.15942
207.80126571655273,28.232101440429688,73.963356,170.57681
206.6471176147461,27.580589294433594,75.43837,170.24275
210.11826705932617,28.08202362060547,72.04493,171.06499
211.1250877380371,29.466651916503906,70.22202,169.98073
211.04616165161133,28.23761749267578,70.514854,170.73985
212.57211685180664,26.270614624023438,67.5093,172.6688
212.9139633178711,24.737899780273438,68.44685,174.89603
209.49761199951172,23.600753784179688,73.73311,173.61166
211.00776290893555,22.548744201660156,74.21046,177.90541
207.98167037963867,21.32269287109375,76.083046,178.37814
211.880615234375,21.971282958984375,71.281555,173.93857
212.70204162597656,23.177467346191406,69.94278,165.96678
214.0106201171875,24.220779418945312,68.401886,166.74802
212.47814559936523,26.04888916015625,68.76035,170.90982
212.24660110473633,28.02220916748047,67.81298,170.40862
212.13558197021484,28.748916625976562,67.150345,176.38434
215.28181838989258,32.982826232910156,63.3283,166.58437
214.44608688354492,36.61872863769531,65.78236,168.90341
216.58862686157227,41.18048095703125,65.557335,169.82336
219.5212802886963,42.402976989746094,63.38609,176.79884
220.76766204833984,49.04783630371094,59.068954,164.69012
223.8367156982422,52.81707763671875,60.94934,163.83002
223.8849811553955,53.069252014160156,57.193264,166.4904
224.99348831176758,54.474884033203125,57.443993,166.66162
224.09185791015625,55.567481994628906,59.64102,166.29045
225.45861625671387,54.34700012207031,59.51282,168.96313
226.17602729797363,55.723541259765625,60.908688,168.31299
229.7312355041504,54.727928161621094,64.62972,163.13478
229.83424377441406,53.266807556152344,71.01236,157.86113
232.1572608947754,52.72601318359375,66.1842,154.53552
234.0787239074707,52.9195556640625,66.155754,155.4299
235.3877658843994,51.5379638671875,63.462322,157.98279
237.02437591552734,51.446746826171875,64.1331,159.00635
240.46501350402832,52.485748291015625,62.120113,160.03613
243.21974563598633,51.202667236328125,61.67852,160.54968
244.46331214904785,52.766685485839844,62.76875,160.76866
246.23413848876953,54.3988037109375,65.60698,159.90549
246.25103378295898,55.95124816894531,70.485054,158.66705
247.3211326599121,58.588829040527344,70.37107,157.3314
248.13831329345703,57.065185546875,68.17,158.44305
250.91987228393555,57.193260192871094,67.18891,159.42351
252.19794082641602,57.23442840576172,68.823784,160.50331
252.33190155029297,57.32780456542969,70.47612,160.70248
252.74699020385742,55.387046813964844,67.897194,162.32927
251.50804901123047,50.50372314453125,65.68651,166.34775
253.65277671813965,50.12718200683594,62.402943,165.48776
256.6736373901367,51.45135498046875,53.060867,153.97299
256.41695976257324,49.33843994140625,57.712376,154.16843
256.7382125854492,47.68903350830078,60.863358,151.10408
257.767635345459,44.679222106933594,67.08558,151.92598
261.00035667419434,44.288841247558594,63.01485,152.2932
264.7702102661133,41.52394104003906,58.200424,153.43451
267.84185218811035,39.9443359375,57.519054,154.48883
271.37146759033203,38.754981994628906,57.302628,153.18123
271.68383598327637,38.00281524658203,54.420444,155.32127
274.2625274658203,37.37438201904297,56.029022,153.67146
276.15332794189453,36.937416076660156,56.24254,154.68544
277.52020263671875,36.538795471191406,54.924774,156.11095
281.5771312713623,38.53533935546875,52.194828,154.75708
283.20702743530273,38.628379821777344,53.778297,153.89915
284.906795501709,38.46038055419922,53.254982,153.10143
287.5344352722168,38.98426818847656,47.96421,153.58658
291.6724090576172,41.88080596923828,48.708313,151.3077
293.8355884552002,38.76387023925781,52.758633,153.3547
294.56236457824707,38.59358215332031,51.165646,150.74637
296.08474922180176,36.286155700683594,56.097897,153.20692
296.5545654296875,37.5299072265625,52.96158,151.71368
296.7547016143799,36.343223571777344,54.381954,153.44044
296.49642753601074,36.513221740722656,55.294743,154.23003
299.65220832824707,35.66505432128906,53.09805,155.28699
300.380069732666,37.66956329345703,49.681236,154.08757
300.9703483581543,37.73262023925781,52.7931,153.32712
302.1265621185303,39.519737243652344,52.140797,152.5804
304.5589027404785,40.44048309326172,53.973717,151.4217
304.8920783996582,40.84297180175781,56.75567,149.90814
306.19585609436035,42.03009033203125,55.84553,149.41003
306.5709743499756,43.74064636230469,54.765034,148.45755
307.5769214630127,46.200706481933594,57.368374,146.2499
307.7720890045166,47.15925598144531,58.02644,144.73874
308.32899475097656,47.373573303222656,58.770264,143.50865
305.7669048309326,46.67676544189453,58.95145,143.33693
303.0868492126465,45.673316955566406,63.49189,144.77074
303.8990707397461,42.95307159423828,64.50978,147.31288
304.71640396118164,42.91447448730469,66.20583,147.48007
305.65979385375977,43.30445861816406,68.10076,146.82852
305.9861373901367,41.298545837402344,68.47865,149.1581
306.3135643005371,41.358245849609375,67.80332,148.7612
306.8001823425293,40.48224639892578,66.42066,150.23323
304.2388229370117,42.142738342285156,66.24779,148.11989
315.30726432800293,39.448631286621094,56.566624,152.2545
315.66122245788574,39.80846405029297,55.156498,153.41777
316.5694580078125,40.36412811279297,53.72931,154.21236
317.2381134033203,41.04578399658203,53.786774,154.70558
316.9083137512207,41.959800720214844,54.58895,153.19563
318.07460021972656,43.333717346191406,54.014008,152.69319
318.0469398498535,46.78277587890625,55.40786,149.67508
317.2580966949463,50.121315002441406,58.500927,146.64818
316.9862003326416,30.397903442382812,63.09837,167.68762
316.2929382324219,10.999069213867188,68.47891,186.51407
318.8265037536621,19.603599548339844,69.39744,177.86324
320.93360137939453,7.574562072753906,76.1508,190.14207
322.586727142334,9.590950012207031,72.35456,188.42027
324.36692810058594,11.750144958496094,73.276276,184.97652
325.8753433227539,11.758110046386719,71.58891,184.61415
328.4770393371582,10.927543640136719,71.422874,183.92
328.66083908081055,19.207809448242188,71.49445,176.62051
328.5549964904785,13.814140319824219,74.80703,181.10902
329.65243911743164,15.261032104492188,73.94433,178.1789
329.63368225097656,15.349037170410156,75.768524,179.09334
330.8660888671875,17.45410919189453,74.4097,177.99025
335.58384704589844,17.53314208984375,67.04108,178.93591
340.2939281463623,17.767074584960938,60.63712,178.19843
339.13433265686035,13.708961486816406,58.94566,181.27843
341.71727752685547,18.376144409179688,58.6718,176.78867
336.6972179412842,13.526176452636719,63.059544,179.95354
342.55908012390137,12.980743408203125,55.919193,177.99194
346.3783645629883,58.20313262939453,50.753464,134.54494
347.2052364349365,57.584068298339844,53.452442,132.34953
348.6950874328613,58.01387023925781,52.79177,131.00046
348.8887825012207,55.323448181152344,52.916832,131.86482
351.30101776123047,52.301658630371094,52.494003,133.72987
351.94126892089844,49.56690216064453,49.8407,136.26634
353.9698314666748,45.71141052246094,52.90488,137.53256
353.6828308105469,42.6748046875,53.809113,141.1777
355.26694107055664,39.36491394042969,51.313408,141.6463
355.6855297088623,36.8450927734375,52.452976,142.6235
353.6917724609375,33.91575622558594,52.3797,143.7493
354.32140350341797,32.29460144042969,51.915207,144.4148
355.15784072875977,29.77001953125,50.533012,144.18494
355.080020904541,27.483543395996094,51.907646,144.12868
355.85175704956055,25.9227294921875,50.77186,144.74805
358.2562503814697,25.128509521484375,48.429943,144.29868
359.2491931915283,23.6998291015625,47.41177,145.17813
358.5744209289551,22.455360412597656,47.976707,146.6202
359.1624584197998,21.689300537109375,46.991123,145.7355
360.41283226013184,21.34991455078125,46.37743,144.96936
361.3152542114258,22.797203063964844,45.34517,142.79732
360.7577018737793,22.9083251953125,46.700172,142.67932
359.8692283630371,23.340118408203125,45.76258,142.33322
360.1448554992676,24.660263061523438,47.031578,141.84052
357.87572479248047,24.267257690429688,47.545334,142.32309
357.72803497314453,24.71611785888672,47.94966,143.11299
359.2266426086426,24.73822021484375,48.882866,143.22458
356.8622245788574,24.153724670410156,50.099373,144.64784
358.51001739501953,25.06634521484375,48.005844,144.84567
357.42603302001953,26.261306762695312,47.14766,144.48239
357.26026344299316,27.74506378173828,50.70921,142.30052
357.5413703918457,25.326324462890625,48.697716,147.09369
356.9605407714844,22.77454376220703,50.230072,149.82323
355.6700687408447,23.046653747558594,52.348705,150.23976
354.8613815307617,23.301498413085938,53.75093,151.37088
358.8746967315674,30.799972534179688,49.352596,143.66098
356.4567756652832,19.601638793945312,52.72695,155.52267
358.9431495666504,24.038429260253906,51.0772,150.50365
358.74915313720703,34.70600128173828,50.061447,139.3124
357.4814147949219,35.08357238769531,48.277283,138.59384
356.47707176208496,34.4588623046875,49.20348,137.8552
354.024471282959,35.17597198486328,51.82215,138.03627
357.5771961212158,36.20616912841797,45.695705,138.14073
359.6127243041992,38.30079650878906,44.163193,135.61105
359.4291229248047,40.186363220214844,43.66278,133.39403
360.3432865142822,39.25489807128906,41.682995,133.77817
361.14155769348145,38.372230529785156,40.65698,133.28676
360.52399253845215,40.47282409667969,41.490925,133.61224
358.69055366516113,39.98674774169922,42.199673,133.14662
358.9397602081299,40.92626953125,43.08154,131.58026
359.4590587615967,40.155548095703125,41.41434,131.56125
358.014461517334,41.802101135253906,42.695503,132.24403
357.4640712738037,42.33136749267578,42.599842,130.7039
357.76618003845215,42.33714294433594,42.57485,130.67874
356.34692001342773,42.79974365234375,43.381783,130.90906
357.37596702575684,43.19605255126953,43.22289,130.30952
359.0712661743164,43.76161193847656,41.29033,130.35681
358.5365180969238,43.902976989746094,40.3684,130.13503
356.42842864990234,43.14569091796875,40.9478,130.27362
357.2423038482666,43.30760192871094,40.57426,129.76843
354.2973918914795,43.10967254638672,41.60529,130.52733
355.14182472229004,42.97428894042969,39.189373,130.53842
353.6821346282959,43.61720275878906,38.994007,130.3003
352.06554222106934,43.67078399658203,39.44707,129.78755
350.74481773376465,44.2105712890625,39.331226,128.59067
349.29148292541504,42.33203887939453,40.332623,129.27611
348.7238521575928,42.44640350341797,40.15627,129.701
346.46096992492676,43.09544372558594,40.162075,128.6951
345.7219657897949,42.525787353515625,40.121864,130.28064
345.66431427001953,43.181976318359375,40.63356,129.35748
343.3209762573242,43.397178649902344,42.2538,129.23177
344.1233596801758,41.940643310546875,41.800735,129.26523
340.729398727417,42.1431884765625,43.197147,128.63812
339.8780937194824,41.02873992919922,45.22477,129.22554
339.10365867614746,40.79035186767578,43.706593,127.53276
338.0611171722412,40.511817932128906,44.74782,127.21135
333.1107978820801,38.49672317504883,46.735832,127.92736
329.97618865966797,39.60515594482422,47.996536,126.75453
326.5499572753906,38.19678497314453,49.960938,127.31151
328.1808452606201,36.768680572509766,45.692356,127.06838
326.20854568481445,36.44245529174805,45.5895,127.2002
324.85767555236816,35.2191276550293,45.527386,126.93128
323.1417694091797,34.35688781738281,45.30905,127.000244
321.59478187561035,33.990501403808594,45.235027,126.87169
322.0614242553711,34.073360443115234,42.692825,126.28834
318.72307205200195,35.484779357910156,44.11962,125.58763
318.9184379577637,35.698970794677734,43.658333,125.356514
317.1208152770996,35.34169006347656,44.395943,125.598694
316.2647953033447,34.90484619140625,43.55885,126.03528
314.70215797424316,35.67998504638672,43.96867,125.64534
309.73485565185547,35.86006164550781,46.511734,124.94409
309.76184463500977,36.40164566040039,48.013725,125.62203
308.82209396362305,36.03140640258789,44.659737,122.560326
307.4276924133301,36.45090103149414,43.9096,124.170494
305.8657932281494,36.437808990478516,44.95924,124.14361
302.87667655944824,36.526702880859375,45.013767,124.02417
304.11797523498535,36.8519401550293,44.455944,124.17454
301.91220474243164,36.903507232666016,45.83776,123.10522
300.0428218841553,37.539615631103516,43.643696,123.325615
301.3479423522949,36.55318069458008,42.9513,123.912285
299.40699195861816,37.262489318847656,42.869366,123.867905
299.4196491241455,37.44428253173828,40.514034,124.03166
296.6408882141113,38.30435562133789,40.29287,123.264854
296.5901908874512,37.87727355957031,40.037605,124.288086
296.47455406188965,39.368255615234375,39.503925,122.530914
293.08222579956055,39.976993560791016,41.169655,124.32894
292.0868167877197,41.48292922973633,40.899242,123.29955
290.89632415771484,42.29320526123047,41.67354,122.44798
289.12758445739746,43.101627349853516,41.070454,122.780205
288.40197944641113,44.31511306762695,39.968594,121.973595
285.77747344970703,45.85493087768555,40.569717,121.09278
284.7421569824219,46.89111328125,40.51065,121.84656
283.0676326751709,47.13033676147461,41.497334,121.9773
280.63000869750977,45.15869903564453,43.519035,125.12456
277.691349029541,45.102806091308594,45.935112,124.754715
277.4336566925049,41.548072814941406,47.874752,129.72215
278.1570644378662,46.388641357421875,47.757557,125.424225
276.8741970062256,42.48644256591797,48.53185,129.8336
277.07493019104004,48.01540756225586,50.03999,125.38462
275.70611572265625,48.692771911621094,45.670227,124.747116
274.9674415588379,51.29787826538086,45.89138,123.15287
276.8354187011719,53.814186096191406,44.492035,121.1176
276.2562961578369,55.78321838378906,43.892864,119.14923
276.295690536499,57.90213394165039,41.838093,116.03036
275.5402202606201,60.30093002319336,42.43262,113.69413
275.80006408691406,61.99175262451172,41.697113,112.73421
275.94467544555664,63.17875671386719,42.50039,111.79819
274.8252754211426,63.011165618896484,42.593163,112.8693
275.02990531921387,63.41386032104492,41.851933,112.51762
274.9050064086914,61.01801300048828,41.663345,113.56108
275.8151912689209,60.88218688964844,40.170338,112.90021
277.76227378845215,59.3924446105957,38.728626,112.98104
277.83378982543945,59.60132598876953,37.9797,113.828995
279.5349311828613,59.1072883605957,36.676353,113.41924
281.0185489654541,57.93128204345703,35.966595,114.67659
280.88036155700684,56.40483856201172,36.318714,117.119644
281.22703742980957,56.18035125732422,36.31445,116.734634
281.20165061950684,55.698760986328125,37.522053,116.93948
279.2726535797119,55.755592346191406,39.676067,117.94783
279.24053955078125,55.75553512573242,41.032135,116.09019
278.4502754211426,55.68629455566406,43.353294,114.9534
279.9020652770996,56.03388595581055,43.05854,115.99232
283.99940299987793,55.24860382080078,42.08417,115.23854
283.49961853027344,56.17786407470703,43.553864,115.832016
287.46006774902344,56.14078140258789,42.37256,115.376274
291.51385498046875,56.648075103759766,40.548035,114.226616
293.61842346191406,58.75101852416992,40.346985,113.45835
298.0436363220215,57.682369232177734,37.041084,112.99125
301.3612689971924,56.937198638916016,34.383114,113.40365
300.49938774108887,55.96217346191406,37.05512,114.719604
305.44015884399414,56.43344497680664,33.375816,113.27129
306.13587951660156,55.497928619384766,35.14328,113.73022
307.29833793640137,55.49985885620117,35.11829,112.9246
311.7047939300537,55.031185150146484,32.395863,114.069466
310.3961124420166,54.87836456298828,36.14253,115.56819
315.1113739013672,54.63313674926758,33.84491,116.03582
315.1569080352783,54.60580825805664,35.05395,115.69619
316.280912399292,56.020530700683594,35.691624,115.685684
317.5459785461426,55.87593460083008,36.23873,114.52337
316.9977397918701,54.89009094238281,38.32401,114.53946
318.0783805847168,55.11491775512695,40.46354,114.4905
318.8118476867676,55.07588195800781,43.31112,114.49838
321.5459098815918,54.53940963745117,43.998756,115.44605
325.83027839660645,56.53011703491211,41.497738,114.38703
329.5521469116211,57.46330642700195,38.84099,114.186424
329.9631938934326,57.11441421508789,41.903996,113.60824
329.67586517333984,51.054054260253906,42.225082,120.486465
331.9816017150879,47.22608184814453,41.82943,123.722305
330.54244232177734,34.26770782470703,42.659653,136.98268
329.8236560821533,32.54845428466797,45.784756,138.72325
329.1233501434326,35.367225646972656,44.63544,135.80095
331.19724464416504,55.509796142578125,42.06605,115.87317
333.33644104003906,61.017723083496094,40.234802,110.89845
335.8554744720459,59.75972366333008,38.627552,113.1675
336.2120838165283,59.04027557373047,38.189785,112.03148
340.92564582824707,59.0379753112793,35.6759,111.68647
341.69332695007324,59.7221794128418,34.655613,110.76179
342.8618583679199,59.78521728515625,34.258797,111.853455
344.3871326446533,61.529083251953125,33.24954,109.92355
344.3192768096924,62.34120178222656,36.594814,108.55188
345.6500434875488,61.84929656982422,36.414177,108.53047
347.38840675354004,60.484779357910156,37.605755,110.49599
348.3102149963379,62.06299591064453,37.25698,109.900955
350.2515449523926,63.4964714050293,37.127434,107.628914
351.66969871520996,62.052101135253906,38.126667,108.64406
353.09449577331543,61.190399169921875,37.61121,109.16986
353.30456924438477,60.80372619628906,38.597466,109.614655
357.39431953430176,60.079376220703125,40.411648,109.9812
358.31016731262207,60.62496566772461,42.17828,110.73942
363.83462715148926,61.524803161621094,40.230953,110.22984
368.4351119995117,60.87898254394531,37.553543,110.19354
370.1736812591553,63.26691818237305,42.426502,107.933235
372.5870838165283,62.22211837768555,41.483883,109.679634
370.8550453186035,62.259822845458984,44.30111,110.20368
375.7165775299072,61.947628021240234,38.95756,108.78834
379.9881896972656,62.28402328491211,40.222046,108.61207
378.90363121032715,63.78230667114258,41.80132,107.91238
385.97511100769043,62.260597229003906,37.45142,108.13136
388.4154987335205,62.42839431762695,37.78622,107.66769
388.7535934448242,63.3803596496582,39.17256,110.36776
392.46380615234375,62.353946685791016,38.859894,110.0003
393.11844635009766,63.78355407714844,36.775375,108.68283
393.72734451293945,63.828895568847656,37.45101,108.18068
396.7446804046631,63.09438705444336,34.365345,108.724495
395.52087593078613,63.22858810424805,37.57327,107.94251
396.40210342407227,62.28370666503906,38.141045,107.96222
396.1239986419678,62.62068176269531,43.180286,108.12277
393.7534866333008,62.81581115722656,46.10533,108.59717
395.2334747314453,62.94160079956055,44.883698,108.26682
393.0107898712158,64.21086120605469,46.11172,108.61255
393.4932155609131,65.05340957641602,44.20635,107.608055
393.73958587646484,65.89207077026367,43.10237,108.011024
393.9945011138916,65.65618896484375,41.364117,107.84079
391.280029296875,65.72869873046875,41.233032,107.1879
388.35593605041504,66.57089233398438,44.012188,106.88934
385.5310001373291,67.50856018066406,45.70637,106.98468
392.98999404907227,67.36531829833984,35.694878,107.00749
389.91148948669434,69.41887283325195,38.538563,106.400566
387.1891059875488,71.16860580444336,39.569878,105.62049
386.1101016998291,72.20750045776367,40.545055,107.43485
385.52074432373047,73.60649871826172,41.734665,106.66966
385.51453018188477,76.51254653930664,40.720665,106.717
386.12332916259766,78.03934860229492,41.904343,106.907875
387.5728874206543,81.07032775878906,40.605507,105.99478
388.85634422302246,82.80031967163086,39.484333,106.32429
389.7083740234375,84.97134399414062,37.19037,105.77936
389.0454330444336,86.42878723144531,36.94258,105.79474
388.85854148864746,87.3967056274414,37.777515,105.821396
388.3128261566162,87.90911865234375,38.223103,106.33765
385.08457946777344,89.5306510925293,39.325226,105.85105
384.2886905670166,91.68505859375,40.090405,104.97687
385.43961906433105,93.44014358520508,38.076206,105.20504
384.33996391296387,95.06852340698242,38.759434,104.76389
384.4208164215088,96.0784912109375,39.577282,104.15527
382.24621963500977,96.77301025390625,39.208458,104.27878
383.72825050354004,98.1689567565918,39.580853,104.82163
382.59600830078125,98.08132553100586,39.085358,105.0456
382.67960357666016,99.58391189575195,38.409836,105.56069
383.8495349884033,100.84679794311523,38.58749,104.555305
381.1192035675049,101.3472785949707,40.01913,104.978966
380.06945991516113,102.25296020507812,40.75616,103.69833
383.06173515319824,102.78452682495117,37.82654,103.45158
381.3279266357422,103.77705001831055,39.90982,102.50764
384.75703620910645,104.23031616210938,37.244167,102.838806
387.10425758361816,104.97758865356445,35.432323,102.33184
387.66272926330566,106.11215209960938,35.78709,101.41913
388.3692569732666,106.66179275512695,35.22871,101.162834
388.4107189178467,108.46943664550781,36.20618,100.89514
390.14179039001465,108.78800582885742,35.183216,100.51954
389.68846130371094,109.62845993041992,36.362244,99.6804
388.6779594421387,111.90290832519531,36.730415,99.38077
389.5424098968506,111.06023025512695,36.696064,100.07928
389.6310329437256,111.95891571044922,36.819386,100.5645
389.2620735168457,113.49359893798828,36.422478,99.456436
388.8537654876709,114.78756713867188,35.925922,99.88751
387.80273056030273,117.22605895996094,37.146828,98.64899
386.70180320739746,118.74748992919922,38.418873,98.65288
385.29224014282227,120.88381576538086,36.38656,99.01026
384.718786239624,122.75911331176758,37.68761,99.79836
383.1877136230469,124.92895126342773,33.892242,98.588234
381.1676330566406,127.06929779052734,37.625824,99.8134
379.84813117980957,129.16637802124023,38.30276,98.951
379.2874050140381,133.04638290405273,35.842,97.61616
379.0800323486328,135.14707946777344,36.510986,97.69949
382.9337577819824,139.0969696044922,34.817238,94.63266
381.50183486938477,140.66261672973633,36.052513,94.100365
379.7509231567383,141.98040771484375,35.314148,94.29895
378.94742584228516,142.29362106323242,36.18515,93.98121
377.67712593078613,143.0191650390625,37.260967,93.591156
376.16760444641113,142.68130493164062,37.88682,94.84244
372.8284320831299,143.72895431518555,35.614117,93.56278
370.686559677124,142.7083396911621,39.46036,94.97358
368.9908790588379,142.1393165588379,39.85096,96.09075
366.65550231933594,142.21697616577148,39.738358,96.157265
362.8501510620117,143.8278350830078,41.49579,94.996796
360.7653045654297,143.66265869140625,46.05873,95.91614
360.07172775268555,143.29519271850586,47.753777,96.43311
364.94590950012207,143.66889572143555,42.02641,97.24433
365.33175468444824,142.32741928100586,41.167133,97.89384
364.19855308532715,142.6471405029297,40.59998,96.950745
362.7153015136719,140.99930953979492,43.935074,96.98225
362.00545501708984,141.08597564697266,41.965668,97.81267
360.66918182373047,139.4964141845703,43.645172,100.63324
359.8000316619873,135.5223274230957,48.96349,103.2329
359.40648078918457,131.50116729736328,56.799023,105.5475
359.48412132263184,128.0563201904297,48.335056,107.41803
358.8155097961426,129.66227340698242,50.219612,107.807014
356.6501770019531,126.66941833496094,51.133865,110.78415
355.25756454467773,123.53156280517578,53.96322,114.20531
355.1582832336426,126.79400253295898,51.96714,110.87336
355.9595718383789,127.09636688232422,50.618134,111.79921
359.61398696899414,127.91700744628906,48.6052,111.88928
358.9254379272461,124.45760345458984,51.99646,117.46791
361.67629623413086,128.39972305297852,50.69964,113.89724
359.4777584075928,127.75006484985352,51.02283,117.83431
361.7877712249756,126.57458114624023,49.313175,118.851204
363.61784172058105,129.11279678344727,49.02077,118.52114
360.78107833862305,125.78287506103516,52.089317,124.463394
364.9354763031006,132.66403579711914,50.191624,118.33663
363.72163009643555,133.62788009643555,49.35424,121.29362
366.25341415405273,132.90753555297852,48.65145,122.69549
369.44872856140137,135.43044662475586,47.586353,121.51121
367.9634437561035,136.1802635192871,52.53431,122.4473
368.47938346862793,137.33580780029297,52.980824,122.68443
370.9194164276123,135.74911880493164,54.039967,123.94817
370.78794860839844,135.23719787597656,54.4709,124.93161
372.4942855834961,135.58839416503906,54.788452,125.460236
372.9517192840576,135.86062240600586,56.858784,125.465065
373.90905570983887,136.03862380981445,56.847218,126.12838
375.13340950012207,135.29772186279297,56.569775,126.52214
376.64208984375,134.01191329956055,52.847244,126.541695
378.7976531982422,133.32625198364258,50.522446,126.034294
378.538272857666,131.4221954345703,52.889565,127.26907
380.5607051849365,132.2249870300293,52.741886,127.2136
382.60814476013184,132.79969787597656,53.532505,129.18637
381.1502094268799,131.3985137939453,54.52763,130.51395
384.75769996643066,129.808837890625,54.841488,133.0242
383.46378326416016,129.20519256591797,58.536133,134.96822
387.316125869751,128.5760955810547,59.35174,136.92566
387.3189353942871,127.14997863769531,59.409386,139.72409
387.8877258300781,125.90113830566406,61.091965,141.66168
390.22093200683594,123.3525619506836,64.26936,143.385
393.2155075073242,121.12294006347656,60.2016,146.68405
393.18832778930664,121.40324401855469,62.366585,148.05078
394.70532417297363,122.52589416503906,63.176006,149.39334
396.252254486084,124.06077575683594,61.116875,150.5744
397.26469802856445,123.59226989746094,60.725075,150.64621
397.4109363555908,122.754150390625,59.340343,151.20914
396.5370273590088,122.52455139160156,59.220455,152.88055
396.6398181915283,120.650634765625,57.69865,154.10193
396.51769065856934,118.54368591308594,58.4809,155.32797
395.3396739959717,116.96272277832031,58.969074,158.05292
394.8154182434082,116.50345611572266,62.9,159.234
394.1536674499512,114.18162536621094,64.161,160.68674
392.25242042541504,115.0821762084961,61.486294,161.37563
392.6927947998047,113.29457092285156,63.256393,163.51865
392.8367176055908,113.33514404296875,61.419994,165.04944
390.96065521240234,113.74292755126953,65.91922,166.91518
393.00398445129395,110.56884765625,60.63487,168.79834
391.2975044250488,109.40975952148438,59.54618,169.6908
393.1045722961426,105.67972564697266,60.15116,171.84377
395.9181365966797,105.0315933227539,60.13701,171.88448
396.31635093688965,106.12525939941406,62.67368,173.65701
395.5412006378174,109.41427612304688,63.24931,171.83047
395.5999565124512,109.0767822265625,64.18142,171.79199
395.89306640625,110.62653350830078,64.98744,172.30556
394.1094093322754,109.93722534179688,65.53379,172.53476
394.3555145263672,109.42304992675781,68.08177,172.59839
396.25487518310547,106.35311126708984,66.42578,173.90471
394.6494445800781,105.32933807373047,68.65608,174.80717
395.228214263916,103.78532409667969,72.24244,175.78476
392.8827590942383,104.52862548828125,71.35278,176.61627
393.3676338195801,105.64876556396484,73.443214,177.09752
393.14256286621094,106.97991943359375,73.7448,178.55197
393.1564636230469,107.906494140625,72.00813,179.1828
394.41529846191406,108.08417510986328,72.456985,179.8614
400.06281661987305,109.57099151611328,68.14629,177.97954
402.01208877563477,112.11506652832031,66.41831,177.16577
403.24951553344727,113.11422729492188,67.27369,174.36743
407.7654037475586,116.06303405761719,62.60849,173.15332
407.56365966796875,114.57664489746094,67.327774,173.65564
407.21129989624023,116.43836975097656,66.276665,174.16159
409.40539169311523,117.54216003417969,68.20785,174.14496
411.0430564880371,116.21651458740234,68.55227,175.02296
414.2203063964844,116.14311981201172,67.408585,175.494
411.99675369262695,115.34654998779297,70.729195,175.94579
412.71219635009766,112.84296417236328,70.06491,176.44472
415.8812141418457,109.4791030883789,65.85508,176.02135
417.1411590576172,104.75688171386719,65.35011,176.80347
415.6387825012207,102.58650207519531,68.67887,175.43192
416.30306243896484,99.34773254394531,70.52188,175.94437
413.9608573913574,99.9547119140625,69.71914,176.23718
412.3421058654785,100.95233154296875,69.48893,175.53555
416.9847297668457,102.18401336669922,66.368385,177.01082
413.06125259399414,105.18700408935547,70.4676,177.1887
415.6366157531738,105.50044250488281,70.02378,177.40106
413.4486198425293,108.14212799072266,71.040245,177.63219
410.37229919433594,109.5445785522461,71.82213,178.0171
413.7330093383789,111.43038940429688,73.81647,177.70593
410.02217864990234,115.31085968017578,74.62637,178.25807
411.1870002746582,115.9801254272461,73.60151,178.72176
410.27205657958984,116.59669494628906,72.99484,177.82309
408.0225601196289,117.64871215820312,74.645386,177.0698
413.6249313354492,120.0098876953125,70.333984,176.38724
406.2152633666992,121.04053497314453,77.60504,176.66136
411.45101165771484,122.61125946044922,68.68948,176.15077
409.3914260864258,123.40690612792969,72.7941,174.44269
409.9506530761719,124.70511627197266,73.36638,174.07155
408.0329055786133,124.5762710571289,78.18585,174.30367
411.0488815307617,123.88509368896484,76.19153,174.78737
410.71766662597656,124.49674224853516,77.68944,176.03273
413.84326553344727,124.93183135986328,74.34022,174.79353
415.9042167663574,123.8082504272461,68.84286,175.88072
416.3447570800781,124.21054077148438,70.40044,175.49078
416.94164276123047,124.0710220336914,68.62012,175.30309
418.1173858642578,123.17816162109375,68.798904,175.99152
418.4092826843262,123.7574691772461,70.01272,176.36266
419.9466552734375,123.6148910522461,68.28029,175.19786
419.79051208496094,124.2968521118164,70.91292,175.62422
420.932430267334,124.95317840576172,74.69326,176.87883
424.2678337097168,125.50591278076172,79.289665,178.0974
424.08569717407227,125.20692443847656,74.73725,179.3335
424.54898834228516,126.58373260498047,79.78934,178.20647
423.7767639160156,127.81802368164062,75.951614,173.89151
424.76303482055664,128.7471923828125,80.128456,173.49405
423.9386787414551,128.12774658203125,78.2447,174.37494
421.6248321533203,129.07823181152344,85.05611,175.04144
423.8957328796387,128.08399200439453,82.3738,173.3943
423.8690490722656,131.5110855102539,78.80138,173.06099
425.3895950317383,129.4168472290039,77.78299,173.04005
426.21367263793945,129.8970947265625,76.40763,174.83557
423.4262275695801,129.9361801147461,74.73545,174.56468
423.18663024902344,130.14641571044922,66.72777,173.47209
421.9063949584961,132.7637481689453,72.12048,171.89944
419.0049629211426,131.7054214477539,76.1641,173.66261
416.5031204223633,129.98892974853516,77.84308,173.03203
414.94272232055664,128.84142303466797,67.99897,172.64003
414.4169807434082,129.4748306274414,63.139473,171.70451
413.4828300476074,127.37212371826172,60.074913,173.83607
407.8820991516113,123.93761444091797,69.450264,175.83351
407.1943130493164,122.23421478271484,66.3801,173.54
405.8768424987793,120.43075561523438,69.29305,173.44476
402.86771392822266,120.34481811523438,66.16864,170.17603
400.35792541503906,113.69303131103516,69.470535,174.09914
399.3652038574219,111.800537109375,64.083145,173.51794
396.6273765563965,108.8559799194336,67.043785,174.19398
395.76015853881836,108.17969512939453,66.25005,172.57698
395.7225532531738,104.02163696289062,67.111336,175.76343
395.9516906738281,101.47820281982422,71.168045,174.2928
396.5109672546387,99.46268463134766,69.364586,173.08827
398.84171295166016,96.94791412353516,74.772,172.65016
399.7773971557617,94.95996856689453,70.910736,173.7512
411.69689178466797,92.96227264404297,59.190247,172.9757
410.2357711791992,91.2742691040039,57.886932,173.91707
408.04271507263184,89.89825439453125,63.09717,173.82086
411.41552734375,89.14884948730469,66.834915,172.9353
410.9972686767578,89.57685089111328,73.593185,173.54396
414.7259941101074,89.43353271484375,59.994957,170.42444
413.26808166503906,86.92522430419922,65.42851,171.40257
411.58350372314453,88.4794692993164,65.7504,169.63286
411.0993194580078,86.93255615234375,70.511246,170.30502
411.6765556335449,86.12095642089844,61.539085,168.85004
411.83144760131836,85.61333465576172,68.90041,169.44853
412.2169532775879,85.80502319335938,64.88975,168.04672
412.186710357666,84.08439636230469,65.206825,170.6117
412.31135177612305,84.7294692993164,64.66064,169.5996
412.8696975708008,83.18647766113281,67.98236,168.89905
412.1719512939453,82.78351593017578,69.62392,169.86836
413.3455638885498,80.82220458984375,63.489063,169.18698
413.7501907348633,79.23384857177734,61.901367,171.85454
414.1849822998047,78.75374603271484,65.79747,172.45876
414.24679946899414,78.47026824951172,66.76005,172.66661
416.207088470459,78.61272430419922,68.89678,172.09294
416.71256256103516,78.52079010009766,73.45218,172.77702
415.67031478881836,79.1531753540039,66.93798,170.69862
419.20951080322266,76.46727752685547,66.13135,172.7361
418.963680267334,79.88272094726562,69.4681,169.26462
418.55552101135254,80.72804260253906,63.35455,169.267
420.87900733947754,81.88800811767578,60.810238,170.24474
421.96981048583984,82.58305358886719,60.453613,170.22739
419.92911529541016,84.68345642089844,63.949768,169.6077
418.9764919281006,87.88011169433594,63.47559,168.04465
419.4779281616211,87.4729232788086,62.878937,167.63448
421.02037811279297,91.23555755615234,58.60266,166.44069
423.5851306915283,90.9828872680664,57.2281,168.09474
421.99015045166016,90.83515167236328,57.036285,168.36992
424.37154960632324,92.1707763671875,56.551655,168.1619
422.37937355041504,93.5133056640625,59.69357,167.34955
421.93579864501953,95.48628234863281,59.35556,167.2493
423.35232734680176,96.61793518066406,60.053143,167.62915
426.0256862640381,100.611572265625,56.610416,166.10492
425.5235786437988,102.23251342773438,56.080452,166.07593
424.1249408721924,106.39799499511719,55.3025,166.20816
425.44548416137695,108.52178192138672,56.12876,166.70515
420.19345474243164,110.67930603027344,59.212868,165.99088
425.1296043395996,112.86260223388672,57.37307,166.67924
421.6378917694092,114.0622787475586,58.916676,167.70781
419.2635021209717,117.471923828125,58.50527,166.95847
420.50751876831055,119.55961608886719,56.637383,166.35516
417.45922088623047,121.04722595214844,58.63614,168.01743
419.41565895080566,122.50531005859375,57.276516,168.0651
416.3317527770996,125.3456039428711,58.246788,167.78462
416.6089725494385,130.28546905517578,58.47024,166.46922
415.12080001831055,129.58885955810547,65.406456,170.45122
414.4076957702637,131.6408920288086,70.66155,170.6645
413.3471908569336,131.66017150878906,62.069122,169.5127
418.1758499145508,133.37700653076172,58.115417,169.35762
411.3742141723633,132.88177490234375,66.228,169.15579
417.355167388916,134.16641998291016,63.44715,168.0536
416.14784240722656,134.64156341552734,71.20491,168.78484
415.2055034637451,134.43973541259766,62.56368,168.30724
417.33420753479004,135.19336700439453,60.729794,168.9829
415.5919876098633,131.76136779785156,66.164856,171.52014
414.9862594604492,133.17510986328125,66.33896,170.91876
416.6282730102539,134.60665893554688,63.26773,168.6629
418.6628227233887,134.9029541015625,64.74236,168.35602
415.24002838134766,134.6991424560547,65.82214,169.39859
414.5808296203613,134.68773651123047,70.867744,170.13887
412.1659164428711,134.1996307373047,77.55759,169.70078
413.71622467041016,134.05677795410156,67.34012,169.46844
417.99217224121094,136.78466796875,59.825943,168.5697
419.00676918029785,136.46250915527344,63.40814,168.67819
414.2753372192383,136.27064514160156,62.98889,172.19302
417.4722900390625,136.38228607177734,68.99782,169.20802
418.34952545166016,135.51732635498047,73.33264,170.25081
418.08384704589844,135.6949462890625,77.16075,170.9617
415.28954696655273,134.35179138183594,81.181114,169.71246
415.8642158508301,133.50550842285156,74.41459,170.56769
415.8599662780762,133.04685974121094,67.62682,171.23108
418.27811431884766,131.21752166748047,67.19556,170.59013
416.42126083374023,130.68531036376953,64.3023,171.50362
416.46277236938477,133.64149475097656,65.11668,168.81079
418.12981033325195,132.69886016845703,68.55738,169.70436
416.35571670532227,131.92134857177734,64.01609,170.74605
419.9229164123535,131.70641326904297,65.757545,170.8304
416.43285751342773,131.1317138671875,67.850945,171.48083
417.1845817565918,131.5846176147461,64.32583,170.73119
415.6644458770752,132.88302612304688,62.039837,169.63226
417.36509704589844,132.1006851196289,62.78334,169.47221
417.3259620666504,134.2352523803711,59.38685,167.20604
417.5236225128174,132.9382553100586,54.54649,169.07277
417.8942680358887,134.0832061767578,52.540947,165.79883
415.0879325866699,132.97509002685547,53.753136,167.83974
416.2073459625244,133.66908264160156,56.96612,166.08731
413.1720657348633,132.4394073486328,58.637604,167.19025
413.69114875793457,131.62493896484375,55.4326,166.74371
410.15596199035645,131.81607055664062,56.88667,166.59009
408.8430404663086,131.8408203125,56.14612,167.39752
409.1910228729248,130.9384307861328,56.7885,167.06735
407.5192565917969,133.01695251464844,59.187668,165.58664
408.2017078399658,131.60253143310547,59.476086,166.9911
409.3020477294922,131.5243911743164,59.710587,166.64757
406.22992515563965,131.45072174072266,61.686924,167.08781
405.898229598999,126.4815673828125,63.109745,172.70447
404.6573486328125,118.06196594238281,64.889694,181.57092
402.4933090209961,116.97422790527344,70.155304,184.88959
401.9768257141113,107.6093978881836,74.56022,196.79005
400.06463623046875,96.61459350585938,83.14052,206.9176
397.6103057861328,75.73904418945312,91.622604,229.21509
398.52233123779297,60.69486999511719,94.298615,245.0729
395.7041931152344,64.64923095703125,97.55812,241.99762
395.1616668701172,65.1831283569336,97.16435,238.56233
395.86556243896484,64.2996826171875,94.060394,240.88428
390.0275077819824,65.27967071533203,99.50768,241.27507
390.6138496398926,66.80777740478516,101.47556,240.90092
388.3912239074707,66.75756072998047,100.223976,240.40877
391.4304656982422,67.48137664794922,96.42503,241.89851
392.05621337890625,68.12338256835938,96.28969,239.46704
391.92329025268555,69.23054504394531,95.25707,238.61465
392.70265197753906,71.04940795898438,92.73784,239.34143
392.1164855957031,71.24898529052734,94.97084,234.62654
390.5690002441406,72.55064392089844,93.38246,239.16068
387.57846450805664,72.54027557373047,100.79328,232.75948
386.3289108276367,73.77278900146484,97.58273,236.63478
386.87640380859375,76.81236267089844,98.40706,233.24594
387.7093849182129,80.43584442138672,98.458626,224.93556
392.79195404052734,104.66657257080078,88.729095,207.29643
398.85587310791016,124.57982635498047,87.67383,180.59969
402.5510025024414,137.0262222290039,74.123535,167.23131
404.79285049438477,134.66185760498047,74.76057,168.28105
397.8640594482422,128.79027557373047,84.63023,175.82841
400.108829498291,136.9256362915039,73.01295,167.21864
395.9475784301758,132.37409210205078,78.23563,172.65355
391.9945068359375,116.84479522705078,81.21477,190.47462
395.73687744140625,108.73065185546875,75.2368,196.70114
396.74046325683594,106.62989044189453,72.56557,199.56056
393.56250381469727,110.72113800048828,78.13633,197.90736
394.4672050476074,104.61707305908203,78.23208,200.34486
396.2970390319824,128.97532653808594,75.89968,175.33655
395.1327133178711,127.56478881835938,78.80563,173.16803
394.68957138061523,127.06724548339844,79.72207,173.81131
394.0946731567383,126.3648452758789,80.505005,175.05748
392.70109939575195,124.63753509521484,78.28858,176.64229
393.7845230102539,123.76516723632812,75.598694,178.3074
392.0341682434082,122.30205535888672,78.67017,178.60893
391.2584800720215,120.54704284667969,79.007256,177.59332
391.79848861694336,119.2979965209961,74.91012,176.30055
392.1064453125,119.23741912841797,75.69377,174.45335
394.08669662475586,119.0761947631836,75.21053,174.5598
393.39581298828125,118.0880355834961,75.8499,174.50005
392.65353775024414,117.55313873291016,96.312294,175.36964
390.2232666015625,112.53722381591797,69.817215,178.44298
387.6138000488281,114.8271713256836,74.272354,176.33714
385.1046905517578,114.05471801757812,74.5894,176.71094
383.9085998535156,115.0077133178711,84.475784,173.29195
379.62734603881836,114.11151885986328,88.06707,174.02403
374.703311920166,113.23886108398438,90.57072,172.24573
371.47095489501953,113.38137817382812,91.20322,169.61603
379.0116844177246,112.64623260498047,80.33758,168.88979
378.8780937194824,112.16256713867188,80.27767,171.19852
369.8043212890625,111.5645523071289,86.767654,173.08174
359.6669692993164,110.92225646972656,93.81967,176.65387
355.58080673217773,109.49238586425781,99.72277,173.84406
355.5371208190918,111.0487289428711,92.28823,173.15984
358.03813552856445,110.12433624267578,86.63184,172.7773
360.11266708374023,109.68470764160156,82.75341,173.2237
355.4681930541992,110.98992919921875,88.63736,172.27786
352.01770782470703,115.61348724365234,91.92798,166.75774
352.6565818786621,115.36347198486328,89.50436,168.33278
350.3003845214844,115.71278381347656,87.482376,168.98926
348.4629249572754,112.9097671508789,85.20472,171.22395
345.309139251709,112.69451904296875,85.25475,169.49615
344.0963554382324,111.6331787109375,83.95843,170.07468
345.12207794189453,111.43939208984375,80.5611,169.39767
345.1863021850586,111.6531982421875,79.449615,170.61292
344.28686141967773,113.65767669677734,79.66219,170.27446
345.8690948486328,115.76419067382812,77.75856,169.22025
345.1260299682617,116.28199768066406,79.909454,170.26346
354.9283676147461,118.71525573730469,71.82443,168.09158
358.5447883605957,121.91709899902344,68.83231,167.18063
358.6863212585449,122.63470458984375,69.68276,168.19846
367.2530288696289,124.10531616210938,63.203247,168.10352
368.9222640991211,126.0678939819336,63.850616,167.99522
367.27424240112305,127.0435562133789,66.45516,168.56438
365.7953758239746,127.80565643310547,69.11327,169.36974
366.3298988342285,129.63213348388672,69.99732,169.73677
365.81145095825195,131.56976318359375,70.30747,169.22507
366.4638557434082,133.95716857910156,69.41837,168.98944
365.98219299316406,136.48118591308594,70.38539,169.14383
366.1306457519531,139.10525512695312,70.373245,168.12555
361.9597702026367,140.68924713134766,74.477325,167.78102
363.9503402709961,141.54865264892578,74.03961,167.75298
366.409236907959,144.9951171875,74.909935,165.82162
368.2292671203613,145.62586212158203,73.732765,165.28242
367.6973457336426,146.14894104003906,73.034645,164.68494
368.1418991088867,147.38240814208984,73.55072,164.47054
369.30422592163086,148.9594497680664,74.28875,165.38454
371.95674896240234,149.35132598876953,71.54779,165.57149
374.1167335510254,150.8727035522461,72.2313,165.10536
378.0824737548828,152.17789459228516,70.46083,164.61638
379.35983657836914,153.79281616210938,71.35148,163.17294
381.450138092041,157.31392669677734,72.093575,159.85115
381.31747817993164,160.9925537109375,73.50611,156.09546
383.5466423034668,166.5508270263672,71.80993,150.58496
385.6758460998535,169.0722198486328,72.44407,148.02051
377.09412384033203,173.55162811279297,82.55472,145.02275
384.68650817871094,177.08763885498047,74.81224,140.8144
380.7954444885254,177.80939483642578,78.086006,140.53233
384.37572479248047,178.71092987060547,73.07153,140.66295
383.65520095825195,177.11151885986328,72.392586,141.73183
383.17577743530273,175.94781494140625,71.50103,142.99976
381.79587173461914,173.80367279052734,74.0897,145.01591
376.5932197570801,173.5746078491211,77.14951,146.25084
376.6756401062012,174.87110137939453,76.64712,146.43044
376.9537811279297,173.72008514404297,75.46089,147.43172
375.87112045288086,173.49639129638672,76.428764,151.4092
378.8603935241699,173.72967529296875,75.613396,150.48737
375.89524841308594,172.90628051757812,75.47438,149.96796
379.2619438171387,174.0374298095703,75.40789,147.31787
380.0923957824707,173.6300811767578,74.45344,148.0799
378.9257011413574,174.5855712890625,73.048546,147.22797
379.03184509277344,172.94015502929688,74.228165,147.93658
376.78319931030273,171.31985473632812,79.48043,146.9834
375.48525619506836,172.9787368774414,83.12951,145.66716
374.9300537109375,170.82757568359375,84.21312,144.6672
372.7607650756836,171.7383575439453,81.823456,144.09625
370.2056999206543,169.4586181640625,82.10317,143.16763
370.05735778808594,167.2865753173828,85.60246,142.09277
368.4305229187012,165.66619873046875,87.12188,142.68497
368.42499923706055,162.3936538696289,83.284386,141.30382
368.2253227233887,159.6594009399414,90.43362,141.56422
368.86351013183594,156.1758270263672,81.21742,141.29642
369.58602142333984,153.6110382080078,70.82504,141.483
368.70488357543945,152.97734832763672,69.385506,141.2791
367.1946487426758,148.6239776611328,65.65845,144.02548
339.05757904052734,146.935791015625,90.921906,144.91864
367.2711582183838,143.27284240722656,62.1094,146.1564
368.40180587768555,141.53607177734375,58.226433,145.63727
368.6278247833252,137.10897064208984,58.632122,147.81111
367.62200355529785,135.84302520751953,57.771206,146.73463
366.55206298828125,133.98353576660156,58.65544,145.94904
368.0959815979004,131.95455169677734,60.475655,146.66078
370.6016159057617,133.05176544189453,56.282288,145.85219
376.0318183898926,133.15245056152344,53.210945,143.04172
377.9666576385498,133.29175567626953,48.619892,141.76442
384.5609722137451,134.06597900390625,43.529743,139.22543
391.1814937591553,134.7519073486328,36.779697,135.42102
393.58754539489746,147.27346801757812,36.469456,121.09216
389.40725326538086,150.3708038330078,39.52996,113.76141
388.0330047607422,156.38178634643555,41.88823,106.79359
376.029354095459,155.7752685546875,50.79815,107.32495
377.96640968322754,145.3266830444336,45.2915,116.27452
377.6686420440674,136.02125930786133,32.876568,108.299065
376.1767978668213,133.4456558227539,46.804623,123.506454
374.6059513092041,126.31888580322266,50.643612,133.40062
375.08353996276855,119.03147888183594,50.64919,136.89688
373.3906993865967,117.63798522949219,50.31853,139.94409
371.25310134887695,115.19495391845703,54.884407,139.75838
370.94128227233887,113.18124389648438,58.14461,139.26306
370.0179672241211,113.3888168334961,57.40274,144.67513
369.4420757293701,114.76390838623047,55.170338,142.62599
368.20765113830566,115.8468017578125,54.028378,139.11337
368.33984756469727,118.7699966430664,51.97309,139.73286
367.65645027160645,120.84822082519531,52.086285,136.62894
366.32872200012207,121.7052001953125,52.469982,135.72003
363.61891174316406,120.36575317382812,54.93193,135.52936
362.80492973327637,117.92059326171875,56.42803,140.05435
361.1180992126465,117.49038696289062,56.263115,140.06754
356.42749786376953,117.54110717773438,59.581146,138.69699
355.4913730621338,117.7162857055664,59.1636,139.51888
355.0894584655762,117.85968017578125,57.573204,139.34354
354.1973991394043,118.30415344238281,57.287895,142.1734
352.5304641723633,119.44084167480469,58.148376,142.07516
351.0908832550049,119.26773071289062,59.454235,144.60458
351.162145614624,119.47904205322266,58.811405,143.31502
349.9358329772949,120.70095825195312,58.40618,145.44067
349.95886611938477,123.12965393066406,58.437935,144.3128
349.553991317749,125.53948974609375,57.990635,146.38995
349.46347999572754,126.89746856689453,57.359432,147.23683
351.40113258361816,129.02362823486328,56.590755,146.14998
349.117374420166,130.9165267944336,57.598244,146.4493
349.6999340057373,133.28502655029297,58.983265,143.22316
348.8976306915283,134.84395599365234,58.29353,145.87987
346.5696430206299,137.08745574951172,59.992504,143.5732
346.03832054138184,138.7001190185547,58.21503,142.7662
344.7825927734375,141.1513214111328,59.45543,140.20798
346.41891860961914,145.69654083251953,58.514565,135.61925
345.9155864715576,149.11163330078125,58.048542,135.68097
346.65369606018066,150.72769165039062,57.95538,137.72067
347.1663398742676,151.63411712646484,56.51954,136.59831
347.018741607666,152.49364471435547,55.67585,139.01976
347.7004985809326,154.75157928466797,54.841053,136.83376
345.9531764984131,157.19032287597656,55.528934,135.19016
345.82011222839355,157.24051666259766,57.35613,135.66624
346.4926872253418,158.1290054321289,55.803917,136.7394
345.54947090148926,158.7099151611328,56.233257,136.87057
344.230281829834,159.94185638427734,54.885246,135.3571
344.3554916381836,159.97251892089844,55.29767,136.65088
344.1680088043213,161.81686401367188,52.347164,136.10245
343.73986625671387,161.8394775390625,54.209736,136.2161
342.8512420654297,162.4990692138672,51.91545,138.25983
343.27260971069336,164.4939727783203,51.455467,132.74332
342.28880310058594,161.68831634521484,51.99803,135.19536
341.3128833770752,162.65982818603516,50.89024,134.67766
339.8861961364746,161.17540740966797,50.916435,135.4742
341.1364059448242,162.3043441772461,49.8219,134.58562
340.1619472503662,162.64002990722656,50.099857,134.66797
338.9062919616699,165.12603759765625,48.805626,134.06061
337.32426261901855,163.7989501953125,50.22478,136.24237
336.1690979003906,165.30067443847656,49.965866,137.2792
333.37802505493164,167.86941528320312,50.881752,135.37506
332.10794830322266,168.2825927734375,51.458893,133.22672
329.7586307525635,169.5846939086914,51.03683,134.03801
327.1017894744873,170.262451171875,52.239918,137.38171
325.420316696167,172.34002685546875,52.78493,134.72388
323.5876655578613,172.17800903320312,51.955666,135.24707
322.65902519226074,172.38257598876953,52.06075,133.39854
321.64499855041504,173.32910919189453,50.465023,137.07497
321.4511299133301,176.2774200439453,50.30207,133.79205
318.2023639678955,177.27113342285156,52.15843,134.9621
316.894474029541,178.41468048095703,51.570503,133.90862
314.80077171325684,180.7739715576172,52.21738,134.56549
313.65589141845703,180.29019165039062,51.400726,132.66205
312.34204864501953,181.5107192993164,50.69806,132.9958
309.65853118896484,178.07376861572266,52.09668,136.90492
307.43540382385254,180.77818298339844,51.63278,134.15082
305.0798034667969,182.53826904296875,50.778885,131.38766
303.0973663330078,184.7668228149414,51.29756,129.52937
299.6150779724121,184.79356384277344,52.390984,129.1962
297.14916229248047,182.3411865234375,52.486816,131.51114
294.3831367492676,181.4991226196289,52.025246,130.6924
292.40693855285645,182.33745574951172,50.685925,129.85439
289.77558517456055,182.12609100341797,50.65444,131.30464
288.24571228027344,180.97229766845703,50.76155,132.12825
286.0124454498291,182.14562225341797,50.52142,132.21379
283.62840843200684,182.52066040039062,49.757664,131.80417
280.1321086883545,183.0351791381836,50.5219,132.34447
276.6056079864502,182.7048568725586,51.887005,131.58064
275.2679023742676,183.88410186767578,50.76371,131.52733
271.88687324523926,183.14591217041016,51.255474,131.91994
267.8523368835449,183.8895492553711,54.764122,129.6132
265.6551761627197,183.55139923095703,53.253963,131.56148
263.06807708740234,185.7591552734375,51.499695,131.32892
261.74814224243164,186.99860382080078,50.697243,129.8686
259.73581314086914,187.5685272216797,49.476936,128.28241
258.1545925140381,188.63126373291016,49.40122,128.23576
254.55059242248535,189.28083038330078,49.571438,128.93764
255.55001831054688,189.73654174804688,46.190994,128.98431
250.46686935424805,189.6497344970703,48.79696,128.09283
247.29551696777344,191.57223510742188,49.51454,127.9834
244.0579490661621,191.46203231811523,51.42486,125.317024
241.90363693237305,192.13352966308594,50.958366,125.418304
240.76382064819336,192.57609176635742,50.265038,124.19981
238.0186595916748,192.9472427368164,51.488422,123.85689
235.19861030578613,194.98580932617188,51.230114,122.1749
233.6055393218994,194.12321090698242,51.06042,124.213905
230.1890106201172,194.86224365234375,51.86284,123.965576
226.54090309143066,195.13728713989258,51.812954,123.599236
225.27410697937012,195.13300323486328,51.592243,124.82164
223.01474380493164,194.5595932006836,49.99833,124.48497
