99.0,237.0,27,82
102.21215438842773,236.73837280273438,24.19947,82.592865
104.31575775146484,238.2982521057129,24.61177,81.93685
105.88779067993164,240.55901718139648,27.705635,80.64626
106.0033655166626,241.1587028503418,31.845884,81.00521
105.22469329833984,241.2114143371582,35.44281,80.2015
103.50064086914062,243.22194290161133,43.609818,79.20702
102.82591819763184,242.8531150817871,43.617237,79.63555
101.76808166503906,242.12525177001953,48.813644,80.26152
104.93597221374512,239.0988655090332,45.31914,80.60848
105.86032295227051,237.77574920654297,43.015606,80.675705
108.4765853881836,236.9937858581543,37.483932,78.703224
115.2957878112793,234.79719924926758,29.884895,78.93568
117.29141044616699,233.3031234741211,27.360447,79.477844
118.138991355896,230.14834594726562,26.119463,80.38104
120.57066059112549,227.18605422973633,24.379889,80.863365
120.96776866912842,225.68255233764648,25.966745,81.871574
121.7729721069336,225.90665435791016,30.750153,80.994385
121.39031982421875,226.02404403686523,34.227203,79.617485
120.33874130249023,225.63032913208008,41.874947,79.05189
119.48948097229004,225.87751007080078,48.075207,78.64838
118.92819786071777,226.35700225830078,49.91251,78.15314
119.55204772949219,226.44653701782227,51.31053,76.56623
118.65766716003418,226.39154434204102,51.096943,77.30518
120.11601448059082,226.19723892211914,46.593502,77.68345
122.2768383026123,226.40070724487305,43.926655,78.28986
127.68103408813477,226.27142333984375,36.035347,78.55777
131.01606559753418,225.692138671875,32.093296,78.074615
135.57169437408447,225.50341033935547,27.369444,79.20085
138.59931659698486,223.79845809936523,25.232458,80.02473
143.26978969573975,223.35550689697266,24.10097,80.74388
145.7267255783081,222.87640380859375,24.210672,80.47676
145.46203804016113,222.10369491577148,28.926022,80.69067
145.38936805725098,223.59415817260742,32.980312,80.333626
143.1870994567871,223.85382843017578,38.743095,78.55771
136.19237518310547,223.26717376708984,45.850723,78.99124
129.15895652770996,223.00475311279297,47.79816,80.55594
126.67968368530273,224.16730117797852,48.704002,81.149635
125.34380722045898,223.84307861328125,47.05883,80.502
125.05684471130371,223.31698989868164,44.838184,79.67513
125.84886360168457,222.1773452758789,40.43858,81.2327
128.2116527557373,222.53704071044922,34.160572,79.00404
130.5289821624756,223.5159454345703,28.957432,77.84027
131.5088300704956,223.81359481811523,25.396524,78.57255
130.80496978759766,222.54215621948242,24.488373,80.71398
129.18188285827637,224.93986892700195,24.553165,79.19993
127.93685340881348,227.23805618286133,28.25996,77.371895
125.39261436462402,227.47953033447266,35.40601,78.435196
125.4499740600586,228.63110733032227,41.85768,75.33666
119.13533592224121,227.34739685058594,49.578342,78.36041
114.77207374572754,230.32444381713867,50.83639,76.3003
114.36498069763184,230.45645904541016,49.46816,75.84328
115.63263130187988,232.32064819335938,48.894817,75.7784
116.67899322509766,232.99506378173828,46.41272,75.98816
117.00187492370605,232.19412994384766,42.99857,75.708755
119.1341381072998,231.74873733520508,37.95447,74.55123
124.51531791687012,230.1990737915039,34.118244,75.33972
130.64325428009033,230.0767936706543,27.754965,77.1742
132.302903175354,229.03077697753906,26.121367,77.75722
136.89022827148438,230.45832443237305,24.00679,78.23809
137.0794382095337,230.02060317993164,25.805815,78.369225
136.52141284942627,229.00083923339844,27.053366,78.90434
136.05975914001465,229.75531005859375,31.774632,77.883224
133.7016544342041,227.32120513916016,37.233654,79.13728
131.8555965423584,229.62777709960938,40.794254,77.545975
132.5378303527832,228.41156005859375,43.03396,77.53058
132.43275260925293,228.62152099609375,43.52103,78.385864
133.0787124633789,227.71431350708008,41.931396,80.01838
138.33980178833008,227.74497604370117,37.93502,77.92957
141.90205574035645,227.42284774780273,36.507305,75.417595
145.774507522583,229.81717681884766,33.568386,72.14278
149.07023239135742,231.12007522583008,31.421608,73.3142
151.95696926116943,232.60168838500977,28.674532,72.60624
155.28378582000732,234.52692794799805,31.299097,73.072395
155.98082160949707,231.3661117553711,32.276546,75.328125
151.95293617248535,230.20318984985352,37.06976,76.732185
148.98509788513184,228.08930206298828,41.132557,79.274734
145.57639503479004,225.78231048583984,43.23405,80.606415
144.72007751464844,225.65143203735352,46.93538,80.4463
145.4825611114502,225.49392318725586,46.913006,79.411995
144.40848922729492,225.46665573120117,46.842125,77.248924
147.6305046081543,225.74545288085938,43.62713,74.90108
165.7731590270996,226.83140563964844,25.9094,75.332794
157.78509712219238,228.8159523010254,34.33952,76.25034
162.22836303710938,230.26044082641602,32.049286,73.34229
165.36958408355713,231.41625213623047,30.198576,75.21077
167.66510772705078,230.28474807739258,31.728561,76.81371
166.5193977355957,230.2990608215332,34.618187,76.72515
163.45164489746094,229.2904052734375,36.51564,77.872086
163.20761489868164,228.07099151611328,38.603737,78.38881
163.38784408569336,227.19061660766602,39.376183,77.95837
164.60946464538574,226.32746505737305,39.26694,77.36889
167.2344570159912,228.9867172241211,37.955997,73.4426
170.61186599731445,227.9509620666504,35.54612,73.94582
180.31888389587402,230.98759078979492,27.895618,70.885506
183.76973628997803,232.0988998413086,25.300432,71.19232
184.02876472473145,231.10358047485352,25.023129,72.062965
185.49881267547607,230.00226974487305,25.246119,73.00254
184.76447677612305,229.71503448486328,30.159218,73.95331
184.98286056518555,228.43449020385742,34.11724,74.98968
183.5267734527588,227.44641876220703,38.743084,75.42728
184.51182174682617,225.24847030639648,42.021477,76.0803
183.98793601989746,226.08205032348633,44.013523,74.55814
182.64777183532715,227.27851104736328,44.27149,74.16469
182.8087921142578,227.93569564819336,41.50885,72.94717
184.9751319885254,228.6409454345703,37.576134,72.1759
188.61936569213867,228.39154434204102,32.43966,71.84376
193.1054916381836,228.60807037353516,28.221893,73.618546
194.22803401947021,228.79461669921875,29.65523,74.89838
190.93720817565918,227.96382904052734,32.008274,76.03853
188.6192111968994,228.20214080810547,33.370556,76.72464
186.95653915405273,230.04932403564453,33.823036,76.10654
185.8808536529541,230.6272430419922,35.157284,74.769226
185.15613555908203,231.7958755493164,35.824448,74.26495
183.91331481933594,234.01398849487305,35.037323,73.10871
187.1853427886963,235.5513153076172,29.776379,71.69301
188.71875762939453,236.42627334594727,25.750473,71.65609
189.59046459197998,237.04722595214844,24.422571,71.92062
191.46857357025146,237.28776931762695,25.543139,72.08065
188.0096254348755,237.76621627807617,29.906027,73.33405
186.6307201385498,237.7884750366211,31.715076,73.84329
185.41241836547852,237.14913940429688,36.08326,75.12833
183.58209419250488,238.0890655517578,39.332256,73.990326
183.3507595062256,237.44409942626953,40.212925,73.79016
185.38597679138184,238.65021514892578,40.306828,70.88226
187.04898643493652,239.34252166748047,38.323,69.56238
192.04367065429688,238.44062042236328,31.817184,70.25502
193.6900177001953,239.9877052307129,32.832153,68.27024
196.79430389404297,237.6534652709961,28.913284,68.45982
198.68285083770752,234.69118881225586,22.794622,70.925804
200.8602638244629,231.95621871948242,24.73722,73.14663
200.5154323577881,228.86397171020508,28.045109,75.21041
198.41162014007568,227.9973258972168,31.521563,73.91798
197.6118984222412,226.26523971557617,33.96387,75.29067
199.61307525634766,227.89944458007812,34.532608,72.136215
203.0398178100586,230.66963577270508,30.240555,68.77491
205.13267135620117,230.3074951171875,27.91468,68.25139
209.74332427978516,230.95400619506836,24.664536,69.94175
211.3772792816162,232.04022216796875,24.25452,69.589874
212.5262680053711,231.33856582641602,24.330048,70.27677
212.89902591705322,230.97420120239258,26.671598,70.96378
213.05463123321533,231.04712677001953,29.948095,70.77266
212.4658031463623,230.47782516479492,33.500507,69.95295
211.72172164916992,229.2447967529297,37.48391,69.87181
216.79791259765625,229.00912857055664,35.079803,69.27331
216.55432510375977,231.34193420410156,39.659004,67.37125
221.50073432922363,232.48979949951172,32.862835,65.75328
237.23065757751465,234.24182510375977,18.838764,64.25544
236.34903717041016,236.48561096191406,23.071991,64.00046
235.92743015289307,236.15434646606445,26.461073,65.71723
237.89333629608154,233.5182876586914,25.741388,66.84474
237.8802785873413,232.6000862121582,26.66202,68.62365
238.06740951538086,240.13358879089355,29.292336,61.013126
243.72599697113037,238.66971015930176,31.473772,61.78448
244.40081214904785,233.33190536499023,34.850628,67.10467
244.09121131896973,234.3606834411621,36.39146,65.741264
248.529070854187,234.11790084838867,31.018335,65.53307
256.0364875793457,233.25664520263672,24.087349,66.56294
259.62036991119385,234.8427619934082,21.355879,65.29839
260.4387426376343,234.1435089111328,25.698915,67.21619
262.6430959701538,233.52292251586914,25.110094,67.00593
260.85599517822266,231.38226318359375,28.658539,70.29413
260.1742467880249,232.6113052368164,30.17621,68.30536
258.4129447937012,232.35028457641602,33.97384,68.03915
256.90036392211914,231.6981315612793,39.335228,68.178185
255.77284240722656,231.76150512695312,42.830154,67.61243
266.63120460510254,232.7083740234375,33.02502,66.13745
269.6424789428711,232.2094268798828,28.750122,67.23659
275.6370372772217,234.4101104736328,19.901875,64.77226
268.707181930542,233.62594604492188,28.172062,65.9155
271.32669258117676,233.91574096679688,27.152782,65.51724
273.5514135360718,232.05401992797852,27.247316,66.73254
271.604211807251,231.8150405883789,29.128384,69.29941
271.35912322998047,231.15242767333984,28.998367,69.33937
272.42469596862793,230.82898712158203,31.009235,69.094376
274.3015823364258,230.82122421264648,33.636,69.429054
273.1136054992676,231.34643173217773,34.415306,68.43871
276.6451816558838,232.2446174621582,31.135769,66.22086
280.4217882156372,233.62903213500977,29.079748,66.491325
283.6159553527832,234.4518051147461,26.94207,65.68518
285.5013017654419,234.86248779296875,24.784933,65.738846
287.9135055541992,235.67401123046875,24.875595,66.54506
283.10862255096436,237.27507781982422,30.35766,68.84561
280.00777435302734,237.17406845092773,34.15071,68.70678
278.2203025817871,236.54874420166016,35.891914,68.80707
277.04983139038086,238.14300155639648,38.847633,68.85824
278.90875244140625,239.07720947265625,39.32921,67.19643
277.92334747314453,239.63354110717773,40.0347,67.27018
278.94183921813965,240.58711624145508,36.906544,65.43905
283.1007595062256,239.24590682983398,33.947712,66.11448
285.89079666137695,239.41895294189453,31.09533,64.935974
286.0304145812988,238.23897171020508,30.499413,64.83321
286.8193778991699,237.25471115112305,30.0942,65.58881
283.8660087585449,236.8362922668457,32.15075,67.37849
282.32869720458984,235.39770889282227,31.987549,68.280464
279.5876770019531,235.6631202697754,32.41916,67.873314
279.02064514160156,236.1275749206543,32.963028,67.37835
280.4920597076416,238.8425006866455,31.8793,63.713146
282.7819185256958,243.57779121398926,29.88201,58.545788
282.53396129608154,236.61679458618164,30.892878,65.81692
285.5653991699219,236.88080596923828,26.78305,64.96611
287.7938222885132,237.97529220581055,23.572863,65.15612
286.0561275482178,236.8977394104004,29.593418,66.73321
284.43349170684814,237.68912506103516,31.801443,66.261475
283.6044464111328,238.29940795898438,33.81064,65.90549
281.7541046142578,236.99795532226562,35.680634,66.42761
281.91647720336914,236.72300720214844,38.237556,65.257385
283.34181785583496,237.09812927246094,39.601475,64.17023
284.05041122436523,235.27286529541016,36.107918,63.2686
285.5107002258301,236.07998657226562,33.637596,62.063507
289.22255516052246,236.60351943969727,33.19208,63.1009
293.5109567642212,236.86327934265137,29.8215,63.77663
294.00604248046875,235.52701950073242,32.951874,64.70072
293.649133682251,236.44219589233398,34.550167,64.180244
292.62314796447754,234.81940078735352,35.48396,67.13178
293.288911819458,235.1382598876953,34.944515,66.48898
292.6746597290039,234.57262802124023,35.55818,67.01841
292.17243576049805,234.1942367553711,35.997185,64.726776
292.817174911499,232.9916229248047,34.57375,63.998688
297.17332553863525,235.18321800231934,29.64868,62.393818
302.1566915512085,235.5633316040039,24.887163,62.205826
303.09295749664307,235.26380157470703,22.864058,62.847443
303.3313875198364,233.60847663879395,21.134542,63.476223
304.3586702346802,233.3470115661621,22.901419,65.52239
300.71841526031494,232.00835418701172,27.4019,66.90028
297.69628715515137,231.1606674194336,30.208118,68.53198
294.83284187316895,229.85601425170898,33.49365,68.63769
295.9703369140625,229.65578842163086,35.949356,66.360664
296.35551834106445,229.76766967773438,37.31379,65.42963
296.48848152160645,231.08123397827148,36.985714,63.921074
298.2273063659668,232.05848693847656,33.687584,63.427185
297.2542266845703,234.91109085083008,30.866425,64.789925
297.6248712539673,238.63403511047363,28.371962,60.3905
299.38585472106934,236.8499240875244,26.408298,62.349514
300.32057094573975,235.741304397583,25.326784,63.23559
298.2150688171387,233.64048767089844,28.015465,66.263916
295.31191062927246,231.98073959350586,29.735966,66.391975
293.49542808532715,230.00258255004883,29.683598,66.46302
291.80724811553955,229.88921737670898,30.597525,65.987114
291.5981960296631,229.79689407348633,32.350742,64.967064
293.6667947769165,231.37876319885254,29.975355,62.454296
295.80230617523193,230.8889617919922,26.857882,62.526627
298.622519493103,230.6942653656006,24.837648,63.28623
299.9399948120117,230.77866172790527,22.743729,63.31
302.4898157119751,232.10747718811035,22.716764,61.79205
303.44660091400146,228.68488693237305,26.00603,65.14466
302.7173776626587,228.33923721313477,29.318663,66.32467
302.8676567077637,229.54833984375,30.641258,65.00215
298.9684028625488,228.28213500976562,34.110664,65.91644
297.7554397583008,228.05563735961914,35.23976,65.0019
299.7286968231201,227.71361923217773,35.05158,64.482155
302.04708671569824,228.569242477417,33.204487,63.313328
303.82367992401123,229.63727188110352,30.529856,61.738625
307.5883264541626,231.07169151306152,28.057478,61.7811
312.77394104003906,232.1819839477539,25.485825,61.91124
315.0944471359253,231.67011833190918,23.573832,62.18053
311.6989555358887,231.65744590759277,27.045387,62.412296
309.6094160079956,230.89570808410645,30.062387,63.603252
309.67406940460205,230.45852851867676,30.278387,63.707485
310.7145175933838,228.21197891235352,31.13676,64.32087
313.39964485168457,227.9941062927246,29.412975,62.92675
312.03771209716797,227.91961288452148,29.470795,61.566933
312.57484245300293,228.3843479156494,27.476688,61.893383
318.87775897979736,229.00996780395508,23.464758,60.81147
320.82221508026123,228.39983749389648,23.293253,61.805275
323.5102491378784,228.66793823242188,22.823465,62.305206
323.3289442062378,228.7663803100586,25.867624,62.740616
322.3201894760132,227.52277755737305,27.522661,63.008904
320.86505222320557,226.44170570373535,31.3282,63.06854
319.20033264160156,226.11597633361816,35.00792,63.201443
320.96005058288574,226.22797775268555,36.05379,63.15995
321.2011413574219,227.0354061126709,34.9366,61.551823
320.8763542175293,228.17763328552246,32.05674,59.050068
322.8220319747925,227.95474433898926,30.319193,60.413692
325.1114320755005,228.567777633667,27.115805,59.405125
326.65557861328125,228.26886558532715,24.79802,60.012577
328.02690601348877,226.83987617492676,23.72782,62.042797
324.65795516967773,225.5277500152588,26.560753,62.998714
323.1149682998657,223.52593994140625,28.28308,64.805664
322.12303924560547,224.5526638031006,27.902298,63.664585
321.79615783691406,224.42368125915527,29.261246,63.10805
322.1256513595581,225.7149486541748,29.16688,62.29813
320.7855815887451,226.57655715942383,28.884373,61.403374
322.1490774154663,226.59157371520996,25.439272,61.173252
323.9127779006958,228.5022850036621,23.349157,61.591957
324.8047752380371,228.84834480285645,21.770882,60.342113
324.8838405609131,226.3323154449463,21.992512,62.89442
321.665735244751,224.9390754699707,25.307629,63.484413
320.4482192993164,224.71906661987305,28.789246,63.342323
319.31169414520264,225.29757690429688,30.52598,62.95143
316.89946365356445,227.88628578186035,32.551735,59.898495
315.37305068969727,225.8900547027588,33.84797,62.206356
314.1417179107666,227.5661392211914,32.667034,60.045715
319.48503971099854,227.10600662231445,28.491667,59.15017
320.76100158691406,229.2318820953369,28.602493,58.302074
325.5745897293091,228.77862167358398,27.601858,58.589897
328.01777744293213,228.02622032165527,27.070967,59.621647
328.4745225906372,227.44173049926758,26.56272,61.035774
327.5618600845337,225.5951690673828,27.464354,62.84233
327.1590585708618,223.61484909057617,27.268812,64.1791
327.7941961288452,224.59399032592773,27.056414,62.50936
326.2969455718994,224.83779335021973,28.362484,61.46104
327.67824363708496,224.96816635131836,25.987293,60.3189
330.260573387146,225.88896942138672,24.447496,59.73265
334.1793098449707,226.792236328125,22.272438,59.025665
338.69470024108887,226.63558387756348,18.502552,58.2122
338.7791738510132,224.69555282592773,20.382036,59.583183
337.7822332382202,223.2453556060791,22.523378,61.489117
335.73267555236816,220.79245376586914,24.71136,62.212364
335.8375520706177,219.73001289367676,27.358252,62.200756
336.7578287124634,218.66252326965332,29.472975,61.997875
336.43898582458496,218.84922218322754,31.99561,61.201717
334.3963928222656,218.72985458374023,32.50589,61.03315
335.91157150268555,218.12662887573242,29.896248,60.392693
341.0690813064575,218.45185089111328,28.979773,59.292404
344.9073820114136,220.05388259887695,26.716791,56.837166
345.37449169158936,218.78570556640625,26.236917,58.995422
346.33631801605225,217.51058769226074,24.943987,59.42214
346.24274349212646,216.4299030303955,24.839846,61.333736
343.49797439575195,215.75465965270996,26.470589,61.83019
343.592134475708,215.6608657836914,25.068584,62.03026
340.1180181503296,216.1121120452881,26.841906,61.245853
339.25510597229004,216.6832981109619,26.614803,60.96298
337.97473526000977,217.72777366638184,24.706917,59.506428
338.0053005218506,218.54938888549805,23.822178,58.99163
340.56028175354004,221.39474487304688,21.47929,57.4113
343.867938041687,220.014310836792,18.26089,58.848957
341.83981227874756,219.95063972473145,19.658236,59.733837
337.78912353515625,224.85932731628418,22.078384,54.460667
334.61646938323975,220.64893531799316,25.971376,58.788418
333.37109375,224.42857551574707,28.020493,56.11041
330.852162361145,209.65192031860352,31.299826,73.530174
337.7194604873657,213.84382247924805,25.131468,96.442696
337.11774826049805,216.57903671264648,24.135506,93.5666
339.6593656539917,224.70937728881836,21.185953,86.30848
339.1700973510742,227.23743438720703,19.5849,84.60274
337.9424018859863,231.33740615844727,19.12481,81.06675
337.5556516647339,229.40732192993164,26.053827,84.44506
336.0443239212036,225.4717559814453,30.466864,86.38219
333.4463596343994,221.34656143188477,30.268108,89.457726
333.2719202041626,223.5478286743164,27.271467,86.50043
332.19518089294434,223.87580108642578,25.547657,87.97064
332.8802270889282,227.15690994262695,25.104597,82.70498
345.87491512298584,223.95596313476562,24.54149,64.21307
352.69750690460205,225.14879989624023,20.433584,58.858208
353.7733745574951,235.4049835205078,22.048923,66.87576
356.21636962890625,240.05352592468262,17.434982,51.303318
358.7147226333618,238.17827987670898,17.705107,43.091103
357.54035472869873,237.51295471191406,19.778543,44.13421
363.9375162124634,238.0521297454834,20.155653,45.292446
367.92970085144043,238.09672164916992,18.401966,44.448578
368.25256061553955,239.13316345214844,19.02912,42.649635
371.13418197631836,239.18176651000977,18.786797,42.437286
367.1403818130493,234.33945846557617,25.072859,46.09102
370.5453796386719,228.42256355285645,22.294113,52.053593
373.043062210083,227.39108085632324,22.49171,53.051403
372.4256200790405,227.3473949432373,25.16826,52.09161
373.5323028564453,225.19741821289062,23.762466,54.375877
376.5699577331543,223.66464233398438,22.70243,54.97233
377.11169147491455,221.3942413330078,22.22112,57.93119
377.4075508117676,220.52588272094727,22.001534,57.789734
382.1901865005493,219.57707977294922,21.361418,57.873756
382.68347930908203,218.3375072479248,22.138535,57.868664
382.79960918426514,218.83692169189453,21.72178,57.16964
383.5343828201294,219.26153182983398,21.235693,56.368607
388.21035289764404,219.62675094604492,19.645884,56.03456
389.5283727645874,218.52731132507324,18.448793,55.44206
389.2553129196167,219.19901657104492,17.144419,54.717285
390.0413875579834,217.90877532958984,18.046772,56.15467
388.21959495544434,218.48226928710938,19.525486,57.128456
387.39284229278564,217.75030136108398,23.06487,58.198105
389.613657951355,218.679931640625,23.644236,58.060997
389.51738834381104,218.42306900024414,24.899595,57.60367
386.3701982498169,219.17958450317383,27.878897,56.928772
386.13535594940186,218.03554344177246,28.332834,55.229626
390.108943939209,218.40785026550293,26.767448,54.336834
391.8917188644409,219.01222801208496,26.06164,54.306973
391.8142557144165,219.33551597595215,26.301039,54.440807
392.82203483581543,217.39953231811523,25.669407,55.22455
393.40686321258545,215.84643363952637,24.094248,56.22035
394.7622261047363,215.67359352111816,22.834846,57.342335
393.88824462890625,214.23767471313477,22.742645,58.789215
394.45581245422363,213.10126304626465,22.044964,57.693676
394.5744152069092,214.08846473693848,22.22266,55.991764
394.2355089187622,215.13605117797852,22.112188,55.506683
394.65906143188477,215.8659896850586,22.00753,54.62934
396.0597267150879,216.59660148620605,21.048195,53.58459
398.27965927124023,216.60373878479004,21.204124,53.13016
401.49936389923096,216.36075973510742,20.69155,52.31378
402.34921169281006,215.51421546936035,20.753908,54.86121
402.69880294799805,215.27238273620605,21.951485,54.905987
402.6748056411743,213.08694458007812,22.016462,56.071266
402.307674407959,211.4479637145996,22.924248,55.557922
401.92870235443115,211.8872413635254,24.226168,54.84929
402.39202308654785,212.6113510131836,24.377087,54.505898
405.1431665420532,210.96562957763672,24.186598,57.128258
411.9575481414795,218.4310359954834,21.562504,47.287884
413.6440372467041,217.6793155670166,21.612011,48.023518
415.43647956848145,213.96282958984375,22.099041,52.20719
420.93224143981934,213.2911262512207,18.338337,52.648605
421.6620445251465,212.1168670654297,18.960503,53.213203
421.6303062438965,213.1051788330078,18.678017,52.729195
423.17648696899414,210.13167190551758,18.420204,53.046646
421.71606159210205,211.17894744873047,20.171606,52.368233
421.5505657196045,210.72581481933594,21.045261,53.662254
422.0257053375244,210.4540195465088,20.663769,51.63236
422.4614591598511,208.88799285888672,19.726313,53.06643
424.5314359664917,209.53352165222168,18.883402,52.795986
426.7484521865845,210.7637767791748,18.690886,50.94569
427.8373212814331,211.49422645568848,18.813517,51.811085
428.1818914413452,212.3508644104004,19.042238,51.73958
427.71666717529297,212.5224437713623,19.6893,51.753414
428.16100311279297,211.36202812194824,20.866531,52.416027
428.223614692688,210.18287467956543,21.878439,53.534405
425.20746994018555,210.77663612365723,23.743843,52.87244
425.19658851623535,210.45324897766113,24.135494,52.82642
425.70993423461914,210.4514389038086,24.1818,52.00463
425.44782543182373,209.5468406677246,24.091028,51.487915
425.8454828262329,208.79480361938477,23.80879,50.801956
425.4154586791992,207.13169860839844,22.265411,50.972908
424.4099168777466,204.7961597442627,21.06867,51.590916
420.46088886260986,200.50899124145508,21.483435,54.13777
416.4263753890991,198.3361053466797,22.676378,54.44274
415.8982057571411,197.74818992614746,21.607306,54.263607
413.6826477050781,196.59688758850098,22.434494,53.11684
413.35090923309326,196.34707260131836,21.517618,51.655823
412.0505895614624,196.580904006958,21.060793,50.873295
414.18986225128174,197.7583885192871,20.405355,50.01738
415.71564197540283,199.1672592163086,19.667547,50.665337
416.6289806365967,200.5633659362793,18.988148,50.81169
416.81035900115967,201.17707061767578,18.879679,51.380028
416.5346488952637,201.69079399108887,20.001823,51.61569
415.3140449523926,201.1446704864502,21.983223,52.754612
415.3695287704468,199.9323616027832,23.760027,53.610718
416.03264331817627,200.9618968963623,24.069128,52.318325
416.23620986938477,201.56097984313965,24.541298,52.98608
415.9114236831665,201.40432739257812,25.34448,52.925453
416.4359941482544,209.10599899291992,22.99996,45.252274
417.6522512435913,220.17525482177734,20.147264,33.522087
423.03225326538086,224.11029243469238,21.046707,37.27685
421.7724485397339,208.43365097045898,21.897264,48.374825
420.98871326446533,207.2940444946289,22.36566,47.845825
425.5506992340088,204.58978652954102,17.908146,46.42669
426.5833921432495,210.41275787353516,18.089006,42.13315
427.53001976013184,212.7262420654297,18.244503,40.2218
426.4948434829712,203.58842277526855,19.633718,50.88892
425.86402893066406,203.30007362365723,20.470573,52.30221
428.6609172821045,212.78852653503418,17.867352,42.613956
430.6828670501709,203.77943229675293,16.397022,52.171833
430.48047161102295,206.44955253601074,17.128595,50.03986
430.51260471343994,207.47673988342285,17.531034,48.524136
430.297324180603,206.53624725341797,19.816195,51.663437
430.4611883163452,207.37355041503906,20.095797,51.43399
430.3870325088501,209.5696563720703,20.489561,49.089996
429.14073944091797,210.0701675415039,22.041412,50.480133
429.02755069732666,211.07908821105957,22.08917,50.061916
430.94073963165283,211.42990493774414,21.255682,49.20907
428.86369228363037,213.05600547790527,23.80565,48.846912
428.3915538787842,214.52838706970215,24.153706,48.004795
429.72369384765625,214.9253273010254,23.553604,47.597206
431.56889152526855,213.4824504852295,21.96056,48.744495
431.6968927383423,211.3446922302246,21.564802,49.76777
428.37640285491943,209.31569862365723,22.211123,50.80714
427.3696012496948,208.4466609954834,22.095636,52.18015
427.58559799194336,207.25751495361328,21.255241,50.389023
425.40862560272217,208.4604663848877,23.059534,49.249035
423.8961572647095,209.72985076904297,20.986982,47.81453
423.0450553894043,209.81767463684082,19.6325,47.11793
422.8426275253296,210.03178024291992,17.880968,47.595253
422.3250436782837,210.24485206604004,17.083494,44.670437
421.50808906555176,205.88201332092285,16.608448,48.226315
419.6994209289551,205.43036460876465,18.264938,49.71021
416.48608589172363,204.38919258117676,20.879215,50.07777
416.8980369567871,204.0100154876709,21.834229,50.218388
416.4179973602295,204.8808708190918,22.546276,49.73913
416.40103912353516,208.11495208740234,24.014565,47.83525
418.35639476776123,208.0682716369629,24.09743,48.813057
419.5991153717041,211.14995574951172,25.657887,47.37715
422.79060649871826,212.67835235595703,24.213442,46.77571
426.37182331085205,211.42235946655273,24.084959,47.735542
428.2402458190918,211.29465103149414,23.642136,48.129936
430.00123596191406,211.25536918640137,23.1502,49.23041
433.0842180252075,212.95105934143066,23.50427,48.112484
435.0851802825928,210.49237442016602,22.967434,50.80506
436.7879972457886,209.71320915222168,22.25107,50.382877
439.46153450012207,211.43209838867188,21.13982,47.083847
441.1303882598877,211.20084190368652,21.521778,47.929234
440.5714349746704,211.20005226135254,21.12879,47.15872
440.982608795166,211.6015739440918,19.506104,46.18087
440.7212266921997,209.4736099243164,18.589018,47.33648
437.3941421508789,205.21839141845703,18.78379,48.889534
434.3788232803345,203.39178657531738,18.610403,50.3241
427.52184677124023,201.22669219970703,20.97548,50.693718
423.9135570526123,200.2348117828369,20.591427,50.075138
422.3694257736206,199.84841537475586,21.147478,49.50444
420.0245485305786,200.31450271606445,21.795027,47.891678
416.1570243835449,203.38020133972168,23.484726,47.68539
413.40727519989014,203.8824520111084,23.861238,47.232296
410.8576021194458,205.7211036682129,23.607588,46.493607
410.7917003631592,208.49971199035645,22.887325,45.88384
410.08872985839844,209.04287719726562,22.097252,46.854286
409.1336193084717,209.50588035583496,21.770336,47.145184
408.06177043914795,209.71614456176758,20.015612,47.167236
406.161416053772,209.9102439880371,20.896887,48.846024
405.2027759552002,210.54781341552734,20.892063,49.98031
405.0695686340332,210.93216514587402,21.583054,50.04533
404.73759269714355,211.86865234375,21.866695,49.527916
405.15821075439453,212.61067581176758,21.371483,47.700455
407.317590713501,214.59595489501953,20.022861,47.3303
408.576416015625,214.3877296447754,18.437523,45.85559
409.227219581604,213.25196266174316,17.714529,45.492756
407.91564559936523,214.28733825683594,17.140625,46.341896
407.56416511535645,215.0588207244873,18.33791,46.764812
405.51558017730713,214.83308219909668,20.800604,47.829784
402.968279838562,212.6210174560547,21.490297,49.51194
402.8335084915161,212.0189094543457,24.454374,49.819138
404.49299144744873,215.37775230407715,22.440752,47.594234
405.6603364944458,217.8397674560547,23.585615,43.91436
411.701847076416,218.72046661376953,20.301956,43.190575
412.37355518341064,221.42548942565918,20.64044,41.11192
416.1089220046997,221.53713417053223,18.76634,41.56731
415.89105224609375,220.87775802612305,19.419067,40.87072
414.3330326080322,219.55670166015625,19.392086,42.974785
416.9646940231323,219.08156776428223,19.388483,42.0283
416.6043367385864,217.1618881225586,19.631239,42.982353
417.23597717285156,215.0801239013672,19.036736,42.886192
415.936710357666,214.670804977417,19.47371,44.475445
416.87331676483154,213.0897274017334,18.023165,42.557003
415.0101537704468,210.5668659210205,19.757257,42.2392
413.192720413208,208.31506538391113,21.21355,40.900234
415.58395767211914,206.32107734680176,18.613289,37.07179
414.5376396179199,202.9267864227295,16.58062,36.15662
413.665114402771,202.32900428771973,16.572931,34.664196
414.04747200012207,201.3302059173584,17.166325,33.393238
412.88582038879395,199.53828620910645,16.984188,35.34203
409.84738063812256,199.52798461914062,17.909601,36.730476
408.14225006103516,200.64667320251465,17.833656,36.81808
405.3027696609497,203.42267608642578,17.001745,33.896233
399.1172561645508,206.81773567199707,18.684128,35.326977
396.75669384002686,207.31296730041504,19.320467,35.36804
393.30529975891113,208.85383987426758,18.692654,34.804214
390.228702545166,209.73820686340332,17.896568,35.29131
399.6412048339844,207.55747032165527,16.352318,34.544117
385.452525138855,208.4795436859131,18.78866,35.783054
384.5847234725952,207.4359836578369,18.657534,35.555843
386.17902660369873,206.37496757507324,18.347681,37.286083
385.65935611724854,206.14663314819336,20.068655,37.452354
384.9375171661377,206.9551124572754,19.155094,37.32354
387.20213317871094,206.16307067871094,19.504799,38.444885
389.1477279663086,206.02636909484863,20.460106,39.85597
389.2341547012329,205.87513160705566,19.85082,39.44119
390.7552185058594,206.67404747009277,18.171097,39.14847
390.6832695007324,209.04006385803223,18.150475,40.671505
393.7379741668701,209.26300621032715,16.132198,40.857677
396.9761199951172,208.77956008911133,15.169991,41.750298
398.75766038894653,209.83325958251953,15.634261,37.816193
401.37816095352173,208.51113891601562,15.999751,37.584274
404.79599475860596,210.83777236938477,16.0967,35.81475
404.70398330688477,208.8236312866211,16.833916,36.221115
405.1484098434448,207.2337474822998,19.335855,38.06251
408.39050579071045,211.28631401062012,20.624842,35.149868
410.23322200775146,215.24935722351074,19.073114,33.61967
409.8877115249634,217.754319190979,19.279303,29.978537
412.34918117523193,218.97134685516357,20.316317,28.348497
417.9755973815918,220.59501934051514,17.176384,28.212542
420.6584873199463,220.96253204345703,14.913723,28.842339
415.74337673187256,217.2502326965332,21.04671,32.039955
417.3206195831299,214.38629531860352,23.125698,35.286415
417.62439727783203,220.6687469482422,25.653511,29.524887
416.8550329208374,214.1364803314209,25.289774,36.544537
432.84393787384033,203.20258331298828,19.964445,42.291107
430.2422676086426,207.17582511901855,24.88195,43.59995
438.390585899353,207.75486183166504,18.721819,39.340206
438.76557636260986,205.97432136535645,18.062887,47.21922
439.998815536499,203.18453407287598,18.001133,47.65923
440.61081314086914,203.95149040222168,17.800484,44.959377
440.95917892456055,205.4618911743164,17.925285,42.568596
443.00191593170166,207.38763236999512,17.267508,37.044376
443.41046714782715,205.1983127593994,18.468212,39.28748
446.2592830657959,203.05531120300293,17.619701,39.76302
450.6783723831177,202.46421813964844,17.333921,41.480835
454.937744140625,201.29729843139648,18.308662,42.88607
457.5750217437744,202.2691707611084,16.602306,40.98411
458.9699945449829,203.33393096923828,20.577581,39.313026
466.1016654968262,201.60784912109375,19.373077,35.876854
467.4272747039795,200.63205528259277,18.205456,39.258686
472.39610481262207,199.92316246032715,16.248821,33.24519
473.65866470336914,199.92698860168457,17.55297,36.565372
476.4921760559082,199.98290824890137,16.90187,38.20779
477.636700630188,199.7682647705078,16.888914,33.697685
479.6861162185669,201.02192878723145,17.194014,31.212078
482.59657096862793,200.89177703857422,15.243526,34.476166
482.30903482437134,200.90225791931152,15.445399,33.539303
482.6858034133911,200.44174003601074,15.087561,35.7505
485.7087416648865,199.11325073242188,14.699719,34.653976
488.15732431411743,197.6986961364746,15.149798,39.46502
486.5977554321289,195.76509857177734,17.245117,45.644836
486.6218481063843,193.23335647583008,17.825197,42.991127
489.60360527038574,192.77148056030273,18.944645,40.56697
491.007529258728,191.98140335083008,19.472925,45.468445
490.5148735046387,191.7163906097412,19.667511,48.517178
492.5033941268921,191.35076713562012,18.080042,37.916737
494.41742515563965,192.19830703735352,16.699535,37.223602
495.46226596832275,189.63804817199707,16.71797,37.406864
496.10753536224365,192.12743759155273,17.0954,35.2957
496.96982765197754,190.67953491210938,18.01852,34.63112
499.09766578674316,191.02794647216797,17.755695,33.543457
502.2110404968262,190.9501838684082,17.738113,36.51944
504.2064266204834,190.34307289123535,17.371098,36.569637
505.8903799057007,189.59721565246582,17.176096,35.451435
504.8445177078247,189.8532485961914,18.071852,34.301544
503.4679250717163,188.5213508605957,19.88357,38.234573
504.1882972717285,191.65265655517578,17.282494,39.620323
505.1307678222656,191.24960708618164,17.046898,39.833603
505.9394636154175,188.8081398010254,16.490564,43.938164
504.6500930786133,186.201265335083,16.731209,43.365643
504.52326011657715,184.73256301879883,18.749226,42.34127
505.0394525527954,187.98631477355957,18.459158,39.485912
503.86835861206055,188.92440795898438,18.583168,36.658516
504.3275337219238,191.09758377075195,19.187027,34.27256
504.8639831542969,190.65006637573242,19.783806,27.951645
508.8747892379761,192.942852973938,16.66173,26.571104
509.2449073791504,194.14517211914062,16.28469,22.002808
510.27616262435913,194.4692554473877,15.723027,20.131168
510.92510986328125,194.7923765182495,15.616058,19.154703
512.9663434028625,194.78021240234375,15.251494,18.497154
514.5125250816345,191.92672538757324,15.238729,19.439701
515.0253276824951,191.1738986968994,15.959385,21.568546
516.1437129974365,190.90902519226074,16.20123,21.938374
519.6425828933716,189.59004974365234,16.261198,22.101624
520.3496513366699,189.48491954803467,16.35521,23.89586
521.2291116714478,190.61769104003906,15.898008,23.313248
524.8059067726135,191.5417127609253,14.818858,23.902605
525.4466071128845,191.24237728118896,14.521077,25.67119
526.1678485870361,190.90869045257568,15.388424,26.094301
526.1257047653198,191.44747829437256,16.102198,27.15133
528.061128616333,191.90179443359375,14.014454,26.362343
527.3467564582825,191.37620544433594,13.802505,25.363144
528.280827999115,192.56953620910645,13.456716,25.465244
529.4864816665649,192.31921195983887,14.027876,23.742466
530.0466389656067,191.1040382385254,14.250899,23.971504
529.640172958374,193.6020164489746,13.88924,22.866997
529.9361863136292,197.60945224761963,13.417094,20.19071
531.9208335876465,197.86265659332275,13.279152,21.893713
531.2205348014832,199.2369260787964,13.063401,21.360048
531.6522922515869,200.138991355896,15.895924,21.758928
533.6085081100464,196.70885372161865,16.286638,25.40394
535.2343759536743,197.79996871948242,16.643736,26.199097
536.1816310882568,197.5074520111084,16.472157,26.329838
536.952299118042,196.88537883758545,15.587612,26.980524
538.9347224235535,198.23347282409668,14.780686,29.771137
541.3854341506958,196.7112979888916,14.74642,34.295116
542.7130165100098,195.89113330841064,15.3703,31.939405
543.9286708831787,196.53318119049072,14.66386,28.67732
543.3337368965149,195.53857707977295,15.587302,26.98871
544.9318108558655,195.36898231506348,15.405009,27.126957
545.8741617202759,195.32132816314697,14.720739,29.150518
546.2441663742065,195.3020896911621,14.812319,32.532135
547.1660213470459,194.06361770629883,15.254559,31.50386
548.2116460800171,193.69061660766602,14.933382,32.591515
548.8641204833984,191.9594020843506,15.37886,36.167973
549.3446674346924,190.70316314697266,15.829899,37.724365
550.8491582870483,189.15082168579102,15.134378,34.616936
551.7103381156921,189.72339057922363,15.729157,36.217297
552.569634437561,190.39756393432617,15.520514,36.51329
552.1558294296265,189.7748966217041,15.871843,34.833942
553.0680613517761,188.47888565063477,15.863488,36.905045
