264.0,311.0,37,69
266.232364654541,310.2062339782715,36.778267,65.87179
267.07764434814453,308.0698127746582,35.89839,66.3102
268.7257709503174,303.83505630493164,33.32661,67.43589
271.47285079956055,299.10660552978516,30.940605,65.82431
273.0608730316162,296.19377517700195,28.376698,67.08874
274.4582176208496,294.9483222961426,25.181007,66.80477
275.2003231048584,294.83005142211914,22.686039,66.42606
274.3661460876465,292.982852935791,21.174812,67.01435
274.5172529220581,292.7680473327637,22.29217,67.00904
271.84862422943115,293.02702713012695,23.518694,67.665565
268.0661554336548,294.60991287231445,26.756071,67.519844
263.8802556991577,293.8531494140625,30.897356,66.4733
261.72614669799805,291.0745506286621,34.57554,67.002235
260.7269973754883,290.6677551269531,36.743088,66.266464
259.315034866333,291.17089462280273,37.226788,66.02781
256.7917194366455,290.5823516845703,38.69659,65.8427
256.32452392578125,288.49111557006836,37.407883,66.40003
254.52649688720703,288.59801864624023,38.09227,66.53237
254.72765159606934,288.72791290283203,36.112644,66.54924
254.53581047058105,288.02640533447266,33.29851,66.8268
254.0614833831787,285.77953338623047,32.036747,68.04532
252.97569751739502,286.75399017333984,28.76795,67.029724
254.1572780609131,284.33051681518555,25.488697,68.23795
254.86689567565918,283.4069137573242,20.636524,68.675766
252.8038387298584,284.10118865966797,20.523365,68.556366
253.31560707092285,284.0561943054199,19.955456,68.25039
253.6067237854004,283.68884658813477,20.03109,67.332375
249.61995601654053,283.2964668273926,24.26723,67.38038
248.37851238250732,284.03771591186523,26.301477,67.47205
241.68266677856445,283.6135063171387,32.23826,73.019295
239.3041763305664,281.3466377258301,33.632477,77.590614
237.82636260986328,280.5480842590332,36.58525,76.41517
234.5536289215088,281.82080459594727,33.009716,69.87124
235.64121055603027,279.42640686035156,34.778828,68.472916
233.5353832244873,278.4043159484863,34.12615,69.10096
235.13545608520508,276.04467391967773,31.839775,69.97567
284.03352451324463,298.8014545440674,25.224058,59.570675
292.27837085723877,296.79961585998535,23.87551,62.92352
298.92164611816406,298.28815269470215,26.89627,59.900852
306.7798070907593,301.5074806213379,28.330324,57.348015
313.23747634887695,303.5270252227783,26.256752,57.135372
321.11826515197754,303.3265914916992,26.165005,57.65164
330.07452964782715,304.36538314819336,26.417042,56.85148
337.20323753356934,306.63148307800293,27.00536,56.35953
344.04004192352295,309.34366607666016,27.917994,54.45764
352.6872777938843,309.4225025177002,28.848269,52.830914
357.1637592315674,311.48609733581543,33.105145,51.211872
359.8360080718994,313.43550872802734,39.80624,51.11789
365.32911682128906,315.88190269470215,43.437912,50.9323
369.9259433746338,317.29360008239746,48.802776,50.36849
373.1360721588135,319.1956043243408,54.238842,49.92494
385.10171127319336,322.11983489990234,50.585106,48.08705
401.69258308410645,321.6387519836426,43.54394,47.910988
414.15657806396484,322.24547004699707,41.78105,47.824947
424.6894989013672,323.1476058959961,39.22168,47.6942
435.20818519592285,323.3940601348877,38.190487,47.988842
447.12708282470703,325.9316520690918,31.844055,47.161934
454.42736530303955,327.2574691772461,24.580084,47.917953
461.5109119415283,337.47555446624756,18.779537,28.605303
462.82232761383057,339.8641939163208,18.723944,22.04685
462.43391036987305,337.23808765411377,17.475319,25.690351
455.9008083343506,334.6039638519287,21.121555,26.765926
449.5690059661865,330.35521125793457,23.497814,29.142849
437.65758323669434,323.72465991973877,27.265667,31.766592
426.1319808959961,316.45000648498535,31.098282,36.134907
410.9393844604492,293.19678497314453,35.790268,42.967026
392.5423107147217,287.0180072784424,42.830082,47.724483
367.4708766937256,289.29278564453125,44.11797,52.476883
357.8520965576172,293.1437568664551,43.16519,53.665413
358.238094329834,292.1694526672363,43.696526,53.9833
357.07655143737793,289.61850929260254,42.373295,53.392864
355.24422454833984,291.5464286804199,43.317642,52.387917
355.55740547180176,293.6171073913574,42.448742,56.117958
353.6606731414795,293.1739273071289,44.44132,57.982727
336.1278877258301,291.692569732666,45.612328,58.79197
341.8528861999512,286.3638381958008,48.905235,59.367294
338.8135280609131,285.4421634674072,46.478687,57.860043
346.87486267089844,286.6714916229248,49.545,56.96274
349.15081787109375,288.06479835510254,50.1736,58.374035
350.46267318725586,292.9468746185303,47.76925,59.645893
348.7109603881836,289.0430374145508,49.10605,59.76413
279.52184772491455,305.13598251342773,23.71948,67.194176
211.1252956390381,277.0323257446289,45.120083,76.12709
212.25434494018555,277.83026123046875,43.39337,80.64563
215.98950386047363,277.9695358276367,38.61382,81.731964
221.59156703948975,280.1198539733887,31.183237,74.49152
222.4299020767212,279.29401779174805,25.586645,67.18511
224.1198444366455,278.25204849243164,21.0584,65.75907
224.97767162322998,277.01719665527344,22.218203,66.26228
225.7854347229004,276.1604652404785,21.488922,66.359215
225.5562343597412,276.78997802734375,22.033047,67.52493
226.49795150756836,276.6819877624512,23.319748,66.47927
226.88018131256104,277.59948348999023,25.497198,67.37403
224.92778205871582,279.7073745727539,29.473164,66.89668
225.4032907485962,279.356388092041,31.670523,66.51206
223.0298900604248,282.0066947937012,37.134426,66.865364
225.8362579345703,282.21622467041016,37.200768,66.65372
227.92530250549316,282.7214698791504,38.0051,66.29609
230.11142921447754,283.0364227294922,37.449635,66.531525
233.9749240875244,285.14929580688477,35.532032,65.82929
236.5097942352295,285.1460723876953,33.469173,66.10683
240.44667148590088,285.74205780029297,30.237661,65.17844
240.52077388763428,286.42296600341797,27.99795,65.46701
241.05580234527588,285.7329330444336,27.856451,66.08859
242.29361248016357,285.8508758544922,25.052202,66.428894
245.6662769317627,285.79836654663086,22.288502,67.295265
248.0138463973999,286.7698440551758,22.016382,67.01079
248.6543254852295,287.2493133544922,22.449566,66.727036
251.1689224243164,287.1012306213379,22.350822,66.19424
250.77188682556152,288.08686447143555,24.255138,66.39999
251.92872047424316,288.41844940185547,25.971714,66.37883
253.35815238952637,288.388671875,28.404507,65.68713
252.6804542541504,287.43884658813477,31.436478,66.22492
251.55482292175293,289.3215866088867,33.797176,66.187256
251.41214275360107,291.1233959197998,25.378954,62.2813
251.60461330413818,290.7993927001953,27.548914,63.422165
255.34547233581543,289.44641304016113,22.582027,63.00056
256.40374088287354,290.6127185821533,21.511114,62.842953
254.31727409362793,287.96191024780273,25.067074,65.46111
254.86002731323242,285.5361557006836,24.079742,67.21718
255.30695152282715,288.64623260498047,23.96774,61.580414
254.84754276275635,290.08396339416504,23.95049,62.646496
256.099045753479,291.43527030944824,21.643301,61.05704
255.7016944885254,292.5483932495117,20.222565,61.692123
255.16498565673828,293.46726417541504,21.0402,59.64813
254.6728744506836,291.01367568969727,23.03347,61.289345
251.7788610458374,291.2383346557617,28.65751,60.362915
248.1731300354004,294.41297340393066,33.52339,60.42909
247.63662719726562,290.6075859069824,36.349007,65.27683
249.49620628356934,289.9322261810303,36.38029,63.897617
249.79408836364746,289.99658012390137,37.488476,63.91193
251.2639865875244,291.2334728240967,36.428135,62.983524
253.79454040527344,291.2360038757324,34.69828,62.76316
255.55909538269043,291.66422843933105,30.949413,62.47217
256.91753578186035,293.18246841430664,30.85355,63.92881
260.01161670684814,293.764892578125,26.942533,63.58766
261.5123863220215,293.8233985900879,25.412445,64.11411
261.5740804672241,294.0011444091797,23.567087,64.51773
261.90457344055176,294.7604751586914,22.696796,64.72696
260.87806510925293,293.91664123535156,22.628246,65.305145
261.2851667404175,293.52223205566406,23.235506,65.03146
261.29791355133057,295.2137145996094,23.73371,64.89719
257.3040771484375,295.9972724914551,28.48719,65.008995
254.0085964202881,294.5917510986328,32.132153,64.508286
250.94235610961914,295.82200050354004,36.093018,63.93124
249.83154296875,295.5638771057129,38.641396,63.799675
250.0119400024414,294.6025085449219,38.196983,64.2392
249.6655616760254,294.02635192871094,38.742584,64.29053
249.14103317260742,293.42150497436523,38.323883,64.77358
250.1831398010254,296.2344665527344,36.716232,64.082565
251.62994194030762,295.61566734313965,34.464504,63.889072
254.6792917251587,294.5085868835449,30.090506,63.45333
255.0735969543457,294.6490592956543,27.132828,64.77517
255.6489381790161,294.43741607666016,24.433592,64.74269
257.173789024353,294.0888862609863,21.185205,64.85551
257.47216415405273,293.38632583618164,19.051102,64.65693
258.88557052612305,294.0145606994629,18.93074,65.94181
259.02357959747314,294.34008407592773,20.073027,65.58814
256.5483102798462,293.70691299438477,24.054815,65.19091
254.00497722625732,294.340633392334,29.581362,65.15591
252.3133087158203,294.0075149536133,33.03054,64.59129
252.65939140319824,293.94393157958984,35.175045,64.65372
253.07151794433594,293.7948226928711,36.752556,64.82556
255.47897911071777,293.9092445373535,37.093304,64.373405
256.58369064331055,294.3189277648926,37.27014,64.896095
258.2685241699219,296.0843276977539,36.062996,64.69226
261.3271255493164,293.31169509887695,33.822014,65.01719
264.41631507873535,293.38558769226074,30.714344,63.758595
266.2012577056885,294.4143810272217,27.208332,63.283222
267.7248773574829,294.11877059936523,24.31481,63.63784
269.1757411956787,293.22510719299316,20.9873,63.925243
269.61671257019043,293.6455078125,19.45715,64.33771
270.87598037719727,291.02316665649414,19.87503,65.12888
270.75288105010986,291.8035316467285,21.404188,64.923256
269.494047164917,293.6551628112793,24.059307,65.034676
266.37103366851807,293.5753707885742,29.540182,65.22447
264.15381813049316,296.2562599182129,33.438374,63.891045
262.02503204345703,296.77726554870605,36.726585,63.57102
263.0426654815674,297.02675437927246,38.609547,63.34598
263.7047176361084,298.32670402526855,39.395473,63.30582
266.3930606842041,298.50592613220215,38.788197,63.7775
268.2760601043701,302.0555534362793,37.660244,62.476112
270.2625274658203,301.78833198547363,34.672295,62.023632
273.3723945617676,300.90908432006836,31.04068,62.888527
274.54766845703125,302.28903007507324,27.66314,62.292835
275.30127906799316,302.05660247802734,24.515217,63.553864
276.0831813812256,303.3191566467285,20.758709,63.499184
275.3815793991089,303.761775970459,19.403505,63.404564
275.206280708313,304.7385730743408,19.016813,63.699978
275.438533782959,303.4847297668457,19.193893,64.11356
274.36501693725586,303.4704170227051,21.196991,62.86756
271.49622344970703,303.4061393737793,26.13253,63.15972
267.4385509490967,303.1234817504883,31.687695,64.258575
265.6336669921875,302.922327041626,34.38346,63.78938
265.8058776855469,303.4384021759033,35.76368,63.692852
265.22301864624023,304.7696304321289,36.310776,63.16458
265.95563888549805,305.97469329833984,36.195526,63.17868
267.005464553833,302.80563735961914,36.07059,65.58402
268.2799243927002,306.2258987426758,33.949574,62.2912
268.5074768066406,305.6011047363281,30.918526,63.2704
270.74182319641113,305.29812812805176,28.55756,62.9277
270.6274833679199,306.5832576751709,24.771042,61.852207
270.6099433898926,308.16792488098145,21.677582,63.079662
271.08128929138184,306.96064376831055,20.359066,63.27163
271.3615779876709,306.6745948791504,19.738415,64.64272
271.6235475540161,308.4666996002197,20.471556,63.060528
271.46949768066406,308.3337059020996,23.094856,64.05047
266.2336759567261,310.7179470062256,27.784441,63.172916
263.33402252197266,309.68766021728516,32.81881,63.231033
262.3592948913574,312.11819076538086,36.82875,60.839333
261.60607147216797,313.85069274902344,38.58207,60.032135
262.21923828125,309.75038719177246,39.585564,63.668324
263.226842880249,310.4975929260254,39.741207,62.406975
265.12870597839355,310.07441902160645,39.2281,63.696896
267.0994758605957,311.070219039917,38.37584,63.359592
268.56530380249023,311.29856872558594,35.647293,63.003326
272.6533374786377,310.43863677978516,31.535892,62.623154
274.6530866622925,310.0160331726074,27.589083,62.823067
276.49408626556396,309.9350872039795,24.231852,63.669178
277.7836980819702,309.48182678222656,21.20167,63.912994
280.16754627227783,312.3141899108887,19.067183,62.66369
279.83862686157227,311.60133361816406,19.406433,64.2668
280.01515674591064,311.37802505493164,20.850294,63.78341
277.5496292114258,310.76453018188477,25.433632,65.08909
273.8806438446045,311.6965675354004,29.412579,64.42074
273.5513210296631,308.95661544799805,32.959637,64.574745
272.59458351135254,309.51912117004395,35.40842,63.434734
272.155086517334,308.37002182006836,35.834488,64.07812
271.3991470336914,309.5905647277832,35.235985,63.381798
270.4095973968506,311.5140800476074,35.82043,64.62582
271.61985206604004,309.1495246887207,34.9876,65.92448
273.5650453567505,308.34888458251953,31.702848,64.17595
274.5558261871338,309.24939155578613,29.275867,63.24304
275.26844024658203,306.8179016113281,26.269646,63.74086
275.03639030456543,306.750768661499,23.10249,63.47179
274.0519323348999,305.568302154541,21.439035,63.048286
273.3474292755127,304.3233337402344,20.795918,64.23465
270.02661323547363,303.9286766052246,21.535877,64.51064
270.4223737716675,304.12470626831055,21.633928,64.4419
270.04931926727295,303.77202224731445,25.254824,64.61251
265.66846084594727,301.7970542907715,29.602036,63.307228
262.15929412841797,299.3527317047119,32.717125,63.68838
260.18010330200195,297.8757781982422,36.258102,62.827255
262.1197261810303,292.3613109588623,36.18263,62.286945
263.340051651001,289.77551651000977,37.13947,62.07067
262.8546886444092,291.79721450805664,37.05218,62.79389
265.9601573944092,296.25096893310547,36.74795,62.242447
267.6721725463867,297.9555835723877,35.60427,62.089214
265.24610900878906,290.60998916625977,32.26342,62.815727
262.6686773300171,286.44067001342773,28.76011,62.01432
257.3469867706299,284.74011421203613,25.495365,62.228725
254.42623138427734,283.54411125183105,22.433174,62.960896
252.7981128692627,283.98328590393066,19.628788,63.44775
253.80691719055176,287.47317123413086,18.80402,64.10009
256.2531843185425,286.8660011291504,19.150484,63.936073
255.43440437316895,285.8333168029785,20.221485,63.812355
252.40567779541016,286.63379096984863,23.650978,63.456295
249.0455093383789,287.10973358154297,27.401604,63.545944
244.59066581726074,285.4591827392578,29.301464,62.92018
242.6554765701294,286.89726066589355,31.738111,62.819904
240.80255699157715,285.2413864135742,32.414547,62.85263
239.4251594543457,285.7237663269043,32.642914,62.109795
240.10518074035645,288.20897674560547,32.79758,62.165497
243.36637210845947,288.9820327758789,30.778875,63.03154
244.5177230834961,287.97411346435547,28.570335,63.299408
246.37230587005615,288.5504627227783,25.730753,62.42538
248.12475967407227,291.3579692840576,24.52745,62.952168
248.6720552444458,292.82780265808105,21.650053,62.56525
246.9096555709839,289.7803020477295,20.299547,62.606297
246.32387828826904,289.2794551849365,19.82152,63.533115
243.76880741119385,289.1542854309082,20.81449,64.25956
242.7020778656006,290.11901664733887,21.666332,63.972736
241.16078186035156,288.65002059936523,24.000526,63.403206
237.6454725265503,290.13251304626465,27.97812,62.427296
235.6669044494629,290.20862770080566,31.436249,62.95315
234.3405246734619,293.93814849853516,34.141163,59.897797
231.9483242034912,291.68211364746094,34.78448,62.263382
231.2925205230713,296.566104888916,35.34209,58.988167
232.5022430419922,296.3573989868164,35.61094,61.809204
234.27797317504883,296.03049087524414,34.42888,61.761482
234.0475673675537,294.72010040283203,33.27287,61.751892
234.53810691833496,294.32215690612793,30.479244,61.080357
235.34306049346924,295.3856258392334,28.53813,60.18253
234.23205280303955,293.53413009643555,29.160994,62.12986
235.36445999145508,293.3851737976074,26.014404,60.677025
236.17917919158936,292.42320251464844,22.52411,60.001923
235.71228408813477,288.40865898132324,20.143082,62.629856
235.86952018737793,284.21362495422363,19.955318,62.83305
237.93902111053467,282.76700592041016,19.813662,61.9787
235.99188804626465,282.2555389404297,22.7859,61.80713
232.58394145965576,281.95807456970215,26.258837,62.43735
229.59551620483398,280.36048126220703,30.268936,62.54622
231.9278326034546,278.9299850463867,30.723413,62.60356
232.96025276184082,277.5318431854248,32.109653,62.182896
233.80455684661865,277.5670394897461,31.842783,61.97487
236.81619262695312,277.5309009552002,30.74746,62.220745
238.26429748535156,278.12299728393555,30.34478,61.92327
242.23261737823486,278.14173126220703,26.795652,61.685547
244.134126663208,278.8176040649414,24.695515,61.33435
247.42647647857666,278.0484809875488,22.769674,61.58425
249.09969902038574,278.10202407836914,21.74696,61.84945
252.74084281921387,277.147274017334,19.79504,60.883003
253.84845638275146,276.0209655761719,20.03924,61.98239
256.1332263946533,277.0864315032959,21.020283,62.38747
259.05831718444824,277.4225845336914,21.740185,62.541046
260.4856300354004,277.4545364379883,24.056976,62.567825
260.6075658798218,277.3552188873291,28.033442,61.36694
263.54414653778076,278.4359722137451,30.30118,61.156178
266.2183666229248,278.4920234680176,33.5529,61.074333
270.780237197876,280.3634738922119,34.956486,60.8336
275.5730895996094,281.2782897949219,34.250145,60.814575
280.9496879577637,282.0428524017334,34.988266,60.929707
283.45606422424316,281.3411178588867,35.107197,60.845825
285.58995628356934,281.5578193664551,34.170605,61.142677
285.87108993530273,281.11114501953125,31.023895,61.228745
287.6744451522827,280.27142333984375,27.430231,61.023438
289.974796295166,280.74377059936523,25.155182,61.50007
289.7766399383545,279.9214687347412,22.51353,62.384007
292.45859241485596,278.732027053833,19.473814,61.669827
292.89633560180664,277.83031272888184,19.969223,62.627415
295.0036268234253,277.83181381225586,19.9536,62.8422
295.0552463531494,278.2419013977051,20.651554,62.542397
296.35872173309326,277.8276481628418,21.705248,62.9858
294.51723194122314,278.0230903625488,24.15814,62.822456
290.8120126724243,278.968656539917,27.161718,62.486576
289.76006507873535,278.9977912902832,28.359669,62.476143
290.2812337875366,279.0322265625,28.613276,62.182693
290.2979898452759,278.2711982727051,28.610357,62.061745
291.1808376312256,279.0055294036865,28.900204,62.48493
291.7131128311157,275.4728546142578,28.44724,61.335526
292.9105749130249,274.1655464172363,26.106318,61.844185
290.0081148147583,275.63166427612305,24.242216,60.579643
289.7143907546997,275.37467193603516,22.461744,60.860916
290.0189380645752,273.2010097503662,20.863758,60.941715
286.15744400024414,269.12264823913574,20.09137,60.73293
283.0421495437622,275.1731929779053,19.94737,63.17893
280.0736331939697,282.94932556152344,20.528324,61.695847
283.6186800003052,290.7526340484619,21.978529,61.274395
287.3617296218872,290.19423484802246,23.274794,60.842045
289.5858516693115,288.4979438781738,26.730465,60.37748
286.5920057296753,290.8419780731201,30.53493,60.423145
281.09592056274414,295.3166923522949,32.432983,60.028664
279.89402198791504,298.9583625793457,33.74808,59.370476
276.4118881225586,292.73864364624023,33.52311,59.12243
275.3911895751953,286.67956352233887,34.34931,59.374973
275.298282623291,284.5715675354004,33.64293,58.687798
272.37029457092285,288.0098075866699,32.360737,58.293983
268.83480739593506,289.44935417175293,30.338907,57.45859
268.0867519378662,286.98143005371094,27.767391,58.83969
265.49617862701416,288.0913772583008,25.524511,59.33029
264.4516487121582,291.6787700653076,22.912506,58.496128
262.6090898513794,292.1381320953369,21.745924,60.19795
262.56186294555664,292.84845542907715,20.852692,61.042484
262.846152305603,295.4533157348633,20.139124,61.30612
262.16612243652344,296.91185188293457,20.332054,61.12869
259.8248109817505,299.93657302856445,20.272413,60.39042
255.9634141921997,300.2466869354248,24.990507,61.03084
254.05285549163818,301.90642166137695,28.309519,60.15072
253.61164379119873,300.44167709350586,30.75107,60.384514
253.75408172607422,302.4907112121582,31.895973,60.153725
251.34057235717773,304.19861221313477,33.819183,58.857216
250.36116409301758,303.8138027191162,33.612595,58.895176
250.62173652648926,305.0040817260742,32.283024,60.051834
248.99782466888428,302.4221439361572,31.52357,60.857662
249.32522010803223,300.65111541748047,30.031239,60.523758
248.9134168624878,300.2398738861084,28.490618,60.41486
245.34663009643555,302.5179634094238,26.287231,57.38331
240.58127689361572,301.3346538543701,23.952444,58.48174
237.19845008850098,301.5327491760254,22.22855,57.896812
230.80771255493164,300.38266372680664,19.34134,57.956657
224.27218532562256,298.8460464477539,19.345942,58.097046
222.98896598815918,300.0172653198242,18.467098,60.087997
220.09119129180908,301.30864906311035,18.82115,60.31242
216.78614616394043,305.0193271636963,21.00224,60.64358
213.59318828582764,310.5299949645996,23.78377,59.806602
211.92030143737793,315.3944664001465,26.070324,59.878746
210.25127696990967,317.8359546661377,28.685183,58.368694
207.74929809570312,320.1771640777588,30.570442,59.05476
207.73220348358154,322.2188358306885,31.267427,58.618954
205.23328590393066,323.1680202484131,32.658543,57.4818
203.90108108520508,325.334264755249,32.567566,57.35323
202.3044948577881,324.5793628692627,32.392162,58.04501
200.63711261749268,324.1787452697754,31.168959,57.563164
199.70938682556152,326.00032234191895,30.731228,58.19984
196.81826210021973,326.01685523986816,28.474522,58.11607
195.49343490600586,328.02177238464355,26.607986,57.997044
194.44220542907715,331.7434902191162,24.287258,59.467213
191.98753452301025,336.723180770874,22.15801,58.29279
191.51774883270264,335.8194179534912,20.311785,58.583683
192.44118976593018,335.6047477722168,18.65991,59.212822
191.38837909698486,336.8802719116211,18.062147,60.017838
190.12255668640137,339.81329345703125,18.474712,59.401917
187.27130508422852,340.77870750427246,20.010971,59.3734
183.37841987609863,342.9716548919678,22.834461,59.22571
179.83828353881836,346.8091011047363,25.501694,58.084007
175.90103816986084,347.1315174102783,28.091654,58.999752
174.16846084594727,349.12770080566406,29.889114,57.946854
171.7255859375,350.65528297424316,30.526665,58.173885
170.1391372680664,352.44935607910156,30.122108,58.727158
168.32779693603516,354.4528274536133,30.374565,58.3051
169.05082893371582,354.81016540527344,29.797794,58.72386
170.2255458831787,355.3059253692627,28.179623,58.360867
172.77688789367676,355.3929042816162,25.580555,58.19994
174.00567245483398,355.6604251861572,23.994339,58.723003
174.75809574127197,356.36063957214355,21.295782,57.992542
176.47645378112793,355.3803939819336,20.084484,57.94719
177.8770875930786,354.1903591156006,18.860594,58.687458
179.64608764648438,351.01729011535645,18.861092,58.847088
181.63114738464355,351.206449508667,18.637829,58.816914
181.04406642913818,351.8069133758545,19.208979,58.904255
179.80517673492432,350.8043804168701,21.509176,58.657093
179.96955394744873,345.89112663269043,25.109224,59.837803
181.09869575500488,344.62036323547363,27.85529,59.1685
182.01109313964844,342.5382080078125,30.101921,58.9554
185.2550344467163,339.42222023010254,31.53361,58.556316
188.9843282699585,337.0926570892334,31.747873,58.705936
196.79384422302246,338.18397521972656,31.4631,57.54039
202.2695484161377,335.61304664611816,32.00185,58.14021
206.84221172332764,332.10736656188965,31.105425,57.889378
210.10199356079102,331.7589740753174,30.752457,56.746014
212.29044914245605,332.4802532196045,29.080791,57.267384
214.92690181732178,332.6437816619873,27.131083,57.046604
217.76993560791016,332.53346824645996,24.151512,57.448933
218.34852027893066,334.0543327331543,22.299152,57.745857
218.9280710220337,334.4941711425781,20.613287,58.072098
219.61103630065918,333.9065055847168,19.14552,59.448265
220.03008651733398,335.767240524292,17.69455,59.06261
220.74734783172607,336.01175689697266,18.34183,59.19319
221.5046148300171,334.9682197570801,19.082804,58.693428
220.33106422424316,335.33524322509766,21.653263,58.587616
218.24078369140625,334.61519050598145,24.611046,58.217754
217.51294803619385,332.04833221435547,27.089178,57.995193
215.5419578552246,330.3571605682373,28.670029,59.030323
216.27321529388428,331.5078430175781,29.009607,58.57544
216.39437580108643,329.5585060119629,29.783476,59.248085
216.00522899627686,331.06187629699707,29.485582,57.53285
215.620512008667,330.83725357055664,28.28909,58.266014
215.35932064056396,330.53271865844727,27.591532,57.670998
216.1254644393921,330.57595443725586,24.834894,57.697716
216.10242748260498,331.83349227905273,23.250612,58.36863
215.5191822052002,331.48119735717773,22.250996,58.823296
215.28841304779053,331.5881881713867,20.689783,58.32396
216.31589221954346,330.51843070983887,19.154127,58.265842
217.36174488067627,330.6999092102051,18.135252,58.565346
216.92051792144775,330.3167896270752,19.02381,58.253826
216.70465660095215,330.6566963195801,19.20811,57.997795
214.9875726699829,332.7744388580322,21.306799,55.724834
210.34016799926758,332.55449867248535,25.041214,57.007763
208.46432971954346,334.07787132263184,28.578367,54.88773
208.0163221359253,331.49137687683105,30.604723,57.478397
209.21070861816406,334.597017288208,31.726967,55.429394
209.597261428833,333.2050495147705,31.866093,57.633312
210.35471057891846,335.344669342041,31.75366,56.24607
212.909517288208,333.10354804992676,31.773563,56.480114
213.876127243042,333.1405391693115,31.847713,56.02817
215.76510334014893,333.0473575592041,29.242094,56.091427
216.62802410125732,333.9631633758545,28.338427,54.32462
216.76095294952393,329.8835678100586,25.834684,57.377686
217.63090991973877,330.558048248291,23.964766,57.42785
218.27721309661865,329.93775367736816,21.694101,56.94531
219.21810817718506,329.68800354003906,19.954554,56.572037
219.86864948272705,331.69456481933594,19.350248,55.92694
221.8112449645996,329.91936111450195,18.700195,56.880074
224.70843124389648,326.73558044433594,19.700409,56.4709
224.73508548736572,326.0445976257324,20.211172,57.44303
223.75661182403564,327.20927810668945,21.140242,56.73989
223.2091884613037,326.0499858856201,22.890392,57.2831
221.1411533355713,326.6279602050781,24.692722,56.61557
219.7201108932495,326.592622756958,26.39174,57.145306
219.52324771881104,326.4444274902344,26.405966,57.373276
219.78576183319092,328.33922004699707,26.706514,55.711376
221.09317779541016,328.9655361175537,26.262367,55.964207
222.68934059143066,327.2309513092041,25.914738,56.71516
222.83451461791992,325.8587188720703,23.901932,56.550064
221.92306327819824,329.168062210083,22.264507,55.87277
221.50587368011475,327.8838539123535,21.40655,56.326744
222.15211868286133,327.6103858947754,21.476105,56.51719
221.11999034881592,328.4196319580078,19.554857,57.176407
221.03432655334473,330.19647789001465,19.890507,57.403385
222.9076566696167,329.02170753479004,18.865053,57.195553
223.1377592086792,328.4220657348633,19.189104,56.016403
221.94655895233154,330.0750732421875,19.306383,55.271576
217.42734336853027,328.4715099334717,21.956524,55.836475
213.80076503753662,328.35939598083496,25.650888,54.797535
211.52538776397705,330.8098392486572,28.02168,52.239544
212.3973093032837,332.52049827575684,29.154959,51.660984
214.179536819458,328.6661376953125,30.4847,56.235565
216.7696762084961,330.28051567077637,29.883553,55.956303
218.35067081451416,331.1096839904785,29.507238,55.968575
219.46069431304932,332.5930480957031,29.560476,55.277863
221.07683658599854,329.9316234588623,29.319204,55.91657
224.1836290359497,328.5634517669678,28.270262,56.03954
227.4932165145874,326.4255313873291,26.623453,55.39207
229.36919975280762,327.0535259246826,25.804333,53.078648
229.44139289855957,326.86409187316895,24.208408,53.144497
230.25138473510742,326.03531074523926,22.261017,53.314083
230.37731838226318,323.98321533203125,21.552637,54.725143
230.38939571380615,323.9662036895752,20.109003,55.36955
231.54244232177734,325.30728912353516,19.104347,55.075363
230.5136947631836,327.0091018676758,19.244133,55.481796
231.54412078857422,328.05868339538574,19.595665,56.22011
232.13957500457764,330.7213191986084,19.727388,55.642414
231.6315402984619,331.4486484527588,20.177784,55.791683
231.86169528961182,332.917444229126,21.993063,55.659725
230.9850559234619,332.93557929992676,22.925358,55.97688
232.6958360671997,331.70230293273926,23.536848,56.332653
231.88828945159912,332.7258243560791,23.678339,55.69325
228.928936958313,335.69543647766113,24.222563,55.423443
227.77492427825928,336.4949531555176,24.510157,55.929924
227.45600605010986,335.304723739624,24.334135,56.03452
226.53786277770996,333.97491455078125,24.274776,56.55974
224.03570652008057,335.21270179748535,24.807058,55.363567
223.73902416229248,333.6752128601074,23.044024,55.10871
219.61751556396484,332.9884204864502,26.621284,55.108807
220.95416450500488,333.5486068725586,24.294727,54.41284
222.01774883270264,332.5583915710449,23.124819,56.07882
222.2874116897583,331.9136199951172,22.61218,56.426483
222.23560047149658,331.79627990722656,22.837233,56.25145
224.20562267303467,332.25660133361816,20.126802,55.792843
224.50907611846924,331.79431533813477,20.37657,55.517067
222.84145069122314,332.35124015808105,21.579176,53.86269
220.68843364715576,333.24543952941895,23.779116,54.224728
219.008713722229,334.98779106140137,24.970999,53.241993
216.5897340774536,335.89314460754395,26.71536,53.5426
218.02758884429932,335.63965797424316,26.529104,53.967556
217.64537715911865,335.48605155944824,26.998926,52.820667
216.73385620117188,336.781795501709,27.227379,52.669502
216.90743923187256,336.88660430908203,26.891108,52.850723
216.84222221374512,338.2329921722412,26.274319,53.595814
217.44428730010986,337.36034393310547,25.810621,53.630905
216.0662965774536,338.37493324279785,25.962614,54.23376
214.92662239074707,339.4409580230713,25.084843,53.1374
217.78730869293213,337.0536403656006,24.103552,54.321613
217.0868911743164,336.3610134124756,23.9786,55.591892
216.85283279418945,338.4915199279785,22.481903,53.41259
219.93126106262207,336.87436866760254,20.65575,54.15951
219.98645973205566,332.0172576904297,19.806599,55.155334
221.38063049316406,328.880126953125,18.182762,56.353683
221.2722988128662,328.00732803344727,17.65202,55.81127
219.8194990158081,329.5298671722412,16.952349,55.00841
215.15843772888184,328.1765079498291,20.898724,55.75381
211.02832412719727,328.3049736022949,23.158249,54.327766
210.6071367263794,329.00452995300293,24.155256,54.491764
209.23581886291504,328.16096687316895,23.03342,55.278316
209.4813756942749,329.4477138519287,23.509089,55.463566
209.35818576812744,328.4919242858887,23.29981,55.58274
209.14433765411377,330.8084030151367,23.235563,55.0916
206.8557643890381,330.3651924133301,23.797863,55.387184
206.20520496368408,330.14266204833984,23.68019,54.68193
203.95209312438965,329.2037048339844,24.2944,56.438766
203.35946369171143,331.75084686279297,24.534986,54.864685
202.5688009262085,330.4203357696533,24.793604,54.92352
202.69132232666016,331.1839065551758,25.233772,53.47133
201.63026332855225,329.8561725616455,24.996881,55.461483
200.7898406982422,330.62474250793457,24.82711,55.37913
201.85108280181885,330.4115753173828,24.381292,56.466614
203.7155408859253,331.50369453430176,23.742266,53.511074
203.8757028579712,331.91646003723145,24.052343,54.148968
206.13848114013672,332.0588779449463,22.888435,54.531384
206.4809045791626,332.12440299987793,22.293829,53.698566
206.0842580795288,332.9968090057373,21.165659,54.569935
204.36803150177002,333.6776924133301,20.347685,55.270103
204.26090145111084,334.0046863555908,19.989023,55.725155
204.22041511535645,334.2883987426758,20.676838,56.27495
203.05215454101562,335.9553508758545,20.793617,57.298923
201.16723251342773,336.1144313812256,21.151428,58.10413
200.31401348114014,337.6588382720947,21.153673,57.757854
197.81639194488525,337.91909980773926,21.514822,58.03645
197.07587146759033,338.552433013916,22.45091,57.715385
196.4675464630127,336.75442123413086,23.248997,57.167915
193.98877239227295,337.48022842407227,24.76201,57.410088
193.6267328262329,337.3532657623291,25.383917,56.167538
195.38253116607666,334.8384132385254,25.874899,57.039253
194.53660488128662,333.4372272491455,27.22471,56.19044
193.5531940460205,334.4400939941406,27.699924,56.082077
193.89888763427734,334.41566276550293,27.516045,56.383778
195.1345500946045,331.9826908111572,27.678371,56.6703
194.70482540130615,330.8573188781738,28.590448,56.977486
197.29522895812988,329.5377788543701,27.67316,56.33498
196.97202014923096,328.0011959075928,28.333723,56.31748
197.6664171218872,329.4766330718994,27.574308,55.85539
196.6246919631958,330.074125289917,27.535215,55.852314
198.0035924911499,328.90392684936523,26.293802,55.415657
198.46161556243896,329.2859287261963,26.694452,55.737118
196.4462375640869,329.1516399383545,27.047153,56.03606
198.2611951828003,327.4153518676758,26.863573,56.014236
197.52513122558594,326.77672004699707,27.95501,55.98321
196.07526969909668,328.4259796142578,26.420132,55.897507
193.82595539093018,328.83957862854004,25.703016,55.97822
191.54311752319336,328.9308319091797,24.153397,56.105286
191.76471519470215,330.9275932312012,22.05148,55.49842
190.20354557037354,330.3948268890381,19.32598,55.989307
189.4574842453003,331.79553031921387,19.211336,56.033283
187.34466743469238,332.2845878601074,19.286106,56.10955
187.32352352142334,331.9431915283203,19.788538,55.578705
186.74646759033203,332.0371437072754,18.883308,55.489647
186.4300241470337,331.99734687805176,17.666769,54.935772
186.53679656982422,331.3807144165039,17.436928,55.139923
186.19964504241943,331.2694911956787,17.74679,55.252842
186.64739513397217,331.87496185302734,17.25928,56.17038
184.68492221832275,332.82572746276855,17.73319,55.693287
184.6635046005249,332.144926071167,18.350885,56.02988
184.63169860839844,330.9358596801758,18.127907,56.072327
184.26088523864746,331.71327018737793,18.13879,56.335438
184.30348205566406,331.61372566223145,17.843483,56.391445
183.5681028366089,330.940372467041,17.3864,56.34469
183.7874870300293,331.7679328918457,17.666626,55.651314
183.69469833374023,332.84195137023926,17.510834,55.742733
182.57785320281982,333.18004035949707,18.742311,55.97067
181.4175043106079,333.71714782714844,19.773748,55.995575
180.72852516174316,333.66394996643066,19.63242,56.0861
177.47935104370117,332.9618911743164,21.175491,55.984756
176.93827152252197,333.78643226623535,20.969015,56.21574
176.41736698150635,334.08487129211426,21.49114,56.544765
175.99624156951904,334.471773147583,21.00603,56.40643
176.08871459960938,335.4964408874512,20.437614,56.51748
177.06190967559814,335.531702041626,21.092863,56.41177
177.8040828704834,336.2399616241455,20.89288,56.773235
180.57229042053223,336.91546058654785,20.459492,56.785686
182.83099937438965,337.84576988220215,20.16148,57.0833
187.9423122406006,339.59948921203613,19.704098,56.95875
191.62158393859863,338.8060417175293,20.185993,57.251366
196.48774909973145,337.81471824645996,19.79572,57.45299
198.21200275421143,336.85570335388184,18.781858,57.908314
199.77072525024414,335.3109474182129,18.438324,57.68171
202.2665147781372,335.50990104675293,17.177656,57.540897
200.8203296661377,334.19097900390625,16.57175,57.98323
199.98708820343018,333.32543754577637,16.584578,57.75855
198.33110523223877,333.403959274292,16.970137,57.724155
197.02167224884033,331.0408401489258,16.928648,58.206528
196.25458526611328,331.304594039917,16.547554,57.343052
194.7609977722168,329.7789001464844,17.103836,57.984222
195.84948253631592,327.47570419311523,16.258486,58.10807
196.42795515060425,324.96114921569824,15.912011,57.822376
194.24829769134521,321.9700450897217,16.653849,58.32204
190.92936992645264,319.8347454071045,16.902147,58.224308
189.37083053588867,317.5661277770996,16.633102,58.380028
183.47056770324707,315.0936641693115,16.498524,58.103764
178.97338104248047,315.7753562927246,16.144386,56.947777
177.9755620956421,319.40708351135254,16.303415,57.301266
176.66750955581665,320.74036979675293,15.834956,58.078266
176.76480293273926,323.2053928375244,16.164219,57.93913
175.33606910705566,324.1006164550781,16.295536,57.572372
177.67339897155762,323.35905838012695,16.459835,57.371117
178.0537567138672,322.6930465698242,16.425514,57.56476
176.24312114715576,324.767370223999,16.438646,57.932102
176.0513334274292,326.7181091308594,16.339159,57.986954
175.75199508666992,326.8459358215332,16.719269,57.232735
178.39570713043213,328.70693588256836,16.672628,57.880165
178.20148849487305,329.05160903930664,17.025314,57.146935
177.33534336090088,328.4372081756592,17.454138,57.16846
177.62042331695557,329.64327239990234,18.552206,57.266693
176.8627986907959,331.4643211364746,18.20094,57.523308
176.67984676361084,332.87428855895996,18.439997,57.1729
177.53489017486572,333.68166732788086,18.762625,57.346626
176.8480167388916,334.0523109436035,18.910374,57.072258
176.19056510925293,335.118709564209,18.905972,57.27131
177.68981266021729,336.18335342407227,18.467535,55.790596
178.38892078399658,334.7119884490967,17.998732,54.74007
179.36208534240723,335.2238483428955,16.70354,53.814648
179.35938549041748,333.579833984375,16.829073,53.64749
180.47494506835938,332.5457592010498,16.466042,52.783497
179.64511013031006,333.0467109680176,16.593836,51.5402
180.63545846939087,331.79616355895996,15.975627,51.024128
181.54919052124023,328.56960678100586,15.721985,49.490173
182.76867151260376,326.3058567047119,15.37186,49.4733
183.99852323532104,326.6017436981201,14.811997,48.420986
184.23142910003662,324.7733402252197,14.468149,47.8194
184.6549940109253,323.0988712310791,14.427523,46.985554
186.06424045562744,322.8088188171387,14.270643,46.468018
185.59402179718018,324.06874656677246,14.041151,45.82591
182.95147609710693,327.91457176208496,13.693796,45.166157
185.57144498825073,330.1920738220215,13.656198,44.374336
186.48484754562378,331.72145080566406,13.042024,43.768707
190.1081943511963,334.58539390563965,13.312412,43.187138
191.2765383720398,340.85474395751953,12.557977,43.36264
187.9132490158081,344.912992477417,12.560694,41.70326
184.64426946640015,347.4551200866699,12.241773,41.338753
181.70136404037476,344.8669719696045,12.748044,40.498425
181.8336386680603,343.99495697021484,11.976903,39.47265
182.0626482963562,341.3712635040283,11.56482,39.060436
181.32578134536743,337.618106842041,12.184894,38.909134
180.6339521408081,336.2137393951416,11.809702,38.80528
180.02385902404785,336.1758060455322,12.039066,38.477734
181.2293586730957,339.03454208374023,11.619095,38.911545
182.13540124893188,337.6296977996826,12.062091,40.124943
183.00804138183594,334.22052001953125,12.376015,40.178
184.1790828704834,334.64246368408203,12.325825,41.008224
184.52950191497803,335.9157009124756,12.231653,41.78239
184.8304386138916,338.7309913635254,12.647671,42.454247
185.3814091682434,338.9564571380615,13.046256,43.007298
185.57313442230225,336.7660903930664,13.385706,44.14286
184.22672319412231,336.0763397216797,12.824698,44.006454
181.18315410614014,336.2647876739502,13.484354,45.48646
181.53486156463623,334.99357414245605,13.661219,45.739536
180.59318161010742,335.0568103790283,13.808807,45.952915
180.4103922843933,332.71826934814453,14.04342,47.305817
178.14479637145996,330.1202735900879,14.511921,47.948166
178.20576095581055,330.02699851989746,14.753624,48.112637
177.3236756324768,330.1578006744385,14.50484,49.279858
175.9721999168396,327.17432403564453,15.540311,50.50351
176.67232942581177,327.32823181152344,15.588126,50.855576
178.73037958145142,328.12746810913086,15.322825,51.42829
180.39061403274536,328.554292678833,15.800193,52.381374
180.52610111236572,328.95059967041016,15.931379,53.409805
182.90372371673584,329.9527587890625,15.966616,54.5197
182.12124633789062,330.80627632141113,16.0793,54.546215
180.6045093536377,330.9713382720947,16.670254,55.542294
182.72386264801025,333.13017082214355,17.387266,57.07346
184.1665496826172,333.1044521331787,17.232697,57.039417
182.79131507873535,332.1359405517578,17.999966,58.689026
179.65279293060303,331.56086921691895,17.875246,59.335644
179.30213260650635,331.0452709197998,17.756636,59.874607
175.60525131225586,330.9795036315918,18.232368,61.143303
170.4280948638916,326.25602531433105,18.193996,61.86974
165.4738712310791,321.15585136413574,18.271755,63.59937
166.08080291748047,317.96478271484375,18.906525,64.3006
164.56193161010742,314.02327728271484,19.062065,65.35675
162.43091201782227,314.10541915893555,19.13221,66.22773
159.84037113189697,312.69661712646484,19.95651,67.62727
159.42292404174805,312.3319091796875,19.754814,67.95534
157.99988460540771,312.9302978515625,20.579897,69.91737
159.96532154083252,313.6523971557617,20.324759,71.12131
162.33332347869873,311.43378829956055,21.257578,72.32873
166.52766799926758,312.32202911376953,21.319862,72.87253
171.3094186782837,313.4621124267578,21.296125,72.83168
172.8324737548828,309.0300102233887,22.120956,75.768776
177.5183744430542,305.1832084655762,22.343851,76.61826
179.3532133102417,301.98252868652344,22.684336,77.89436
192.33459854125977,303.1678810119629,23.096199,78.638115
207.54617881774902,297.7698097229004,22.9099,81.72646
206.65094757080078,280.25425720214844,23.35086,82.2742
202.94888496398926,281.7383041381836,25.340664,83.12596
185.64468002319336,282.9694633483887,24.411705,83.04426
176.80168628692627,278.5552558898926,24.94042,85.63505
174.16605949401855,280.1402778625488,25.60976,87.23086
168.19068050384521,287.56362533569336,24.383013,86.918495
154.85577487945557,289.42394638061523,24.995955,89.29844
150.55323123931885,293.9491271972656,26.538282,91.04607
149.56498908996582,296.62479400634766,26.568935,92.42136
149.85548782348633,299.8520736694336,26.00518,92.01958
154.88245582580566,302.53138732910156,26.344692,92.39766
153.744891166687,304.5123634338379,26.745615,91.88407
154.40552425384521,306.22876358032227,25.997423,91.73852
155.24173641204834,303.5706481933594,26.163393,92.04857
156.6483097076416,303.2584762573242,26.587032,91.385574
157.3226547241211,306.5418586730957,26.149841,92.33672
156.5528392791748,306.1209831237793,26.5396,91.197075
156.8114767074585,304.13380432128906,26.799898,91.20601
155.1584596633911,302.02391815185547,26.931402,91.735016
154.3112030029297,304.17487716674805,26.837036,91.40461
151.6696310043335,305.3268928527832,27.433626,91.929085
151.89869022369385,306.1041145324707,27.047728,92.14588
151.07447147369385,308.5643310546875,26.652296,92.16791
148.15943431854248,310.3457145690918,28.135065,91.80526
149.39739799499512,311.46697998046875,26.309727,90.491684
150.48005867004395,310.32104110717773,26.860744,91.37383
150.47586822509766,310.36069107055664,26.326736,90.74543
149.97897338867188,310.4562644958496,26.923965,91.55329
151.42008781433105,310.5946922302246,26.957905,91.08968
151.99232864379883,311.99094009399414,27.641823,92.0145
154.61598014831543,313.5626640319824,26.934513,91.275826
155.3372459411621,311.8631019592285,27.17289,91.6448
156.34656524658203,311.22286224365234,27.231934,91.47864
159.13689708709717,312.34764099121094,27.392145,91.577255
159.77727508544922,313.58935546875,26.534348,91.54855
159.61746788024902,313.89875411987305,26.566013,90.39782
161.96200561523438,312.1150360107422,26.838776,91.51347
164.394926071167,315.6900405883789,27.62444,92.07089
164.29015350341797,318.3390769958496,26.797775,91.908485
164.29514408111572,318.8361625671387,27.034803,91.20113
165.21121883392334,322.56243896484375,26.733202,92.64522
162.12847805023193,324.4495964050293,26.734377,91.6011
163.01529788970947,328.9488525390625,26.982328,92.208374
163.14917850494385,331.0476608276367,26.323835,91.69733
165.7051477432251,330.5562553405762,26.880232,91.68374
165.81693077087402,325.9330177307129,26.812595,92.91416
163.0059175491333,320.45672607421875,27.652075,91.99194
160.95098972320557,316.2542190551758,27.386442,93.15259
157.7873773574829,311.14697647094727,26.345137,91.54905
158.34065914154053,308.4305305480957,27.221605,91.93406
154.91612243652344,304.07312774658203,27.51764,91.86534
148.77671337127686,299.86541748046875,27.239603,91.8495
146.2336664199829,294.53297424316406,27.70027,92.62273
151.10640716552734,291.17689514160156,27.28415,92.535614
154.90701007843018,289.8917427062988,27.415335,91.54185
155.36737537384033,285.97947692871094,26.072805,91.93422
158.7389669418335,285.7223320007324,26.778337,91.740364
161.18519973754883,283.5443458557129,26.957283,92.590294
161.29426860809326,281.92346572875977,26.96821,91.71989
152.91440868377686,275.9910774230957,26.711863,91.31649
153.59220123291016,278.87398529052734,26.611359,92.68019
153.4548692703247,282.05553436279297,26.562353,91.49429
156.89801692962646,284.3655128479004,26.515688,92.792
156.67390632629395,284.4706344604492,27.203411,91.522736
153.52043342590332,285.3918685913086,27.128506,91.396286
152.38208103179932,287.9572219848633,26.96646,91.787796
149.909818649292,288.5179977416992,26.719593,91.08136
145.9866771697998,285.38739013671875,28.045277,92.69217
146.33132362365723,285.54372787475586,26.831966,91.27181
144.54461193084717,286.5427932739258,26.958887,92.06285
140.89947986602783,289.07494735717773,26.646215,92.28945
139.4038667678833,289.8716926574707,26.798452,91.144356
138.31299209594727,292.22750091552734,27.43676,92.098175
138.85973644256592,293.5873832702637,26.948221,91.21731
139.67712783813477,293.87686920166016,26.407722,90.50595
137.0974178314209,295.5480308532715,29.111912,91.940605
133.44376850128174,296.17153549194336,30.075903,91.85909
133.54482078552246,298.58797454833984,30.120686,92.14189
130.41558647155762,299.9856834411621,30.19382,91.66555
129.9144992828369,303.34203338623047,30.89082,92.954056
131.0028772354126,304.43443298339844,28.993422,91.48137
136.1564531326294,306.3035469055176,27.302359,92.40885
137.31344985961914,309.758731842041,26.638268,92.39422
138.09207725524902,310.80370330810547,25.90932,91.88905
137.12363815307617,309.2821731567383,25.831932,92.56241
137.7314682006836,309.68328857421875,25.738724,91.35489
138.42296600341797,310.1327896118164,25.137909,91.30318
138.00019454956055,308.6080513000488,26.127144,91.73438
135.80281352996826,310.45156478881836,25.436426,91.857216
135.81653499603271,311.2923812866211,25.486727,91.46115
136.09995937347412,308.5011749267578,25.598345,92.31079
136.53143119812012,310.3762435913086,24.712757,91.68271
137.43375205993652,311.273681640625,25.880878,92.21094
137.65386295318604,313.2525405883789,25.789152,92.46196
136.00344562530518,313.91157150268555,25.768026,91.25805
138.0579309463501,309.94701385498047,26.048597,92.42665
138.81394577026367,310.1337699890137,25.11184,90.84359
137.19525337219238,305.76990127563477,25.882076,92.69517
138.04019260406494,304.0684928894043,26.102324,92.40002
136.02953815460205,304.4441909790039,25.845846,92.051346
136.36916637420654,304.3544731140137,25.528803,91.24233
136.33214664459229,302.46742248535156,25.564344,92.21088
137.07908058166504,301.8638343811035,26.080944,91.98019
137.5625762939453,302.91307067871094,26.04004,92.56532
137.44970226287842,302.860050201416,26.059443,91.852394
138.02804279327393,304.11882400512695,26.154013,92.38418
140.24224376678467,304.93800354003906,26.136469,90.983246
141.5003147125244,302.60289001464844,26.636852,92.38048
142.33917713165283,303.66580963134766,27.173056,92.199646
141.31290817260742,305.198787689209,26.703773,91.99348
141.34063625335693,306.72522735595703,26.436617,92.20964
139.46850872039795,305.7922782897949,27.043283,91.70074
141.90932655334473,306.7972526550293,26.776196,92.60825
143.2455768585205,310.2895088195801,26.599987,92.32441
143.69389820098877,309.18495178222656,26.969824,91.51558
146.08043670654297,309.12342834472656,26.80371,91.62764
148.01926040649414,310.49219131469727,27.342583,93.30961
150.21612739562988,313.46831130981445,26.448391,91.546394
152.2440996170044,312.8328552246094,27.304647,92.17731
155.3394021987915,310.5388870239258,27.130201,92.80336
158.2544765472412,312.30456924438477,27.134693,92.62713
158.7366189956665,311.5328674316406,26.921125,91.66611
158.53072357177734,308.75919342041016,27.293243,92.45723
156.07296085357666,308.0216407775879,27.803022,92.06156
155.6906328201294,303.6990776062012,27.077002,92.13369
153.5908203125,301.0787048339844,27.074799,92.872574
149.95172882080078,303.333438873291,28.420898,91.82827
148.3518762588501,305.9564743041992,27.849592,91.956696
148.8941354751587,310.4155578613281,28.521254,92.35225
145.66563892364502,315.3551788330078,29.259878,92.58693
141.61012840270996,323.3990249633789,30.202885,91.83304
139.09593868255615,328.4473114013672,29.865389,91.84975
137.54140758514404,327.1138229370117,30.144648,91.29678
136.83254528045654,323.68486404418945,30.18841,91.54525
138.9460744857788,322.5636978149414,31.780611,91.214264
139.18927097320557,320.6186218261719,30.90135,90.9252
138.99863052368164,320.5237808227539,32.14428,90.797424
138.5181589126587,322.4413604736328,31.140104,91.58513
137.8486843109131,322.8349266052246,31.935978,90.72524
139.822998046875,324.02288818359375,32.818863,90.995026
141.38954734802246,329.56039810180664,33.27016,90.67361
143.41146087646484,329.3340873718262,32.267975,90.97297
144.28468704223633,330.7388458251953,33.358147,90.997635
149.63043403625488,334.6441192626953,31.29507,90.733
153.76755332946777,339.5943069458008,30.244541,90.4344
154.33826446533203,343.3549575805664,29.770279,90.952774
156.49779510498047,347.738956451416,28.520554,91.03054
156.38961219787598,351.8519592285156,28.718304,91.192825
152.61645793914795,358.20304107666016,28.923853,91.075806
149.29680061340332,361.3936996459961,28.058376,90.90752
146.8923625946045,360.46429443359375,28.401417,90.23308
139.8482904434204,360.79169845581055,29.365263,89.94338
135.36757278442383,362.71913146972656,30.958855,90.0542
129.392728805542,364.04735946655273,34.257496,89.86979
125.54271125793457,366.7247772216797,36.042583,89.7809
121.85313987731934,368.1569938659668,37.63799,90.163795
116.54048728942871,372.0444564819336,38.71648,88.97545
113.92646408081055,377.13256454467773,38.86062,89.76157
111.6755142211914,382.3325996398926,39.16565,89.42629
114.28267097473145,387.8660888671875,38.528515,89.208405
111.99458312988281,392.65759658813477,39.869583,88.77065
116.73345375061035,389.59928131103516,39.37112,89.673996
122.02606582641602,381.9647331237793,39.39469,89.810295
127.39473533630371,380.58534240722656,39.176945,90.09183
128.2690200805664,380.80920028686523,39.077026,90.06986
130.63353729248047,379.00127029418945,38.798035,90.6231
132.32590103149414,374.1734848022461,39.57395,90.34148
137.2198257446289,372.3121528625488,39.06714,90.4519
144.3970603942871,370.7947578430176,39.64791,91.16436
144.8788890838623,369.2426872253418,40.4193,90.59937
145.44334411621094,370.32896423339844,40.106888,91.24869
145.4087734222412,369.9464340209961,40.048527,91.04872
143.26376914978027,368.32704162597656,39.640446,90.75473
139.90817642211914,370.79046630859375,38.27192,91.23532
139.18159103393555,372.1719207763672,36.94291,91.82944
137.2278995513916,371.80078125,36.24319,92.66907
139.17057609558105,371.1271057128906,35.068592,93.277985
139.8264045715332,370.0127944946289,33.835884,92.79695
139.51001930236816,368.6564292907715,32.52075,93.71969
138.05693435668945,368.67980194091797,32.58239,93.92441
140.17420291900635,369.6826171875,31.57852,94.38185
141.2794313430786,369.6404838562012,30.859426,93.77308
143.70119953155518,368.6308250427246,30.106176,94.23426
146.49657726287842,368.252140045166,29.49679,93.48196
148.42907619476318,367.65722274780273,29.304735,93.77381
154.44180011749268,365.40113830566406,29.54711,94.260864
158.88147258758545,361.07748794555664,28.690577,94.697105
165.99601650238037,356.9199562072754,28.542482,94.60157
173.81514167785645,354.0364761352539,27.514187,94.06113
174.9874792098999,352.78901290893555,28.47069,93.9692
176.37739753723145,354.6825294494629,28.243298,93.61121
184.55233669281006,358.17269134521484,28.365038,94.26845
191.646559715271,363.78213119506836,27.983171,94.80482
192.65753841400146,372.9565086364746,27.192934,94.21192
188.96970462799072,381.0239486694336,27.837248,93.31355
188.68136405944824,389.26467514038086,27.374012,92.80421
190.9892454147339,391.66466522216797,28.513773,94.677475
198.83104419708252,386.15611267089844,28.076178,93.94626
208.01336193084717,379.7842330932617,27.693598,93.135056
214.8049192428589,376.11869049072266,27.597452,94.05504
220.32945442199707,377.7390556335449,27.53268,93.23705
225.35840225219727,378.54894638061523,28.169228,93.26717
231.71444511413574,375.86863708496094,28.237064,93.97589
238.95597648620605,371.53754806518555,28.369968,93.9743
247.6453161239624,371.06525802612305,28.012712,93.58218
253.25013732910156,370.99628829956055,28.175125,92.99186
260.978910446167,369.96112060546875,28.286823,93.476654
264.3056392669678,364.92044830322266,28.941654,94.45502
264.30755043029785,362.6940460205078,28.8961,93.76773
261.07621002197266,361.571590423584,28.809647,93.5606
259.4981441497803,356.4969711303711,29.846317,94.31186
257.6512231826782,354.78325271606445,28.716322,93.2257
252.33511924743652,355.42366790771484,28.11304,93.030075
244.7471113204956,354.6877021789551,28.912836,93.47343
239.60850620269775,356.2565727233887,28.91133,94.11648
233.9578676223755,356.60353088378906,28.273901,93.44394
230.04385089874268,353.5165786743164,28.93093,94.27461
225.7911787033081,351.08259201049805,28.420359,93.79395
221.4923038482666,349.98945236206055,28.066677,93.64469
218.91561222076416,352.37610626220703,27.806074,94.02435
217.96593189239502,351.60608673095703,26.67719,93.147705
216.80440711975098,351.0896873474121,26.64059,93.02665
214.7720947265625,353.57740783691406,26.79448,93.994995
215.0305118560791,355.99607849121094,26.670284,93.7144
215.27777671813965,356.1869239807129,26.423084,93.14777
215.4465847015381,354.70945739746094,26.562824,93.35179
216.1254653930664,357.83791732788086,26.343567,93.57786
215.72766971588135,357.2763671875,27.108656,93.54393
220.04871368408203,354.65380096435547,26.85289,93.55299
221.4133539199829,356.4190101623535,27.536177,94.591515
220.69859504699707,356.38237380981445,26.913708,93.812965
221.64880466461182,354.91834259033203,27.35864,93.74095
222.6030683517456,353.0366096496582,26.9844,94.3834
223.85402011871338,352.84496688842773,26.780302,93.31573
222.31710147857666,353.99295806884766,27.03491,94.00943
221.57406902313232,355.7194633483887,27.504877,93.73
220.54027938842773,354.4715766906738,27.568993,93.78512
221.63752841949463,352.51202392578125,27.718672,94.53479
223.24077796936035,352.92559814453125,27.738323,93.78383
222.07462215423584,353.6177215576172,27.399431,93.038605
223.1666088104248,352.08113861083984,27.83765,93.57002
223.5646047592163,352.0837707519531,27.971148,92.90619
226.08519840240479,350.7515335083008,29.108946,94.06244
230.399094581604,348.68201446533203,29.196684,93.90709
233.11427688598633,347.6126708984375,29.17733,93.671555
235.44027709960938,348.00457763671875,29.545532,93.63185
238.3725414276123,347.1490020751953,30.237812,93.32443
240.6749963760376,346.56016540527344,30.517729,94.20094
242.6600637435913,345.4520072937012,30.837435,93.64835
243.0081605911255,346.4147071838379,30.64437,93.71751
242.22712898254395,347.27742767333984,31.368114,93.4928
240.90270042419434,345.9635581970215,30.697987,93.58868
237.44151401519775,347.3854789733887,31.881773,93.894005
233.60739517211914,345.24581146240234,30.9114,94.12604
232.42289543151855,343.76646423339844,31.930058,93.512375
231.33712482452393,342.85937881469727,31.748281,93.497475
231.1256227493286,343.55129623413086,31.680075,93.462654
229.80606269836426,342.3992614746094,31.727627,93.92856
229.05841445922852,341.88411712646484,32.258446,94.34888
231.03921127319336,343.0218811035156,31.896812,93.85065
232.81239986419678,339.8771209716797,31.584948,94.04057
228.99438095092773,340.10427474975586,32.268776,94.202095
225.3050193786621,343.0389060974121,31.616753,93.62434
223.98468589782715,343.58065032958984,32.29793,94.378174
224.58598136901855,343.4636764526367,32.036457,93.881516
225.99153423309326,343.5868339538574,31.654154,93.996376
225.08656787872314,342.4004135131836,31.969961,93.58748
223.22720336914062,341.32452392578125,32.15413,93.94649
222.11071872711182,344.75490951538086,31.87187,93.81133
220.5893726348877,346.13282012939453,31.470318,93.840515
221.40736293792725,343.8544235229492,31.634584,94.09175
220.1501054763794,344.9151496887207,30.916113,93.66871
219.34880352020264,347.3705291748047,31.572626,95.17119
218.12556743621826,347.72034454345703,31.293497,94.02472
220.3608274459839,345.60872650146484,30.848246,94.21913
218.60140323638916,347.16418075561523,31.670301,94.28452
218.9955596923828,347.0953369140625,31.685822,93.90686
223.0191354751587,344.62185287475586,30.73422,93.84713
223.51088523864746,344.2289161682129,30.39069,93.504295
225.7927541732788,343.5365753173828,30.677248,93.77545
228.54128551483154,342.52069091796875,30.394785,93.45863
230.4449520111084,337.59778594970703,31.171467,95.125824
232.86478900909424,337.93529510498047,31.130224,93.95717
232.25313663482666,339.218994140625,31.583708,94.220825
231.6461353302002,340.08988189697266,31.07449,93.89139
230.98235893249512,339.40143966674805,32.294025,93.38381
231.50013256072998,336.86742401123047,31.635233,93.717316
231.88727474212646,335.33703994750977,31.800951,93.35691
230.97161960601807,332.84321212768555,31.420729,93.80149
228.73404121398926,330.27004623413086,31.887753,94.61483
227.8378620147705,330.5420799255371,31.059978,93.58611
226.89416217803955,330.06456756591797,31.235983,93.46649
227.02254676818848,330.70466232299805,31.756008,93.19926
225.33697986602783,330.90978240966797,31.065939,93.57535
226.11732482910156,331.6690368652344,30.84674,93.31981
225.51808834075928,332.4983100891113,30.249987,93.55314
226.4026517868042,333.00971603393555,31.119867,93.565636
226.91321849822998,333.96142959594727,30.65513,93.71888
225.94391441345215,331.5315284729004,30.92873,93.48196
228.99163436889648,329.13385009765625,30.859322,93.8736
233.2418327331543,327.1042594909668,30.642738,93.87917
233.75055408477783,325.14344787597656,30.925222,93.317764
233.87056827545166,322.46908950805664,30.802244,93.58732
235.03751373291016,321.2585792541504,31.105652,93.77375
231.45158290863037,320.06786727905273,31.244478,93.600655
230.84817504882812,321.0113754272461,30.036606,93.631516
228.12241458892822,318.87186431884766,31.162214,93.86987
226.00971126556396,316.72974014282227,31.591967,93.70779
224.26473331451416,315.9761085510254,31.593077,93.7989
224.14590454101562,314.2446937561035,30.849136,93.517784
220.68695735931396,316.0841178894043,30.59952,94.14805
217.7412395477295,320.496337890625,31.18143,94.74609
208.97189617156982,322.23283767700195,30.49653,93.777824
205.339186668396,324.56281661987305,30.99051,94.03219
202.27206420898438,326.5467109680176,31.13829,93.78254
198.7940969467163,327.71166229248047,30.281435,93.39174
197.22845649719238,330.55078887939453,30.993053,94.22714
193.43452644348145,332.31979751586914,30.668148,93.60264
193.05480575561523,334.45068740844727,29.988853,93.60497
192.66245460510254,335.3641548156738,30.123959,93.10255
192.2242727279663,336.4279022216797,30.678804,93.48486
192.58716869354248,336.88124084472656,30.4481,93.23297
194.27714920043945,334.1917839050293,29.722008,93.88131
193.49305152893066,330.53428649902344,30.590328,93.6519
196.56650161743164,329.94593811035156,30.72448,93.46022
197.13892269134521,325.0685806274414,31.251421,93.46536
199.0715847015381,323.8478698730469,30.306858,93.63905
201.7454013824463,321.3404998779297,30.300396,94.30199
203.94693279266357,317.29605865478516,30.176615,93.85025
204.8438606262207,316.86975860595703,30.742805,93.47464
205.66315937042236,312.4358940124512,30.456518,94.69225
207.6797275543213,310.729248046875,30.64738,93.55896
207.27713298797607,311.0069694519043,30.719873,92.49735
205.8305950164795,310.3323287963867,30.460392,93.1503
208.52726554870605,309.5377311706543,29.97852,93.07246
207.57995796203613,309.7843475341797,30.33685,92.8728
205.48425197601318,310.76709365844727,30.408434,93.42951
204.65479564666748,308.9744453430176,31.014688,93.832695
204.073992729187,307.8538513183594,31.080256,93.1514
200.7513723373413,305.97513580322266,31.09331,93.72856
198.87436389923096,303.6427230834961,30.900366,93.1788
199.60712814331055,299.5241012573242,31.110954,94.732544
198.20738220214844,300.2434730529785,30.46997,93.53257
198.7266082763672,300.31884002685547,30.902512,93.60652
198.38440418243408,299.57288360595703,30.245977,93.23686
195.56168937683105,299.8703269958496,31.303272,93.378
200.81193923950195,300.71535873413086,30.678596,94.01263
201.32601928710938,299.0349426269531,29.994324,93.589035
202.30163097381592,300.0401039123535,30.898691,93.4468
200.6807050704956,299.9941062927246,30.414392,93.29215
201.15443515777588,300.4297790527344,30.767393,93.29901
201.42057037353516,301.6647605895996,31.141464,93.26321
201.47177028656006,302.73131942749023,29.902925,93.677025
200.26021575927734,303.0923881530762,30.555069,93.33286
199.21246433258057,304.3218650817871,30.461378,93.09968
198.88637924194336,305.54754638671875,30.127617,93.41196
199.04302883148193,306.30493545532227,29.970705,93.22207
196.9052095413208,308.7454605102539,31.06684,93.43033
196.13361167907715,310.84690856933594,30.452091,93.64133
193.49600219726562,312.11841201782227,31.29126,93.708565
191.30411624908447,313.3357620239258,31.40219,93.49776
190.69590950012207,312.9756851196289,30.560253,93.01198
189.34198474884033,312.8350601196289,30.957159,92.960785
188.26833248138428,313.5590286254883,30.524477,93.169525
185.91541576385498,313.7019233703613,31.001245,93.05427
185.48239040374756,311.8519172668457,30.890429,93.72442
186.30989837646484,312.6709899902344,30.374954,93.88373
184.7345666885376,311.3345260620117,31.277266,93.638245
185.77800273895264,311.0877380371094,30.475183,93.616714
186.29741668701172,309.19834899902344,30.687958,93.13274
184.34521102905273,308.84427642822266,30.846077,93.462845
183.1107873916626,309.248104095459,30.366606,92.82426
184.7291784286499,307.81488037109375,30.057985,94.04942
185.57122898101807,308.6281318664551,30.63774,93.424
184.2488079071045,308.26620864868164,30.764317,92.758064
186.59661197662354,307.7485122680664,30.194517,92.799545
186.26214408874512,307.5285301208496,29.952076,92.59438
183.7983741760254,309.4607925415039,30.948708,93.275696
185.01910209655762,310.3953666687012,29.71825,92.58219
185.32803916931152,308.58148193359375,30.34171,93.430695
186.08397960662842,310.154598236084,29.995539,92.61663
185.94380855560303,310.8985176086426,30.14882,92.17977
187.35331058502197,310.4226188659668,29.331938,92.03771
187.45174407958984,309.70822525024414,29.287888,91.47422
186.18418502807617,309.273193359375,29.792519,91.33142
186.9688596725464,309.0883979797363,30.843287,91.376656
188.31159210205078,307.73464584350586,30.86351,91.01412
186.8825511932373,307.42792892456055,32.046482,90.889366
186.23166275024414,308.288387298584,32.603386,90.8158
185.9441738128662,307.98596954345703,32.810307,90.90346
183.42371940612793,308.48440170288086,34.05379,91.635414
181.6695156097412,313.0311698913574,34.20995,89.53144
181.61354637145996,313.0922508239746,34.840687,91.6957
180.08707427978516,310.85020446777344,35.637833,90.66623
179.9855136871338,311.41077041625977,35.609936,90.057625
179.2507438659668,313.0047187805176,36.353218,90.634056
180.05667304992676,310.47705078125,36.35844,89.25241
181.79059219360352,310.6928901672363,36.430824,90.78953
181.72357940673828,309.632080078125,34.72856,90.094376
184.38522148132324,305.71718978881836,34.637226,93.74798
186.54335975646973,304.1865921020508,32.164852,91.13435
186.65877628326416,305.1105651855469,31.332624,89.995804
189.8702163696289,306.22692489624023,30.93689,89.81037
193.2361946105957,304.5223731994629,30.904594,87.93644
195.77207946777344,305.93821716308594,33.235596,91.37436
199.84452056884766,310.961971282959,34.585403,91.52805
203.7610626220703,312.7381401062012,35.561615,94.86048
206.08478355407715,313.11486053466797,38.920002,93.568344
207.35063362121582,318.2945098876953,42.045437,92.46222
208.16943740844727,319.5124168395996,45.97753,90.033
212.11366271972656,321.7253837585449,45.94452,90.47126
212.99250411987305,323.795166015625,47.42991,90.42453
214.48561477661133,324.89354705810547,48.0599,91.15532
216.53545761108398,327.1333236694336,46.947914,90.43962
214.4028491973877,329.8612174987793,47.929592,89.93168
215.72425270080566,330.19410705566406,45.09239,89.1759
215.5356674194336,329.86205291748047,42.798294,89.88524
216.6663646697998,332.214168548584,41.07889,89.35902
215.9697208404541,332.4031105041504,39.266003,89.29226
216.2672004699707,330.65661239624023,39.852898,88.83857
215.71568870544434,335.5863265991211,37.337605,89.39882
216.78650093078613,338.257022857666,38.011745,89.69048
217.48840522766113,335.93527603149414,39.924007,92.13448
218.88068389892578,338.1522407531738,41.026382,92.031
218.1102695465088,342.5476989746094,40.875866,90.45871
219.40520858764648,344.4456787109375,43.292274,89.09082
221.9404067993164,344.49183654785156,44.042038,88.493225
225.84259796142578,344.3708038330078,42.038254,87.6322
227.40756607055664,343.61895751953125,42.510857,88.889404
228.59008407592773,340.87199783325195,40.920998,89.33712
228.3627223968506,342.74573135375977,36.198826,88.42928
230.5711612701416,344.76255798339844,33.865704,89.55293
232.76071166992188,344.6743392944336,32.166016,87.780136
234.0008430480957,343.64511489868164,30.583824,89.27924
234.0502233505249,344.3684883117676,30.464754,90.70602
233.94351291656494,345.563777923584,29.387358,88.90424
233.0828971862793,345.96141052246094,30.843086,87.16429
228.4447784423828,345.84196853637695,35.038452,87.64875
226.64251327514648,348.876522064209,39.35943,88.24558
224.27989959716797,349.36169052124023,43.55403,86.45742
222.4769058227539,349.90956115722656,46.35585,85.97963
221.55331993103027,348.87438201904297,49.69692,88.07901
222.8002586364746,347.6779594421387,49.4188,88.63384
222.7829704284668,350.2871742248535,51.043587,89.77845
225.49222946166992,349.0362968444824,49.027534,89.33944
229.7377986907959,346.48889923095703,45.716938,89.37128
232.4394588470459,345.6456718444824,45.38384,91.21905
234.91899871826172,345.6160430908203,41.284073,90.618
237.16856956481934,345.4969177246094,38.264698,89.55867
239.92162704467773,346.30872344970703,35.11228,92.56354
241.67481422424316,350.1982955932617,32.844387,90.73715
241.52573013305664,353.27709197998047,33.277596,90.64043
242.8092041015625,352.62537384033203,35.621902,92.763306
244.5062427520752,356.7994194030762,36.55955,92.15896
244.19701766967773,361.26347732543945,37.209923,92.90855
245.22522163391113,360.7741508483887,40.834484,92.508415
251.5263671875,359.1294822692871,40.785812,92.935326
254.79587364196777,359.09091567993164,43.64072,91.32734
259.49456214904785,357.601749420166,43.23184,91.706856
265.08759689331055,357.1686248779297,44.264366,92.6382
269.3675537109375,355.6674919128418,44.127945,93.86907
274.73192024230957,356.75243377685547,42.333843,93.30701
279.9396743774414,357.064697265625,41.42685,94.48161
290.27411460876465,355.5980339050293,36.74515,94.7026
297.5941963195801,358.4950408935547,34.27848,92.58031
308.2266273498535,359.8995819091797,31.884895,92.843
316.06862449645996,358.13999938964844,30.585392,93.964005
319.5923671722412,357.2734794616699,31.15549,91.7279
323.09172916412354,359.5411720275879,31.732496,91.74612
324.9035472869873,360.9323959350586,35.4883,90.9818
324.798885345459,358.6556854248047,40.324944,93.48778
323.87211418151855,361.1040802001953,43.71523,92.15794
322.63651847839355,362.12278747558594,48.17516,91.70293
322.7159118652344,360.4695281982422,51.863327,91.495316
326.06596183776855,361.8717384338379,52.251545,92.24674
331.13256645202637,364.2713966369629,50.791126,91.59486
331.44334411621094,364.1865692138672,52.28807,93.285416
332.5081844329834,366.3005065917969,51.733616,93.21306
334.61390495300293,367.28528213500977,49.988056,94.3364
339.5555992126465,363.86637115478516,46.35482,94.23361
341.6023349761963,362.4220085144043,44.764034,93.68496
347.344762802124,358.6723403930664,39.229008,94.30499
349.471830368042,355.8171730041504,35.22463,94.490974
347.69943618774414,355.41734313964844,33.048973,93.16461
345.64195823669434,353.704402923584,35.179432,94.57119
344.23258781433105,350.5840835571289,37.03931,94.431915
344.8160820007324,347.8075752258301,36.979225,94.703865
345.76762771606445,347.40374755859375,35.722343,94.098465
341.6888313293457,347.93395233154297,39.620674,94.94827
338.8724822998047,350.44940185546875,40.34764,92.54933
334.7474422454834,349.62024307250977,42.189,91.77967
333.76708030700684,345.2667045593262,44.31638,91.67855
332.5681915283203,345.9280242919922,43.111313,92.403244
329.4172077178955,342.3408508300781,42.92082,93.29112
328.6414203643799,337.80773544311523,42.214733,94.419304
329.4263610839844,335.61046600341797,38.285507,93.88309
330.8311367034912,330.29150390625,35.438328,93.216995
332.7404041290283,327.29370880126953,32.169353,92.15692
333.2566909790039,325.53453063964844,32.0829,94.560165
332.49734115600586,323.5291557312012,32.98829,94.62437
329.80995750427246,321.6476707458496,33.2728,94.14275
323.4553909301758,320.58717346191406,35.362717,94.376526
318.26038360595703,317.85497665405273,37.553146,93.01661
312.73584938049316,316.2346878051758,39.54034,92.721115
309.8977565765381,316.10485458374023,38.32062,91.331795
304.42669677734375,315.558406829834,39.00943,91.20728
305.7838897705078,311.89878845214844,35.731506,91.60672
303.96774101257324,308.9430465698242,36.69002,90.57851
301.91071701049805,306.62946701049805,37.261253,90.88131
300.0832214355469,304.32949447631836,39.142258,91.86321
298.72854232788086,301.18343353271484,42.80291,93.37067
297.0317802429199,301.9616012573242,45.362633,92.07248
298.8274555206299,301.48144912719727,43.269085,92.02598
302.09397315979004,299.47667694091797,40.83328,92.00424
303.1813564300537,298.958683013916,40.904667,94.48814
304.66388511657715,301.0778999328613,38.068577,94.264046
307.0958003997803,302.72686767578125,38.368504,84.7242
309.90681648254395,302.0525436401367,38.92828,77.49303
313.6859703063965,303.2896194458008,40.579918,66.6812
317.03235816955566,305.4355945587158,40.19192,57.95599
319.17356872558594,311.56333351135254,41.33568,57.605755
322.31982421875,313.339075088501,41.800507,55.865765
323.6852912902832,312.34812355041504,42.31907,58.951412
322.0926170349121,314.67406845092773,41.46482,60.700478
322.91161918640137,318.1047878265381,41.92528,61.700153
326.35572624206543,321.2620849609375,40.151264,95.50429
325.6558132171631,320.2241630554199,39.46491,97.254265
323.18534660339355,323.6377067565918,39.589863,96.33251
317.6668949127197,319.1837501525879,38.00427,95.39243
313.2759265899658,317.3683624267578,36.869946,96.62254
310.4316577911377,316.59949111938477,34.893444,97.185616
306.4475517272949,317.5143280029297,35.24688,95.62373
304.15753173828125,320.3520812988281,34.940094,96.35921
303.78407859802246,319.12635803222656,36.100117,96.17613
304.4241580963135,321.65316009521484,37.137157,95.286835
300.0363082885742,327.3124542236328,42.051743,95.68242
298.3252830505371,330.5585479736328,45.59098,96.918106
299.1794681549072,333.0190620422363,47.857433,94.65897
300.8599262237549,336.8840866088867,50.106686,93.955536
298.86545753479004,338.9007873535156,52.05772,93.94487
299.96447563171387,337.91004180908203,52.172062,94.586365
303.5208854675293,337.8237113952637,50.043648,94.952415
304.7530746459961,343.9852600097656,51.154404,94.48149
309.39178466796875,345.47429275512695,51.42444,95.86442
314.9331760406494,342.7910690307617,48.236767,95.5748
316.7236137390137,345.7572822570801,47.483467,95.798195
320.12654304504395,348.38845443725586,41.640255,95.629845
324.13255310058594,345.3606719970703,37.88275,96.97081
329.1232509613037,345.037353515625,35.842457,96.16258
332.8071460723877,347.47664642333984,36.34631,96.64398
333.38024520874023,347.1521224975586,37.96653,98.94873
336.130069732666,345.90592193603516,38.534843,99.97305
337.7131977081299,347.45873260498047,39.71847,100.52542
339.40600204467773,350.0752296447754,40.508095,99.85978
339.9541492462158,351.04994201660156,41.576138,97.90794
340.67479515075684,349.50252532958984,42.538227,98.21692
336.5819320678711,347.3677101135254,43.599075,97.347664
332.96521377563477,350.4217987060547,45.06475,96.60872
327.93261337280273,348.7612533569336,46.27555,97.95148
323.2566947937012,345.89309310913086,45.986336,100.435356
319.7549705505371,345.54471588134766,42.790993,100.26755
315.70407485961914,343.7566146850586,40.6827,100.966736
313.1811637878418,345.0518913269043,38.261116,101.41323
310.240026473999,345.49989318847656,35.688404,101.31233
309.92284965515137,343.2973861694336,33.64728,101.08539
306.32372093200684,344.48622131347656,35.18868,101.51088
304.70433807373047,346.74706649780273,34.915573,100.96633
300.50359535217285,349.8907012939453,37.904217,100.59062
298.80248832702637,349.5813331604004,40.441776,99.92768
298.4931297302246,348.44567489624023,42.490578,99.57104
299.0339832305908,349.781494140625,44.25726,97.909225
297.5745906829834,347.26062774658203,49.221485,97.74722
300.0230884552002,345.21410369873047,51.90304,97.45981
304.83299827575684,344.0439033508301,51.215717,97.92329
307.1683292388916,342.5957794189453,50.807354,97.4727
310.1080722808838,342.41101455688477,50.894726,98.72779
314.1528148651123,342.3437843322754,50.05756,98.58268
317.6324348449707,342.05902099609375,49.770134,99.02397
321.5830383300781,341.12843322753906,47.451996,99.43349
322.7934970855713,341.9056968688965,44.36067,99.782036
321.9447784423828,344.3453140258789,38.136536,98.96753
319.234037399292,344.8591728210449,35.79395,99.5129
316.62953758239746,345.33753967285156,35.602894,99.566086
311.0255661010742,347.746395111084,37.276108,100.79778
303.53735733032227,350.51726150512695,39.684288,101.22285
298.96245193481445,348.54114151000977,40.25451,102.68601
291.0903263092041,348.45333099365234,42.336468,103.280914
283.66378593444824,347.24109649658203,45.05234,102.57449
277.5350589752197,348.9644203186035,44.165447,100.25504
273.89829444885254,345.7994270324707,43.29582,100.66187
268.1598472595215,345.47071075439453,43.54548,100.12906
261.9601764678955,346.31301498413086,45.130245,101.1195
256.0317802429199,347.9002456665039,44.927498,102.978485
252.52274322509766,349.41395568847656,42.888046,102.52626
250.05506896972656,347.0777931213379,39.097717,103.39573
245.3360366821289,348.6299057006836,39.69026,103.3649
242.3431510925293,349.35108184814453,38.249214,103.57858
240.93987274169922,347.95871353149414,36.11815,104.05796
240.18344116210938,348.80123138427734,35.645233,103.59631
239.2722568511963,350.72127532958984,35.030865,102.48013
236.77498054504395,349.7301902770996,36.372036,102.969505
233.49129486083984,350.4343147277832,39.38411,102.49894
230.98012924194336,354.2174263000488,40.878944,100.02845
230.82374382019043,355.3440818786621,40.955753,98.11553
232.8055820465088,355.4773941040039,38.730114,97.82327
230.23427391052246,359.1410026550293,38.40877,97.6907
228.71572875976562,359.730712890625,40.25528,99.02321
226.4303493499756,358.4691505432129,43.599995,98.279305
222.48324394226074,362.1899948120117,44.17252,97.79498
211.87553596496582,367.0288887023926,51.32858,102.44065
210.55267524719238,369.1310348510742,40.884945,103.11835
208.29973030090332,371.5961265563965,38.503445,102.18606
207.59249305725098,374.5030632019043,37.68156,103.69451
208.4757423400879,376.47350692749023,34.51278,102.96313
207.4823112487793,375.86534881591797,35.332466,104.35669
204.97928428649902,375.98364639282227,36.933704,104.250374
202.2917308807373,377.6439552307129,37.44193,104.11869
200.7767162322998,376.33338928222656,39.14905,104.55412
201.48776245117188,375.29321670532227,39.86267,106.595314
201.39580917358398,374.9442596435547,41.127205,106.9984
202.70574569702148,375.85503005981445,42.358437,106.36213
203.7490997314453,375.62755966186523,44.36914,103.63213
207.0868320465088,375.60560607910156,46.907604,102.85075
210.16088104248047,374.9129066467285,48.54521,103.29569
215.01416397094727,374.63247299194336,49.464012,103.83379
220.3269271850586,375.1202850341797,48.69127,103.04527
225.95526123046875,373.43935775756836,45.42508,102.37972
232.28063774108887,371.4244918823242,42.92014,104.5419
237.58503913879395,372.8371925354004,41.765926,102.846016
242.5391082763672,372.40503311157227,38.41681,104.960884
248.69054222106934,372.6112861633301,34.79845,104.84638
252.3327865600586,371.89400482177734,33.81694,104.4433
254.8431396484375,373.0367660522461,34.422363,104.586945
256.3677501678467,373.2719078063965,34.97727,103.35439
256.58725357055664,371.9537811279297,37.9233,102.27394
256.97059440612793,368.60986328125,41.3606,102.71803
258.3452262878418,367.48361587524414,45.012154,102.909096
259.1723861694336,369.2337875366211,47.824753,100.849365
257.311243057251,367.6017646789551,52.70802,100.99995
258.37671852111816,369.25456619262695,54.057354,101.031715
260.49544525146484,371.9012031555176,53.46498,101.46046
263.04694175720215,369.6756057739258,52.52953,102.89844
260.8185329437256,371.2552680969238,53.67644,101.61619
260.43882179260254,373.44783782958984,52.42396,101.5961
260.0007743835449,371.45033264160156,49.4824,103.58406
258.22939682006836,371.2664451599121,46.89219,103.88256
256.9516086578369,372.6942672729492,43.36244,103.44333
257.6039810180664,375.01892471313477,40.355484,102.79429
254.89120292663574,374.56689453125,36.686954,103.804855
253.80904579162598,374.2571907043457,36.070812,104.04145
249.68879890441895,374.14424896240234,37.334072,104.842926
248.55522918701172,372.3059272766113,38.24547,106.42902
245.92451095581055,371.0990867614746,41.12046,106.44387
241.91283226013184,371.38609313964844,43.964314,105.65083
241.00462913513184,369.9510498046875,46.55306,105.41408
240.93605613708496,367.9285659790039,49.10909,103.74872
241.41200256347656,365.4342842102051,50.447723,104.77805
241.53561401367188,366.0717964172363,51.64917,104.63917
241.96420669555664,360.1127395629883,51.883385,105.69479
249.23395156860352,354.8131294250488,50.048424,105.60731
250.92600631713867,356.4305877685547,47.197548,105.00914
248.77132415771484,357.2802391052246,42.923965,104.95663
250.0612277984619,350.34619522094727,39.644115,106.723335
248.84077072143555,343.86040115356445,36.396217,106.191414
247.74696159362793,341.57532501220703,35.055058,106.198944
248.31406593322754,340.24459075927734,35.18278,106.35962
247.1285514831543,340.33862686157227,34.384254,104.45545
244.49677848815918,338.39653396606445,35.492954,105.291145
239.26429557800293,336.7832565307617,40.53095,103.75876
230.82478713989258,334.9868049621582,47.682182,104.219154
225.00233459472656,334.93867111206055,53.51465,102.68633
221.22756576538086,334.65432357788086,58.143745,102.61193
221.33551597595215,336.2953300476074,58.824116,102.38918
221.5831298828125,337.4524803161621,59.47873,102.310875
223.43123626708984,338.23973083496094,59.02565,102.72221
226.2004108428955,338.52391815185547,58.627865,102.41708
229.5689868927002,337.63552474975586,55.91653,102.70992
229.77330207824707,337.5016098022461,54.08917,102.26517
234.78933715820312,336.3266067504883,49.07724,103.28894
236.51458168029785,334.41167068481445,44.035442,104.68162
238.80889129638672,330.3925361633301,40.785934,105.700935
243.06167221069336,326.2794189453125,36.711678,105.909164
247.824369430542,326.13314056396484,36.0564,107.26764
247.7519702911377,324.72854232788086,36.65347,108.26833
250.3701686859131,324.35696029663086,37.440998,109.43365
253.70905685424805,326.5343589782715,39.41044,108.278496
258.8158378601074,326.4140930175781,40.476112,107.66972
261.31579780578613,326.2636833190918,45.151028,107.5765
264.1644229888916,328.02570724487305,49.824627,104.1303
269.68419456481934,327.61062240600586,51.817707,104.647514
276.0901851654053,328.7653045654297,52.963703,105.57854
278.12951278686523,331.0561180114746,52.733894,104.66183
283.19835090637207,332.3606986999512,50.623104,104.39086
286.75074768066406,331.0956382751465,50.06482,105.49386
294.9868640899658,327.3084945678711,45.86453,105.6427
298.08051109313965,327.7169418334961,40.37862,104.640686
300.9371910095215,324.80812072753906,34.634346,105.723434
302.4919738769531,327.01443099975586,32.37448,105.27776
301.18092346191406,326.5124740600586,31.81845,106.69046
298.7078113555908,326.93396759033203,34.53024,105.56998
296.5874309539795,328.47816467285156,35.62546,105.67998
292.4092617034912,329.78356170654297,40.043415,104.912415
286.9396266937256,328.84228134155273,45.7394,104.669914
283.4881534576416,328.0745162963867,50.8596,102.78308
279.9727840423584,327.65774154663086,55.162586,102.614586
276.8633689880371,327.6081352233887,58.74839,102.973076
278.25056076049805,326.68712615966797,59.899055,102.71005
278.9288749694824,326.04149627685547,60.604805,103.211395
278.20142364501953,325.1507759094238,60.602768,103.4394
278.05884552001953,323.74425888061523,57.481674,103.51272
279.48927116394043,322.24328994750977,54.522373,103.04795
278.0425319671631,320.7966003417969,50.888203,102.8401
278.8790454864502,321.77600479125977,46.86993,103.74909
279.37792778015137,324.19213485717773,39.879704,103.25927
281.09265327453613,323.89913177490234,38.327114,104.89841
282.67292976379395,324.0052490234375,39.801693,105.623764
281.1853885650635,322.54508209228516,43.33598,106.62073
281.3477592468262,324.6964683532715,39.403847,106.961876
282.90039253234863,327.1099052429199,37.36636,107.3323
282.76574516296387,328.1281318664551,39.999973,106.72608
281.263858795166,329.6918754577637,43.900352,107.56762
277.80810928344727,328.33674240112305,50.860283,105.37975
280.485408782959,324.2639694213867,52.480812,106.23648
282.7159061431885,329.22867584228516,52.053112,105.77017
283.8207492828369,333.3957176208496,53.656506,104.86907
288.0284767150879,331.65271759033203,50.846428,107.35959
292.89237213134766,331.9254379272461,49.24431,107.25159
298.34285163879395,333.0319709777832,44.27725,107.65113
302.57626152038574,335.68839263916016,41.21149,105.94336
303.0852470397949,338.064453125,37.52186,104.28386
301.2132263183594,341.41419219970703,35.684998,105.310425
300.25379753112793,340.55657958984375,33.662174,107.14885
296.9940013885498,339.575626373291,35.60294,106.8491
295.862756729126,339.5421943664551,37.387127,107.1612
292.8920783996582,340.7102966308594,39.633476,106.9951
290.4824638366699,341.42053604125977,42.504707,104.975624
283.9592399597168,345.08781814575195,46.898506,103.47526
276.1871089935303,348.2963066101074,53.180653,103.2915
270.1188545227051,352.56964111328125,57.762505,102.13304
266.1576175689697,353.0992889404297,61.68278,104.70393
264.48034858703613,355.51028060913086,62.53439,103.51885
262.10180473327637,359.25601959228516,62.419773,103.95203
259.23573112487793,363.8052406311035,60.325016,104.53602
260.00302505493164,364.89154052734375,57.10488,103.96077
262.8431873321533,362.9309425354004,52.8663,104.70228
264.9916572570801,364.22657775878906,46.795372,104.26659
267.82179832458496,362.73667907714844,43.144123,105.0641
269.9384765625,364.181095123291,39.487366,104.62922
269.00073623657227,359.58792877197266,37.93627,106.85806
270.12718391418457,362.306583404541,34.555325,102.90836
268.2414150238037,355.27121353149414,38.260242,110.253
270.95878410339355,352.69615936279297,38.89017,108.52701
271.7848873138428,352.24877166748047,43.531757,108.853546
268.9848175048828,350.7479782104492,48.93808,109.86514
271.0897331237793,352.16766357421875,52.035652,107.622574
266.63519287109375,354.9113883972168,57.603058,106.37389
267.09326362609863,353.8991508483887,57.78738,106.16323
272.3853416442871,353.06985092163086,58.308662,106.99966
273.0057678222656,354.19371795654297,57.77826,105.50055
276.6520233154297,356.9041061401367,55.92102,106.20508
276.27734565734863,356.43148040771484,53.308346,107.37921
278.1535053253174,355.10296630859375,48.60748,107.48045
280.81263732910156,355.5058898925781,41.016693,106.321915
280.19498443603516,353.77632904052734,37.6418,107.57892
276.98019790649414,352.73569107055664,33.826836,107.15516
273.64663314819336,353.2999725341797,32.917793,108.79799
269.0139217376709,354.7846908569336,33.988728,108.52908
263.8660144805908,353.66204833984375,37.755398,107.8495
257.3214530944824,354.47389221191406,43.27369,107.49153
249.5696620941162,355.3057060241699,51.32024,105.954124
243.3415241241455,357.16678619384766,57.898922,106.32471
240.59460639953613,359.0191116333008,61.157467,105.41376
243.72474670410156,356.86646270751953,61.48227,105.42581
246.4396800994873,357.12718200683594,63.28922,106.659744
254.81399154663086,357.13512802124023,64.06107,107.15038
262.55949211120605,357.5921859741211,61.105747,107.6427
266.73149490356445,357.6002998352051,59.815086,107.14387
274.309362411499,353.6887855529785,54.857014,106.348
281.4360637664795,355.4752769470215,50.194523,106.36135
287.23373222351074,355.3891792297363,45.27457,106.90998
289.3846912384033,356.4669876098633,41.120785,107.49048
289.81907653808594,355.8714408874512,37.70746,109.24438
289.07101821899414,356.7136421203613,35.807213,109.22767
289.39426040649414,356.65858459472656,35.89129,111.33147
288.4983081817627,357.20995330810547,36.640194,111.01688
285.234338760376,357.4386215209961,39.468212,110.0708
280.71895599365234,357.5221748352051,45.95259,110.176704
275.0830841064453,356.4485282897949,51.103333,107.98528
269.36485290527344,360.9954490661621,55.440735,106.73333
266.8878231048584,359.97176361083984,57.430347,107.058685
265.33524894714355,357.5236473083496,59.402042,107.18627
266.45723724365234,358.5007781982422,57.36064,106.84572
263.9072780609131,358.0330619812012,54.847675,107.77578
265.95392417907715,355.51879119873047,50.882984,107.0217
261.48020362854004,357.6147270202637,47.51356,107.64297
262.2131690979004,358.39746856689453,41.75451,107.339966
258.7585144042969,356.4806327819824,38.453186,108.48037
257.4097499847412,356.97356033325195,33.524097,109.15815
253.02822875976562,354.6854667663574,34.086426,109.43072
247.43507957458496,354.9613494873047,34.5396,110.84972
239.703275680542,355.51876068115234,36.623142,111.507904
229.51183319091797,358.1283149719238,41.282852,111.66877
219.56131553649902,359.8797912597656,48.613453,112.32277
214.44300651550293,359.10936737060547,53.029972,110.93228
210.89695930480957,362.6474380493164,56.067898,109.19803
207.20186805725098,363.4247932434082,58.605083,109.317116
204.7362232208252,364.83240127563477,57.870785,109.985664
201.3992691040039,365.3005180358887,57.94597,110.01171
200.1020107269287,363.8101387023926,56.139973,110.60847
196.59842109680176,362.28741455078125,55.8421,111.3203
197.40663719177246,361.7626647949219,48.93697,110.84776
192.7938632965088,360.95079040527344,45.96101,111.93559
189.8117332458496,361.8943099975586,40.3816,110.71396
186.0855255126953,360.7572593688965,35.642426,110.928246
180.92765045166016,359.5384292602539,37.423172,110.43921
175.4068260192871,359.2401237487793,38.143044,110.886925
166.90580940246582,358.8081474304199,39.79632,112.26598
162.7825698852539,356.85752868652344,41.800674,112.48082
157.56264114379883,354.8283996582031,44.53051,112.324295
156.09144973754883,354.86683654785156,45.331535,111.267715
146.67662811279297,352.3097839355469,51.780594,111.06886
141.37630081176758,352.7488441467285,57.277153,109.23722
137.1604518890381,351.2130432128906,63.48467,109.46944
134.55778312683105,349.44307708740234,63.629765,109.88385
134.03751754760742,350.40137481689453,63.565407,109.41434
131.1306915283203,350.17094802856445,64.51581,105.820564
131.48008728027344,351.25590896606445,60.524567,107.7949
129.9550018310547,351.17372131347656,60.787598,108.13484
129.87634086608887,349.38573455810547,57.845432,107.979675
131.47679138183594,350.47734451293945,53.738525,107.430275
129.66150665283203,351.1684799194336,52.232986,108.1597
128.1663360595703,352.3094940185547,48.12372,106.95863
125.96290016174316,353.5312194824219,37.892376,108.85478
123.74444770812988,352.75006103515625,36.67883,111.01613
121.8518123626709,350.9000816345215,34.497944,110.8016
118.7515811920166,352.3640556335449,35.0471,112.266045
118.34169387817383,353.1455078125,32.66201,110.99144
115.2483901977539,352.08068084716797,33.115128,112.10245
113.35757827758789,354.66000747680664,33.272423,107.99247
108.06532287597656,355.3919219970703,35.52951,109.95616
103.94057655334473,356.6294250488281,37.838238,109.11278
97.90962219238281,355.92282485961914,43.595154,111.404305
89.98641014099121,359.2817802429199,47.61907,109.50057
88.52539825439453,357.6964111328125,52.34053,112.35579
90.87479209899902,356.6982231140137,52.320942,112.42635
91.78786849975586,355.6529846191406,57.600594,114.03899
94.8481388092041,352.4442443847656,55.478374,111.89052
98.96316146850586,352.55348205566406,55.139076,111.56029
101.1972770690918,350.9497299194336,53.853127,112.10391
104.73626899719238,348.1108169555664,49.355312,113.50873
104.89975357055664,350.8496856689453,48.29473,108.68779
111.68642044067383,345.63528060913086,44.253685,109.161644
119.14155197143555,339.3383102416992,36.752266,111.96649
118.85540771484375,346.3926658630371,39.810974,108.90548
118.89689445495605,343.1717758178711,41.886295,110.77939
120.28817749023438,343.16758728027344,41.1875,110.93382
122.4019660949707,342.0181427001953,42.170982,113.84898
123.97655487060547,346.91563415527344,43.525345,108.95082
118.9586353302002,346.4660949707031,51.15658,111.0009
117.33572578430176,346.2837448120117,53.470882,110.84976
113.91560554504395,344.94710540771484,60.444332,113.09015
110.74977493286133,358.16032791137695,61.69335,103.59586
109.40409469604492,346.44436264038086,64.534096,116.066124
109.8926773071289,351.92086029052734,62.45076,106.86429
111.4804801940918,356.29251861572266,63.485054,101.79816
112.52394676208496,356.5660400390625,54.908497,101.79445
110.74094581604004,349.6832733154297,52.37129,107.56282
109.42210006713867,344.53004455566406,51.871376,110.07381
109.85481834411621,341.9708786010742,46.834248,111.21237
107.53591346740723,333.6246032714844,42.874493,116.991806
104.95675468444824,339.2820243835449,40.779514,111.14132
102.92203330993652,336.8369255065918,36.627186,110.65514
98.46199226379395,331.15185165405273,38.50262,115.33517
94.38982391357422,334.48218154907227,37.84047,113.77537
90.10346794128418,330.69518280029297,38.316868,115.90344
87.00371360778809,325.5033988952637,41.09389,117.48165
80.98630714416504,330.1430854797363,41.570812,112.95731
80.62366676330566,325.74932861328125,40.491314,117.6884
81.91777420043945,328.7134552001953,40.62365,114.291306
80.34454917907715,327.1619338989258,40.803333,117.07568
78.97243309020996,329.08399963378906,40.464436,114.67598
79.91250801086426,330.2271270751953,42.310177,113.384384
79.1629409790039,324.6256790161133,41.599808,116.46594
82.90482330322266,328.78045654296875,41.756516,111.801315
83.87553215026855,328.5849266052246,40.362644,111.305534
84.84945869445801,328.2131233215332,40.674374,114.839424
87.06858444213867,327.55958557128906,40.23197,113.04152
87.27544403076172,323.8022804260254,40.757645,111.40305
87.4769458770752,315.1016387939453,41.26672,119.34041
89.17192077636719,324.8936538696289,39.229004,112.00549
87.96932411193848,323.31515884399414,39.663677,113.40702
88.95937919616699,325.95368576049805,40.010838,110.06716
88.99464416503906,322.13470458984375,40.19098,111.47395
85.26556777954102,317.1425094604492,41.05892,112.06763
82.85488891601562,318.5622138977051,42.21823,115.31266
81.35793685913086,318.2855987548828,41.680367,116.89778
80.92464828491211,317.9577941894531,40.373573,113.8047
80.95243835449219,314.0292434692383,40.044495,115.47211
78.78482437133789,314.38594818115234,39.03939,113.89371
78.9694938659668,312.1671333312988,39.440712,113.80213
79.58777809143066,312.88818359375,39.452953,110.05626
76.95268440246582,308.5503120422363,42.21429,113.60642
75.3300724029541,307.9775199890137,44.863842,112.70724
75.4398365020752,305.21617889404297,41.693996,111.97516
72.7840747833252,304.6607131958008,39.771267,111.15021
70.46091270446777,306.3007164001465,39.808247,109.06005
67.8712158203125,305.7837944030762,41.149292,108.90685
65.74777793884277,306.6107406616211,41.99764,109.49283
63.396345138549805,307.37393951416016,42.173435,108.10361
62.06191825866699,307.8731880187988,44.326267,107.637764
58.85207939147949,309.37503814697266,44.909794,109.3873
57.0152530670166,311.6163864135742,44.22041,109.82269
54.956668853759766,313.0390815734863,44.358513,108.63593
53.8083381652832,313.93188858032227,44.953453,108.36939
52.66893768310547,313.74345779418945,44.421127,109.03614
52.53288269042969,314.9769172668457,43.33905,109.55558
51.1160774230957,313.63633728027344,41.75512,108.905685
54.580078125,309.44005584716797,41.701538,107.97418
55.47897148132324,307.85361099243164,43.104923,108.24897
56.90191650390625,305.61813735961914,43.069336,107.51545
57.24229431152344,304.1756057739258,42.31128,104.03238
58.913272857666016,301.5310173034668,41.673637,103.85064
60.15447235107422,299.29490661621094,42.122177,103.434525
61.152427673339844,295.37733459472656,41.73015,102.488174
62.305646896362305,291.8197593688965,42.42792,103.23202
62.08810997009277,290.5218696594238,42.259937,101.919716
62.82779502868652,289.62886810302734,40.921192,103.71054
63.36415481567383,285.2646255493164,40.94863,100.11017
63.04399299621582,284.11260986328125,40.284298,104.07713
62.34273910522461,286.8292121887207,39.995644,103.54392
61.85630989074707,286.89036560058594,40.39639,104.21361
61.98529052734375,285.19661712646484,39.33374,104.675476
59.9537239074707,285.91426849365234,38.722404,102.87872
59.83218193054199,287.381649017334,37.762913,102.69515
61.137765884399414,285.5075035095215,37.65623,105.23641
58.30344581604004,285.12658309936523,39.113934,101.79604
54.63612747192383,290.66086196899414,38.518974,102.91361
53.70146560668945,288.6222038269043,37.69735,102.330894
51.963279724121094,287.3572998046875,38.070267,102.41698
49.58827018737793,289.8132781982422,39.76325,101.744095
45.73380470275879,291.31188583374023,39.99763,100.22225
43.7298469543457,293.3487777709961,40.47399,101.10242
42.1589412689209,292.5977478027344,40.118702,99.82216
40.92061233520508,292.08880615234375,41.46673,101.51683
40.33397102355957,292.20490646362305,41.54455,102.10607
40.1114501953125,292.01862716674805,42.82718,101.59228
41.211856842041016,292.6964302062988,43.264244,102.88236
40.79480743408203,289.0572814941406,43.56874,102.38551
40.32880783081055,287.06282806396484,43.69111,103.07202
41.67760467529297,282.8498115539551,43.77568,102.84916
39.91379165649414,283.1586227416992,42.175316,104.03488
40.98641586303711,282.3183937072754,43.227608,102.81248
42.236572265625,278.2199478149414,41.854187,103.848114
42.25698280334473,278.36315536499023,41.171215,103.36974
43.0845832824707,277.64913177490234,41.612724,103.88281
42.44333267211914,276.2348213195801,40.79586,100.34394
42.360456466674805,273.6422538757324,42.496525,97.97042
42.19198036193848,272.01415634155273,41.648968,99.17773
42.27909278869629,270.0179634094238,42.157757,98.18272
44.82544708251953,266.9761276245117,40.648575,99.39661
45.457841873168945,265.6422882080078,38.777584,99.87532
44.99660301208496,266.14642333984375,37.821796,100.49904
44.04788398742676,264.76833724975586,38.525356,100.715416
43.29861640930176,262.61706161499023,37.803402,100.700035
40.295400619506836,263.3699378967285,37.9807,100.00486
41.57377815246582,262.3357353210449,37.63888,99.73089
