340.0,358.0,18,55
339.12137031555176,356.702917098999,17.729,54.92972
338.8637866973877,358.0217819213867,18.09808,54.66382
335.77935886383057,359.7810115814209,20.539106,54.845142
332.0195665359497,359.2571907043457,22.878897,54.58474
331.63851737976074,358.9156093597412,23.991657,54.162907
325.24378967285156,359.4905242919922,29.718765,53.803192
321.58359146118164,358.498592376709,31.925697,53.771004
319.79268169403076,356.5737056732178,31.684427,53.79691
317.6949586868286,356.582275390625,28.755667,53.98825
316.6347894668579,357.3049850463867,26.70178,53.61386
315.59590911865234,358.2607593536377,24.772171,53.63464
315.7082929611206,358.36468505859375,20.59083,53.364883
313.07807636260986,358.16197776794434,18.235449,54.628757
312.90496730804443,361.4077911376953,16.372316,54.5343
312.5438928604126,361.33165168762207,16.040571,55.40144
310.8903183937073,362.00140380859375,15.941348,54.980774
307.39439582824707,363.9810047149658,17.337627,55.209194
302.4418478012085,365.4760856628418,20.634417,54.763756
298.76643562316895,366.06530570983887,24.92976,54.3373
296.5301523208618,366.1792621612549,28.812239,53.989666
295.8591089248657,367.76329612731934,30.987028,53.58298
295.1062812805176,369.3063716888428,32.39286,52.631214
295.04647064208984,370.75584411621094,32.249756,52.57225
295.9042139053345,372.166654586792,31.991667,51.740604
295.6954507827759,371.8244171142578,30.81822,52.20244
294.6646919250488,372.6687469482422,29.625496,52.20508
294.9519376754761,373.78470039367676,26.927668,52.481655
295.80835247039795,374.56593894958496,23.208399,52.293766
296.52449321746826,375.5939140319824,20.323816,52.718086
297.2087116241455,376.588098526001,17.240261,53.30116
296.9260663986206,377.0553855895996,16.012476,53.922142
295.81261444091797,378.26722717285156,15.133484,54.675262
296.4389262199402,378.0627841949463,15.941987,54.764538
296.9425630569458,378.94457817077637,16.323812,54.02976
293.47290325164795,379.2105484008789,19.947275,54.000427
291.5418529510498,378.3800621032715,23.262043,54.515236
289.83996295928955,378.14097785949707,26.87554,54.621365
290.51340198516846,379.0922031402588,27.945974,54.649944
290.8704423904419,379.78927993774414,28.404028,53.506996
288.45938301086426,377.84836196899414,29.006603,53.726524
289.38273429870605,377.35416984558105,27.668842,53.219654
288.4651851654053,378.0642433166504,28.1946,53.21914
290.38075828552246,376.24814796447754,24.132923,53.168728
291.4864854812622,376.7298927307129,21.741842,52.35862
290.6645669937134,376.1847915649414,19.86778,52.669876
291.11205673217773,376.1117362976074,17.530022,52.75022
292.2351188659668,376.45544624328613,16.11776,53.74432
291.50829219818115,375.79126930236816,15.553759,53.40666
292.1418390274048,375.9811191558838,15.407072,53.69575
290.7001733779907,375.4697856903076,16.976118,53.152805
287.66755867004395,374.680700302124,20.134335,53.17075
285.91332817077637,376.0973873138428,24.361088,52.91367
282.1974811553955,377.35872650146484,27.73663,52.455414
280.319091796875,377.4030456542969,29.955444,52.165726
279.71015071868896,378.16222381591797,31.710878,51.877655
279.80899715423584,379.30212593078613,31.747469,51.46426
279.83097076416016,380.07353019714355,31.848648,51.574787
280.0487461090088,380.78209686279297,31.031216,51.761
280.2626552581787,381.7603168487549,28.686466,51.952374
279.7830390930176,382.46557998657227,26.178062,51.886787
280.8297510147095,384.8609275817871,22.733015,52.125465
280.04641246795654,385.58529472351074,19.720072,52.410496
279.9277181625366,386.451452255249,16.9368,53.076817
278.31205558776855,387.72486686706543,15.944141,54.19417
276.4851551055908,387.47985649108887,15.792309,53.804432
274.9691638946533,386.45192527770996,16.164776,53.56313
273.045503616333,385.4808826446533,16.739025,53.89387
270.648699760437,384.7105369567871,19.603983,54.020683
267.40044116973877,382.7020149230957,23.686346,53.970512
263.62135124206543,380.93591117858887,26.390308,53.360477
261.8321781158447,379.5307197570801,29.669033,53.27059
264.8494644165039,378.8706684112549,28.603241,52.323315
263.87147998809814,375.4035949707031,29.173834,53.177322
264.71927070617676,374.20225715637207,28.621426,52.808544
263.57494163513184,372.2381172180176,26.819904,52.839317
264.29887294769287,371.889123916626,24.29561,52.738186
263.57842445373535,370.6796188354492,23.102718,52.31128
263.71520805358887,370.11010360717773,21.120579,52.789497
265.136342048645,369.73050117492676,18.425634,52.548016
265.5519104003906,370.09375381469727,16.902252,52.838814
265.3971166610718,371.03521156311035,16.769777,53.380733
265.2254180908203,372.27215576171875,16.084793,54.030884
265.051061630249,373.7610664367676,16.100193,53.777077
263.05687522888184,373.5051898956299,17.118519,52.917767
258.75782585144043,372.62354850769043,20.437199,53.058292
254.52092170715332,371.7733860015869,24.236889,52.594463
252.5981559753418,369.60276794433594,27.17112,52.45868
250.72174453735352,368.7471675872803,28.329643,51.672916
249.55442142486572,369.06324768066406,30.104445,51.768234
248.73104286193848,370.354154586792,30.172726,51.80205
247.16225624084473,369.06654357910156,29.932186,51.916916
246.9268503189087,369.60102462768555,29.046843,52.134132
247.79729461669922,369.2977638244629,27.664734,51.91546
247.8686981201172,367.6048126220703,24.99147,52.226242
246.8074312210083,365.9488468170166,22.42066,52.613857
247.02751636505127,366.4916286468506,20.1771,52.030247
247.88544178009033,365.6882724761963,18.03272,51.925564
248.6586570739746,364.1691017150879,16.278297,52.673714
248.04328632354736,363.2924995422363,15.907782,52.84063
248.52519273757935,363.82902908325195,15.658599,53.62397
247.34249925613403,364.47362518310547,15.469329,53.37097
246.03835105895996,364.3264808654785,17.117222,53.165382
241.41963958740234,363.0907459259033,20.65239,53.137234
238.96730995178223,361.4943389892578,22.745068,53.43477
238.48422050476074,362.68590354919434,23.182285,53.076237
236.16798782348633,364.26920890808105,25.077858,52.631916
235.45629405975342,363.08346366882324,24.603922,52.563206
236.29585075378418,363.8800621032715,24.265476,53.11329
236.5082540512085,365.4579486846924,23.766619,53.18153
236.1375551223755,364.0993480682373,21.564703,53.53841
237.57565212249756,362.9752960205078,20.66002,53.272263
238.6545877456665,361.4588794708252,19.767378,52.361248
241.21968460083008,360.83248710632324,18.957863,52.29926
246.48665046691895,358.8747787475586,16.248959,51.809677
248.9896001815796,352.3384380340576,15.820253,52.72153
252.2077760696411,349.42881965637207,14.611441,52.084103
250.67657470703125,348.98177337646484,14.401611,51.952805
250.36442375183105,350.0788917541504,14.784214,52.796455
249.75674486160278,350.0953559875488,15.751388,52.302162
248.53197956085205,348.91179847717285,17.578268,51.848614
248.27554512023926,349.2384948730469,20.532314,51.637024
248.63875198364258,350.28158950805664,22.625984,51.38546
249.9147071838379,351.8398017883301,24.025826,50.96238
251.24334907531738,351.442174911499,26.186504,51.062916
252.23358535766602,351.8452377319336,26.19944,50.890793
255.03360843658447,351.2046642303467,25.207838,50.447575
256.20054054260254,351.48155212402344,24.717968,50.681488
257.74717807769775,350.4973430633545,23.52159,50.651188
257.57929134368896,351.2254638671875,24.114733,51.47357
257.08167934417725,351.7596130371094,22.1057,51.35727
259.1053810119629,352.7076053619385,20.70356,51.674465
259.91089057922363,351.67088890075684,19.24937,51.65514
260.93670749664307,352.83875274658203,18.397673,51.788177
262.17445945739746,352.8974132537842,17.273518,52.189808
263.4386510848999,351.65949058532715,16.35518,52.201893
262.444447517395,348.8043670654297,16.501104,52.99498
262.3544635772705,348.61809158325195,16.123348,52.290916
261.7972459793091,347.56443977355957,16.460196,52.572628
262.7832336425781,346.87616539001465,16.695831,52.422306
261.7641897201538,345.51184844970703,17.12787,52.02841
260.3114957809448,345.84571838378906,19.043543,52.417282
256.7941150665283,346.4405975341797,21.237743,52.222412
255.1478681564331,347.133996963501,21.694254,51.919247
255.17175769805908,347.98767471313477,21.29708,51.965935
257.34620666503906,347.9568500518799,19.926254,52.34184
258.6704149246216,347.3173027038574,19.843863,52.481865
258.6877899169922,349.21973419189453,19.86084,52.55159
257.72483825683594,352.7226505279541,19.411774,53.251186
257.0743227005005,356.1294536590576,17.8702,52.240757
254.13565731048584,356.31799125671387,17.644548,51.832615
252.33908653259277,356.5185832977295,16.510273,51.004612
247.94082927703857,357.32755851745605,16.544771,51.183903
245.95516920089722,358.64740562438965,15.479455,50.89226
243.6656346321106,357.78935050964355,15.697509,50.859653
242.9828372001648,356.68233489990234,14.97532,51.39157
242.54670476913452,356.451717376709,15.328191,51.67756
242.30909204483032,356.5656051635742,15.760554,53.01628
241.2196388244629,356.05187606811523,16.34739,52.7994
238.17291259765625,356.87401962280273,18.578674,53.670006
234.30743408203125,357.90989685058594,22.332062,54.30751
231.89811515808105,359.00084686279297,24.831867,54.444733
228.9593152999878,359.6574993133545,26.320765,55.055973
228.12570095062256,360.02164459228516,28.324144,55.436615
227.3120059967041,357.8586711883545,28.963924,56.101337
227.12622833251953,359.35583114624023,29.084,56.57418
225.533052444458,360.0928897857666,29.61221,58.21626
225.06864166259766,357.8014030456543,28.94754,58.887123
225.12073135375977,355.78365898132324,28.610817,60.440586
223.40135383605957,354.0607433319092,26.861172,61.188618
223.85120296478271,353.41010665893555,22.052095,62.94538
221.51053619384766,350.4634704589844,24.305405,63.757004
221.86502647399902,347.64263916015625,22.66315,64.675934
218.85170364379883,343.74692153930664,22.123253,66.44317
219.11194038391113,342.6914176940918,19.744122,67.19907
217.71644401550293,343.0503807067871,19.034412,67.76145
215.27606010437012,343.6489562988281,18.89095,69.38704
212.4794683456421,341.7741470336914,20.068743,70.61348
213.42175960540771,340.6508255004883,22.19861,70.83284
209.9570951461792,340.6228713989258,24.972406,71.5229
204.30738830566406,341.14009857177734,31.350159,72.56755
201.06971740722656,344.43763732910156,34.664963,73.85742
200.4248046875,345.17958068847656,36.710175,74.03255
199.32179641723633,344.6454620361328,37.87745,76.11908
199.3504180908203,344.380672454834,37.894028,76.726875
199.38418006896973,343.7695121765137,36.490795,78.131584
198.14397811889648,345.7654457092285,35.99009,79.3334
198.6290225982666,346.83442306518555,32.06097,80.62827
196.76490783691406,346.45492935180664,28.17633,81.906136
195.25037002563477,345.536075592041,27.680626,81.89832
192.57692623138428,344.87376403808594,26.49225,83.78761
189.96940326690674,346.16761016845703,26.4195,85.76659
187.4175033569336,347.14426040649414,25.246857,87.6018
184.33507251739502,345.0264434814453,26.562017,89.65329
181.72284984588623,344.9697685241699,29.616068,90.531075
178.5222511291504,348.57018280029297,32.61239,91.94522
172.84415435791016,351.9505424499512,39.7209,93.18954
166.2760238647461,351.6859321594238,45.70137,93.2035
163.1281032562256,353.6320343017578,50.74016,91.84523
160.77881813049316,352.7676010131836,53.204082,93.301575
159.7780532836914,351.2674102783203,55.60466,97.30653
159.73788833618164,352.7192916870117,56.628014,99.65762
159.62399864196777,356.3573989868164,56.703907,101.00055
159.58766174316406,354.9699478149414,54.824493,101.901764
159.1205768585205,357.51265716552734,55.0426,101.08536
160.36402320861816,358.2112579345703,50.33189,104.99916
159.50578689575195,361.67277908325195,35.666496,106.84211
156.45725440979004,360.7840232849121,44.8029,109.32229
151.2109088897705,358.63190841674805,41.982906,112.438835
149.82483673095703,359.8597640991211,40.82933,114.32446
146.59418487548828,364.3215637207031,40.610245,116.35164
145.47323608398438,362.692684173584,41.6369,116.580345
143.34206199645996,361.6458854675293,44.816975,116.15499
135.6189365386963,362.35936737060547,55.680614,119.07709
126.32607460021973,363.57003021240234,63.318005,120.02106
119.08723068237305,357.3329772949219,71.70185,121.8683
115.16401290893555,353.94351959228516,74.619514,123.46887
111.99253845214844,352.4012870788574,79.50067,124.45568
115.49226760864258,346.35820388793945,81.37899,125.996956
119.66532135009766,337.7931594848633,81.00969,128.08444
127.04687118530273,336.7864761352539,77.66132,128.46057
136.16489601135254,336.3390426635742,43.377605,129.24014
145.22294235229492,335.1168670654297,41.234474,138.38503
155.65805435180664,333.92830657958984,58.938805,136.37146
167.3484115600586,325.5688934326172,47.407394,142.95055
177.97590255737305,320.01373291015625,45.53852,142.38255
185.87681198120117,318.28863525390625,42.860603,151.64952
192.61830139160156,324.50447845458984,45.60663,152.46884
193.5856704711914,330.00377655029297,56.519547,154.12784
189.57757568359375,332.55186462402344,68.532196,155.78651
183.1482925415039,335.4225311279297,82.547775,154.18709
185.47373962402344,336.2792053222656,93.80444,157.1689
183.68664169311523,339.7123718261719,101.55094,160.95296
185.45227813720703,341.94358825683594,102.15657,159.7415
191.09374237060547,346.85726165771484,105.86986,161.49277
193.47235488891602,352.33113861083984,106.93862,163.25491
199.35110092163086,352.9730758666992,100.87882,166.46194
209.3129005432129,354.3719940185547,93.71322,169.12346
216.68695068359375,357.36354064941406,79.13895,173.0147
225.98323822021484,358.1938934326172,64.876724,178.34288
232.98307418823242,360.2963409423828,65.87702,182.55309
241.5786247253418,355.50240325927734,57.25132,186.25815
241.24224472045898,345.858154296875,54.883644,191.13655
239.60625457763672,338.6863784790039,55.681503,200.43524
232.118070602417,327.85218811035156,56.10642,201.13402
222.6154441833496,317.83492279052734,64.78806,201.06976
212.63517379760742,307.9670104980469,73.57984,202.69652
210.89450454711914,297.87193298339844,80.6722,199.38887
209.25435256958008,290.93267822265625,92.21325,194.8054
205.0889892578125,284.00305938720703,99.504974,194.35208
211.38796997070312,288.62449645996094,103.45871,194.11195
213.70167541503906,281.8678741455078,98.732666,198.06227
220.83415985107422,274.23912048339844,96.85033,198.88295
232.3881721496582,281.9195785522461,82.8576,193.13074
242.84385299682617,289.9315185546875,76.06562,191.06541
247.18278121948242,285.69127655029297,66.5843,194.26575
254.5655345916748,279.1315612792969,59.85248,195.14943
265.42377853393555,279.86827087402344,56.136604,197.02751
266.8148384094238,286.1369323730469,54.624107,197.40419
269.5867576599121,288.3053970336914,56.389015,198.15683
269.99659156799316,292.4817199707031,61.79884,197.89494
260.749755859375,294.1053466796875,74.78424,196.29424
252.41669082641602,298.55006408691406,87.1856,195.03944
244.49576950073242,300.45580291748047,97.21751,192.31372
232.6069793701172,294.9537124633789,108.78116,192.12741
231.4458122253418,294.1810836791992,113.26719,188.15314
227.93210983276367,293.74613189697266,114.39573,187.31003
224.63127517700195,288.38531494140625,116.26711,188.4456
226.28248596191406,279.8558654785156,110.677216,193.73753
228.35256576538086,280.9301223754883,104.26032,195.99106
234.77202606201172,281.91869354248047,96.05263,190.82849
243.3139190673828,278.6777038574219,83.794464,192.0194
256.31461334228516,282.3589782714844,74.83629,194.10179
265.3589286804199,276.7437210083008,60.663124,195.00668
272.409122467041,266.4355926513672,54.80108,196.22044
275.1086826324463,263.07960510253906,53.644848,199.79463
280.0875301361084,255.69532775878906,53.532764,199.53862
287.58885955810547,248.91175079345703,56.57094,200.55417
286.57203674316406,242.3178482055664,62.997955,201.5997
276.19528579711914,247.1360092163086,76.99035,198.38794
272.40380859375,256.1587600708008,85.98047,196.19107
271.2078552246094,259.4514617919922,94.971924,193.78621
276.2488479614258,260.32909393310547,98.75603,192.72113
279.4364776611328,264.6564483642578,100.03818,194.89833
286.4178886413574,267.66954803466797,93.16367,196.09521
288.58387756347656,263.4425277709961,86.17844,196.26007
297.4640350341797,262.0615234375,77.120575,194.55443
300.1889114379883,259.8167190551758,68.44133,191.74527
297.52656745910645,261.9679718017578,59.82272,191.68227
289.2167720794678,264.6409606933594,57.195362,192.10365
282.6350517272949,265.2687072753906,55.139503,194.59355
276.2262554168701,265.22239685058594,56.909702,196.15236
273.5682373046875,262.57923889160156,61.1969,194.69255
263.73809814453125,257.74962615966797,67.98355,193.11362
257.13817977905273,256.60906982421875,75.45463,191.54024
231.08055877685547,257.095947265625,96.18126,190.93385
230.16051864624023,264.47276306152344,97.350746,186.76237
224.7943878173828,267.2981872558594,105.148315,183.88704
222.44928359985352,268.0225067138672,111.85738,183.30534
221.3271255493164,272.5242919921875,113.3268,183.06685
226.66284942626953,268.34957122802734,108.3824,184.41574
230.62153244018555,267.5682678222656,107.4726,188.52235
236.37781524658203,268.00513458251953,90.376236,188.94818
241.1941261291504,269.0009231567383,74.78756,188.23535
239.38668060302734,260.9994354248047,74.00432,190.03749
238.78037643432617,258.0922088623047,64.186714,190.79115
235.805326461792,255.28140258789062,54.470127,187.29869
242.46975135803223,259.20843505859375,54.556774,189.74467
247.88168907165527,261.89876556396484,54.40752,194.32596
257.284029006958,271.62145233154297,54.248104,188.88882
259.17082595825195,272.29638671875,58.224693,193.2606
260.81263732910156,273.2501754760742,64.538086,196.71088
252.61642456054688,281.8454132080078,81.54758,193.7549
259.1879577636719,296.4472961425781,86.30673,196.00078
264.7377166748047,314.4726104736328,90.401306,193.90596
269.2856864929199,319.4850845336914,90.53803,193.4224
279.81777572631836,320.0521469116211,85.84745,197.45007
286.1060600280762,327.57421112060547,79.87745,193.43341
288.5899085998535,336.54122161865234,74.91134,192.75952
292.86895751953125,338.7735595703125,69.40018,189.16508
297.58837890625,341.8441696166992,59.18985,188.3988
299.5082149505615,345.0435104370117,55.60268,186.74188
299.07588386535645,347.6881866455078,56.6517,185.8408
299.90943908691406,347.69112396240234,57.39267,190.01575
300.0075855255127,354.8431701660156,59.09579,191.48235
293.02225494384766,362.9629440307617,64.79799,188.03839
276.76512908935547,365.7954330444336,81.34126,188.7273
260.2975425720215,368.02381134033203,98.26496,184.75839
252.4460105895996,372.1230239868164,107.47535,184.676
248.66125869750977,375.03871154785156,112.578545,184.35402
246.94783782958984,384.76659393310547,112.747635,182.146
245.2223777770996,395.9216079711914,115.34901,176.24588
246.5104751586914,392.0731964111328,115.949936,181.64333
258.85704803466797,389.23702239990234,104.72414,178.79883
259.97021484375,386.45294189453125,96.88867,180.49901
262.9820747375488,380.6225814819336,89.355675,176.85925
263.1940231323242,375.2446517944336,79.169266,179.82
267.6343307495117,366.20133209228516,67.301346,181.90338
267.51221656799316,361.8459701538086,59.68986,182.44626
267.31861305236816,356.24915313720703,58.72874,185.47168
272.4949893951416,346.54105377197266,54.183727,186.79633
276.92588233947754,341.1980438232422,53.86305,189.8882
272.0925407409668,340.10813903808594,61.36857,188.9441
268.05677795410156,340.3379898071289,67.36713,187.7998
265.19459533691406,346.74964904785156,73.349976,185.11894
261.86944580078125,346.4914245605469,78.93997,187.25099
259.79894256591797,350.6200256347656,83.265366,185.27046
262.8094902038574,352.81597900390625,85.60017,188.57979
262.81161880493164,359.90234375,84.21096,184.33766
267.70185470581055,361.27950286865234,80.84846,183.73032
263.7102394104004,371.7782516479492,81.322655,181.048
268.07965087890625,374.23433685302734,65.81363,177.27023
261.7790069580078,374.9906311035156,66.7359,171.96812
262.9352569580078,378.55045318603516,60.83548,159.51889
255.88332748413086,370.3531494140625,57.20835,178.76714
264.660924911499,412.6107635498047,45.354267,134.74562
261.7755470275879,411.70775604248047,45.511864,136.23615
259.7923583984375,420.4234313964844,46.9021,128.95427
260.3959445953369,410.66839599609375,54.01933,131.84734
261.1230163574219,407.1908645629883,57.228363,118.406555
275.3049621582031,406.0658187866211,53.3519,134.68655
253.76458358764648,404.3072700500488,78.646034,118.74668
267.0467529296875,391.36408615112305,75.8902,123.96514
270.4054145812988,418.9114570617676,88.0451,100.01392
296.85757064819336,338.4465637207031,54.451973,162.89778
297.65760040283203,335.32176971435547,65.66298,171.86874
314.04462242126465,337.60716247558594,58.622272,173.17867
328.8752632141113,343.7076187133789,81.27856,173.79794
346.55405616760254,340.3701705932617,55.403637,174.24045
366.88719749450684,340.7700729370117,53.402027,181.6847
385.8682041168213,348.0172882080078,59.110363,182.57076
395.01171684265137,349.8875198364258,54.47385,184.78717
404.8297595977783,349.5766143798828,53.27795,183.97823
417.0662250518799,344.8975296020508,51.433865,185.82758
434.42225456237793,339.7208786010742,44.980106,186.32932
445.40297508239746,336.3682098388672,37.620533,178.6194
445.4076175689697,342.5437545776367,35.34303,169.76837
439.05323791503906,349.35294342041016,41.720245,167.69382
448.425500869751,353.7073516845703,35.091045,165.6491
444.3599319458008,352.30821228027344,37.121933,164.08376
447.36089515686035,348.2858581542969,37.698833,165.05507
446.63213539123535,353.7778091430664,36.073376,167.06262
442.8705463409424,353.91600799560547,37.23602,167.96143
435.73873710632324,349.9259033203125,44.66849,171.74098
430.91344451904297,349.7934875488281,48.650925,174.37486
420.0174808502197,350.648193359375,55.849804,177.45638
402.89427185058594,353.5708694458008,55.104248,179.82022
390.330171585083,356.55841064453125,53.55737,179.38335
376.71434020996094,353.18072509765625,52.856445,180.10216
361.7448539733887,354.8661117553711,53.655037,183.01733
349.2589683532715,357.7401657104492,54.420906,181.44
334.2508430480957,355.3897018432617,62.82653,183.35522
316.939208984375,357.2587661743164,72.68622,181.79446
296.36204528808594,364.5870819091797,89.98157,179.50307
288.9022674560547,362.2294464111328,98.24011,178.81783
283.4973907470703,361.7814712524414,103.40808,176.97672
278.6849594116211,365.5592269897461,103.791794,174.46112
275.2288627624512,366.35152435302734,105.942085,173.7826
275.2536087036133,364.9412841796875,105.18434,174.40111
274.51416397094727,362.25567626953125,97.311424,175.77892
271.7216796875,365.40771484375,90.96646,174.84483
271.62683868408203,366.4856872558594,80.6393,176.94731
275.996337890625,369.68689727783203,67.77054,177.68912
276.86944007873535,369.7438430786133,58.67451,180.51685
278.6228675842285,370.6401672363281,52.44198,181.01302
278.77308654785156,374.3030090332031,48.623688,182.55168
278.3425121307373,376.7383728027344,47.972263,183.11028
280.710018157959,378.1215286254883,49.208687,182.59055
276.63354682922363,379.7894973754883,55.211483,182.69821
267.1000175476074,378.1390838623047,66.04252,181.2069
272.4347915649414,379.67479705810547,65.732254,181.66614
263.31470108032227,381.7998733520508,79.07104,180.00385
271.0189323425293,377.54930114746094,77.029884,179.28044
267.4882164001465,371.24208068847656,84.169106,177.24702
272.5766372680664,366.25467681884766,78.107254,178.89005
274.09057998657227,363.36907958984375,77.237144,178.42967
279.65079498291016,360.56371307373047,56.919296,172.16418
279.202974319458,359.29893493652344,61.865047,174.73225
283.0144634246826,356.7227478027344,56.49277,175.68938
284.43700218200684,349.24537658691406,51.92342,177.87578
281.58566665649414,348.03099822998047,50.727104,176.04376
279.98777198791504,347.94818115234375,50.310772,179.15474
278.550012588501,344.8310241699219,50.424755,180.64745
281.0815849304199,343.9798583984375,48.692177,176.32368
268.22497940063477,344.4836120605469,62.383232,178.95888
273.30873680114746,355.24815368652344,56.515614,177.64046
267.875545501709,365.16259002685547,65.31541,172.97577
264.63438415527344,371.53270721435547,71.71222,169.56137
245.30580520629883,372.14288330078125,91.9049,166.18825
261.23517990112305,372.27420806884766,76.63892,166.16882
240.00433731079102,375.33300018310547,99.43444,164.1091
251.8521957397461,369.5683898925781,80.35603,167.00594
250.9797134399414,359.6312561035156,75.026505,168.73961
254.72254753112793,350.8921890258789,61.715397,171.05414
253.73072624206543,348.43829345703125,58.376713,175.53123
251.7464599609375,348.0713195800781,54.84738,176.95692
252.1229705810547,342.7863311767578,50.90692,181.04277
248.50283241271973,345.36695861816406,49.50398,179.39021
243.03346633911133,347.13414001464844,50.17095,180.0413
238.68179512023926,345.74639892578125,50.258694,182.8106
234.33856010437012,348.2261734008789,52.616703,179.97058
228.53193473815918,349.28125762939453,56.75501,180.19965
220.21765518188477,341.3428955078125,66.606895,179.16228
211.55449676513672,328.1830291748047,74.96245,180.95665
213.282470703125,319.3376159667969,75.76315,178.65242
220.61067581176758,309.2377166748047,78.01214,175.89894
230.10021591186523,299.0897903442383,82.67661,177.43094
245.1770477294922,287.8360366821289,79.74884,176.74594
259.51211166381836,271.6815643310547,68.669655,175.47368
279.4434566497803,257.1178970336914,53.973255,174.95117
291.0006694793701,247.15367889404297,59.00034,175.57034
300.30106925964355,247.91024017333984,52.85819,173.6607
302.7874355316162,250.76499938964844,52.495197,176.62709
307.603063583374,252.31568908691406,52.003468,176.6263
308.04275131225586,257.1803970336914,48.51493,180.47778
308.3617858886719,261.1279525756836,50.021576,181.61932
301.5385570526123,264.4669647216797,56.049564,178.86397
293.0266647338867,271.6233673095703,65.495926,179.18187
281.1511688232422,283.7345199584961,78.55151,176.06195
275.4404525756836,289.5682144165039,88.33565,174.48373
272.97769927978516,286.05142974853516,93.7664,173.9404
276.0369987487793,287.16490173339844,94.15867,172.18141
281.6414680480957,289.4080581665039,96.538414,170.26004
290.2433738708496,282.5090866088867,94.18073,170.65985
293.5664939880371,281.3899383544922,92.33674,171.46388
301.18381118774414,279.8269805908203,80.70995,172.2032
307.0498237609863,283.88512420654297,74.4681,170.38022
308.85655212402344,280.9646224975586,64.29407,170.89108
314.4286403656006,285.0447540283203,59.514637,171.51869
319.58766746520996,289.19847869873047,53.0891,173.3198
329.73652267456055,286.8891830444336,51.678963,175.41037
341.118444442749,284.35924530029297,50.561024,176.10034
351.8332862854004,283.3311233520508,51.473076,175.59079
359.9068965911865,280.67420196533203,53.992085,174.75351
361.7146167755127,282.5429992675781,61.49911,172.40666
366.2408027648926,284.8286819458008,66.078606,171.64316
363.0262641906738,283.1169967651367,77.08297,170.1276
369.1526222229004,286.20824432373047,77.111046,166.89594
375.9364356994629,294.20899200439453,76.672295,167.86597
370.53558349609375,297.4169692993164,80.4335,165.23367
367.3004264831543,295.3970260620117,68.667336,167.29288
371.9069652557373,301.78050994873047,55.852573,169.14029
372.90282821655273,302.76966094970703,64.719215,169.53864
378.83569526672363,307.8844299316406,58.473568,170.20457
388.0537109375,315.8071060180664,48.0903,169.2052
397.7039108276367,316.9626922607422,48.483902,172.36134
402.2965793609619,314.3148880004883,47.668774,174.59833
403.39925956726074,318.2654495239258,49.145817,176.22638
407.04796981811523,326.2704162597656,50.485146,171.73802
405.10813903808594,326.53709411621094,60.22592,171.74635
395.20851135253906,323.40269470214844,74.17331,168.49403
389.20106506347656,319.91687774658203,81.752045,168.31256
375.50114822387695,320.84374237060547,89.54833,164.28647
356.0482521057129,324.50213623046875,90.15392,159.3427
340.12506103515625,332.84862518310547,91.68402,157.10559
326.47156524658203,339.1406707763672,95.93996,157.54274
309.9599380493164,309.7437438964844,88.18111,181.9009
304.9995231628418,316.0617141723633,82.441475,173.83801
293.60604095458984,326.2271499633789,74.82762,166.78058
280.50785064697266,340.27244567871094,68.34596,160.88646
271.814697265625,307.30689239501953,60.934998,200.20798
269.0388946533203,349.82733154296875,49.935333,164.47826
264.30489921569824,352.33702087402344,46.271366,166.0276
264.46244049072266,355.13255310058594,47.6075,174.27592
254.13317489624023,358.958740234375,47.72608,174.5689
253.08612823486328,362.34716796875,52.623184,174.32744
257.6575679779053,369.84046173095703,53.647205,166.69449
253.10154342651367,364.7441864013672,62.67771,167.02669
260.3600959777832,357.05352783203125,68.4002,166.49135
260.5657958984375,334.4159469604492,75.50806,166.56812
254.1598014831543,322.7568893432617,77.363594,165.76303
240.34411239624023,317.89896392822266,80.30927,167.3667
226.002685546875,311.62589263916016,75.49991,167.52972
211.51112747192383,309.2718048095703,67.42916,167.12239
213.9153652191162,307.6825485229492,58.165516,165.08948
216.40513801574707,295.13954162597656,53.95361,165.89714
220.39357376098633,289.4397888183594,53.853477,166.28542
229.3952465057373,285.40274810791016,49.939243,167.68845
232.34741592407227,279.55628967285156,50.225365,169.80727
245.45096588134766,272.2582092285156,48.178482,171.00566
253.73687553405762,264.91973876953125,56.29642,170.21138
264.7940483093262,258.4873733520508,63.896065,169.16672
269.6564064025879,252.6579818725586,70.82375,165.93036
269.4883918762207,249.97428131103516,83.10027,166.09439
279.47664642333984,257.49259185791016,90.629074,163.68503
285.9281578063965,258.53621673583984,95.01792,163.00558
293.85788345336914,262.4043731689453,93.551476,161.13377
301.50328826904297,273.1466293334961,90.85295,160.96451
299.8927879333496,278.0335998535156,91.236916,162.82137
302.1557273864746,287.1543884277344,82.95582,164.1487
309.4300537109375,291.10302734375,74.83197,164.70592
312.1457824707031,287.69488525390625,69.55878,165.22054
313.0628204345703,288.6383590698242,65.62387,162.82413
314.20241928100586,289.9712829589844,53.91694,166.40273
323.2415027618408,280.32173919677734,45.13104,170.73843
340.0011730194092,275.33036041259766,44.30097,166.87872
348.5429878234863,270.23866271972656,41.362175,168.93846
359.65530014038086,273.1939239501953,45.394447,171.31966
369.30536460876465,269.86822509765625,51.160206,171.38167
377.28632736206055,270.94075775146484,55.90107,170.41504
382.88476943969727,278.2735900878906,63.336327,171.4362
390.6766166687012,277.67581939697266,67.68253,168.81512
407.7514839172363,272.1764450073242,62.806053,165.0722
423.6255702972412,272.01805877685547,55.758747,163.531
432.5567798614502,273.8641052246094,47.12057,153.56181
440.1792984008789,272.46759033203125,39.591568,156.29811
447.01726722717285,273.6819305419922,35.102245,156.82158
451.9608669281006,277.9910430908203,28.12331,159.29408
450.70784282684326,277.6773147583008,31.005732,164.94525
448.0903091430664,284.63402557373047,34.42891,157.50165
441.17247009277344,282.7095489501953,40.38916,163.16698
441.7537250518799,293.72679138183594,40.62591,164.37303
435.6790142059326,293.19738006591797,44.547703,168.03973
428.9567070007324,295.62691497802734,49.87873,167.30795
418.77064323425293,302.2790756225586,57.79288,165.71286
402.52740478515625,299.8922653198242,62.343933,165.96887
390.8854751586914,307.81956481933594,64.88472,167.30922
372.9221305847168,315.4375991821289,68.89237,164.56232
355.06351470947266,316.64805603027344,74.48686,163.2895
349.4727478027344,322.12506103515625,70.37341,162.5891
335.79670333862305,324.6810760498047,74.674385,161.94691
323.2895202636719,322.0195999145508,78.58664,162.83557
324.71610260009766,323.15277099609375,70.01601,162.65465
318.3472900390625,324.9884490966797,68.36539,161.8329
316.10445976257324,327.7980728149414,56.96201,160.90155
313.9191131591797,331.25145721435547,55.64731,160.9336
309.8887748718262,334.79219818115234,51.281258,163.08633
309.35192489624023,336.9682312011719,47.67942,162.07677
308.87788581848145,333.1095886230469,48.7774,165.86308
306.23907470703125,326.1248550415039,48.929993,164.01837
303.570369720459,325.2548141479492,49.73829,161.4162
306.60124015808105,324.0769271850586,52.932835,163.92441
306.4993953704834,315.8802947998047,51.577473,167.17824
305.6311340332031,310.18335723876953,55.32434,165.05139
302.90614891052246,309.0802688598633,56.434956,164.1156
295.14595794677734,310.30530548095703,59.033768,163.18271
293.83591651916504,314.11573028564453,55.91096,164.6372
285.33948707580566,310.36805725097656,58.14137,163.78755
282.7854347229004,307.35286712646484,52.13256,155.46182
274.66088485717773,310.46209716796875,49.561317,152.74718
261.09760093688965,315.30879974365234,48.885944,153.59128
250.83926582336426,317.08170318603516,49.764034,157.81906
242.0704860687256,318.798583984375,47.342243,158.11296
227.2136688232422,311.60877227783203,48.707275,158.58313
217.3165283203125,309.8860549926758,47.800873,160.53134
205.5447235107422,314.13023376464844,47.990112,164.91023
190.9892978668213,307.5701217651367,47.057568,162.64725
182.2464656829834,301.29785919189453,47.71892,164.06155
172.50628662109375,304.34693908691406,51.542297,156.54945
154.23283576965332,305.60425567626953,59.607204,154.15756
138.8662567138672,304.9339141845703,71.61478,159.03499
126.97122955322266,307.82234954833984,77.40633,155.07703
123.42681884765625,307.9036407470703,76.16034,158.1717
116.53178405761719,303.73804473876953,80.19824,156.86908
115.64405822753906,307.20518493652344,73.022644,150.56407
106.50232696533203,303.4740676879883,74.004135,153.50415
108.38323211669922,299.6886215209961,66.77913,155.4653
104.05279922485352,300.38191986083984,67.2882,154.99786
101.64129638671875,295.99700927734375,59.106476,151.91841
99.30768203735352,296.36795806884766,59.219994,154.8475
97.79812240600586,302.0594024658203,55.991676,154.79976
102.36514663696289,302.34849548339844,49.869194,160.85323
103.63008117675781,306.95389556884766,47.18741,157.87979
109.02069473266602,310.6910934448242,47.05889,158.7858
114.66609954833984,314.2260208129883,44.830795,157.15195
120.14003944396973,314.7871856689453,47.931713,160.5471
121.55407524108887,315.1615219116211,52.172916,159.34546
123.43018341064453,315.57141876220703,60.256058,160.34589
130.0762538909912,313.0409851074219,60.2372,161.66396
138.16355895996094,314.1978454589844,59.838562,162.16127
143.45014572143555,313.2898635864258,61.12211,162.47873
150.60585403442383,303.24766540527344,58.961845,168.6126
154.19771766662598,306.7174530029297,55.190228,164.41582
159.33718872070312,306.39432525634766,53.81308,164.31082
162.70634269714355,302.33194732666016,51.02625,159.28827
162.52652549743652,303.36534881591797,48.582264,157.56274
163.73094177246094,299.84496307373047,49.936188,157.25601
164.328763961792,298.3489685058594,51.770237,157.34618
166.1357936859131,296.0422134399414,52.527027,161.7313
165.79853057861328,292.9671936035156,52.155136,161.01411
168.69428825378418,294.49234771728516,58.59006,159.49625
169.9495029449463,294.7848663330078,60.121777,158.87935
166.4640769958496,295.0573501586914,65.90931,157.63052
167.75439834594727,299.4598693847656,68.29714,157.04066
164.31294631958008,301.0285186767578,73.95043,155.43706
163.77987670898438,301.7352828979492,82.915375,152.45969
168.13063049316406,307.1491470336914,81.50998,153.27475
174.43269729614258,307.7142639160156,77.34539,149.6874
180.96852493286133,304.8155517578125,77.072716,151.97563
189.81578063964844,306.7196350097656,66.292206,151.66032
195.70108604431152,310.11483001708984,62.75881,150.50522
198.5592975616455,311.80223083496094,58.136868,151.95576
202.25692558288574,308.3850326538086,52.6319,155.1618
205.710111618042,309.60892486572266,50.33997,156.48022
207.56004905700684,315.734130859375,50.771046,158.79814
208.20960426330566,320.90260314941406,51.35719,157.41615
207.9438419342041,318.55047607421875,52.748943,158.80128
208.673490524292,318.75787353515625,55.708195,158.76826
210.13350677490234,321.99400329589844,58.16771,156.26619
209.46041107177734,327.6503448486328,59.268356,158.42778
207.6419162750244,326.51844024658203,59.664776,158.55878
205.95544815063477,328.0723342895508,63.300957,155.54974
210.41630172729492,334.6191940307617,61.087013,156.03903
212.31460762023926,335.8647003173828,63.956112,156.6541
215.4843692779541,332.0647430419922,60.1038,152.34935
218.25546073913574,330.62091064453125,56.208073,150.99266
223.52370071411133,332.06312561035156,52.557884,147.10445
227.11455535888672,329.45984649658203,47.24916,146.05801
231.30438995361328,317.5532760620117,45.898636,151.6278
234.81776809692383,312.20569610595703,45.11422,150.41922
239.34326171875,308.7024459838867,45.271545,153.27933
243.57641220092773,307.9672317504883,46.9495,154.98709
235.90098571777344,311.9647903442383,55.040863,155.62604
238.65933227539062,309.9402542114258,57.979797,152.50891
230.3650894165039,307.9579315185547,71.913345,152.87923
227.07320022583008,311.9381790161133,76.36648,153.15839
225.01791381835938,316.1773376464844,81.35809,152.54106
224.32665634155273,316.3164596557617,82.48991,153.24847
223.90625,310.30870056152344,83.17996,156.06847
229.8537139892578,310.7990036010742,80.64325,153.71829
230.6709976196289,315.70035552978516,74.3217,150.24261
232.45425033569336,310.9210510253906,67.2414,148.45183
232.3572654724121,304.16771697998047,63.721138,145.3143
232.97286796569824,306.95670318603516,56.387608,145.97446
230.6843967437744,308.85778045654297,53.9745,148.75842
233.08942031860352,299.12516021728516,48.15194,155.79285
235.17969703674316,302.58243560791016,48.424664,153.25711
238.202730178833,300.7179412841797,48.498623,159.53609
245.7685089111328,300.91766357421875,50.505524,161.08614
251.7731590270996,306.2793197631836,48.33381,157.77832
252.05023574829102,311.52696990966797,53.598656,159.21552
260.1383857727051,311.9345245361328,56.632774,160.6404
268.9969711303711,306.8378372192383,58.911453,159.52057
281.19420623779297,303.19312286376953,59.94319,158.91757
289.54286003112793,295.99363708496094,60.911533,161.77992
301.8710136413574,286.1438446044922,61.54734,170.70647
309.01184463500977,288.72235107421875,57.522026,162.61049
317.70559310913086,285.0145797729492,57.364143,160.49716
324.6460304260254,297.74849700927734,49.282677,149.78088
326.36714363098145,299.6224822998047,44.674923,144.91478
331.3828773498535,305.0470733642578,40.61544,137.72603
333.030611038208,302.41141510009766,40.660122,135.11462
334.9547290802002,299.95653533935547,40.574398,132.12585
328.07298469543457,294.4775695800781,47.235928,142.5472
321.53293228149414,286.83349609375,46.77642,152.87892
313.63908767700195,281.5424041748047,49.0429,153.92363
301.7667694091797,278.2091827392578,59.980286,155.42274
287.88390731811523,282.51914978027344,67.98521,150.76949
279.62181854248047,274.80196380615234,72.43898,150.84805
271.45569610595703,269.84765625,77.382675,149.80489
265.3867607116699,278.5064697265625,78.404396,145.89311
258.50250244140625,281.3246536254883,78.93442,145.53223
258.681697845459,270.83387756347656,78.30009,147.23506
261.05971908569336,268.4712600708008,74.02561,149.86642
257.98511505126953,276.1160583496094,71.15663,147.67683
257.9442672729492,271.5400085449219,67.61995,150.69734
258.7492027282715,278.41087341308594,59.052284,146.40782
260.9028263092041,282.87579345703125,52.557873,147.07753
263.5969886779785,282.9851531982422,49.289055,148.92824
266.3216953277588,282.15608978271484,43.937237,148.81949
265.26094818115234,287.96533203125,43.02516,149.57402
263.5405216217041,297.7433547973633,40.79484,147.98279
263.01960945129395,299.21954345703125,41.069363,151.6686
261.17885398864746,303.1276626586914,44.291126,147.83282
261.2765712738037,305.51805114746094,46.181446,148.87291
253.6091594696045,313.32569122314453,54.522434,146.99265
252.67364692687988,316.4009246826172,57.496456,143.97078
254.1747169494629,314.89452362060547,60.057182,141.0116
256.18283462524414,308.67520904541016,58.81997,146.30057
250.35704612731934,308.4889221191406,62.50661,145.94856
255.11703872680664,304.3162307739258,57.61007,143.70932
261.7819004058838,294.4489212036133,49.47288,147.54105
261.0123538970947,296.4389114379883,49.291393,143.68799
263.0680351257324,285.9398727416992,47.371376,145.56845
262.8706474304199,287.3711471557617,46.14997,139.62332
264.6605930328369,287.38758087158203,43.28172,140.61978
267.4752731323242,286.07019805908203,39.110397,140.62256
265.45092010498047,280.6557922363281,42.756058,147.79204
266.58208084106445,275.1240234375,44.22155,146.55794
267.85200119018555,271.74320220947266,46.714333,147.75848
262.28481101989746,277.2633285522461,51.87029,145.73392
253.51116943359375,280.9406280517578,59.742645,145.65425
254.33581352233887,273.64768981933594,63.524784,148.53981
255.34183883666992,268.38098907470703,69.30668,148.99069
261.37438201904297,263.8819580078125,66.88307,145.18538
263.00818634033203,267.7644577026367,70.07225,143.14786
274.726526260376,270.45652770996094,62.699017,145.0688
272.1531562805176,269.5161819458008,65.76696,143.53421
275.0330047607422,260.7827911376953,61.115356,143.57124
281.752534866333,256.6163558959961,55.984676,143.54578
281.168758392334,256.5332336425781,55.897316,141.66035
285.63943099975586,262.0014343261719,47.853127,137.98012
290.6847343444824,264.9513168334961,43.243843,143.58499
295.20677757263184,269.2049789428711,36.935963,143.48843
301.48212814331055,267.0863800048828,36.114326,147.2148
292.8890609741211,260.5593795776367,37.486343,145.53506
275.05688858032227,265.4977569580078,40.609337,141.66716
259.6368579864502,276.97438049316406,40.25738,144.82573
248.76554679870605,283.5583267211914,40.013462,142.61237
247.84570503234863,277.61116790771484,39.210476,147.0542
233.0240707397461,278.15755462646484,39.949905,145.47748
220.62093925476074,281.0945281982422,42.500004,146.14107
207.10673332214355,268.0938720703125,44.00794,153.45525
200.15832710266113,284.12481689453125,45.290127,147.60011
190.46827125549316,283.3868637084961,46.019756,149.1546
179.03638458251953,281.9505920410156,46.380783,148.61687
163.95869255065918,278.2183532714844,45.045994,150.71214
160.55854606628418,287.7075881958008,41.33182,144.54266
151.94610023498535,280.9339828491211,43.44929,143.93964
154.80160522460938,273.1373977661133,38.062347,145.90744
157.94998931884766,270.8520050048828,40.49788,137.7559
158.25114250183105,271.2726745605469,40.091465,132.72643
156.20246124267578,272.4620132446289,37.547318,133.58273
158.0043430328369,271.9361572265625,35.78166,130.81767
156.58229637145996,272.3326950073242,38.045643,129.07751
160.60390090942383,260.80897521972656,38.014427,134.85359
159.02381896972656,272.2983093261719,36.261627,120.56654
159.34211349487305,284.50367736816406,40.456245,109.732864
151.59869003295898,252.47833251953125,51.030067,142.17412
153.4669952392578,259.95333099365234,50.901276,128.96356
159.81856155395508,251.9641876220703,50.013023,141.5114
162.87104606628418,254.7988739013672,52.832645,141.34743
162.24493789672852,259.1490173339844,53.902733,141.33739
168.38086700439453,257.4035110473633,54.9355,147.8989
167.10895919799805,259.4158172607422,52.673134,148.9904
167.71652793884277,262.4431838989258,50.181934,145.65079
169.4635772705078,266.0787887573242,47.94818,141.4989
164.3410186767578,271.709716796875,50.25122,141.05797
160.83330917358398,272.13158416748047,51.043617,145.05545
162.66767692565918,278.6029281616211,48.87299,146.06638
163.44223976135254,279.7791976928711,45.501995,145.47495
163.5716609954834,286.45050048828125,45.19878,141.35829
161.20778846740723,293.7108154296875,44.47996,145.165
165.13835334777832,317.7665367126465,36.725185,122.63314
158.8471965789795,303.3517379760742,43.032658,146.61972
164.70159339904785,301.8946762084961,41.343792,148.21341
173.91672325134277,307.1557159423828,37.242573,142.3986
175.02970123291016,324.35616302490234,36.018967,128.77194
172.71599960327148,314.07945251464844,39.599648,135.29564
174.24737358093262,307.4373779296875,40.171574,140.1396
172.4055061340332,294.19874572753906,46.289116,150.45702
172.86933135986328,293.82804107666016,50.143143,146.16312
179.55626106262207,287.4621353149414,50.40872,148.0625
187.4137954711914,285.62586212158203,49.118607,149.13226
187.3994541168213,284.4413375854492,52.860394,147.16846
189.77310371398926,280.46495056152344,50.910946,148.61183
198.00976371765137,281.0531692504883,49.12647,148.17554
197.27409172058105,278.7322311401367,46.22202,147.59866
196.4774341583252,273.1748352050781,49.028683,148.27126
197.50986289978027,265.6347351074219,48.82381,150.99992
198.08538627624512,261.4242401123047,46.641483,149.66875
204.53065872192383,256.80921173095703,45.570885,148.70544
