206.0,85.0,49,57
202.3234691619873,92.56171226501465,46.757633,51.840763
204.70457077026367,95.83513069152832,46.27572,47.232098
203.48375511169434,95.15850830078125,50.080692,44.238907
215.5688877105713,91.9960880279541,42.189632,40.443554
221.05703926086426,86.91851997375488,41.003292,47.22047
220.89098739624023,83.75924873352051,40.785057,46.940487
217.19156074523926,78.30031967163086,38.57159,49.734627
213.13750076293945,75.68650245666504,39.28994,50.995037
211.9925479888916,77.68043327331543,39.834194,48.930103
217.100736618042,80.13631820678711,40.58855,48.942513
219.59473609924316,87.13005447387695,41.860165,46.49105
220.89386749267578,90.88673973083496,41.01526,52.378254
223.3167896270752,92.68556785583496,41.37338,49.96863
223.54148292541504,91.12948417663574,40.302013,48.40015
221.48170471191406,89.53239059448242,40.450928,46.68702
215.38462448120117,87.59428596496582,42.570427,41.889202
216.7413558959961,82.5090217590332,40.80835,50.114937
222.06224822998047,74.83489608764648,39.769012,43.57769
220.32285499572754,70.64938735961914,39.384686,39.919334
208.7884578704834,68.1859359741211,45.257526,42.09381
204.57515716552734,65.17777061462402,47.25525,51.07201
201.76552963256836,60.95262908935547,50.36463,56.349487
203.32308387756348,51.660179138183594,44.42146,59.435837
201.0382537841797,23.71126937866211,44.50978,73.13302
197.844877243042,37.95425796508789,43.06336,67.2544
181.80680465698242,44.70990180969238,50.65705,62.08494
191.19338989257812,35.79887390136719,42.126373,67.38776
144.5889015197754,64.71006393432617,48.414375,56.407326
131.79348945617676,71.21118354797363,45.598217,51.18539
127.73257064819336,79.38576698303223,43.493813,46.48634
117.3426342010498,77.09766960144043,43.209797,44.50661
128.4889144897461,86.18190956115723,43.110886,47.804806
125.86225509643555,85.5264663696289,47.03643,50.646286
126.34357833862305,75.0998420715332,51.80973,53.869026
111.97896575927734,100.14537811279297,41.21083,65.77124
142.29927825927734,50.33710861206055,47.956528,63.442764
181.69835662841797,37.16693305969238,60.01375,52.263935
142.64936447143555,42.49253463745117,63.488945,68.81328
180.02947616577148,48.255455017089844,73.19659,69.69109
171.44591903686523,72.72667694091797,69.49999,76.09423
186.81414413452148,82.8190803527832,67.17092,70.380615
189.48027420043945,95.43568420410156,71.72672,65.01615
218.99045944213867,73.80056762695312,53.575706,67.39654
176.13343238830566,89.8584976196289,56.22903,73.2418
173.94008445739746,98.10340118408203,53.22382,73.95539
204.68319129943848,67.7232437133789,60.396114,81.77526
215.70598220825195,62.16999053955078,56.223244,86.95376
199.56595993041992,77.01269149780273,74.9215,70.925705
215.2767677307129,86.13028717041016,74.83097,81.50347
182.52442169189453,55.37029266357422,68.81615,87.1896
237.27485275268555,40.688453674316406,68.25086,82.60003
255.18297576904297,48.22548294067383,70.51924,99.9942
265.64512634277344,54.837650299072266,81.652374,102.22949
254.45641326904297,45.37150573730469,80.28801,107.821846
240.30151748657227,53.98061752319336,75.237236,91.95683
283.85676193237305,38.16952133178711,72.552895,66.854935
309.35400772094727,32.96606636047363,51.23452,48.880375
317.1809768676758,31.671897888183594,49.430557,48.21
327.6178092956543,29.669952392578125,44.92933,42.985527
330.7695503234863,28.939388275146484,45.476067,40.685196
332.4384174346924,27.512224197387695,46.324657,39.561665
335.9249267578125,24.897220611572266,41.253296,49.08168
337.5247974395752,21.67890739440918,34.080166,51.671215
338.34202003479004,19.18011474609375,40.19401,51.430733
344.541072845459,20.031112670898438,40.78463,50.16839
351.0626621246338,20.85760498046875,42.996212,49.77549
353.3393859863281,26.489259719848633,43.074844,54.577503
354.0339889526367,31.300243377685547,43.520966,52.641434
355.70416259765625,35.85024833679199,42.02942,50.39671
356.27101707458496,39.11402702331543,43.301548,48.12016
359.74221420288086,39.864789962768555,39.049477,43.82165
321.0632133483887,46.12307167053223,43.79631,56.11002
326.59037590026855,44.06465721130371,42.466824,46.860332
344.63391304016113,45.16956901550293,40.72655,42.6506
345.5506172180176,48.817209243774414,42.659866,38.84865
345.68321990966797,47.656137466430664,35.43682,38.367207
341.4396114349365,48.92966079711914,36.06558,35.609436
341.4519863128662,48.39561462402344,36.943523,32.79754
343.2456512451172,49.55487060546875,33.813927,37.85618
345.63014793395996,48.96123504638672,31.641247,43.35601
343.8947067260742,48.21424102783203,36.207115,45.497047
344.4325866699219,45.943119049072266,36.023613,46.264236
345.588809967041,38.383493423461914,36.852356,56.49883
345.0465908050537,41.23564338684082,37.44485,57.204716
347.33098220825195,42.613121032714844,39.198425,54.129738
349.35901260375977,50.505130767822266,43.19464,40.913254
349.3263931274414,49.298526763916016,39.59159,43.260696
349.5205268859863,49.809457778930664,38.990402,44.528873
349.8665256500244,49.07915496826172,38.695988,39.89289
354.9289951324463,48.295488357543945,35.40392,33.427998
359.53234672546387,48.534244537353516,34.096294,38.925323
357.5707530975342,49.36245536804199,35.129864,43.563183
357.4981117248535,50.65570831298828,36.901627,52.82096
351.10972785949707,50.63912582397461,42.06354,40.983017
345.01576232910156,53.10000228881836,46.64353,41.674774
341.846040725708,53.02543067932129,49.018147,41.782444
341.34384536743164,54.20978546142578,48.16873,46.234444
342.9857425689697,54.069557189941406,48.7392,43.680016
346.5918998718262,55.08913993835449,52.523422,46.408245
355.82945823669434,61.5083122253418,47.567028,40.873703
364.08213233947754,71.01178741455078,48.105244,36.63311
368.6994171142578,78.43705940246582,41.679527,42.445576
391.14236640930176,78.02490425109863,32.901127,62.6525
351.5723571777344,87.32678985595703,65.28123,42.369926
332.2872676849365,75.0155258178711,61.27812,43.312096
310.6036777496338,110.52662467956543,51.127995,61.44337
346.1229934692383,118.72475051879883,42.655952,70.55708
332.2949962615967,133.32822799682617,53.462902,64.141495
315.85280418395996,137.4771671295166,59.482388,60.305973
367.6242141723633,125.68066787719727,51.258568,73.14795
349.3221549987793,139.80647468566895,59.487747,61.218357
346.411190032959,111.55895233154297,57.80861,74.4423
338.4220943450928,110.89752578735352,54.118404,83.26927
333.92415046691895,58.22954177856445,42.135426,89.279236
294.1987533569336,4.687902450561523,59.808464,63.76144
295.59623527526855,6.350549697875977,50.328594,61.026356
296.85514640808105,9.558111190795898,53.865704,58.508907
290.02789306640625,12.70187759399414,53.984825,52.560318
306.3634834289551,35.63253402709961,48.246277,51.235138
288.6994743347168,51.22551727294922,51.364273,68.86167
265.99754905700684,70.57398986816406,50.328228,73.97857
254.44974899291992,94.02688789367676,50.58435,60.26183
245.30369567871094,103.62713813781738,51.20176,49.14493
233.47172164916992,100.45031547546387,55.064987,44.57234
262.4927520751953,124.18015670776367,54.653053,44.497055
261.23527908325195,110.83113098144531,62.96698,46.014503
193.67210960388184,59.05236053466797,62.548557,73.426216
186.95157051086426,41.9483642578125,63.277355,74.21836
189.84173393249512,26.45370864868164,56.84789,86.18562
179.36009979248047,20.287555694580078,73.693726,86.94258
257.90937423706055,79.93172836303711,69.83877,68.089874
270.0919818878174,87.29556274414062,57.105267,75.698265
249.59173583984375,117.18824005126953,78.27768,71.63184
240.95281219482422,118.75014877319336,66.95253,100.22745
233.02624893188477,129.33017349243164,80.00829,95.94899
259.48091888427734,110.59148788452148,79.416275,128.57736
234.05217361450195,55.866127014160156,84.32815,118.83848
207.97704696655273,46.947593688964844,102.666145,108.321724
188.13903045654297,5.423851013183594,105.98668,102.805885
194.3049545288086,13.79116439819336,74.40172,71.931854
202.2673282623291,23.447494506835938,60.254375,73.16024
223.04224014282227,36.30246543884277,68.84005,53.86088
248.52145385742188,36.738040924072266,64.37073,55.630463
292.8712158203125,47.14692687988281,68.90222,60.240547
339.7838554382324,38.49136734008789,67.32807,58.177017
356.56341552734375,28.042428970336914,73.79367,63.226566
374.82258224487305,24.632259368896484,73.99485,71.2233
384.007381439209,21.045753479003906,72.99021,81.07481
389.9288215637207,16.16485595703125,77.40133,80.45843
398.2722396850586,13.773700714111328,83.80641,86.02739
400.6847610473633,13.626041412353516,93.476456,90.87941
398.8815498352051,12.249217987060547,82.45443,100.77551
378.09313583374023,3.999542236328125,79.17719,98.67626
348.34387969970703,0.2288818359375,85.13188,94.06823
320.5139274597168,0.16978836059570312,89.463936,91.112564
305.0482177734375,1.7100486755371094,87.857544,95.88153
292.12712478637695,3.697040557861328,81.24499,95.55461
281.5138397216797,-4.321117401123047,74.736786,81.92537
275.3809700012207,-9.368644714355469,64.93667,79.180305
275.61748123168945,-3.04705810546875,58.537254,70.49923
269.7578659057617,-2.786867141723633,74.1671,63.613384
280.0038642883301,-1.9497146606445312,70.25298,67.665184
286.00634384155273,-3.890575408935547,72.06519,69.9841
274.69366455078125,-1.1186485290527344,74.03433,80.59479
271.1523208618164,19.17019271850586,74.42949,90.580826
