204.0,41.0,23,30
203.88187885284424,37.553117752075195,22.22898,32.190502
201.69325637817383,37.26587963104248,22.353806,30.661684
200.3707685470581,37.57344055175781,23.096148,30.303864
199.8489580154419,38.72917556762695,23.319204,30.440216
199.34747791290283,41.13029384613037,23.406904,31.305254
197.32052040100098,44.35801029205322,23.09956,31.726805
195.49937343597412,48.23229217529297,23.196299,32.33197
192.51181888580322,54.1267786026001,22.80853,31.074621
191.3352632522583,58.419921875,23.125044,32.24476
189.0917673110962,63.56190204620361,23.428244,31.544653
188.09807014465332,68.7617301940918,22.921474,32.2947
185.43235874176025,74.12932872772217,22.480597,31.422678
185.87258338928223,79.86643695831299,22.294361,30.680372
185.45506858825684,84.15531635284424,23.001675,30.080503
187.23013305664062,88.57065391540527,22.361916,29.49892
187.34094905853271,92.10271167755127,24.08346,30.116842
186.0822343826294,96.28599166870117,25.962751,31.86464
188.5108518600464,98.01739311218262,26.785051,29.9817
190.59917068481445,98.88411808013916,23.07531,29.85626
190.28200149536133,100.32756423950195,24.009583,27.918373
188.94811534881592,98.39694786071777,23.038782,27.773487
186.76832103729248,93.91681575775146,24.32258,30.259226
186.23625087738037,87.1219892501831,23.024385,27.15671
182.83407497406006,78.04892539978027,25.304132,27.11446
177.40822982788086,66.3488655090332,28.05706,30.318756
174.19491863250732,53.12169075012207,25.471956,30.382847
167.37013816833496,42.64684867858887,25.260105,29.614079
159.85786247253418,36.82198905944824,27.113094,26.087307
156.55513858795166,31.55637836456299,27.292524,24.812216
152.09133529663086,26.19742774963379,27.040253,25.172504
150.3045997619629,22.330153465270996,24.062607,24.356089
148.32952117919922,19.743136405944824,22.420677,22.631762
140.15131282806396,16.48692035675049,24.965952,24.061445
135.9751739501953,13.53904914855957,24.795433,21.80495
132.45202445983887,13.362641334533691,26.703327,21.999884
127.61680126190186,14.61634349822998,24.602404,16.862192
127.35984516143799,21.330530166625977,18.472631,18.246593
130.6103572845459,37.7681770324707,25.452145,14.594055
137.3173532485962,43.70485877990723,25.315474,20.79861
144.39764881134033,57.800612449645996,25.71591,20.688028
150.0134515762329,68.00388050079346,25.413252,20.181486
154.94093704223633,73.47608375549316,26.568459,20.919643
160.42961025238037,77.9517765045166,24.896791,21.055653
168.071702003479,80.79228782653809,24.11305,21.35957
174.822039604187,83.13148498535156,22.612352,20.977737
178.52370834350586,84.20392322540283,21.740746,21.633627
181.03392696380615,84.72528743743896,22.207148,21.802523
183.32269859313965,86.192063331604,21.953289,21.458197
188.3065824508667,88.0226821899414,21.03071,22.173088
192.82177925109863,89.37841892242432,22.33807,22.299261
198.50097179412842,90.38441467285156,22.539232,22.402725
201.85131740570068,90.47947120666504,22.281305,23.659489
206.3493194580078,90.57302379608154,22.12426,21.691957
210.29300212860107,87.13861274719238,19.71911,23.643147
214.9625062942505,84.026123046875,19.244955,23.734543
219.55267238616943,83.14396953582764,19.40526,23.744638
224.54187774658203,84.33438014984131,18.436768,22.45527
229.81965255737305,87.52198219299316,17.292213,24.656338
232.8917646408081,92.69078350067139,17.444841,23.774698
234.39831638336182,97.31251335144043,17.664495,24.106922
233.9704008102417,103.18301963806152,17.906076,25.059612
233.09881210327148,106.14623165130615,17.676834,23.742655
229.45932388305664,108.83567810058594,18.22303,24.111603
225.37665843963623,110.82136631011963,17.38688,25.8346
223.2878818511963,112.45855331420898,17.538754,26.732079
222.7906379699707,114.31930160522461,17.102684,25.099289
223.67222118377686,114.38427925109863,18.484797,26.586971
224.48438262939453,112.8530158996582,19.399208,25.142914
223.31824779510498,110.99570941925049,19.053385,26.181555
222.40669918060303,107.77515316009521,18.432573,26.351267
221.58635711669922,104.34147644042969,19.545105,26.53125
222.48784637451172,101.12294006347656,19.225327,23.976532
223.0795431137085,97.40702819824219,19.332964,26.652153
223.24694633483887,94.00815868377686,19.160679,26.04825
220.8519582748413,90.68749713897705,19.451021,24.429785
220.91607570648193,87.90901374816895,19.664164,26.190235
222.64646816253662,84.93079280853271,19.008463,26.543596
224.8520679473877,81.2168779373169,19.239658,26.61035
226.28377151489258,79.53801536560059,19.988808,28.292583
225.7299928665161,78.50311374664307,19.523527,26.196829
222.12891578674316,80.12855815887451,19.579197,27.171297
221.4832649230957,81.09066200256348,20.37703,26.911716
221.82466411590576,81.9409875869751,19.814295,23.851805
