40.0,199.0,61,103
40.92192268371582,197.59658432006836,58.60876,106.463356
40.679786682128906,197.31198120117188,58.365036,107.03421
40.47274589538574,196.73220825195312,58.935307,106.91971
39.82308006286621,195.56609344482422,58.951466,107.47829
39.20344161987305,194.27457427978516,59.162086,107.93788
39.04646301269531,193.4521598815918,59.21405,107.90467
38.728450775146484,192.22444915771484,58.893745,109.156906
37.55948829650879,191.7860107421875,59.42857,108.75464
36.71971130371094,190.05223083496094,60.11905,108.1676
36.86940956115723,188.12761688232422,60.227123,108.06581
36.717390060424805,185.34274673461914,60.645542,108.27459
35.90475845336914,182.9191551208496,60.988945,109.05573
35.45760154724121,177.65214920043945,61.230274,110.05923
35.040273666381836,173.1540298461914,61.66878,109.79875
35.30573654174805,166.92694854736328,62.197517,109.344864
36.1552619934082,160.0917510986328,62.502464,111.247375
37.130550384521484,153.67809677124023,62.86521,111.39741
38.07172966003418,147.19874954223633,62.39652,111.88586
38.82613563537598,139.64641189575195,63.733074,113.064964
40.14791488647461,132.76886749267578,64.75031,113.87483
42.39170455932617,126.14520645141602,65.14695,114.120476
45.59450149536133,116.13343811035156,65.5487,118.48837
48.143409729003906,109.4447250366211,65.364914,119.94026
52.635440826416016,105.66868209838867,65.56725,119.68757
56.24222946166992,100.83427810668945,66.9394,120.524925
61.82859420776367,95.5341682434082,66.61912,121.58883
64.74044036865234,88.38607025146484,69.35048,125.12373
71.73558807373047,83.66139221191406,69.746506,127.33194
78.41939544677734,77.11192321777344,71.85362,128.90335
86.59008407592773,74.97120666503906,69.20124,127.88199
92.73925018310547,71.80430603027344,69.317184,130.91571
102.15409088134766,64.54199981689453,68.05699,132.91527
110.96985626220703,60.851776123046875,69.04433,132.97748
121.00539016723633,56.57239532470703,70.61535,131.9124
128.82752227783203,53.86443328857422,71.19258,131.09996
138.13593292236328,50.50041198730469,72.43062,133.06323
147.4651985168457,46.524879455566406,69.37548,135.26503
156.85956954956055,43.271484375,70.56696,138.93353
167.80194854736328,42.67616271972656,69.30983,139.65878
177.73575592041016,41.91259002685547,70.61839,138.21324
186.18304824829102,40.91143035888672,70.02581,137.4883
195.26454544067383,40.065940856933594,69.812035,136.77602
204.11360549926758,38.401344299316406,69.20223,137.04927
213.75404357910156,37.639793395996094,69.42679,138.74138
219.93253326416016,38.399070739746094,70.722855,137.50749
228.76258087158203,40.41453552246094,68.96602,135.15598
236.1391830444336,41.455238342285156,68.840256,134.71147
242.7080307006836,42.729591369628906,68.022415,139.32701
248.46118927001953,43.652442932128906,68.23253,134.25786
253.8972053527832,44.020530700683594,67.35223,134.85512
258.91626358032227,46.40229034423828,67.02776,133.72484
263.43879318237305,49.791358947753906,66.91267,133.31319
267.4265251159668,51.37677001953125,66.8679,133.46664
271.68474197387695,53.00597381591797,66.31655,133.47737
274.5688285827637,55.51930236816406,65.76386,133.55206
279.6789894104004,60.076263427734375,64.484856,131.01749
284.21905517578125,65.6150131225586,64.156494,127.99309
286.3331832885742,66.89641571044922,65.421616,130.60799
289.3008575439453,73.18314361572266,66.21597,129.4735
292.2613220214844,77.77799224853516,67.76346,129.35194
296.9756622314453,82.50357818603516,66.62869,128.21819
302.7646484375,86.69612121582031,65.16339,128.64609
306.4181938171387,91.32913208007812,66.00126,129.84839
311.3419952392578,95.42412567138672,66.1207,129.9865
315.8475532531738,99.9764175415039,66.89132,129.55757
319.79636001586914,105.06591796875,67.40545,130.03555
323.9033851623535,110.48011016845703,67.825096,128.45723
330.24059295654297,116.38578033447266,66.8831,127.80946
333.9664878845215,121.91679382324219,67.24558,126.630646
338.80689239501953,127.44576263427734,66.45479,127.969315
342.67723083496094,132.99477005004883,66.47476,127.19631
347.52246856689453,139.2028045654297,66.1826,125.12497
351.8159523010254,147.10483932495117,66.10107,124.06422
355.1047134399414,153.41073989868164,65.78499,122.46926
358.3101692199707,159.50387954711914,66.0487,122.98965
360.1062202453613,166.49193572998047,67.08297,121.264084
363.0969772338867,171.6265640258789,66.2206,121.32915
365.0236282348633,180.5614013671875,65.80754,118.38696
365.45941162109375,184.0887336730957,66.054596,119.55019
366.70035552978516,189.45745468139648,65.36195,116.91053
366.77030181884766,194.7436065673828,64.64812,114.85315
367.59657859802246,198.15680694580078,63.919056,114.61052
367.000581741333,201.37428665161133,63.517178,114.292076
366.65707778930664,201.41385650634766,62.965355,113.990555
366.3888282775879,203.8232765197754,62.55706,112.786644
366.14549255371094,202.7735824584961,62.444885,112.27254
365.6908378601074,203.6844711303711,62.00007,110.41264
365.17199516296387,202.8908920288086,61.58521,110.81401
364.9092445373535,201.1901092529297,61.467613,110.18536
364.08151054382324,199.84260177612305,61.37415,110.16468
364.62854194641113,197.58929824829102,61.061306,109.91738
364.6047782897949,195.10540008544922,62.15403,110.85353
365.3901195526123,191.63184356689453,62.39426,111.10286
365.227575302124,188.8305892944336,63.461536,110.87392
367.36700439453125,184.33325958251953,63.133392,112.77754
367.93187713623047,180.29803466796875,63.797348,113.85907
368.5494575500488,178.04395294189453,64.44915,114.42821
369.4969139099121,171.0964469909668,64.57438,118.047646
369.8251190185547,166.97142791748047,65.39978,118.20451
369.2641296386719,160.8788070678711,65.92615,119.48598
369.25170135498047,155.21636962890625,66.69585,121.31918
368.6889419555664,148.48115158081055,67.447525,124.41825
368.0450019836426,143.29863357543945,67.99688,124.89205
365.9528503417969,137.61440658569336,68.024445,126.130714
363.5152244567871,131.81659698486328,68.79093,128.96849
360.3658866882324,129.21498107910156,68.91154,129.24323
356.76707458496094,125.03596496582031,70.25525,130.5802
352.7522201538086,120.98926544189453,69.34566,131.38087
348.48510360717773,117.39563751220703,69.51707,132.14543
343.0536231994629,116.83734130859375,69.555504,133.01285
337.65713119506836,116.2325210571289,70.05668,133.42125
329.80944061279297,115.30699157714844,72.8954,134.40741
322.9182472229004,113.5881118774414,71.8446,135.14833
316.8263931274414,112.45869445800781,70.721146,137.20126
310.1134719848633,111.46725463867188,70.78734,137.72305
301.23516845703125,110.99761962890625,72.74542,138.50687
292.0329246520996,110.00872039794922,74.53898,140.47203
286.17238998413086,110.52222442626953,73.9976,140.92653
280.94169998168945,110.9837646484375,72.45382,140.89069
272.46926498413086,110.12966918945312,74.19807,144.45074
265.63763427734375,109.71949768066406,75.36847,146.27802
259.5799789428711,111.08087921142578,75.30696,146.69765
253.29706954956055,111.26029205322266,77.3104,149.06038
247.78851318359375,113.03507232666016,78.135376,149.21745
242.3660659790039,115.2417984008789,78.41106,149.4329
236.85516738891602,116.67171478271484,79.412926,150.71306
231.62533569335938,118.63029479980469,81.18848,155.93954
227.213623046875,120.50208282470703,83.92108,159.93098
223.6632957458496,122.58651733398438,84.37562,162.16528
222.21921157836914,123.70401000976562,83.571465,160.69656
218.75364303588867,124.9308090209961,84.42536,159.37532
217.40093231201172,127.6234359741211,84.058975,160.09755
215.87423706054688,130.65220642089844,85.89163,159.54727
217.34862518310547,133.8280487060547,83.95088,159.34613
216.21485900878906,136.3251724243164,84.59921,159.65166
219.49222564697266,140.4044952392578,83.49068,157.98373
220.10115432739258,144.6746063232422,84.539055,156.63116
225.82782363891602,147.0027847290039,82.253746,156.31627
229.19037246704102,148.5095977783203,80.988304,152.23236
234.83724212646484,150.36109924316406,79.34993,150.21924
239.3497543334961,152.38971710205078,78.75734,146.91753
243.83539199829102,153.5468521118164,78.434166,141.39919
249.20211029052734,153.65704345703125,78.05156,142.05453
257.10376739501953,152.30059051513672,74.85741,142.13814
263.0640411376953,151.34178924560547,73.53467,140.91106
268.1777687072754,150.73819732666016,74.2069,139.04637
273.15758895874023,150.27005767822266,74.43806,137.83492
280.4051856994629,153.32406616210938,71.94497,133.3404
285.5396537780762,156.42161560058594,71.5991,131.10199
291.6026039123535,159.46293258666992,70.60015,127.102425
296.0174217224121,160.69678497314453,69.61112,125.665146
301.8660430908203,161.13995361328125,67.93753,124.94562
305.64558029174805,162.11016082763672,67.21134,122.55971
309.6966896057129,164.3409194946289,66.43072,121.689804
313.5433578491211,166.0145378112793,66.55763,119.228035
315.46289443969727,168.22080993652344,65.62658,117.1384
318.58642196655273,170.3326416015625,64.63944,116.33267
320.0477180480957,173.10826873779297,65.83074,114.50542
322.0422554016113,174.53459548950195,65.529686,113.352684
323.06694412231445,175.8852767944336,65.560265,112.137955
324.36292266845703,176.8590431213379,65.45668,111.52187
325.0256767272949,177.29343032836914,65.92399,110.94094
328.5471382141113,177.04083633422852,64.76296,110.185265
330.4733695983887,176.38747787475586,64.60746,109.41059
332.400333404541,175.70772552490234,68.00454,109.33177
333.9359474182129,174.87111282348633,70.284386,109.9457
335.65914154052734,173.83715057373047,67.56712,109.76195
340.77734375,172.5851173400879,66.14227,110.465385
342.2751159667969,170.9846534729004,66.6304,112.264305
346.76769256591797,169.11727142333984,65.75566,113.42323
350.92161560058594,168.00312423706055,64.888916,115.829445
355.27965545654297,166.6278190612793,66.478134,115.914314
358.8903121948242,165.6864471435547,65.882706,116.358154
362.95898056030273,165.27605056762695,66.872475,117.854485
367.73883056640625,164.76848602294922,66.12338,119.34987
371.62477111816406,164.42357635498047,66.31143,119.357315
374.83212661743164,165.13078689575195,67.49938,118.35955
378.6025619506836,165.0697898864746,67.37453,118.72178
383.45116806030273,162.7845573425293,66.32758,118.50892
386.82921981811523,161.9119758605957,67.99589,118.2636
391.14258575439453,160.88815307617188,68.30861,116.9801
395.1970977783203,160.60147094726562,67.57541,116.16632
399.0796813964844,158.16793060302734,67.39926,115.2993
402.63541412353516,157.21110153198242,67.641525,114.012276
407.4337501525879,156.18283462524414,66.84823,113.11883
411.4252281188965,152.69360733032227,66.28925,114.378685
414.95384407043457,151.09854888916016,63.963528,112.47365
418.8174362182617,148.31985473632812,63.106186,113.765564
422.1998710632324,145.84515380859375,63.87687,113.318054
424.13337326049805,143.24331283569336,63.333107,112.8249
428.20523262023926,142.32751846313477,63.98895,113.35537
430.44219970703125,140.18569946289062,63.648926,110.42987
433.21942138671875,139.87221145629883,65.24539,111.53637
435.68285369873047,139.46099472045898,64.84773,109.67191
438.2974433898926,140.7994499206543,66.28768,110.32853
440.9542770385742,140.86058807373047,64.4738,111.151474
443.4485626220703,142.4080696105957,63.3985,111.49319
446.56070137023926,143.42788696289062,61.698086,109.26251
447.9590892791748,143.96763229370117,61.13471,109.069435
450.0256824493408,146.39529418945312,60.27502,108.4711
451.60392570495605,146.05230712890625,60.657993,105.57504
454.4308910369873,147.78712463378906,60.046757,106.90573
455.27920150756836,145.8686752319336,59.821297,108.13768
456.8628120422363,144.11012268066406,59.556816,108.556274
458.7600631713867,139.0398712158203,59.142807,107.46878
458.7399082183838,135.26787948608398,59.97514,105.14277
458.54724502563477,130.9734115600586,59.94268,106.26808
458.15186500549316,125.48564910888672,60.127483,106.722855
456.94739532470703,121.16947174072266,60.81105,108.33159
455.18395042419434,115.37065887451172,60.831837,108.6375
452.3468780517578,109.4430923461914,61.489838,111.38185
449.63941955566406,102.24505233764648,62.049164,112.013985
446.2201156616211,93.8322868347168,62.431625,114.19947
441.65539360046387,85.93753814697266,62.838047,119.048904
435.7107524871826,81.11053848266602,61.795536,120.38903
427.12382888793945,76.29682540893555,63.812737,121.04954
420.0344886779785,71.50787734985352,63.21737,122.55224
408.6207733154297,65.37945556640625,65.09149,125.15048
395.50344467163086,59.81413650512695,67.06394,127.766624
382.5655212402344,52.79796600341797,68.07791,130.04128
368.3978958129883,50.633544921875,66.55205,129.35632
352.35319900512695,46.497352600097656,64.44933,130.03899
335.29767990112305,42.054527282714844,66.65705,129.77727
319.47776794433594,39.51629638671875,68.993225,130.4194
304.46900939941406,38.35308074951172,67.665375,128.24837
287.87132263183594,35.638954162597656,67.86203,129.7517
270.27270889282227,32.583274841308594,69.08062,129.91216
251.1865997314453,25.90045928955078,70.28961,134.76424
234.27767181396484,27.12902069091797,70.889145,130.45103
215.30783462524414,23.421630859375,69.19369,133.21338
197.80491638183594,19.7628173828125,70.60281,133.14914
182.27359008789062,17.90880584716797,71.39862,133.89119
168.7550811767578,17.476547241210938,71.394775,133.43762
153.97136306762695,15.871437072753906,72.03753,133.40367
141.77672576904297,12.820999145507812,73.040634,135.54147
127.22461700439453,10.989280700683594,75.14592,135.1581
116.07339096069336,11.084754943847656,77.20411,132.53273
103.35945510864258,12.978828430175781,77.12917,129.40645
92.71062088012695,13.68414306640625,76.93618,134.88406
84.87969207763672,16.207748413085938,75.78279,134.14838
75.35260391235352,19.282257080078125,75.66445,135.46573
66.70609283447266,21.980194091796875,77.16951,136.6442
60.398799896240234,28.379058837890625,75.88746,135.8097
53.22215270996094,36.421791076660156,74.93234,131.80467
47.18778991699219,38.97283172607422,74.63806,133.82982
41.358341217041016,47.129371643066406,77.51769,131.35368
36.80043029785156,53.537322998046875,75.76883,130.6456
33.18297576904297,61.050209045410156,74.761,130.14806
28.860767364501953,68.38777923583984,75.066124,129.47157
26.15920639038086,75.90846633911133,74.29374,127.72729
22.771560668945312,82.91992950439453,74.18924,126.79344
20.87822723388672,89.55867385864258,72.71175,125.43777
17.722763061523438,96.7816162109375,72.47644,122.484314
16.527889251708984,102.87737274169922,70.55537,121.362686
13.75491714477539,108.61543655395508,69.99798,120.41573
13.21353530883789,114.58377838134766,68.23977,119.458115
12.269355773925781,121.87995529174805,67.641525,116.195595
11.126724243164062,127.47578811645508,66.351654,112.92843
9.039833068847656,132.50223922729492,66.340195,112.45179
8.67055892944336,133.37934112548828,66.30973,112.58418
7.442756652832031,137.18382263183594,66.34773,111.77704
7.121379852294922,140.22462463378906,66.10914,110.49689
7.564502716064453,145.2313461303711,66.06075,109.038315
9.386627197265625,148.9495849609375,64.283966,107.395996
11.045286178588867,151.82397842407227,62.384495,106.704094
13.692314147949219,155.43213653564453,60.989243,106.1483
14.940317153930664,159.3642807006836,60.64851,106.22908
17.403921127319336,163.95106887817383,60.327045,106.33303
17.27764892578125,167.6896743774414,60.858063,106.251114
19.519962310791016,172.15810775756836,61.89074,105.127846
22.0343017578125,176.47999954223633,60.652008,105.74575
24.95697593688965,180.98283004760742,59.78072,106.781685
26.905488967895508,185.03861236572266,59.193233,107.98912
29.108043670654297,189.29005432128906,59.361824,107.680664
31.813735961914062,193.5605125427246,59.310303,107.912544
33.33196830749512,197.62377548217773,59.400394,106.40305
35.453134536743164,201.2411231994629,59.310772,105.24267
37.01601219177246,204.56896591186523,60.38457,103.27314
39.28444480895996,207.10448837280273,60.194416,102.06617
40.195486068725586,208.27794647216797,60.773853,103.5981
41.66168975830078,211.61217498779297,60.990067,101.80327
44.120521545410156,214.39182662963867,61.283524,98.771095
45.38119125366211,218.79010772705078,61.223976,95.70729
47.207279205322266,221.5694923400879,61.046837,94.20876
48.16067314147949,223.68206405639648,61.050602,93.04798
49.67922592163086,225.9354133605957,60.955147,93.510155
50.69112014770508,228.07322692871094,60.881035,94.20795
51.33645439147949,230.53989791870117,61.225742,93.56672
53.484323501586914,233.05653762817383,61.17613,91.37093
54.15164756774902,233.48223495483398,60.596607,93.15064
54.81362533569336,234.00983047485352,61.848488,93.9522
55.76821708679199,236.50961303710938,61.35593,92.90137
56.66165733337402,235.49933242797852,60.330433,96.33434
56.850711822509766,236.2886848449707,60.002953,95.53335
57.75377655029297,236.7354278564453,59.484726,95.65872
58.6834774017334,237.3000946044922,59.714466,96.15347
59.84142303466797,237.66513442993164,58.70134,96.24825
60.37106895446777,238.80080032348633,58.925007,95.271904
61.57577705383301,238.5735321044922,59.792202,95.798584
62.69876480102539,240.62443161010742,59.93548,96.74903
63.1613712310791,240.83057022094727,59.338055,99.39919
63.89619445800781,241.87285614013672,59.526825,98.03923
64.16790771484375,243.36537551879883,59.453766,98.43014
65.24985694885254,244.45343017578125,60.33299,100.332794
65.76304054260254,245.20669555664062,59.754955,100.54874
66.3233470916748,246.7955665588379,58.970066,99.411125
66.45282363891602,247.6522102355957,58.297173,98.76513
67.27019500732422,248.22936630249023,57.740646,102.79658
67.5970287322998,250.64282608032227,57.468296,100.773155
67.47620582580566,253.1581802368164,57.17631,99.8347
67.58784484863281,254.7606964111328,57.09424,98.27536
68.28763198852539,258.24145889282227,56.16555,95.09792
67.90836906433105,261.2052917480469,55.88529,93.12085
69.27974128723145,262.88560485839844,54.916225,91.35098
69.50624465942383,264.4522590637207,54.36425,90.23409
68.66911315917969,265.3938407897949,55.193756,88.927986
70.30931091308594,269.22048568725586,52.564423,86.29398
70.97244644165039,266.4659996032715,52.08477,89.63908
71.91377449035645,270.57986068725586,51.093166,87.283394
72.55892753601074,267.9726448059082,51.37473,96.98452
72.08160209655762,267.19610595703125,51.10599,98.1351
72.43004608154297,268.1017761230469,51.2585,95.856995
72.43772315979004,269.7560691833496,51.452557,96.385414
73.92044258117676,271.7826957702637,51.16644,97.31126
72.84923934936523,274.5175666809082,52.98945,97.47207
75.85478591918945,275.2481880187988,49.995598,94.15475
76.61425018310547,276.36083221435547,46.523636,93.27199
77.43321990966797,278.0670738220215,46.80562,94.20405
79.53731155395508,276.8117790222168,45.74096,96.2078
81.4900131225586,279.1657524108887,41.65654,95.46879
82.70291519165039,282.7126693725586,40.07412,92.81499
84.68866157531738,278.13753509521484,36.884457,94.787704
85.3351058959961,281.17437744140625,40.102005,72.677795
88.80525779724121,282.66482162475586,47.362736,66.397484
89.4311408996582,284.33499908447266,35.045403,57.11966
92.80596733093262,286.1994285583496,32.464405,43.675682
94.20599555969238,286.1746406555176,28.847225,42.255653
95.74067115783691,287.3371391296387,26.80325,38.471184
98.67188930511475,287.44615936279297,23.816011,36.26268
100.80947208404541,287.9431209564209,22.821592,33.53429
102.32887840270996,287.33900451660156,21.8979,33.02977
102.36306667327881,288.27972984313965,20.826845,33.294918
103.7925157546997,287.4348258972168,19.737494,34.319847
104.89537811279297,288.8144073486328,18.77018,33.02041
104.22455883026123,288.385648727417,19.782167,33.38931
104.9521713256836,288.57190895080566,18.671799,33.33788
104.47440910339355,288.51954078674316,19.37833,32.752308
104.88750076293945,288.5016269683838,18.079071,33.192898
104.68660926818848,288.8739604949951,18.781948,32.81676
104.70415592193604,290.31873512268066,18.410978,31.64275
103.94416332244873,289.38940620422363,19.81228,31.891315
102.76352405548096,289.99348640441895,19.530882,31.766445
101.49319458007812,290.8674421310425,20.057457,30.591135
100.77809619903564,290.88868618011475,21.336546,30.568804
99.49062728881836,290.4969730377197,23.027977,30.794613
96.0571403503418,291.92398262023926,25.713219,33.48926
95.09204196929932,288.8854103088379,27.8058,31.872559
93.29424571990967,289.6728973388672,30.01375,32.88491
90.53299617767334,286.126070022583,31.473932,36.07432
87.6589298248291,288.306432723999,33.87958,36.13605
84.81939888000488,286.7366428375244,37.142735,40.363735
82.02023887634277,284.68160820007324,43.416912,43.917957
79.66895484924316,285.2770519256592,41.754093,63.197254
77.74605941772461,282.333927154541,46.89807,68.66442
75.1291618347168,273.22299575805664,46.33568,80.240135
72.68893051147461,270.671573638916,47.59143,85.001076
70.16552734375,266.8165512084961,49.687126,87.92944
67.38240242004395,262.7036666870117,52.07555,90.561554
66.48040771484375,258.2346611022949,55.86492,94.41634
64.661376953125,255.50064849853516,55.30288,96.44293
64.31348991394043,250.3537712097168,56.133236,100.70522
63.38836097717285,244.48433685302734,57.6178,95.99271
62.163238525390625,238.9146385192871,58.315666,92.50411
61.27966117858887,232.20386505126953,58.71716,94.08414
61.20987319946289,224.74243927001953,59.792313,95.73776
59.96272659301758,210.51906204223633,59.918747,96.3343
58.76240539550781,205.66561126708984,61.372063,98.44937
58.85821533203125,196.5835304260254,61.592796,102.64118
59.077070236206055,188.06232833862305,61.562008,102.40002
57.93303680419922,178.27722930908203,63.530464,105.07428
58.115243911743164,170.25064849853516,62.93735,104.75766
58.563167572021484,161.99610900878906,63.041412,110.55101
59.80754470825195,155.4261016845703,63.874924,113.28981
61.64996528625488,149.89748764038086,63.769672,110.74798
62.87677574157715,144.28033447265625,63.71092,111.23512
66.41098594665527,138.06643295288086,63.662823,112.42367
69.54968070983887,131.76830291748047,63.262325,112.72385
73.7054214477539,126.79800033569336,62.963844,112.82534
79.49042701721191,122.68155670166016,63.26563,112.85187
84.66712951660156,118.21540069580078,64.72192,112.31726
90.6541748046875,113.49822998046875,64.84225,115.27333
98.21786308288574,107.33784103393555,63.56332,115.91308
108.03346824645996,105.08120727539062,63.261547,116.93227
116.37738800048828,102.69313430786133,64.324684,115.904884
126.7541389465332,100.5877914428711,64.386856,115.48401
136.62253952026367,98.53040313720703,64.3902,116.81183
147.82868194580078,99.00972366333008,65.0059,115.53431
158.63064002990723,99.6053237915039,62.139774,114.53088
173.87342071533203,100.89105606079102,59.876106,115.217445
185.8589267730713,100.80265045166016,61.36237,116.04413
195.9643096923828,102.76218032836914,63.127678,113.6558
209.54966163635254,104.80933380126953,62.123203,112.60281
222.90095329284668,105.84777069091797,60.723873,113.67853
234.25562477111816,106.39737319946289,63.154514,118.92823
246.76587867736816,108.78404998779297,62.153843,119.846405
257.2823734283447,111.6925048828125,62.114964,120.81865
266.01671600341797,115.53090286254883,62.57392,122.71989
273.97167778015137,120.02789688110352,63.723965,121.91132
281.8416442871094,124.74500274658203,64.3276,123.89188
286.802001953125,129.95887756347656,66.076866,125.91322
291.7539367675781,134.51373291015625,66.28359,126.11018
297.0459861755371,143.20221710205078,67.08621,122.26349
301.3778648376465,147.66372299194336,65.50546,124.40621
303.71152114868164,155.22658157348633,64.930405,122.29374
303.3759422302246,160.14474487304688,64.6178,121.67891
304.33288192749023,163.2725715637207,64.00574,122.80152
302.774169921875,166.86227798461914,64.88033,121.29951
299.6574821472168,171.33528900146484,66.21536,117.950806
297.21790313720703,174.25444793701172,66.47761,117.26688
294.48847579956055,176.81356811523438,65.936035,116.29088
289.722957611084,180.1817283630371,66.01581,114.862144
286.16942977905273,181.32200241088867,66.5918,111.73315
285.44880294799805,183.0605354309082,64.35187,110.34037
278.58403396606445,184.9248924255371,68.011154,109.573235
276.42675399780273,185.05889892578125,65.47366,108.63161
273.64303970336914,185.28831100463867,66.04967,109.60244
272.15839767456055,186.19947814941406,64.95651,108.83601
269.5057487487793,186.02399444580078,64.8923,108.286835
268.1797676086426,187.2028045654297,64.5641,108.0959
267.20240783691406,188.94100189208984,63.441887,108.17694
265.7844467163086,189.9556770324707,61.62113,106.546364
264.9074935913086,192.37462615966797,60.29313,103.973816
263.16482734680176,194.10036087036133,59.771473,103.47123
262.3908348083496,198.03263473510742,58.718628,99.637535
261.29992866516113,199.7221450805664,58.231464,98.12598
260.6916561126709,203.5979232788086,58.91801,94.28552
259.0909996032715,204.27058029174805,58.487183,93.83367
258.69780349731445,206.6983985900879,58.870956,90.863594
257.59131813049316,207.2136344909668,58.192814,89.49941
256.80384635925293,210.69964599609375,58.017086,86.06404
256.97888946533203,211.82056427001953,56.881996,84.425415
256.22481536865234,214.17693328857422,56.847206,81.41168
254.06501388549805,215.8677520751953,56.91443,79.99147
253.20008850097656,217.77289581298828,57.21438,79.720245
252.8078956604004,219.58344268798828,56.228226,78.51105
251.85260009765625,221.0455665588379,55.642723,77.46
250.6737117767334,222.0702896118164,55.543346,76.55417
249.20619583129883,222.82352447509766,55.260544,76.11435
247.96961784362793,223.85811614990234,55.398464,75.90863
246.93979454040527,224.35735702514648,55.34071,75.97884
246.26597595214844,225.16806411743164,54.77395,74.39478
245.5553150177002,224.28342819213867,54.61397,74.445366
245.1944580078125,222.43327713012695,54.91735,74.95513
244.27088165283203,218.5133819580078,54.45585,78.220795
244.25256156921387,214.08564376831055,53.410152,80.78266
243.58272552490234,208.68475341796875,53.504677,84.68704
243.19264602661133,201.1182403564453,52.76262,88.33554
242.75044631958008,190.76013946533203,53.595596,99.15062
240.9210147857666,181.82373046875,54.7681,106.756165
242.98245239257812,173.61454010009766,53.94909,110.014755
242.28751945495605,158.91432189941406,55.243557,114.3327
244.7383975982666,149.49029922485352,54.323917,112.29876
243.67149543762207,144.03855895996094,56.72463,109.10928
245.10136795043945,136.26549911499023,57.12065,107.02137
246.06393241882324,129.54580688476562,58.41656,111.67929
247.9153003692627,123.56539154052734,58.47005,110.616196
250.47262954711914,117.58373260498047,58.917923,112.14421
253.85902786254883,112.01534652709961,60.53163,115.243385
256.96104621887207,109.81831359863281,60.51717,115.054535
260.34278678894043,108.18820571899414,61.378445,118.180046
262.5191478729248,105.71894836425781,63.604977,119.7782
266.96008682250977,103.66215896606445,64.64064,122.87194
270.88916397094727,102.32698440551758,65.63432,125.0541
274.32304763793945,101.22787475585938,67.60826,128.44418
279.5811538696289,102.58081817626953,68.25837,130.76997
282.13979721069336,103.01556396484375,70.768524,134.7056
285.4177932739258,103.10921478271484,72.54362,139.94801
287.1912384033203,106.0282211303711,74.663506,142.52913
288.9638137817383,109.25485229492188,76.02021,149.9971
288.9262161254883,113.8362045288086,78.78837,152.14299
288.2579040527344,118.88623809814453,80.96313,155.41069
287.17912673950195,124.26919555664062,81.8026,160.39395
282.8090019226074,131.61636352539062,84.217926,161.04272
276.7528648376465,140.7632598876953,86.02103,161.63528
268.86344146728516,148.03369140625,89.64872,167.46887
264.00866317749023,153.04541778564453,87.04892,172.99242
255.01108169555664,178.31813049316406,88.18181,161.13712
247.36754989624023,187.37185668945312,87.135376,160.78687
241.38816452026367,198.8021697998047,85.351105,166.2172
231.1055679321289,209.79581451416016,85.791176,162.27531
223.52992248535156,216.3060302734375,83.662315,158.7421
213.56946563720703,219.96826171875,84.614784,179.19928
206.9048080444336,223.50922393798828,84.79493,182.34105
202.32287979125977,221.89263916015625,84.69627,171.83453
194.3684539794922,220.9037094116211,85.22195,145.23555
190.38417053222656,217.17062377929688,84.45791,142.76364
188.1975555419922,213.13409423828125,83.58834,139.05466
187.26089477539062,202.18848419189453,83.09667,139.31743
186.67567443847656,195.90506744384766,83.066246,144.46608
187.37298583984375,187.21141815185547,82.31768,149.83122
189.4685516357422,178.44949340820312,81.11611,156.99246
192.01415634155273,167.3221435546875,81.91147,143.71881
195.3190803527832,161.19734954833984,81.255905,140.60893
197.8943748474121,153.44011688232422,82.600555,141.61906
202.8017692565918,148.3195037841797,79.842896,143.59555
208.85412979125977,141.17407989501953,80.71126,148.61546
214.51675415039062,138.29148864746094,80.17159,148.34604
221.21747970581055,131.62115478515625,80.95938,155.32416
228.18163299560547,131.43626403808594,82.60706,155.34085
238.15073013305664,131.62005615234375,80.97102,155.70819
247.3729476928711,130.9406967163086,81.00315,156.06627
256.4536590576172,131.07849884033203,81.950645,157.25322
265.9127082824707,131.1985626220703,83.13417,158.33224
278.8766784667969,136.5390396118164,81.33465,155.31923
289.35425567626953,140.49734497070312,83.31565,154.35916
304.6767768859863,144.47232055664062,81.332016,154.13245
316.5983009338379,153.090576171875,82.85127,151.5491
328.4602355957031,155.62026977539062,81.986595,152.98746
343.9675178527832,161.9178695678711,81.332504,148.88167
357.25961685180664,166.540283203125,79.23692,145.07742
369.3824653625488,167.50643920898438,78.61244,142.24704
381.70490646362305,167.18498992919922,79.75409,141.40504
393.29161834716797,168.5959930419922,79.2537,138.0777
404.11291885375977,167.33982849121094,78.27153,135.50903
413.79924392700195,164.7512969970703,76.35005,135.45242
420.66138076782227,163.14971923828125,76.61397,133.75858
426.29427337646484,159.35454559326172,77.47929,131.95879
429.120304107666,155.67955780029297,76.90285,134.41011
430.0112609863281,152.12541961669922,76.30761,131.6043
428.79086685180664,147.0935821533203,77.90898,132.17767
425.8671226501465,143.03450775146484,77.47128,134.13448
420.17363357543945,138.65154266357422,79.32414,135.12581
412.5101623535156,134.76040649414062,74.80132,132.07535
402.5617980957031,129.8065643310547,77.215416,134.78369
388.1733856201172,125.28250885009766,79.07574,137.88441
373.1764945983887,122.17211151123047,77.40604,139.3209
356.32761001586914,119.90831756591797,79.22926,139.73985
336.3108329772949,117.6690902709961,79.098816,140.73051
315.54744720458984,116.48403930664062,79.26365,143.0253
286.5906105041504,113.06950378417969,84.16341,146.89413
260.3690376281738,110.71097564697266,84.7025,147.73354
232.1304817199707,112.75680541992188,87.73927,165.03876
195.67071533203125,115.21543884277344,94.12762,156.51431
171.97599411010742,117.52142333984375,90.112854,145.1735
136.56000900268555,115.02598571777344,91.41281,148.66669
102.8838996887207,122.90462493896484,102.39491,157.63756
78.25373077392578,123.81837463378906,98.67054,162.84106
55.0461540222168,125.35387420654297,98.42337,155.75755
28.213504791259766,120.08496856689453,100.19301,160.43321
7.029060363769531,119.8507308959961,98.687386,157.64162
2.276012420654297,111.66580200195312,84.791626,170.92938
0.9975013732910156,108.38221740722656,70.37285,172.52954
0.4775371551513672,105.40872955322266,62.046627,167.77248
0.44366455078125,99.17195129394531,56.834587,163.46188
2.4783191680908203,93.3147964477539,54.76073,160.0319
0.9664707183837891,87.38310241699219,58.039707,156.84103
1.3312759399414062,79.38377380371094,64.838356,154.42996
-0.5315933227539062,71.30572509765625,74.96839,151.05853
2.414886474609375,64.46088409423828,85.17138,148.69063
10.41672134399414,56.20765686035156,88.683426,145.68866
25.184574127197266,48.86640930175781,85.40642,141.1083
44.13052749633789,39.79998779296875,79.06813,142.32126
59.950904846191406,36.8345947265625,81.291664,137.53717
72.00536727905273,31.919349670410156,82.546844,134.30714
86.35750198364258,26.501052856445312,83.201706,133.90707
107.04772186279297,21.61144256591797,78.562294,129.43394
121.4814453125,18.5325927734375,78.636986,125.75513
138.0737533569336,18.028594970703125,75.53379,134.19983
153.6735725402832,16.40741729736328,71.93184,136.12788
168.7324447631836,13.740303039550781,71.167274,141.3166
183.27729034423828,11.122154235839844,70.9958,141.72466
198.55955505371094,16.509414672851562,70.82552,136.76248
214.4084358215332,19.389892578125,69.357834,136.19351
225.91657638549805,19.216697692871094,72.160095,138.6024
238.78655242919922,24.6265869140625,71.69642,138.1416
248.80894088745117,26.485145568847656,72.3288,139.75392
259.96294021606445,30.70813751220703,70.90013,144.08638
268.7596092224121,38.233123779296875,71.0773,138.01566
275.6368064880371,45.329803466796875,69.980194,141.43826
282.2335395812988,50.67327880859375,68.1877,140.65964
287.73348236083984,60.801185607910156,68.0651,139.98878
289.71832275390625,70.58988189697266,68.86843,138.74205
290.7152900695801,81.90184783935547,69.23161,138.18828
292.3071060180664,91.5863037109375,68.78025,136.12851
290.9359321594238,99.81639862060547,70.375595,137.9009
291.5942916870117,109.89801025390625,68.566444,135.6272
290.77953720092773,120.02104949951172,69.7146,136.53886
289.6786918640137,127.68125915527344,69.03888,133.616
287.5777702331543,137.19696807861328,69.321655,132.15804
285.7655029296875,145.17269134521484,69.774254,129.97432
284.01706314086914,151.23155975341797,69.70982,131.50993
283.81950759887695,161.53740692138672,70.54817,128.52382
281.30716705322266,166.95938873291016,70.779915,128.3751
280.5067672729492,176.02256393432617,71.72584,125.37797
280.2712173461914,182.87145233154297,71.23054,125.34233
282.9756164550781,187.5500373840332,68.8966,126.64977
284.5153617858887,195.08954620361328,68.52002,122.71712
285.94627380371094,197.23788452148438,68.49197,124.64612
287.21094131469727,198.88927841186523,68.571335,124.4148
289.8971252441406,201.1679458618164,68.57,123.49446
290.5982246398926,201.6971206665039,70.11827,123.56453
292.5701370239258,201.32434463500977,70.45408,122.836205
295.7846145629883,198.5071258544922,70.873604,122.379944
297.66142654418945,194.5704574584961,71.6761,123.81798
301.81555557250977,191.1904296875,71.19356,125.46265
303.1512680053711,186.5968475341797,71.92188,128.41702
304.3646469116211,183.3432731628418,72.95725,127.99375
306.39308166503906,180.6417999267578,74.22152,128.83975
307.66823959350586,176.99121856689453,74.51077,131.0056
308.4804039001465,174.19170379638672,75.7724,135.21269
309.46908950805664,172.07571411132812,76.52336,138.4813
308.5982131958008,171.248779296875,78.25718,141.10623
308.47008895874023,172.1166534423828,79.47833,142.9989
307.166748046875,173.20606231689453,80.3283,145.90111
304.50244140625,174.86614990234375,81.94094,148.45981
301.3971138000488,176.2311248779297,82.44173,151.26279
295.6740951538086,177.70084381103516,85.42887,154.123
289.12642669677734,178.74153900146484,89.34037,156.78908
286.9134979248047,179.28347778320312,86.241936,163.07663
277.2738800048828,181.95392608642578,90.78921,162.64674
269.96826553344727,179.25203704833984,89.827866,164.91682
262.20501708984375,180.9707794189453,88.757256,167.81723
250.3354263305664,184.1204605102539,92.04139,168.45598
240.67464065551758,185.22344970703125,90.84383,176.75226
229.27490997314453,185.7886199951172,91.49644,178.20578
215.3861312866211,186.35556030273438,93.17365,174.37555
205.6106948852539,188.09285736083984,92.33665,171.67714
190.7196807861328,188.26583862304688,96.79165,170.79321
182.64120483398438,190.06886291503906,94.48254,167.40915
175.2318000793457,189.8067398071289,89.997116,167.12535
163.5177230834961,192.12670135498047,93.163,165.89162
156.3648910522461,197.03705596923828,90.71186,157.16234
150.62259674072266,197.8079605102539,88.24152,158.75795
145.11896896362305,200.33206939697266,87.97571,157.07109
141.02500534057617,202.722900390625,88.006226,156.73889
137.47896575927734,207.45220184326172,87.05869,154.2636
136.2088508605957,212.01380920410156,84.376114,151.99683
135.51600646972656,219.1164093017578,83.276146,147.88696
136.02338027954102,225.5782928466797,82.66878,145.51062
136.95210647583008,231.13587188720703,83.445786,143.72997
138.1351089477539,237.358642578125,82.517006,142.47412
140.0276985168457,243.05135345458984,82.748276,141.18553
143.4455108642578,248.07904052734375,81.04931,140.10468
144.37884902954102,252.2813720703125,84.05751,137.97931
149.37585067749023,255.36693572998047,80.34549,137.17882
149.57652282714844,258.812255859375,82.79177,136.2818
156.04564666748047,258.92051696777344,79.54121,136.37424
157.46698760986328,261.2964172363281,82.512184,135.05734
158.16266250610352,262.4292297363281,84.91005,133.9942
164.3406524658203,259.8810577392578,81.98583,135.2786
165.2372589111328,259.14817810058594,84.39941,135.82828
172.74373626708984,258.9831237792969,79.14869,132.80545
175.6724853515625,255.74810791015625,79.15975,138.01584
181.32861328125,255.3150634765625,77.16866,139.58716
184.76480102539062,254.36493682861328,77.93038,140.07625
187.83996200561523,253.98177337646484,80.09897,143.80745
193.03982162475586,253.53903198242188,81.40881,140.99512
198.00997924804688,247.10942840576172,85.20309,150.63576
205.33816146850586,247.81043243408203,82.82861,156.82811
210.33217239379883,247.11193084716797,83.74718,157.65266
217.07058715820312,244.99787139892578,84.97747,159.90862
223.4986686706543,243.2305679321289,88.057495,160.55101
233.89750289916992,241.79935455322266,86.86096,161.7094
246.1216697692871,239.8986053466797,85.574615,162.94391
257.33848571777344,240.69314575195312,85.92901,161.41727
268.4980163574219,239.85041046142578,86.09414,153.16121
278.921329498291,240.52037048339844,88.656296,152.75345
288.98530197143555,241.87981414794922,91.97635,152.06068
311.68667221069336,244.63058471679688,82.770874,150.07385
321.75526428222656,245.7433319091797,87.92318,149.16171
338.54561614990234,247.25191497802734,85.78925,145.81343
352.50662994384766,246.18655395507812,84.44691,145.50217
365.31250381469727,245.0440216064453,85.713,144.25803
379.0294761657715,242.52871704101562,83.98981,143.3375
392.3645820617676,239.95045471191406,83.734604,139.84045
405.1048126220703,236.59877014160156,83.12798,140.8974
416.7499580383301,233.3653106689453,83.470505,140.79657
428.53424072265625,229.89225006103516,84.195946,138.35619
438.1219062805176,226.87496185302734,88.18892,136.83067
447.7050018310547,226.8586654663086,89.26644,133.5265
452.3473701477051,223.76364135742188,88.1978,134.91101
461.10851669311523,219.77938079833984,83.756805,135.05653
466.8446807861328,215.23566436767578,82.42504,134.73601
468.16234588623047,209.32228088378906,86.245735,136.95306
470.24314880371094,202.96338653564453,85.878685,137.43211
469.49251556396484,194.42572784423828,87.301704,139.13768
468.216854095459,184.41426849365234,87.37567,141.95534
464.2339286804199,170.75279235839844,86.27759,145.47058
457.5649070739746,158.7984848022461,85.892456,147.2322
449.5187072753906,142.16007232666016,86.91625,154.06871
438.88068771362305,128.80175018310547,87.489105,154.10408
425.2388496398926,111.08385467529297,88.81035,161.61696
408.89171981811523,94.85823822021484,93.983215,166.44963
391.6401710510254,77.54894256591797,91.7408,170.10753
373.2748565673828,58.31580352783203,92.02093,177.2841
349.888973236084,46.4766845703125,94.79437,175.73917
329.35683822631836,31.270278930664062,91.57626,178.15833
308.6450653076172,19.33526611328125,91.68334,179.45847
287.3637466430664,13.971519470214844,94.97889,179.24174
267.29094314575195,10.786651611328125,91.25603,183.0422
244.2680549621582,5.2405853271484375,93.435104,187.1936
219.05694961547852,8.969947814941406,98.256485,177.4291
195.70034408569336,10.918174743652344,99.96277,184.3184
178.79227447509766,15.3309326171875,99.48588,190.22293
160.70910263061523,19.962989807128906,99.44769,195.9051
148.88758087158203,30.75218963623047,98.3541,199.06297
138.37328338623047,50.29308319091797,96.37049,204.97594
129.48934936523438,67.33832550048828,94.64666,190.48976
123.83616256713867,85.67745208740234,93.64224,182.88768
121.72710037231445,100.96781158447266,94.144485,179.99928
120.97771835327148,113.7668685913086,93.59003,189.18425
123.1595230102539,129.39559173583984,92.048805,185.58684
127.25588607788086,139.5469512939453,89.37836,178.92078
131.71218490600586,148.72126007080078,89.85779,172.2889
136.83414459228516,159.68402862548828,89.76273,168.5182
144.76167678833008,167.2074203491211,89.77858,169.47429
153.4265365600586,174.7243881225586,87.30665,161.70927
162.6482391357422,182.2838897705078,86.68343,155.0485
174.6926612854004,185.6516876220703,85.628006,153.74655
183.62001037597656,189.99008178710938,85.66619,150.96136
195.09585189819336,197.57675170898438,84.77811,144.5936
205.1774024963379,201.86400604248047,84.67967,141.10362
221.01871871948242,205.45647430419922,78.38617,142.19136
232.13238143920898,205.32665252685547,80.41412,144.12883
244.26365661621094,206.07299041748047,80.708336,144.62648
257.3947410583496,206.64134216308594,77.47632,139.50937
268.54161071777344,205.78363037109375,78.11361,137.87335
278.97529220581055,203.86227416992188,79.59241,139.30164
290.22151947021484,203.39480590820312,80.35087,137.42416
302.62102127075195,202.9110107421875,77.357285,136.33368
312.51740646362305,202.57005310058594,76.35135,136.44293
320.7642517089844,200.17022705078125,77.39358,137.69873
328.91199111938477,197.9249267578125,76.870865,137.16046
335.1045150756836,195.58829498291016,76.06718,138.69624
339.0871467590332,196.1878662109375,75.728134,136.64313
342.7948570251465,192.11569213867188,74.599915,138.74057
343.3287696838379,187.48648071289062,74.86189,139.78229
343.71715927124023,185.91388702392578,74.910614,137.58876
342.1584663391113,184.15426635742188,73.85463,135.17975
340.6210021972656,181.17740631103516,72.936,134.81142
337.0937614440918,179.14649963378906,71.97351,134.64978
333.12656021118164,179.34725952148438,71.75792,130.55621
326.789005279541,178.41031646728516,73.986374,128.84544
320.6432304382324,177.8135528564453,69.34921,125.69876
314.41027069091797,177.94060134887695,68.91917,123.0895
308.0541229248047,175.4703826904297,68.55401,121.28235
302.157039642334,173.27308654785156,66.08618,120.64963
293.6411895751953,171.3026466369629,66.11877,118.16946
287.4820365905762,166.79479598999023,65.85678,119.3484
282.7738513946533,164.92824935913086,63.094135,115.649666
276.0091361999512,154.6776123046875,64.48276,121.31976
269.0797348022461,149.9605941772461,65.11143,121.875534
263.2226104736328,146.3742904663086,64.45144,120.28734
258.60093116760254,141.37694931030273,63.779514,122.971535
252.69816207885742,135.10894775390625,64.58505,125.0661
246.06079483032227,130.0729103088379,65.55809,122.925835
240.5895233154297,126.19673156738281,66.18212,122.671875
233.95783233642578,120.62239456176758,66.80738,123.044365
226.62059783935547,115.86621475219727,68.15186,126.62676
219.35897064208984,112.20767211914062,68.67347,128.86581
214.0767478942871,107.9507064819336,68.53058,129.59633
205.08230209350586,103.36004638671875,70.39462,132.03015
195.77256774902344,98.54496765136719,72.60995,134.32025
188.3295555114746,95.80843353271484,72.44397,132.95644
181.31521224975586,91.66841888427734,71.4144,136.57234
172.4023666381836,88.36976623535156,72.93583,137.13757
159.37102127075195,85.19634246826172,76.60417,138.43883
148.87273406982422,85.01741027832031,77.48957,139.432
138.89647674560547,83.13191223144531,77.84275,144.34421
128.1608428955078,84.4654541015625,83.99337,141.96902
117.47603607177734,87.85179901123047,81.86082,148.93282
108.12929916381836,94.34601593017578,82.594055,145.39107
95.70068740844727,101.00856018066406,82.9243,144.11652
83.12335205078125,106.189697265625,84.260826,143.72437
74.24209976196289,111.5425033569336,84.16499,140.29
65.78155136108398,115.32477569580078,86.713806,137.67458
56.493839263916016,120.1468505859375,82.72844,134.9996
46.411434173583984,119.49810028076172,84.31717,136.15907
35.13409423828125,122.84204864501953,86.1614,133.56337
27.546802520751953,126.79806518554688,87.11513,135.15646
20.35491180419922,132.1097183227539,85.79502,131.29308
12.856430053710938,136.32495880126953,85.96349,132.0327
6.039318084716797,141.3968048095703,88.99301,130.39352
2.7183876037597656,146.04518127441406,87.30708,129.47449
3.835002899169922,152.2175750732422,84.288055,128.36838
3.307220458984375,157.63429260253906,83.73989,128.31024
3.4878768920898438,163.218505859375,82.55085,131.45569
6.550327301025391,170.29007720947266,80.01344,132.48152
9.677177429199219,181.92765045166016,77.33494,122.920456
14.680286407470703,189.91494369506836,73.9467,118.340126
16.511371612548828,195.87332153320312,75.22423,115.049225
22.330368041992188,202.3203125,72.245964,112.782715
27.52614974975586,206.73450469970703,69.37451,110.28102
31.332904815673828,209.52679443359375,69.45271,107.56711
34.12875747680664,211.9148406982422,68.198685,106.15393
38.757080078125,214.6266632080078,67.880974,104.496185
40.73252487182617,217.02037811279297,68.633606,100.85768
44.70737838745117,217.40320587158203,67.89676,101.40599
47.74957275390625,219.38555526733398,66.963615,99.266975
50.972625732421875,220.7262725830078,67.24026,98.067505
52.067020416259766,220.29424667358398,64.20738,95.60746
53.57688522338867,219.4328384399414,63.893524,96.37163
54.44801902770996,219.96274185180664,62.757824,96.526634
55.1994514465332,221.50346755981445,62.62001,96.217155
55.49008369445801,221.77680206298828,63.059803,97.01878
54.66632843017578,223.1039924621582,63.30622,96.20434
54.997406005859375,225.74211883544922,63.91442,96.342514
54.04979705810547,226.17834854125977,63.77146,98.2055
53.45161056518555,228.625,64.236725,99.00775
51.64512634277344,230.81127166748047,63.830315,99.926926
50.19495391845703,232.6043930053711,65.844154,98.969406
48.559234619140625,233.83824920654297,65.51296,99.830765
47.85266876220703,236.0452651977539,64.12748,101.255844
45.15729522705078,235.06659698486328,64.875496,104.51851
42.15792465209961,235.8018341064453,65.49997,105.07828
40.15571975708008,235.66729354858398,64.28917,103.736946
38.2823600769043,234.68664169311523,64.828064,102.9499
36.84123992919922,233.2235107421875,64.29612,103.2518
35.06428527832031,231.50228118896484,63.76687,102.722244
33.23575019836426,230.38245010375977,63.256275,103.085045
31.390270233154297,230.226318359375,62.8963,102.7254
29.592973709106445,229.77511978149414,62.958424,102.56121
28.11837387084961,230.3268585205078,63.07553,102.64377
25.996562957763672,229.91266250610352,63.062073,101.57134
24.086721420288086,229.46744918823242,63.61854,101.345924
23.09719467163086,229.52472686767578,63.836975,100.16402
20.450477600097656,229.5452117919922,64.01786,100.85483
18.79853057861328,228.36068725585938,63.941414,99.71771
16.603012084960938,226.3866081237793,64.09792,101.76942
15.669244766235352,225.57636260986328,63.58707,98.958176
14.135725021362305,227.4789161682129,63.80984,100.07729
10.872734069824219,225.64213943481445,64.502815,98.999504
8.721672058105469,226.73529815673828,65.29493,97.53783
6.296943664550781,225.5759162902832,65.730385,100.725365
5.85345458984375,225.7488670349121,65.102715,100.95649
3.9316024780273438,226.5272560119629,65.31443,104.48278
3.953632354736328,228.07471466064453,64.35481,104.57771
2.422374725341797,227.56299209594727,64.19614,106.5223
1.5845413208007812,229.2051124572754,64.67472,107.00939
1.3993072509765625,230.57761001586914,65.19909,108.41268
0.9639968872070312,231.8451271057129,65.99967,112.64065
1.3339385986328125,232.90985107421875,65.92556,118.148346
0.9541015625,234.54335021972656,66.43719,120.239105
1.3942108154296875,235.91690826416016,67.10711,119.10768
1.7734756469726562,237.48818588256836,68.17655,120.52769
1.3290061950683594,238.1898307800293,69.34827,120.85099
1.3846397399902344,239.8695526123047,70.3064,120.47638
1.8040351867675781,241.10545349121094,71.89897,120.419586
2.7891159057617188,242.414794921875,73.02427,119.92145
3.2638397216796875,243.42835998535156,72.77166,119.87195
3.933094024658203,246.20064544677734,73.3716,119.50169
5.505943298339844,248.59856033325195,73.80839,118.28277
6.8857574462890625,249.96151733398438,72.716484,117.48978
7.830963134765625,250.7685203552246,73.0718,118.11094
9.31011962890625,252.8588523864746,72.414024,117.11234
9.821769714355469,252.4770164489746,72.03251,118.32835
10.61492919921875,251.23094177246094,72.828545,119.01111
10.2781982421875,252.93178939819336,73.93328,117.591896
12.038707733154297,253.53337478637695,73.71765,118.342064
12.80764389038086,255.93431091308594,73.799255,117.50836
13.335773468017578,255.84846115112305,74.04875,118.209755
13.686466217041016,258.2477836608887,74.00041,118.41099
13.87697982788086,259.3481979370117,74.743835,121.19203
14.210098266601562,261.3107719421387,75.583244,122.82322
15.010627746582031,258.92130279541016,76.013466,120.814224
14.110397338867188,262.4255561828613,77.2958,125.79235
16.476890563964844,261.50059509277344,77.01029,131.40228
17.55966567993164,262.1112747192383,75.8091,131.29463
17.65325927734375,263.4618682861328,77.19384,131.77478
17.973243713378906,263.51444244384766,78.603615,132.13988
18.984325408935547,264.67728424072266,80.12341,131.26848
19.89248275756836,265.38533782958984,81.78424,131.69456
20.987751007080078,264.4663314819336,82.35683,133.9728
21.98653793334961,264.26837158203125,83.535675,133.91989
23.6319580078125,264.32643127441406,83.70202,130.23578
26.580474853515625,264.06451416015625,84.50625,129.28448
29.09316635131836,264.890380859375,83.52652,130.71646
30.643970489501953,261.3854293823242,85.02251,130.9087
33.803279876708984,267.86353302001953,82.95035,128.11293
34.698631286621094,260.1172866821289,85.1348,134.4496
39.524723052978516,260.69349670410156,84.31117,130.66418
41.534271240234375,256.5875778198242,84.40652,135.68385
45.23428726196289,256.7583694458008,85.862595,136.65419
47.12535095214844,253.22376251220703,86.869804,139.54158
48.76612091064453,252.271240234375,89.73579,135.50345
51.444419860839844,249.43944549560547,89.92252,139.81758
54.62049865722656,248.16504669189453,88.41741,146.79146
56.39309310913086,244.90487670898438,88.34448,139.60818
59.4203987121582,243.29751586914062,88.13042,143.91342
61.57624053955078,238.56777954101562,88.16633,145.79755
65.6335334777832,237.60652923583984,89.30495,142.30016
69.3586196899414,235.5014419555664,90.01072,142.62532
72.76508712768555,233.56249237060547,91.320404,145.01591
76.76214981079102,232.49044036865234,91.04411,147.63963
81.15863418579102,232.4837188720703,92.36879,150.42035
85.42979049682617,229.4443588256836,93.59296,155.00508
89.48713302612305,229.1592788696289,94.707886,156.79234
93.0814208984375,226.97237396240234,95.58929,156.8582
100.05154418945312,228.05743408203125,93.81512,155.4701
105.90141296386719,227.5768814086914,92.694786,156.74458
109.89168548583984,226.803466796875,93.872536,156.6972
118.07884979248047,227.7712631225586,92.266884,153.79073
124.70455551147461,227.05552673339844,93.85217,155.2775
131.80773162841797,227.7038803100586,94.011665,153.42253
139.55614852905273,227.01258087158203,92.88425,152.93321
144.3978385925293,228.45047760009766,92.75922,148.91368
149.60911560058594,226.35652923583984,93.158165,149.15724
154.39007568359375,223.78414154052734,93.06661,149.2802
165.78226470947266,222.9057846069336,85.55973,146.80238
169.20464706420898,219.10407257080078,86.12454,146.0659
172.43462371826172,216.46624755859375,89.61521,144.45688
178.34440231323242,214.6131362915039,90.396484,144.3416
181.63431930541992,210.76072692871094,92.033325,146.25702
186.55886459350586,209.27578735351562,90.926544,145.02945
191.34293746948242,204.96044158935547,89.53824,143.21495
197.26130294799805,202.07076263427734,90.69119,144.04512
203.01287841796875,199.32209014892578,89.11208,147.81953
207.8346061706543,198.08809661865234,88.1582,149.48967
215.09865188598633,195.30748748779297,84.80699,152.21342
220.19721603393555,194.8160400390625,84.01459,152.35349
225.4043731689453,193.47935485839844,83.79546,151.07196
229.5098533630371,192.39739990234375,84.64426,150.8436
233.92742538452148,191.23854064941406,83.94739,151.6749
238.14347076416016,189.45648193359375,83.10032,151.45233
242.22512817382812,189.68194580078125,82.888145,150.5289
245.81685638427734,190.00765991210938,82.97721,147.38193
245.9502944946289,188.5793914794922,85.12638,144.29971
250.40043258666992,187.42471313476562,83.03479,144.1195
253.9328727722168,187.84677124023438,81.565796,141.51077
254.0602569580078,188.07179260253906,82.90649,140.77563
256.5694274902344,187.44916534423828,80.92394,138.838
258.3248977661133,187.02863311767578,80.51704,137.60469
260.01347732543945,186.3181915283203,79.10274,138.76315
259.4488182067871,185.50323486328125,79.7464,136.26682
259.22582626342773,184.01122283935547,80.27988,137.55855
259.6705665588379,181.7237091064453,80.49904,136.00253
257.70758056640625,179.80685424804688,82.01821,138.50366
257.11870193481445,178.7881851196289,83.22209,137.65288
254.76554489135742,177.43029022216797,85.92581,138.84514
251.24558639526367,178.05254364013672,89.94302,137.66792
248.76138305664062,176.2765121459961,93.07589,138.57454
247.24248886108398,173.00281524658203,94.9285,140.28072
247.0678482055664,171.86316680908203,94.9159,140.66628
244.4641342163086,170.07275390625,97.347786,143.29077
243.98577880859375,165.50457000732422,98.53237,145.32616
243.93365097045898,164.39632415771484,99.0777,145.8955
243.98962783813477,162.21578216552734,101.13414,147.99052
243.6619110107422,156.55899047851562,103.05651,153.90317
245.62751388549805,149.09454345703125,102.6449,160.0188
245.89749908447266,146.23033142089844,104.36091,163.20602
246.39791870117188,143.88958740234375,106.11831,164.03912
248.28715133666992,143.56554412841797,106.69232,163.50575
249.7347297668457,141.98355865478516,107.905075,163.15929
252.0420799255371,141.36195373535156,109.25235,161.957
254.3864974975586,140.56816864013672,109.21482,161.9377
259.1814308166504,140.58694458007812,108.386,162.10303
260.81439208984375,138.50962829589844,109.81307,164.12338
257.77909088134766,139.6656951904297,115.78248,162.64468
258.53603744506836,139.63500213623047,117.526886,161.86366
263.3019332885742,140.04113006591797,116.93644,161.95137
266.73035049438477,139.80612182617188,115.86525,161.06506
272.4775848388672,139.88980865478516,113.6571,161.64726
273.761474609375,138.9938507080078,114.9042,163.10458
268.2704544067383,141.20079803466797,123.13685,160.18324
275.8578338623047,139.14411163330078,117.43981,161.5125
287.79138565063477,139.75790405273438,107.873856,160.53674
287.6124725341797,138.2524871826172,107.958855,163.19766
294.361141204834,138.00985717773438,103.15744,161.19482
298.9101448059082,136.03964233398438,99.98155,162.91815
301.6031036376953,135.72328186035156,97.512566,161.27512
302.54969024658203,134.0041961669922,97.439095,160.35434
303.92200469970703,132.2171859741211,96.26203,160.35072
303.1874771118164,130.2194595336914,96.85017,161.05186
303.48473739624023,127.7602767944336,96.594574,160.42747
304.98376846313477,126.07978820800781,96.183426,160.70575
304.71805572509766,123.355712890625,95.9593,161.53024
304.87255477905273,119.77787780761719,95.35391,161.634
304.35687255859375,118.31588745117188,94.8099,161.07785
304.7002372741699,117.22187042236328,93.82596,160.02031
303.9750213623047,117.51729583740234,93.60607,158.10399
303.4117088317871,116.15869903564453,94.176575,157.3055
304.61538314819336,117.21874237060547,93.11426,156.01915
303.85399627685547,116.83863830566406,92.46284,154.5914
303.10833740234375,116.12532806396484,90.468864,153.04268
303.85451889038086,114.72489929199219,92.04541,153.59668
303.23147201538086,115.10393524169922,91.00159,150.94484
302.57316970825195,114.6848373413086,90.84157,150.48201
303.4852066040039,115.698974609375,90.442696,148.91931
302.4674606323242,113.96260070800781,89.560616,147.62955
301.6702117919922,115.0682373046875,89.54287,145.36612
301.82640838623047,113.78240966796875,89.35944,146.47372
299.14059829711914,113.17304229736328,90.53151,143.12071
299.0809555053711,111.73339080810547,91.29929,143.53694
297.1770668029785,110.8102035522461,91.828384,142.55074
294.44614028930664,111.19342041015625,89.30281,138.24854
294.1413040161133,109.37593078613281,93.31699,142.63248
293.6174659729004,109.33636474609375,94.51643,140.85614
291.1990203857422,108.00465393066406,97.15716,139.8822
293.93438720703125,107.37353515625,95.16329,140.5466
290.7997055053711,106.79850006103516,98.32508,140.80937
293.6989631652832,105.56405639648438,97.06615,141.78137
291.03662872314453,106.65153503417969,99.29844,141.84906
293.4162826538086,105.0906753540039,98.32578,142.91905
291.82875061035156,105.101806640625,100.452446,142.26306
293.9007759094238,105.80049133300781,97.86342,143.48102
294.8908157348633,107.6178970336914,96.5023,143.48814
297.69174575805664,112.27436828613281,92.686905,146.93509
298.7174835205078,117.23052215576172,91.60854,145.16695
300.4356689453125,120.81822204589844,88.74258,145.66833
301.04447174072266,123.4568099975586,87.82618,146.71077
303.38451766967773,126.3262710571289,84.07788,146.63222
303.8158073425293,130.8507843017578,83.038605,145.30148
304.3616027832031,136.8912124633789,80.49752,143.4651
305.51469802856445,142.50823211669922,78.65178,141.61305
308.0686836242676,144.9877700805664,76.844315,144.15907
308.89549255371094,149.75794982910156,76.635826,143.26532
309.9013137817383,153.9664306640625,77.35328,142.53091
310.7314453125,157.49723052978516,78.26571,142.76237
312.6999931335449,159.93975067138672,78.09845,142.2152
315.2547798156738,161.25308227539062,80.3831,144.51718
317.50558853149414,163.66429138183594,85.63005,144.12314
321.00011825561523,166.49710083007812,84.211365,143.08728
323.0128173828125,167.7540512084961,89.45467,144.38588
325.517765045166,169.26473236083984,95.04286,143.84465
330.8224754333496,169.49677276611328,96.91229,144.56621
337.06061935424805,170.24898529052734,98.7782,144.52785
343.3174819946289,169.8013458251953,100.32276,144.30923
351.52892303466797,169.5086212158203,109.359535,145.6156
359.78596115112305,171.0846939086914,112.0943,144.86238
368.95056533813477,171.06684112548828,114.91347,148.62233
380.6349296569824,171.1525421142578,114.75464,152.04205
391.79062271118164,169.66656494140625,113.04414,155.80374
401.2657890319824,164.7630844116211,115.86536,162.35509
410.8294982910156,164.5400848388672,118.3088,163.51251
420.05947494506836,161.3271255493164,117.714386,166.46248
427.02525329589844,157.3514633178711,118.66839,167.32433
434.2473564147949,155.19548797607422,117.611145,161.54778
438.8369560241699,152.74248504638672,116.53418,166.62212
442.47657012939453,148.4723663330078,117.2223,164.77197
445.6067771911621,148.73151397705078,111.25644,166.61977
445.7475128173828,144.52356719970703,109.98345,173.35786
443.7538948059082,143.09044647216797,110.26091,173.27654
440.35136795043945,142.56230926513672,108.142624,174.8637
434.58714294433594,143.24305725097656,108.41619,164.16467
427.29116439819336,141.8251724243164,106.75931,164.25752
419.403263092041,139.30831146240234,107.71278,171.783
423.1653938293457,137.57295989990234,100.40428,139.3687
411.57035064697266,140.79642486572266,94.38456,147.86357
395.58749771118164,137.11338806152344,102.92616,150.77994
382.29317474365234,131.7812728881836,102.171486,157.34846
371.89958572387695,129.81686401367188,102.3922,161.96497
357.99278259277344,124.25907897949219,109.93691,163.23581
349.6069984436035,121.55793762207031,111.06572,163.59122
339.38986587524414,117.73857116699219,113.07591,162.1055
328.90232849121094,113.36466979980469,106.70547,168.10269
319.8636817932129,110.77798461914062,107.0634,166.19885
312.4280815124512,108.50347900390625,111.69974,164.4768
307.416446685791,105.06852722167969,112.120285,165.74002
304.3687286376953,103.38307189941406,112.011375,166.93277
302.42493438720703,101.31932067871094,108.636024,166.48044
309.63706970214844,105.0056381225586,92.51638,159.0074
300.0200500488281,144.60162353515625,69.5154,128.42084
297.61284255981445,155.52385711669922,66.94859,110.84657
300.9318084716797,156.58162307739258,64.24581,118.81219
301.8645477294922,157.70962142944336,66.77288,116.71705
304.5738220214844,159.10487365722656,66.439995,116.633484
307.4319190979004,161.73084259033203,66.12587,118.65459
309.1626205444336,163.39165496826172,68.926,117.08818
310.15939712524414,156.58607864379883,70.99248,124.639336
331.8005027770996,91.08823776245117,97.6077,103.551094
316.70019912719727,100.70500946044922,108.91734,160.96526
306.07909774780273,104.06536865234375,116.44922,184.72824
303.1617431640625,113.8233413696289,112.94988,176.89699
299.7841110229492,118.1709213256836,113.28797,176.40215
296.44457626342773,123.0652084350586,113.46704,175.94273
288.7856674194336,130.9125518798828,111.728035,173.17871
284.3693046569824,141.52251434326172,110.00174,167.71764
278.59460067749023,148.9891815185547,107.41254,165.43585
273.99057388305664,156.57218170166016,102.818405,158.59743
268.8636283874512,159.50188446044922,98.60489,160.07402
265.4252243041992,159.08431243896484,91.61512,157.95671
259.2205924987793,158.13475799560547,90.101135,159.34608
253.27078247070312,154.5439453125,88.09539,158.92145
248.51881408691406,151.41138458251953,87.10967,158.6714
243.6141815185547,147.63592529296875,87.1412,156.337
239.8221206665039,139.8460464477539,87.81422,158.1497
236.4853515625,131.01602935791016,87.47585,161.32579
235.31734085083008,122.58068084716797,87.85451,162.40529
232.99809646606445,115.91519165039062,88.43764,164.43207
231.42063522338867,107.31721496582031,92.35953,169.47116
228.8776092529297,100.63490295410156,96.06539,169.76746
229.41460037231445,94.32235717773438,98.59285,172.9078
229.2518424987793,87.70620727539062,101.53427,174.18723
230.47072982788086,79.18133544921875,102.59509,175.22903
231.39809799194336,72.79352569580078,105.96503,174.42708
233.35980987548828,65.81542205810547,106.68247,175.99333
232.1397247314453,60.708587646484375,110.529076,176.43613
230.7074317932129,54.515174865722656,114.0717,178.78218
227.15237426757812,48.40904998779297,117.71136,179.42955
227.9082794189453,48.1451416015625,117.18606,177.76907
225.1110382080078,43.9501953125,120.70052,180.53683
222.7984390258789,47.33514404296875,121.57987,177.11948
220.58106994628906,49.262672424316406,121.05074,175.53761
218.71835708618164,51.11936950683594,120.2,175.53137
214.95768356323242,54.76715087890625,119.46146,171.58493
207.16497802734375,57.55927276611328,121.85949,172.01778
198.88129043579102,62.050994873046875,120.30394,167.04776
192.05309677124023,62.827423095703125,116.716125,162.46524
187.11621475219727,64.7153549194336,103.25975,149.09258
183.71036529541016,65.78319931030273,90.3469,106.0355
175.18486785888672,62.56743240356445,89.0456,81.54345
169.22573852539062,64.11345291137695,89.20098,77.893456
164.79348754882812,64.15245819091797,85.869865,78.37962
162.03728866577148,62.58694839477539,82.40802,77.08712
158.7295265197754,63.58384323120117,80.80098,74.96928
156.92468643188477,62.710166931152344,77.35161,78.22472
152.5929069519043,60.56989288330078,77.913025,75.24437
148.19352340698242,61.3867073059082,79.67688,74.99102
145.50506591796875,59.35881805419922,80.44903,76.694626
146.73108291625977,58.95383834838867,81.857254,110.64918
148.0706672668457,59.027252197265625,93.34395,146.48471
148.81199264526367,56.092613220214844,90.38736,145.1396
148.26623916625977,55.44151306152344,90.813675,143.34503
149.41555404663086,54.47782897949219,90.25607,141.46701
149.70040130615234,53.93335723876953,89.98228,140.08089
149.2391014099121,53.82594299316406,92.33951,137.36768
150.6425552368164,51.613006591796875,92.83549,136.79932
149.29201889038086,51.51506805419922,95.42923,136.53331
148.65863037109375,51.83251953125,96.58187,136.49594
151.3284149169922,51.033912658691406,96.02639,137.26756
150.9130096435547,52.27307891845703,97.169395,134.90218
151.97897720336914,53.071449279785156,96.97026,134.90797
150.71688842773438,52.461708068847656,99.37179,135.00148
150.67039489746094,52.50440979003906,100.2452,134.70282
151.19204711914062,53.97614288330078,99.17556,135.95323
150.38523864746094,55.0513916015625,99.46383,137.98694
149.35914611816406,56.357177734375,99.286125,137.81961
147.05039596557617,57.06352996826172,99.9216,138.43776
145.68827438354492,57.983131408691406,101.175385,139.70338
144.63844299316406,58.030982971191406,100.177025,136.88033
143.34945678710938,57.511741638183594,100.779045,136.67955
142.72720336914062,57.93018341064453,99.23608,139.36409
141.78086471557617,57.164520263671875,98.957886,140.18881
140.3053207397461,57.66278839111328,98.0463,141.86241
138.0274429321289,57.74517822265625,99.21061,142.29102
136.6619644165039,58.78978729248047,98.60145,142.0378
135.99479293823242,60.35408020019531,98.05884,141.26755
134.7098846435547,61.91516876220703,96.90896,141.71758
133.96055603027344,63.78114318847656,95.86413,141.65698
131.97219467163086,67.15087890625,95.885315,139.1854
131.8692970275879,70.55868530273438,96.13466,137.68951
131.52802658081055,71.72718811035156,94.13312,138.17102
131.00056076049805,74.44368743896484,92.610565,137.34319
130.0834197998047,74.87096405029297,92.51769,136.94536
130.23340606689453,78.52327728271484,91.48383,135.41066
130.2924575805664,77.14913940429688,90.13587,136.43536
129.07585525512695,78.791015625,89.65852,136.22491
129.6929168701172,78.47421264648438,87.63204,135.96637
127.82425308227539,79.38436889648438,88.39482,135.83408
128.1003761291504,79.42150115966797,87.383865,136.54964
128.52965545654297,79.59134674072266,87.36677,136.71922
128.15422439575195,79.27545928955078,86.66884,136.11894
128.73742294311523,77.75452423095703,85.7323,137.36128
128.34318161010742,77.65276336669922,85.40387,135.72227
128.4455337524414,77.91299438476562,84.29359,135.62933
128.8618049621582,77.4429702758789,83.857956,137.4287
129.5742416381836,76.63585662841797,83.30094,136.09496
129.87139511108398,76.44339752197266,82.078674,136.4984
130.14276885986328,74.47428131103516,81.407814,137.3156
129.79106521606445,73.86138916015625,80.98857,138.66724
129.67206573486328,72.43775939941406,82.21458,139.9263
130.2044448852539,70.56356048583984,82.04633,137.99345
130.88031768798828,70.14958190917969,80.925575,137.89026
133.24005889892578,68.88699340820312,78.92887,140.34103
134.69000625610352,68.54096221923828,77.96825,138.27837
136.28537368774414,69.84040832519531,77.006424,138.2508
138.50152969360352,70.29922485351562,75.9973,137.6322
139.16363906860352,69.25141143798828,75.077805,137.05373
142.97539520263672,69.5295639038086,72.947395,135.77263
144.52305603027344,69.25364685058594,72.22329,135.50366
144.78640747070312,67.51538848876953,71.81814,135.46208
147.0135383605957,67.18931579589844,72.221115,135.0217
148.51937866210938,67.00249481201172,72.11666,134.02238
151.0696144104004,66.19566345214844,72.031235,132.8464
153.53778839111328,65.69963836669922,71.626656,131.22685
156.0253028869629,65.21293640136719,71.46376,131.49686
158.16928100585938,63.87359619140625,71.07098,130.53372
160.37757873535156,63.02296447753906,71.2712,130.92273
163.22556686401367,61.45795440673828,70.1994,131.27492
165.59177780151367,60.40711975097656,70.580505,130.27008
168.22374725341797,60.138763427734375,69.98466,129.45929
170.47178649902344,59.802085876464844,69.46252,128.7311
173.03709411621094,58.261837005615234,68.84045,127.21653
174.94995498657227,58.037132263183594,68.28752,126.881516
176.55624771118164,56.552574157714844,67.47078,127.5822
178.76424026489258,55.96918487548828,66.87477,125.95882
179.9929313659668,54.6263313293457,66.58966,125.85
180.10381698608398,54.73921585083008,66.783264,124.536
181.80238342285156,53.96174240112305,66.21813,124.131966
182.70874786376953,53.54946517944336,66.45783,122.97025
183.37354278564453,53.31746292114258,65.38239,120.470665
183.663818359375,52.1495361328125,64.79305,121.23889
184.04863357543945,51.323631286621094,64.55083,119.331375
184.7444725036621,50.565364837646484,64.45825,118.670296
184.77576446533203,50.33588790893555,64.95042,117.63511
185.33187103271484,49.623470306396484,64.39301,116.98792
186.39118576049805,49.38372039794922,63.62027,115.611435
187.45636367797852,48.60478973388672,63.088028,114.850266
188.5036220550537,47.62400436401367,63.24525,113.96647
189.59291458129883,46.97653579711914,63.00615,113.063774
190.93180656433105,46.66081237792969,63.463863,112.73065
192.7293243408203,46.37858200073242,63.83709,112.189644
194.4538688659668,47.40719985961914,64.2348,110.77715
195.99909210205078,48.396873474121094,64.167946,109.973404
197.48324966430664,47.77391052246094,63.978775,110.58569
200.171875,49.22256851196289,64.04571,109.572044
201.53443336486816,49.869991302490234,63.601566,109.48655
202.86842918395996,50.4794807434082,63.143017,109.19372
203.9228572845459,50.624752044677734,62.982464,108.539894
205.39216423034668,51.55681610107422,63.348904,108.27788
206.5998992919922,50.97274398803711,62.489372,108.48139
207.8391399383545,51.63399124145508,62.124844,107.61166
208.45573234558105,52.45100784301758,61.397976,107.83462
209.29536819458008,52.03773498535156,60.592606,107.43033
210.43097305297852,52.5642204284668,60.777756,106.97776
211.39223289489746,51.683345794677734,60.029034,107.078835
213.01117515563965,50.8007926940918,58.96919,106.84275
215.0706558227539,50.8647346496582,57.940742,107.4811
215.4197292327881,50.88645553588867,57.771587,107.585
216.2647647857666,50.52480697631836,57.614292,107.94669
217.36182022094727,50.055667877197266,57.161118,108.1975
217.76187133789062,49.82019805908203,57.200554,108.16756
217.1579475402832,50.48231887817383,57.599625,108.36062
217.02416038513184,49.81476974487305,57.874218,107.952126
217.1531467437744,49.96969223022461,57.602757,107.751076
217.3234100341797,49.957069396972656,57.47381,108.42354
216.47198677062988,50.631900787353516,57.524982,108.270775
216.21199798583984,50.322532653808594,57.200233,108.672714
215.33148384094238,49.978580474853516,56.928303,109.00091
213.5303440093994,51.64313888549805,57.72385,108.952156
212.75259590148926,51.74844741821289,57.917347,108.886284
211.2218246459961,52.111328125,57.71656,108.533844
210.39085388183594,52.15962219238281,57.55871,108.358154
210.33488655090332,53.070884704589844,57.14037,108.38173
209.64985275268555,53.57145309448242,56.72641,108.14124
209.7519817352295,53.14889907836914,56.319668,108.39745
208.92177200317383,52.609764099121094,56.408096,108.45924
209.68490600585938,52.72006607055664,55.61532,108.0266
210.39124488830566,52.687198638916016,55.22492,107.67153
210.52033233642578,52.391056060791016,54.76255,107.78008
211.34038925170898,52.803428649902344,54.321228,107.95076
211.85104942321777,52.95481491088867,54.162365,107.44965
212.5910758972168,52.600791931152344,54.199707,107.336044
212.8750705718994,52.56639099121094,54.9762,107.3667
212.88919067382812,51.76246643066406,55.68081,107.781525
214.29858016967773,51.028839111328125,55.82489,107.8931
214.94174766540527,50.793033599853516,56.133587,108.56783
215.78826904296875,50.07476043701172,56.612297,109.441605
216.36809158325195,49.77899169921875,56.93135,109.791595
217.82470321655273,48.80078887939453,57.38745,110.304306
219.3708267211914,48.85814666748047,56.79679,111.04936
220.7994499206543,49.11626052856445,57.170258,112.28945
222.61478233337402,48.424354553222656,57.265423,113.22371
223.60235977172852,47.615028381347656,58.273636,114.98204
225.2571964263916,46.65883255004883,59.3053,116.62469
225.9429759979248,45.72574234008789,59.14007,118.65722
226.48276710510254,44.860042572021484,59.56998,121.02488
227.78612899780273,43.43080520629883,60.764435,123.178764
229.21385955810547,43.80659484863281,62.237373,123.79965
230.30383110046387,43.705902099609375,63.188198,124.1167
231.91789627075195,44.02799606323242,64.139175,126.32636
232.88633728027344,43.8226318359375,65.38976,127.116974
234.07839584350586,44.0679931640625,66.080414,128.23053
234.98230743408203,44.436988830566406,66.49259,131.01
237.0345573425293,47.80436706542969,67.08212,131.50107
239.51654815673828,49.85816192626953,67.72477,134.5468
241.53693389892578,52.19341278076172,68.382545,133.47456
244.14538192749023,54.26415252685547,69.12735,136.24211
247.21092987060547,56.12578582763672,70.01209,135.76161
250.29656982421875,57.98683166503906,70.70751,136.21036
253.49545669555664,61.28746032714844,71.48448,136.35678
257.9101104736328,64.59393310546875,71.86639,136.13477
261.5405616760254,67.10958862304688,73.21657,136.91064
265.5544013977051,71.75919342041016,75.08241,138.55482
271.9956817626953,76.7061767578125,73.78619,140.35022
276.96130752563477,84.006103515625,74.12816,140.21198
282.3266067504883,88.57357025146484,74.281075,141.4706
285.1145210266113,94.64755249023438,78.15022,143.95502
290.05408096313477,99.1334228515625,77.25203,144.79407
295.4031982421875,105.53894805908203,76.95837,145.82936
300.56660079956055,113.18295288085938,77.09531,147.03125
305.5075035095215,119.17960357666016,78.268005,145.72398
308.9505081176758,125.11722564697266,78.63911,146.13667
312.26396560668945,130.62525939941406,78.314926,146.79382
315.28606033325195,136.23838806152344,77.94124,145.98422
317.46239852905273,140.489990234375,77.02011,145.13812
319.15238189697266,142.71632385253906,78.17521,145.10095
318.2631301879883,147.7758560180664,78.78266,143.01286
318.6318016052246,152.96517944335938,78.7038,140.89456
318.98111724853516,156.677734375,77.735695,138.47672
319.24947357177734,159.49279022216797,76.5247,138.74962
318.33592224121094,162.63069915771484,75.79653,137.26314
317.19822692871094,165.26863861083984,76.08636,136.43864
316.30578231811523,168.04641723632812,75.87106,134.37619
314.70274353027344,170.70342254638672,74.77978,133.18205
313.6812744140625,175.0348358154297,74.911736,131.29886
312.63316345214844,177.49781036376953,74.10613,130.42094
312.02287673950195,180.24020385742188,73.70329,131.00986
311.86450576782227,184.00634765625,73.0836,130.73108
312.40589141845703,187.49816131591797,72.65238,128.8144
312.3074073791504,190.55152130126953,72.794876,127.286606
312.96080780029297,193.12435913085938,72.62144,126.54556
313.43563079833984,196.78024291992188,72.617195,126.62106
315.25725173950195,197.64479064941406,72.56059,130.12396
316.1007537841797,200.23497772216797,72.64483,130.57957
318.7286262512207,202.1308822631836,72.54759,131.1187
319.86508560180664,204.30821990966797,73.85109,131.1844
322.7600631713867,207.79690551757812,74.874855,131.6839
325.3157501220703,208.75777435302734,74.75167,132.93639
327.73144912719727,211.29689025878906,75.41838,133.77148
330.40192794799805,211.39041900634766,76.480896,136.27657
333.4482841491699,212.1051483154297,75.8826,136.86453
336.51324462890625,212.8426055908203,76.44433,137.97824
338.95634841918945,214.09921264648438,76.74672,138.39963
341.0901641845703,213.9384536743164,77.79238,140.47551
343.23134994506836,215.3260040283203,78.22836,140.5737
344.1413154602051,214.29702758789062,79.35948,141.4122
344.86168670654297,213.94439697265625,79.561806,141.60687
345.496337890625,214.6149444580078,79.97991,140.86829
346.27185440063477,214.63445281982422,80.17598,140.16719
345.4477729797363,214.68785095214844,80.600174,139.1001
344.6518745422363,214.75675201416016,80.53999,138.85692
344.09372329711914,214.43656158447266,80.645584,138.42653
342.2143363952637,216.18482208251953,80.95801,137.14778
341.1417236328125,215.1984100341797,80.96499,137.7558
