69.0,48.0,26,39
69.5763053894043,47.910011291503906,24.169716,39.979095
70.09791946411133,47.6293888092041,23.800194,40.36784
70.67861557006836,47.632041931152344,24.085487,40.509476
70.61963558197021,48.02162551879883,24.28618,39.970757
70.66100215911865,48.141849517822266,24.28618,39.970757
70.87328243255615,48.1424674987793,24.070284,40.267494
71.06593990325928,48.36185073852539,24.146318,40.189674
71.47521495819092,48.4992790222168,23.99322,40.47947
71.96897602081299,47.926443099975586,23.940268,40.206425
71.68299007415771,48.377960205078125,24.096148,40.30983
71.45390605926514,47.9731559753418,24.107111,40.179817
71.55973148345947,48.606082916259766,24.146864,39.99447
72.13143825531006,48.18589973449707,24.366915,40.218563
73.53561115264893,49.083059310913086,24.800848,40.044956
74.45084953308105,48.55605506896973,25.041874,39.889874
76.0752820968628,49.064876556396484,25.022043,40.089836
74.92354774475098,49.343292236328125,25.398266,39.620758
77.59786128997803,48.92368507385254,24.940142,40.04643
78.9115400314331,50.22291946411133,25.606653,39.41192
82.99120330810547,50.72531318664551,24.930466,39.46049
86.74411869049072,51.35675048828125,24.696394,39.602036
89.86974716186523,51.622941970825195,24.82061,40.104687
89.73547554016113,51.50486373901367,24.678951,40.4179
93.88678741455078,52.910146713256836,24.574112,39.463963
97.34104347229004,54.70194053649902,25.490475,37.604557
101.93583393096924,54.80722999572754,26.193884,37.729427
107.518723487854,55.91384696960449,24.427824,38.588795
111.53734111785889,55.81935119628906,27.073328,38.962143
111.17788505554199,56.05059814453125,26.441227,38.54648
116.72341442108154,56.63022422790527,25.079111,39.14542
121.38851261138916,55.914546966552734,24.200636,39.05069
125.50239562988281,56.72092819213867,24.471146,36.915497
127.42190074920654,55.49542045593262,25.310518,37.407887
130.06904983520508,55.00652313232422,24.685074,36.89524
130.60684871673584,55.661949157714844,24.370409,36.470787
133.06546306610107,55.585453033447266,24.493357,36.539017
134.1689043045044,55.20829200744629,24.894613,36.53722
135.79239177703857,55.79620361328125,24.262049,35.983376
137.29420852661133,54.44734001159668,24.289154,36.645634
138.18451023101807,55.849430084228516,24.007643,35.627327
138.00372314453125,55.24123191833496,23.869736,36.39114
138.58087348937988,56.702877044677734,23.919003,35.515022
138.49698734283447,56.36470031738281,23.664389,36.18953
138.79430294036865,55.46480369567871,23.569277,36.437466
138.91989421844482,56.154069900512695,23.736261,35.75738
138.61226844787598,55.568315505981445,23.60252,36.106487
138.70900344848633,55.89385414123535,23.6371,35.82049
138.32090854644775,55.361427307128906,23.56597,36.102478
138.3991289138794,55.64598083496094,23.584967,35.884247
139.05358791351318,54.9363956451416,23.24045,36.456074
139.14399528503418,56.01820182800293,23.484814,35.649273
139.17084789276123,56.345333099365234,23.279993,35.64231
139.53825759887695,55.857526779174805,23.079285,35.843357
139.0672206878662,57.27225875854492,23.250172,35.021988
139.13378715515137,55.75397300720215,23.356152,36.021244
139.3967409133911,56.8100471496582,23.276686,35.057236
139.7266492843628,56.749568939208984,23.2037,36.04483
139.97901439666748,55.865854263305664,23.326525,36.259907
139.4898977279663,56.99228096008301,23.407923,35.294666
139.4574155807495,56.35838317871094,23.343279,36.30188
139.43637084960938,56.19611167907715,23.481796,36.378773
139.6571741104126,56.267173767089844,23.405325,36.017525
140.4501314163208,56.979787826538086,23.390882,35.70802
140.31865119934082,56.194664001464844,23.274052,35.88405
140.24350833892822,57.11502265930176,23.300253,35.348804
140.74906539916992,56.82701873779297,23.155983,35.943886
140.65001583099365,56.173784255981445,23.579271,35.83955
140.9916591644287,57.24760055541992,23.670376,35.064415
141.25845527648926,56.94503402709961,23.424198,35.82905
141.1147346496582,56.376874923706055,23.351929,35.797062
141.0364761352539,57.57033920288086,23.257774,35.220825
141.03785228729248,56.64586067199707,23.172205,35.95325
141.00357055664062,55.97858238220215,23.402885,36.383488
141.94308757781982,56.37580680847168,23.542528,36.068935
142.2469081878662,56.80298614501953,23.443378,36.192963
142.71328258514404,57.1535587310791,23.495111,36.329235
142.13731479644775,56.40465545654297,23.498564,36.582443
142.77843475341797,57.05775260925293,23.469467,36.18511
142.47779273986816,56.16914749145508,23.533176,36.677773
142.58986854553223,56.393428802490234,23.65092,36.18206
142.05242919921875,57.13834571838379,23.521912,36.013676
141.52898597717285,56.906511306762695,23.637547,36.442394
141.48328685760498,56.22821044921875,23.555704,36.3733
140.9135971069336,57.15336227416992,23.266869,35.64872
140.0938844680786,57.34274673461914,23.321775,36.039482
138.85299968719482,56.32816123962402,23.473299,36.55907
137.50788688659668,56.72015190124512,23.932781,35.61069
136.59656143188477,55.91085433959961,23.523666,35.710808
136.2952423095703,56.997358322143555,23.57837,35.12292
133.7154712677002,56.0167179107666,23.686237,36.270412
131.95150089263916,55.38282775878906,24.24925,36.095764
129.22425937652588,56.91871452331543,24.2592,35.35082
126.80743408203125,55.510759353637695,23.931381,36.009388
123.54508113861084,55.36222839355469,24.220964,36.499542
123.49649238586426,55.399221420288086,24.550007,36.714085
119.59441184997559,55.883310317993164,24.581593,36.332706
116.40655422210693,56.01864051818848,24.539415,36.319042
111.65490531921387,56.39834976196289,25.454227,35.86882
107.95202159881592,57.18614196777344,24.72391,35.318954
102.53332901000977,56.27748107910156,25.474678,36.099274
102.58494472503662,55.763973236083984,24.941866,35.944435
97.90499877929688,55.74738121032715,25.544258,36.003635
93.52205753326416,53.7092170715332,25.702375,36.89685
90.22431373596191,53.11345100402832,25.214153,36.48724
86.9110107421875,53.50812339782715,23.60099,35.50002
82.30860042572021,53.60799026489258,23.380724,35.062195
82.27057552337646,53.49352836608887,23.514322,35.099377
78.36053466796875,52.040082931518555,23.976746,36.100727
75.84006690979004,52.853965759277344,24.417835,35.238968
72.46145248413086,51.878793716430664,24.5344,36.714947
71.61672306060791,52.09275817871094,23.469313,36.710686
70.59121036529541,51.841392517089844,23.66554,37.11628
70.10274600982666,51.10165977478027,23.6687,37.095455
69.29911994934082,52.125343322753906,23.796108,36.141518
67.72836589813232,51.05356979370117,23.68828,36.852577
67.0847692489624,52.66151237487793,24.364794,36.043102
67.6657075881958,50.87022590637207,24.371244,36.624798
68.1717357635498,51.662668228149414,24.180256,35.724667
67.90149879455566,51.701717376708984,24.060085,36.152
68.3225908279419,50.890607833862305,24.006987,36.669796
68.70301914215088,51.09377861022949,24.044828,36.478977
68.95413112640381,52.37327766418457,24.028788,35.915714
70.28482627868652,51.091285705566406,23.35445,36.44847
70.47539806365967,51.850290298461914,23.554277,36.08913
69.92190933227539,52.33349418640137,23.571747,36.11224
70.39631652832031,51.389808654785156,23.286491,36.623512
70.11730194091797,52.38760948181152,23.736244,36.264484
71.38955402374268,51.648948669433594,23.259214,36.5179
70.67758178710938,52.64604377746582,23.710999,36.332775
71.1427698135376,52.024085998535156,23.525572,36.544167
71.51524448394775,51.5078239440918,23.525572,36.544167
71.23707580566406,52.207380294799805,23.711967,36.639065
71.55420207977295,51.034175872802734,23.704409,36.772446
