163.0,44.0,47,164
160.33410453796387,43.05680847167969,60.56406,157.6903
161.07357788085938,38.50227355957031,64.078186,163.1688
159.11383056640625,34.694602966308594,65.8905,167.27846
153.62791442871094,35.211517333984375,71.44083,167.07251
156.00305938720703,32.595123291015625,65.869156,171.60297
151.00685119628906,31.600021362304688,64.51315,175.3359
155.9827766418457,-0.5808258056640625,63.685234,210.42505
159.8782730102539,-0.3618316650390625,54.507523,210.7442
161.37875175476074,0.467315673828125,50.33994,211.03311
159.9862518310547,1.24835205078125,53.66333,212.62045
157.06138229370117,0.6408767700195312,65.3827,215.30647
152.06629180908203,1.207977294921875,74.828384,217.40073
151.8715934753418,4.164337158203125,79.139534,214.7355
157.86360931396484,8.454696655273438,76.162155,213.0213
157.30686950683594,16.63805389404297,79.0014,205.99321
157.42727661132812,21.275962829589844,80.63077,202.06187
156.93905639648438,32.89518737792969,81.7836,191.81995
157.54834365844727,31.1014404296875,80.60299,193.23886
156.16885375976562,45.175254821777344,80.79953,179.53252
155.65010833740234,60.9034423828125,79.92503,165.70169
156.1882553100586,62.65711975097656,79.129074,164.95807
156.17413711547852,63.13801574707031,79.21612,163.73111
156.5837287902832,63.33490753173828,78.40438,161.99544
154.82165145874023,65.32154083251953,81.82691,159.8116
154.85907363891602,65.74494171142578,82.25909,158.61748
154.26759338378906,67.28207397460938,81.295135,158.08594
151.60613250732422,69.15654754638672,81.73448,153.03554
145.79870223999023,69.71658325195312,83.81577,149.89526
134.5997428894043,69.36739349365234,88.64481,148.83672
119.24013137817383,67.37042236328125,98.998436,148.80606
103.81635284423828,66.00041198730469,108.770615,147.70288
85.4570541381836,64.9950180053711,129.2465,148.52623
80.05457305908203,63.76997375488281,133.50801,147.27954
83.24822998046875,55.661231994628906,135.9711,150.61403
89.4996109008789,43.401161193847656,129.2676,160.10658
89.20357513427734,41.12593078613281,130.13725,161.76617
100.04747009277344,35.27099609375,120.7785,165.7991
107.84395599365234,35.74689483642578,114.74791,167.34682
117.13894653320312,39.98271942138672,103.1019,162.63536
129.79326248168945,47.840599060058594,87.26281,153.53319
120.85668563842773,58.664451599121094,83.10935,139.13011
119.94673156738281,57.38768005371094,83.181,140.44272
126.04287338256836,59.46990203857422,69.3722,139.44841
131.33620262145996,62.603370666503906,62.32973,135.0566
137.94378280639648,64.0254898071289,56.026497,136.33952
141.57758140563965,64.5455093383789,53.22115,138.74614
137.10243797302246,65.97462463378906,57.178608,154.41647
136.01808547973633,67.00122833251953,60.66503,155.37666
133.48413848876953,68.31901550292969,65.82622,156.26178
131.43167114257812,69.17674255371094,69.861084,157.13174
129.3580436706543,73.05068969726562,73.37946,153.49536
128.61399459838867,75.04563903808594,73.81843,153.27148
127.35759735107422,76.12589263916016,73.850204,153.57286
126.90706634521484,77.37017059326172,74.64934,153.31209
124.99981689453125,78.14218139648438,74.91989,154.02283
121.9277229309082,79.04737854003906,76.019554,156.4714
117.6536750793457,77.9066390991211,77.502464,159.95699
112.60074996948242,77.58995819091797,79.07685,163.7495
108.93559646606445,74.2505111694336,78.45583,168.86833
105.49707794189453,70.84608459472656,77.489365,171.7384
100.19780349731445,65.75751495361328,78.177635,178.22084
95.5019645690918,63.372596740722656,78.17301,175.18266
89.63322067260742,62.127586364746094,79.42713,162.74876
87.17288208007812,60.951698303222656,81.244446,162.77077
82.17325973510742,64.2609634399414,84.56757,172.88023
82.34909057617188,65.98616790771484,84.932526,169.47346
83.30178833007812,71.09224700927734,82.837585,163.46693
83.15087890625,70.61361694335938,82.213196,163.56592
84.50876998901367,73.07271575927734,79.424385,160.26808
86.53719711303711,76.4560546875,77.49656,156.71509
93.21273803710938,79.57247161865234,75.628784,143.93813
97.5413932800293,79.19306182861328,72.659065,139.56602
107.87873840332031,77.96541595458984,65.04022,137.1439
103.67012023925781,76.80394744873047,69.67459,139.62498
109.8740119934082,74.62248229980469,64.18832,136.55487
112.54519081115723,71.94999694824219,62.085064,136.05206
114.64548110961914,67.66612243652344,60.22805,135.6141
117.0905876159668,66.8931655883789,59.264534,136.49641
116.20721244812012,67.26268005371094,59.922886,133.92825
116.46175575256348,68.49471282958984,58.372448,134.33476
115.8369083404541,70.1917495727539,59.021862,134.00688
109.28250885009766,70.71176147460938,64.98659,133.75226
113.54536628723145,71.33798217773438,61.014767,133.13223
117.44426155090332,70.65213775634766,56.112576,132.64229
119.66584968566895,73.27091979980469,53.98718,129.95276
119.8201847076416,71.88040924072266,54.37205,129.18025
121.11244010925293,72.16798400878906,53.51447,128.08316
125.10312080383301,71.93524932861328,52.93597,124.77522
126.51666641235352,72.50803756713867,52.964104,122.34696
129.14416885375977,73.7602310180664,51.68136,122.492294
130.94010734558105,78.78957748413086,50.96558,120.42991
130.12422370910645,77.68754959106445,51.784542,121.865715
130.8357982635498,82.15460586547852,50.86704,120.539085
130.92773056030273,84.84797668457031,51.05445,120.871826
129.70249366760254,92.92723846435547,53.32411,117.19563
125.18375968933105,95.84330749511719,58.776493,115.31036
124.06951904296875,99.0653190612793,64.97388,113.58695
123.09287643432617,100.75811386108398,71.25831,114.113655
125.8228645324707,101.10342788696289,75.07632,114.40795
128.75756072998047,100.65264511108398,79.02867,117.37995
130.1179542541504,99.79866027832031,83.15807,118.3826
127.57279205322266,99.40506362915039,84.64494,118.52029
131.43048858642578,97.67170715332031,87.230545,121.7764
137.6029167175293,95.44118881225586,82.565895,124.1197
145.97191619873047,91.12006759643555,74.9738,127.09379
154.06392860412598,88.23402404785156,63.27421,129.24677
161.6906623840332,86.37362670898438,51.452232,131.81146
163.6506862640381,85.83378601074219,45.35442,130.83185
162.0413055419922,85.86556243896484,44.374664,129.27428
161.23958778381348,86.34001159667969,42.709393,128.93643
159.1286163330078,87.7196159362793,39.64926,125.671974
148.96414375305176,90.62468338012695,54.746273,122.97292
138.43706893920898,90.66269302368164,68.200905,122.302025
127.99352264404297,93.15437316894531,81.09334,120.07114
122.28765487670898,93.15660858154297,88.16224,120.88249
125.05241775512695,92.16563415527344,84.59127,121.42633
135.9543800354004,90.21200942993164,70.98089,122.347435
135.50847625732422,89.3914909362793,71.731705,122.62702
144.0734806060791,87.73863983154297,61.514965,123.61998
143.70148849487305,83.20594024658203,58.996468,124.78212
143.84988021850586,79.47666931152344,54.668068,129.00586
143.6753273010254,77.42656707763672,49.31774,132.476
142.1742000579834,74.47315979003906,45.91881,135.69214
142.61582374572754,73.9953842163086,41.203197,137.07182
141.51344299316406,73.70032501220703,44.340363,137.17522
136.9987335205078,75.36499786376953,50.598206,138.88411
131.2057647705078,77.89208221435547,56.387115,138.63985
132.25997161865234,79.34798431396484,56.22957,139.21837
133.79552268981934,79.74483489990234,56.484028,140.08672
132.28310203552246,79.74832153320312,58.239582,141.23373
132.81614875793457,79.38916015625,56.990902,141.86765
137.7493782043457,79.5320816040039,52.30822,140.524
144.77771759033203,80.61270904541016,47.48958,138.62962
142.8025951385498,81.52828216552734,56.251163,135.98418
141.63077545166016,80.21102142333984,64.5381,133.92622
142.33587646484375,80.88400268554688,64.70471,133.46857
141.30615234375,81.9941177368164,70.75418,130.20409
138.4336929321289,81.7975082397461,77.56792,129.90926
134.55289459228516,80.83922576904297,85.58354,129.80745
129.6599998474121,79.61518859863281,90.62949,130.49454
125.0679817199707,80.08543395996094,90.56054,130.13016
119.09469985961914,78.37255859375,87.78179,131.29819
114.70246887207031,74.877685546875,81.534,133.92471
108.87074661254883,73.65194702148438,76.76156,135.63986
104.57225799560547,71.04731750488281,68.89665,138.61945
101.00675201416016,69.08954620361328,62.45723,140.41145
101.3430404663086,70.97816467285156,55.6837,140.63644
100.19902420043945,69.16320037841797,54.566246,144.73378
100.05893516540527,69.64514923095703,54.007496,146.85802
99.58515930175781,70.97691345214844,53.395355,149.01675
100.73300361633301,74.03421783447266,52.24084,149.36229
101.20648574829102,76.06070709228516,52.287132,150.48308
102.293701171875,80.48004913330078,53.259552,149.33586
102.15164566040039,83.40929412841797,56.78295,149.19063
103.08130645751953,86.54496002197266,58.435257,147.79701
103.7684211730957,91.13633728027344,64.13851,144.51321
105.084716796875,91.23353576660156,66.44708,143.08698
107.64974594116211,92.83832550048828,64.711464,139.39809
118.49771118164062,91.5263442993164,59.665863,136.20097
121.37045860290527,90.76123809814453,57.679676,135.08345
129.7296905517578,89.08578491210938,58.550568,131.39432
130.80741691589355,85.48652648925781,57.87528,133.26205
129.6485252380371,83.2294921875,60.20057,134.95966
126.24515151977539,80.40213775634766,62.11434,134.87608
118.8843002319336,80.61299896240234,67.75871,132.67564
109.46072006225586,80.84708404541016,75.249916,131.27162
108.94876861572266,81.18972778320312,70.3499,130.49567
110.12674331665039,81.07429504394531,68.50832,130.11404
109.39733123779297,81.89619064331055,65.37724,127.23493
104.08849716186523,83.43905639648438,63.593483,124.97092
99.44933700561523,85.87057113647461,65.86051,123.24015
105.78400611877441,87.17135620117188,57.49397,118.06238
96.88030624389648,91.15483093261719,60.4759,117.81256
98.17598342895508,91.0884780883789,59.199852,117.38698
98.32599639892578,92.89787292480469,59.32695,117.50757
90.09555053710938,93.77118682861328,67.566925,116.65498
94.16093254089355,94.31398391723633,63.35758,116.62496
95.69963073730469,94.18497085571289,63.16626,117.763054
105.35050582885742,91.39623641967773,57.86872,122.50947
100.44014167785645,93.9665412902832,59.383083,121.85732
90.14160537719727,89.35429763793945,69.631035,125.83132
92.57537460327148,87.87803649902344,66.37824,126.87131
95.22053527832031,72.34735107421875,67.483734,142.97406
98.78843307495117,64.92389678955078,67.0716,146.97954
96.18867492675781,64.28849029541016,66.998505,148.70247
95.93310546875,63.637779235839844,65.92175,148.34877
94.26154327392578,61.20159149169922,67.44551,147.1184
91.38929748535156,62.69508361816406,63.06711,145.97144
85.06116104125977,61.41211700439453,72.96221,146.96077
76.95148086547852,64.98394012451172,85.87176,141.99641
70.05321502685547,62.172637939453125,78.26424,144.10706
61.9937744140625,63.917816162109375,80.24155,141.58615
61.56591796875,69.39552307128906,73.30496,134.66528
52.934608459472656,72.94745635986328,77.050674,129.62181
48.87556838989258,73.9863510131836,74.82488,129.13554
49.54023361206055,74.21649169921875,70.46018,126.9509
58.61786651611328,75.57246398925781,68.87694,123.13263
61.834190368652344,76.0022201538086,67.69356,122.503586
64.38573455810547,77.83588790893555,69.049545,119.7237
55.45322799682617,79.97602081298828,80.55268,117.15608
57.707122802734375,80.70875930786133,78.252045,117.06774
51.2340202331543,82.73229598999023,84.658485,116.0528
53.76992416381836,83.16793823242188,84.9054,114.24509
55.35514450073242,82.3910903930664,83.61808,115.76555
57.965538024902344,80.25208282470703,81.03679,117.45033
60.86515426635742,77.11226272583008,79.42988,119.67889
65.34075546264648,82.84286880493164,81.49238,114.8352
65.51256942749023,82.1164321899414,81.63514,115.584305
72.50758361816406,74.94643020629883,85.775696,122.26687
76.67802047729492,70.82210540771484,86.783394,126.081314
86.12004470825195,69.1109848022461,82.527794,128.41069
84.86953353881836,65.53502655029297,91.5391,132.47499
87.26669692993164,66.6070327758789,96.46603,133.33665
88.09226608276367,62.44725036621094,95.5214,139.64221
83.24306869506836,58.69609069824219,104.353065,144.8836
82.50358581542969,61.656898498535156,108.048706,144.23335
80.54985046386719,58.23847961425781,108.75015,148.63782
82.94207382202148,56.881797790527344,106.16456,149.43352
72.7212028503418,60.39525604248047,121.406105,148.76518
73.31751251220703,63.94422149658203,124.28026,144.40993
63.22184753417969,65.54651641845703,130.13553,143.95302
59.77040100097656,62.65229797363281,136.76944,150.00891
56.291465759277344,52.81963348388672,137.94716,162.35558
56.54119110107422,64.08116149902344,139.1733,153.72467
46.87446594238281,65.59272766113281,149.462,150.84235
45.40956115722656,64.60733032226562,151.31802,151.49203
47.24882507324219,69.24932098388672,157.61575,147.29161
47.95964050292969,77.53124237060547,159.32932,140.18767
56.27809143066406,71.42332458496094,156.15414,145.79932
59.61505126953125,70.08845520019531,154.93518,146.15009
62.713356018066406,72.60340881347656,155.32555,144.62152
60.15467071533203,76.0796890258789,168.83195,139.18178
63.92205810546875,76.1946792602539,161.43536,138.92793
66.76953887939453,75.08731842041016,160.12529,138.5624
66.45852661132812,76.27562713623047,160.63037,138.23668
66.8833236694336,76.35066223144531,160.14339,138.4646
67.81814575195312,75.84104919433594,158.8216,140.77856
64.05716705322266,74.16122436523438,161.6682,142.60251
63.52070617675781,80.93279266357422,160.58017,136.40154
65.57716369628906,78.5044174194336,146.16861,139.69975
69.49545288085938,72.79524993896484,138.16095,146.42143
73.16146087646484,63.69841766357422,142.41084,155.46288
71.75196075439453,59.56146240234375,149.53459,159.61063
119.04273223876953,28.020523071289062,97.43388,193.19891
115.88637924194336,59.968482971191406,109.10615,159.64735
122.61139297485352,51.76836395263672,86.978325,167.61015
107.09847259521484,62.603675842285156,108.80708,158.33846
123.16531753540039,63.9031982421875,94.61822,157.57547
112.9178695678711,62.2476806640625,102.359116,159.0373
90.15824508666992,64.295654296875,123.43336,157.47131
97.00247192382812,64.27552795410156,107.91208,157.13358
95.65214157104492,65.38359069824219,109.878426,157.42953
83.79167175292969,65.04049682617188,121.22119,158.08893
82.78174591064453,65.74840545654297,119.04823,153.28114
76.75430679321289,66.61272430419922,123.73385,149.79195
105.31787490844727,66.4874267578125,92.6592,146.45203
106.9170036315918,65.56568145751953,89.72056,145.09578
109.89419937133789,71.29158782958984,86.33776,136.73094
122.54449081420898,67.34915161132812,83.9589,137.58337
128.33254623413086,69.11163330078125,85.77085,132.49048
131.3664665222168,69.38131713867188,88.08286,131.17319
134.42453384399414,69.82178497314453,92.45965,130.7177
135.49079132080078,68.80276489257812,97.20842,131.40436
135.18783569335938,65.86968994140625,91.46042,132.41928
132.29063034057617,63.128570556640625,101.77921,136.97177
125.46382141113281,62.03132629394531,107.704956,139.63956
116.22774887084961,60.95392608642578,107.3014,139.57256
122.33750915527344,61.12202453613281,98.7926,139.88751
114.51985549926758,57.002716064453125,108.35641,144.49435
107.09922409057617,55.61255645751953,108.23197,146.0858
95.3027229309082,53.279945373535156,108.15273,147.18422
85.20135116577148,55.0198974609375,92.58286,147.96017
74.7876205444336,55.33622741699219,88.74043,150.78815
77.98404693603516,54.31719970703125,85.041275,152.36783
73.39198684692383,55.23278045654297,82.34988,152.59492
71.1103744506836,55.874000549316406,81.15187,154.73436
76.50882720947266,58.09589385986328,75.73256,158.41866
74.5661735534668,58.35687255859375,80.75849,160.89413
74.78612518310547,59.87904357910156,85.2357,160.03174
81.00804901123047,58.13337707519531,81.78722,163.18695
92.12086486816406,54.64680480957031,79.14685,170.70483
97.66368103027344,55.56231689453125,82.14386,174.33911
107.80535888671875,59.06146240234375,85.57742,173.14838
110.50917053222656,51.66261291503906,97.34979,182.58307
110.03050994873047,46.705055236816406,99.10173,186.76277
103.71430587768555,48.180381774902344,106.08613,185.89622
107.6505241394043,44.860801696777344,107.721565,187.50737
107.0262680053711,48.956153869628906,113.60631,183.96437
100.82975006103516,42.35936737060547,132.3445,188.88176
93.8896713256836,34.434532165527344,144.71147,196.24425
89.03488159179688,28.900390625,152.9957,202.39444
87.63040924072266,27.726348876953125,152.2256,203.60056
89.56681060791016,26.64044189453125,152.75038,204.45511
87.51966094970703,38.63164520263672,157.8843,190.62193
90.24913787841797,45.044158935546875,149.04521,183.39981
93.14356994628906,47.01544189453125,141.75946,182.94235
98.40287017822266,50.53028869628906,132.98134,181.47168
103.10120010375977,52.30149841308594,121.516075,180.39966
107.029296875,52.41010284423828,110.55649,180.77388
106.26654052734375,54.15363311767578,102.62387,181.32436
113.58972549438477,57.86182403564453,87.0635,179.00801
130.0760440826416,59.512786865234375,63.004803,178.24417
127.17901229858398,60.121795654296875,68.92365,179.97336
127.7032699584961,59.350563049316406,70.36543,181.29149
123.04606437683105,59.75634765625,60.96201,179.24536
103.39057540893555,60.68461608886719,77.27494,178.63321
105.78310012817383,57.29893493652344,75.33102,179.62527
115.74466705322266,55.16681671142578,67.932785,179.95671
114.57655715942383,52.407623291015625,87.00204,183.15698
118.66550827026367,50.481773376464844,79.107216,180.77107
118.54985809326172,48.057373046875,82.519424,186.71094
122.42156600952148,46.83537292480469,87.13593,183.90854
125.13753890991211,46.77161407470703,79.11256,185.88042
125.13236236572266,47.16089630126953,78.81352,186.58586
123.89804077148438,48.41602325439453,79.04761,185.71574
121.00201416015625,48.280517578125,77.01312,186.07245
119.04804992675781,47.300575256347656,72.818085,186.19249
120.44803237915039,48.12682342529297,72.06585,186.47157
120.3256607055664,48.59007263183594,66.649216,185.22
120.89250373840332,50.16816711425781,61.876766,185.69974
122.68366432189941,50.56372833251953,58.4481,186.08598
122.96737480163574,52.8773193359375,59.71323,188.43777
125.23732376098633,54.95652770996094,55.97631,188.44623
125.85351181030273,54.509010314941406,55.63749,188.85136
126.56529426574707,57.92901611328125,58.808956,187.23398
129.58879852294922,61.65409851074219,59.88472,184.73502
133.32415580749512,64.04113006591797,61.142094,183.20268
133.31867599487305,63.60517883300781,61.937904,184.26184
134.69326400756836,66.48308563232422,60.57145,181.73326
133.2717170715332,66.7238540649414,57.671196,182.32909
131.80074882507324,65.3382797241211,55.745243,182.37865
128.5883903503418,61.931480407714844,53.903206,182.87263
123.4909839630127,60.43409729003906,55.708736,182.66049
118.21314239501953,55.905670166015625,53.15593,183.94003
113.16384315490723,53.22907257080078,52.262005,183.82841
113.0564193725586,52.77275848388672,51.81328,182.998
108.06470680236816,48.490692138671875,52.259563,183.69095
103.37994194030762,46.83042907714844,51.52329,181.40747
102.07920455932617,44.727386474609375,49.75196,179.82874
97.0515251159668,42.317481994628906,53.555275,178.8633
90.70491600036621,41.77198791503906,63.05434,179.55402
84.4466667175293,42.649513244628906,73.189705,177.33391
80.63999938964844,43.12762451171875,81.326324,176.50464
78.63777923583984,43.54016876220703,86.36183,174.2929
76.7818374633789,44.08672332763672,91.458725,170.92018
76.47258377075195,44.00879669189453,94.04513,170.20049
71.91902923583984,45.01704406738281,99.90114,168.09775
71.59552764892578,46.197547912597656,99.813095,166.77324
68.21334838867188,46.88457489013672,101.954346,164.90431
66.96372985839844,47.179359436035156,103.32791,163.83037
67.10689926147461,46.464698791503906,101.4629,164.22478
67.11769104003906,49.22178649902344,100.37222,161.01523
66.75020217895508,49.84083557128906,101.24087,160.24966
69.45243835449219,53.45582580566406,98.574005,157.35495
71.42227554321289,54.65100860595703,98.073784,155.35838
74.9843864440918,58.13782501220703,97.318886,152.84581
79.72372817993164,59.33241271972656,93.102165,152.64471
83.98472213745117,58.91608428955078,91.19163,153.10335
92.5732421875,61.03972625732422,84.91467,151.24196
95.7255744934082,64.19022369384766,83.42025,149.28273
100.1657829284668,63.6798095703125,81.667274,149.28119
103.71798324584961,63.230377197265625,81.19419,151.6312
105.72677993774414,67.01936340332031,81.583244,147.93286
107.5207633972168,65.29173278808594,81.77503,150.32755
108.58597946166992,66.74771881103516,84.08219,149.35857
109.14358139038086,66.09026336669922,86.315315,149.23048
107.7728157043457,68.65120697021484,90.56277,147.01967
107.98604965209961,69.2750473022461,90.396706,147.42033
107.1994514465332,67.7945785522461,94.85366,149.53883
104.9041633605957,67.4853515625,99.69045,150.44699
104.04826736450195,69.06383514404297,104.321495,149.69667
103.12969589233398,67.32470703125,107.92228,150.92621
144.0520896911621,99.31376266479492,40.58445,124.97379
139.55694198608398,99.1388168334961,42.317574,128.04323
134.32766151428223,97.55203247070312,41.10673,128.61237
124.01958274841309,98.54662704467773,43.28652,127.76804
122.02324485778809,97.62509155273438,44.428944,129.07895
119.77280044555664,99.74324035644531,48.9692,128.29483
121.07174110412598,104.4550895690918,51.862103,123.284615
118.69399833679199,108.35224533081055,57.164005,120.01258
115.75019454956055,111.0363998413086,65.39243,118.23921
113.09049224853516,113.24097061157227,72.306046,115.29192
108.87446975708008,114.67140579223633,81.16201,115.28054
108.36357116699219,116.13614273071289,85.07831,115.110435
107.07011032104492,115.847412109375,85.1157,115.24255
108.66672134399414,116.79175186157227,86.18377,115.39806
109.53182220458984,116.83074188232422,87.31987,116.23854
107.3104362487793,114.38739395141602,96.346596,116.88708
101.85860061645508,113.65267944335938,106.57546,117.555176
99.2368392944336,111.90974426269531,113.205124,119.25943
98.27019882202148,111.7403450012207,112.39591,118.197044
97.23135757446289,107.23126602172852,118.62783,124.07177
99.33841705322266,102.68595123291016,123.164566,128.08305
114.43215942382812,99.04759979248047,115.70334,131.19893
122.5158462524414,94.23221588134766,110.4702,135.35222
139.86919784545898,90.5943603515625,92.84748,138.73703
150.8910675048828,91.23624420166016,79.9115,137.697
169.59891510009766,89.7568588256836,63.003586,117.29851
186.30150604248047,90.53167724609375,43.32216,114.220184
187.06829261779785,93.74557113647461,44.372997,121.90678
185.8128204345703,96.5867919921875,57.668365,119.48514
187.2768898010254,98.659912109375,62.70089,132.4542
187.61404418945312,97.3619155883789,63.133484,132.18715
189.14175415039062,100.98966217041016,63.572327,130.27461
190.87123107910156,105.28120422363281,60.704132,125.10336
193.8038215637207,108.65457153320312,65.74291,121.66873
183.9542121887207,112.23890686035156,82.80312,117.750244
165.1283187866211,114.70576858520508,114.43083,115.54278
171.82338333129883,114.20232391357422,104.89187,114.7328
177.35955047607422,115.16979598999023,109.49452,110.10093
191.9336051940918,113.4237060546875,100.637184,112.54529
208.3861083984375,110.67266464233398,83.680084,117.111
191.9246940612793,107.22455215454102,88.712776,119.65963
193.2998161315918,101.25062942504883,77.97959,125.33935
203.75609397888184,91.62999725341797,61.260212,130.44984
211.66571235656738,78.63467407226562,43.303066,141.73856
211.84699249267578,80.9770278930664,44.793167,138.66301
202.6663875579834,74.24272155761719,52.850056,131.87262
193.3448657989502,65.9897689819336,57.37115,136.21034
187.9765625,62.652915954589844,63.765594,134.06325
187.69349670410156,54.944793701171875,51.508423,126.08942
197.3189525604248,52.59222412109375,41.77869,128.98376
196.69712448120117,54.49030303955078,42.8892,126.706314
195.005277633667,44.990386962890625,46.80692,134.78802
183.27115058898926,48.38569641113281,57.896053,133.9151
193.41147232055664,49.928131103515625,47.392876,129.49826
189.94609260559082,40.63532257080078,53.24902,142.43279
187.68493270874023,52.69581604003906,48.883583,129.48184
175.09079933166504,57.691261291503906,61.606518,131.64204
180.95041465759277,61.799720764160156,54.06493,130.26518
173.24608039855957,68.72523498535156,59.003475,126.78998
174.9062900543213,77.19224166870117,52.899242,127.272316
165.7690544128418,86.30636596679688,60.021675,123.416626
165.5682716369629,94.63086700439453,63.804314,115.96687
