275.0,137.0,23,26
277.3841724395752,134.80386543273926,21.616337,25.561047
279.0017023086548,133.61688899993896,21.910498,25.743555
279.23902320861816,134.17881393432617,22.156986,26.010315
279.9634256362915,135.05031776428223,22.288641,26.358273
276.54966163635254,137.03859996795654,21.75455,25.643373
272.060996055603,142.9716510772705,21.519983,24.536556
268.4999942779541,151.66537380218506,21.521778,24.14416
268.5374240875244,151.77111911773682,21.585545,23.848608
269.76583194732666,154.7099323272705,21.336386,24.331127
272.69595527648926,154.4459571838379,21.629139,24.68811
276.06004428863525,151.06079387664795,22.153402,24.742548
278.3448648452759,143.7256851196289,22.043112,24.590973
278.6037368774414,143.4002275466919,21.815338,24.490416
278.03840255737305,131.8080654144287,22.012672,23.811031
276.91406631469727,118.96076107025146,21.854218,24.375124
275.89383125305176,103.70187473297119,22.423092,24.267649
274.2246799468994,87.53610038757324,22.026707,25.221252
274.89509201049805,87.26449203491211,22.286926,25.131374
274.55308723449707,74.67318058013916,22.458515,24.575403
277.3103256225586,66.69088172912598,23.090027,25.135223
279.58491134643555,58.54907417297363,23.003273,25.755325
280.7653741836548,52.44728660583496,22.415762,25.68142
281.0605688095093,52.78208541870117,22.779024,26.599773
281.72325229644775,52.72462272644043,22.50649,26.98896
283.03198623657227,58.244181632995605,22.415985,26.994368
285.35640239715576,64.57589054107666,23.136675,26.981958
285.1816864013672,71.2570390701294,22.672943,25.626734
284.83936500549316,71.36323165893555,22.563725,25.572292
282.31324672698975,73.36456489562988,23.002878,26.570526
279.14948177337646,70.0429744720459,23.61873,26.764175
277.497501373291,62.1584358215332,23.713432,27.22166
277.49375343322754,56.38284969329834,24.195736,28.079596
277.3141632080078,56.53282451629639,24.167137,28.05696
277.4177436828613,53.93554973602295,23.829865,28.042479
275.11608600616455,51.78782939910889,24.137,27.381002
275.7480134963989,47.76039695739746,24.452208,27.64672
277.66684341430664,46.52464485168457,24.784416,26.85527
277.2152910232544,47.288207054138184,24.657087,27.398695
275.6581058502197,44.50031089782715,24.736439,27.626404
271.92938899993896,40.433006286621094,24.315737,27.380405
265.8597803115845,32.29976940155029,24.385641,26.67845
262.55263233184814,25.964896202087402,24.40994,28.116247
262.7143507003784,25.721976280212402,24.462252,27.81748
260.5231466293335,28.088064193725586,24.457659,27.14328
256.6821336746216,32.55287551879883,23.563292,27.68053
250.55352401733398,33.49139213562012,24.342278,27.993095
249.71570682525635,35.18204975128174,24.400366,28.05665
250.02829456329346,34.7096529006958,24.053679,27.186022
257.6943597793579,45.11651420593262,24.144125,27.279488
266.9370937347412,55.76348400115967,24.524387,27.890837
274.9964723587036,61.44336986541748,24.599165,27.637243
284.07643604278564,66.5396375656128,25.163908,28.320646
283.682674407959,66.13258171081543,25.014984,28.566467
293.2231340408325,74.03984451293945,25.24571,29.16917
297.1695489883423,86.70140838623047,26.185629,27.235172
293.4253902435303,98.51182174682617,25.481564,26.972363
282.7286386489868,103.40392112731934,24.70046,27.318428
282.5587520599365,103.50087833404541,25.142971,27.255793
271.1470317840576,99.62737464904785,25.76115,26.684868
260.91003799438477,90.10448455810547,26.478645,27.929577
252.61209964752197,80.39743041992188,26.530973,28.23164
246.93462085723877,74.9369249343872,26.983068,27.742594
246.5698070526123,75.46893405914307,26.365238,27.005106
243.35249423980713,73.59063339233398,26.329473,26.936611
241.49066829681396,73.02068424224854,26.571375,26.965792
241.94748973846436,71.71633815765381,26.07084,27.639334
241.8909273147583,69.76105403900146,25.932402,26.792372
241.83849716186523,69.43317890167236,25.915123,26.454897
241.11032676696777,67.04173851013184,25.560642,27.509293
240.94558906555176,65.82039451599121,25.804424,27.552391
240.51676177978516,64.585618019104,25.73378,27.887728
239.24615097045898,64.88939571380615,25.846825,27.840796
239.05518245697021,65.20098114013672,25.948809,27.796146
239.13399600982666,69.27571392059326,26.767363,27.650991
241.15614128112793,74.9787368774414,26.671062,28.357868
240.60158157348633,80.75752449035645,26.48716,27.799416
234.59311771392822,90.06629085540771,25.912054,26.394514
234.36910438537598,90.70861434936523,26.108448,26.673962
229.422287940979,100.04786396026611,26.289518,27.997644
223.3597869873047,105.2007942199707,26.130524,28.267681
217.56400299072266,105.71055793762207,26.641663,28.499794
208.32319450378418,103.58334922790527,26.511028,28.34298
208.75731372833252,103.87458229064941,26.256453,28.445763
198.59768676757812,104.09089088439941,26.599861,28.831512
189.87380409240723,104.60876178741455,26.902836,29.157595
188.02703475952148,102.20693874359131,26.90158,29.52403
188.2724256515503,96.8535099029541,26.965288,28.36242
187.66036987304688,96.5652723312378,26.156479,27.614729
189.34645462036133,96.19825077056885,25.880074,27.621828
189.9188232421875,98.75485801696777,26.596245,27.242142
191.4783582687378,99.94199466705322,26.499987,28.787607
195.61486148834229,96.821120262146,26.60198,27.48612
195.95395183563232,96.04596900939941,26.56338,27.778313
198.7256956100464,92.83454704284668,27.050882,28.437073
195.60887813568115,94.7601957321167,26.999552,28.556105
187.92013359069824,98.01870727539062,27.394184,29.079388
180.6989459991455,99.37483978271484,27.892445,29.448574
180.7124547958374,99.7883243560791,28.034311,31.417511
178.18151760101318,100.32054710388184,28.065676,32.357246
177.01536464691162,100.2001895904541,28.792788,32.632164
174.1535930633545,100.79147911071777,28.094357,32.240036
167.66144180297852,103.87601280212402,29.151947,32.204407
167.60672283172607,103.9796371459961,28.742266,31.754765
164.0538625717163,107.87526512145996,28.39107,32.120842
164.9794216156006,109.75026893615723,28.2066,31.677376
164.93408870697021,105.27422142028809,28.143671,32.62696
160.52636241912842,95.58228492736816,29.046495,33.358406
161.27958297729492,95.80467224121094,29.210327,34.21468
156.51457500457764,86.99600601196289,29.118189,33.317387
152.1659231185913,78.52653121948242,28.616701,34.200764
148.82358837127686,70.75513458251953,28.553965,33.598873
143.2086944580078,58.90035820007324,29.031464,36.077446
142.69799995422363,59.052215576171875,28.983776,36.54735
134.53725147247314,46.68803596496582,28.733358,35.785446
127.85313129425049,38.532501220703125,30.378912,39.10438
128.02146530151367,38.68186378479004,30.14399,38.237907
133.3779420852661,38.2903995513916,30.446508,37.740364
132.78533554077148,38.712751388549805,30.379707,38.222458
136.3902416229248,37.85251235961914,30.822636,38.84093
137.09464836120605,40.163063049316406,31.339573,38.668118
141.35933113098145,47.79588508605957,30.344479,39.239586
148.87217044830322,57.825937271118164,30.320936,39.785988
148.81895065307617,57.718793869018555,30.261482,39.61194
154.9191198348999,66.74250221252441,30.329226,39.560814
154.75259017944336,76.20686340332031,31.636345,38.964138
155.50292015075684,87.32315254211426,32.11362,38.64039
159.106107711792,96.0452995300293,32.27126,40.779667
159.07719612121582,96.37640190124512,32.17259,40.44098
168.84288883209229,101.18627548217773,31.374174,40.92609
181.4893388748169,102.84284591674805,31.28324,40.58861
190.90728092193604,97.88697242736816,30.545164,38.807793
198.58515644073486,91.98624229431152,31.043997,37.715897
197.86282634735107,91.98851585388184,31.830957,39.21878
205.69101428985596,83.92740249633789,31.604818,39.72134
210.75134086608887,75.13021278381348,31.681416,39.74019
208.8132781982422,60.7902717590332,31.852966,38.34312
202.71744346618652,45.15439414978027,32.06336,38.850426
203.37060546875,44.93241310119629,31.95523,39.949814
195.50567436218262,34.38676643371582,32.573963,40.079697
191.40325546264648,25.283058166503906,32.893806,40.220097
188.60280227661133,17.882041931152344,33.378624,40.157444
186.24126434326172,8.45533561706543,32.946487,39.500526
185.90582275390625,8.247251510620117,33.06311,40.971077
184.19974327087402,0.09458732604980469,32.916813,40.407494
183.62415504455566,1.2321300506591797,33.596752,39.91874
186.00409317016602,6.235748291015625,33.549065,40.03069
183.75209426879883,11.333797454833984,32.27697,39.530804
183.48748779296875,11.377653121948242,32.692017,39.000603
175.56539630889893,18.814559936523438,31.827635,38.656147
166.14060592651367,31.78447914123535,30.320213,36.469757
158.08810901641846,50.270490646362305,31.513502,36.249657
152.733736038208,67.6005916595459,33.871548,36.056023
152.18219757080078,67.58181381225586,33.269806,35.650616
143.89106369018555,76.68205642700195,33.637054,35.250652
136.58514976501465,79.64618301391602,34.863766,38.12591
134.39970588684082,79.37103462219238,35.201817,34.68962
133.05057907104492,72.29909896850586,35.4868,35.64184
132.89056396484375,71.9834156036377,36.159996,38.7966
129.80141639709473,60.20969581604004,35.279545,40.52751
123.17929077148438,47.89975547790527,35.356407,41.063553
116.97176361083984,38.31726837158203,34.739006,38.963055
111.96786117553711,34.934560775756836,34.845856,37.88716
111.97602462768555,34.90631103515625,34.877777,34.925304
110.90223503112793,40.56367301940918,35.840466,38.477707
114.82170104980469,47.60082817077637,34.99285,41.300232
122.65004920959473,50.971961975097656,34.61574,40.857815
133.2580795288086,53.21755599975586,34.618736,40.50417
133.1889133453369,53.36022758483887,34.23705,40.122147
144.85704612731934,54.0204963684082,33.809704,41.562397
153.1599349975586,52.32130432128906,33.294884,41.496777
161.35115909576416,47.222835540771484,31.978796,39.996357
163.86472034454346,38.432491302490234,31.221907,39.574596
163.92185497283936,38.51792907714844,31.498018,39.936314
161.79415798187256,31.14703941345215,30.550684,39.80169
160.51991367340088,28.41267204284668,30.361425,39.901924
161.1980857849121,32.797895431518555,30.105194,38.986458
164.85064125061035,39.453819274902344,29.978916,39.098713
164.34347534179688,39.3558464050293,29.764854,38.591503
169.2416591644287,49.754629135131836,30.252285,38.84623
173.56174850463867,63.91601371765137,30.702698,39.12374
177.5585823059082,75.91452217102051,30.273071,40.097656
181.5497751235962,82.70947265625,30.693686,39.49233
181.6553602218628,83.13901138305664,30.607271,40.275433
184.6620855331421,83.78785705566406,31.053873,40.910954
183.86894130706787,84.49807357788086,30.46107,40.473537
183.40393733978271,85.75581359863281,30.246912,39.94765
182.64414978027344,85.30486297607422,30.873161,39.839756
182.64085865020752,85.31474685668945,31.117521,39.862514
182.71915531158447,86.46741676330566,31.579657,38.27501
185.02933406829834,92.65587997436523,30.101755,36.759533
187.7411060333252,101.42103385925293,33.121555,35.489952
192.90996551513672,111.27411842346191,32.89422,33.997437
192.94857215881348,111.51204681396484,33.181248,34.1012
197.1984043121338,117.27219581604004,33.10631,34.5121
201.5743865966797,120.71221542358398,33.707558,34.109295
203.46092224121094,125.09334945678711,35.529,34.78274
204.015380859375,129.96912956237793,33.16935,33.16221
203.4845199584961,128.99365997314453,32.726997,33.07088
201.91177940368652,132.502347946167,33.295086,33.049156
198.6795768737793,137.0936107635498,32.184364,32.11431
196.76441383361816,139.30682182312012,32.044323,32.412636
194.10069179534912,137.6630573272705,31.88975,32.699585
193.9111442565918,137.48247146606445,32.174072,32.96316
193.02481269836426,138.4476375579834,32.267414,32.075447
193.0333023071289,136.2484474182129,32.69317,34.953007
193.85007286071777,135.07959938049316,32.38484,38.041084
194.23162651062012,126.57918739318848,32.78805,44.934242
194.2055377960205,126.3849048614502,34.30605,44.69079
195.0744228363037,120.28943634033203,35.8596,47.72822
197.25991821289062,113.63241767883301,35.53997,47.527687
199.81643676757812,106.7576675415039,36.988853,48.257336
199.07226753234863,101.09293556213379,42.453465,50.020836
200.63748359680176,100.74830627441406,39.36156,50.811718
202.32169914245605,101.38443374633789,39.288128,50.561466
202.6354160308838,107.35909843444824,37.740925,46.969208
207.47591972351074,109.61554145812988,38.3735,46.677315
211.08455276489258,107.89663505554199,35.986755,46.575714
211.8159523010254,107.82085037231445,36.552246,46.028675
214.5754566192627,103.35505676269531,35.714527,45.931515
219.39838218688965,97.93451499938965,35.265285,45.684326
223.7349796295166,94.77255249023438,35.75527,43.668682
226.15415573120117,87.00315856933594,37.651337,42.921124
226.68164825439453,87.56746482849121,37.776573,42.593704
228.6026840209961,80.0488338470459,36.814445,41.05916
228.67300605773926,75.98061180114746,40.91599,39.77176
226.89874458312988,77.84999084472656,36.377888,36.172253
226.40240478515625,82.0353889465332,35.14521,33.990894
227.0142307281494,81.84259605407715,34.87929,33.765884
224.61332511901855,86.48003005981445,34.381176,34.367588
221.80505657196045,91.88257598876953,31.778658,35.7917
220.21072006225586,96.11198806762695,31.468903,38.412067
220.57355976104736,96.30881118774414,31.829008,40.6247
220.5965404510498,96.25347328186035,32.248882,40.500618
222.57991218566895,96.72477531433105,31.516682,41.48076
226.26932430267334,93.88991928100586,30.29333,41.012745
231.5524091720581,84.56255340576172,28.181383,33.148907
237.6954584121704,73.8179121017456,28.844,30.449118
238.09561252593994,73.56433582305908,29.382086,30.278788
243.47836017608643,64.38544273376465,28.915236,31.589355
246.19141387939453,57.354347229003906,29.747383,33.916492
248.64216232299805,54.321449279785156,29.824326,34.622883
252.92030906677246,51.59132766723633,28.948177,33.263126
253.64631748199463,52.11472511291504,28.612394,33.74917
257.8999490737915,46.92194175720215,28.05998,33.805565
263.25145721435547,41.712677001953125,27.203384,32.952282
267.27493476867676,37.76198387145996,26.412533,33.262505
271.66419982910156,34.18684387207031,26.633545,34.112423
272.19825077056885,34.150625228881836,26.436773,33.043472
275.5237340927124,31.7756290435791,26.408953,33.97982
275.980731010437,32.31739807128906,26.500208,33.754604
276.76361751556396,34.85938262939453,26.44687,34.86787
276.0112648010254,41.092092514038086,26.36847,33.435806
275.6549463272095,40.99894332885742,26.25984,33.190914
274.9450263977051,48.24052810668945,26.032295,32.059185
273.27536964416504,58.68787860870361,25.994167,29.98321
271.8191738128662,67.74724769592285,26.585224,32.67
272.39641284942627,74.49793720245361,26.179815,31.54156
272.05516242980957,74.12987327575684,26.580997,32.592934
271.50208282470703,76.55615234375,26.552956,33.190434
271.15157890319824,74.57846641540527,26.418728,33.585083
271.08653831481934,72.42480945587158,26.451817,31.47568
272.0527763366699,67.60475826263428,26.7415,30.422003
272.59536933898926,67.91005229949951,26.788578,31.008093
274.20215797424316,62.2948112487793,26.767536,33.547375
273.2768135070801,57.90244102478027,26.959244,33.4113
273.04039669036865,54.3669376373291,27.067797,32.99209
272.96678733825684,52.03393745422363,27.373974,32.92418
272.8996772766113,52.791032791137695,27.633827,33.37178
274.402099609375,49.83464050292969,27.916168,33.225918
275.8109426498413,46.92564392089844,27.990602,32.16058
277.8599910736084,45.87333869934082,27.237568,33.49572
279.6192045211792,46.72002410888672,27.611628,32.634373
279.8694906234741,46.63167190551758,27.67724,33.59589
278.9756202697754,48.11960029602051,26.993011,33.58918
277.4120750427246,50.1390323638916,26.984512,33.88186
276.4774866104126,51.95056915283203,27.309988,32.996128
274.95271015167236,57.05457878112793,27.46375,33.95298
274.33992767333984,56.526512145996094,27.507614,34.511806
271.1996479034424,61.38863754272461,27.645351,35.114582
267.7357187271118,65.80856132507324,28.32083,34.59758
264.0201234817505,66.65752792358398,28.576788,35.08626
255.17803192138672,66.64428901672363,28.47239,34.51612
255.15212440490723,67.30735397338867,28.630428,35.44849
246.2978639602661,66.73102188110352,28.88423,33.66836
237.5575246810913,68.3258113861084,29.420008,36.06138
230.74151515960693,68.93251419067383,29.997942,36.67651
224.5790023803711,67.53921508789062,30.50138,36.416492
224.31913471221924,67.88399124145508,30.79817,33.441845
216.61429023742676,68.26491355895996,30.785114,31.780495
209.7273359298706,74.15885353088379,31.322214,35.34671
204.7428321838379,84.54812049865723,31.181267,35.75934
201.7772331237793,92.99333572387695,32.214546,37.430004
202.25957107543945,93.45090866088867,32.406944,37.706295
201.3141384124756,99.88403701782227,32.17008,37.50517
200.22081184387207,104.01618385314941,32.11401,37.797134
200.21052932739258,108.97574043273926,32.238014,36.334488
203.57756805419922,113.83382987976074,33.319717,35.996468
203.6831226348877,114.03293037414551,33.17767,35.611893
208.00701904296875,120.66864585876465,33.20465,34.975838
210.2098503112793,127.00309944152832,32.187614,32.86566
211.70703792572021,132.21562957763672,31.524996,33.34882
211.2145709991455,135.85737228393555,33.302197,32.669933
211.64620208740234,135.04311561584473,33.10263,32.84384
210.48697662353516,136.06858825683594,33.76895,32.65433
211.48885536193848,138.0355987548828,32.417828,32.060474
210.14588356018066,140.01175689697266,32.76382,32.15285
211.45494842529297,142.1696653366089,32.265182,31.881208
211.1813383102417,142.68819332122803,31.595957,31.898382
211.5129156112671,144.21936702728271,31.269518,31.642263
210.74828910827637,144.54418849945068,31.01331,31.638334
210.10274410247803,145.395827293396,31.563082,31.368422
210.16661548614502,146.88135051727295,31.52268,31.562841
209.46840381622314,146.87686729431152,31.703718,32.028946
209.94503593444824,148.91652870178223,32.566677,32.308876
210.47502326965332,151.55452346801758,32.626728,32.206593
212.0409460067749,158.5810251235962,31.874949,31.86413
213.48424530029297,165.4289722442627,33.013344,32.034264
212.95466423034668,165.32015991210938,34.128338,32.758984
213.16812896728516,169.65494537353516,32.469337,32.760372
214.63019561767578,172.02684211730957,32.07589,32.3406
217.07545280456543,171.55117893218994,32.20918,31.641657
222.85348892211914,166.68653774261475,31.172028,31.690718
223.09208297729492,167.21320343017578,30.794601,31.426197
227.4428653717041,158.32142162322998,33.346165,31.506605
227.3727912902832,147.6978988647461,33.33029,30.959133
229.4743251800537,137.07122421264648,35.961163,32.017536
233.24667358398438,125.87329292297363,35.743065,34.166588
232.97455215454102,126.82598876953125,35.016647,33.968655
237.66037368774414,119.47788619995117,34.683838,36.063824
239.91068649291992,111.37350654602051,34.748154,36.929405
242.22985458374023,103.34004211425781,34.32071,37.42523
245.30628204345703,94.28828620910645,33.638542,38.66597
245.26734924316406,94.1678466796875,33.241035,38.624897
250.5110206604004,87.51076889038086,31.903229,38.160427
256.98695182800293,82.00467300415039,31.952785,38.368557
261.44388008117676,77.41162490844727,31.628773,37.930813
264.4592342376709,71.75580596923828,31.91087,37.700733
264.4389591217041,71.83918952941895,32.091297,37.481293
266.997709274292,66.20026969909668,32.206905,36.623093
268.71811294555664,60.44316291809082,32.764023,35.891518
271.0802116394043,56.87991905212402,32.195145,34.028442
272.1920585632324,55.707093238830566,32.158447,31.614939
272.06190490722656,55.84948539733887,31.984169,32.341537
271.2592258453369,57.32047462463379,32.52741,32.499443
269.90453338623047,60.23658561706543,32.771736,34.942734
271.92223358154297,64.18401527404785,33.041893,34.1614
277.2595443725586,67.59802436828613,32.89141,33.736504
277.3442039489746,67.12425804138184,32.303314,33.606018
281.69918060302734,69.50684928894043,33.332024,33.2955
287.84099197387695,69.49392509460449,33.18857,33.63411
293.82242012023926,69.86526107788086,33.34876,33.989918
299.6473579406738,70.1856861114502,33.097885,33.324165
299.3323516845703,70.10757064819336,32.7911,33.13294
304.5131072998047,72.20670795440674,32.665825,31.533648
311.4348201751709,76.47042083740234,32.366665,31.561993
321.0851879119873,80.73330497741699,32.27261,32.099686
330.27164459228516,81.27238464355469,32.52778,32.28793
330.2321300506592,81.44440841674805,32.59698,32.13547
339.2682399749756,80.60713195800781,33.04394,32.7104
348.03344345092773,81.8990650177002,33.118225,33.467476
353.47581672668457,82.90548706054688,33.751896,33.86262
354.6866092681885,81.75155639648438,36.270954,35.764828
355.06213760375977,81.00019073486328,36.047165,35.513577
356.6642093658447,78.42435455322266,35.269245,35.035168
356.68447494506836,76.04180145263672,36.12027,34.619717
356.1221923828125,77.43011093139648,36.16613,34.647602
355.0574207305908,80.97790145874023,33.731754,32.779255
355.5961494445801,81.18280220031738,34.55435,32.62188
353.3591785430908,86.22409629821777,36.302204,32.526917
355.54834175109863,90.72298049926758,36.79581,31.920338
361.34707832336426,87.61168670654297,31.930088,35.46226
371.73110008239746,89.0319881439209,29.297771,35.45401
378.74692153930664,80.40158271789551,22.594238,32.12349
370.89497470855713,50.858076095581055,16.20223,31.23256
390.61285400390625,72.06147003173828,20.686134,23.660809
