142.0,125.0,91,40
132.76571655273438,125.7497615814209,99.5141,36.322193
130.2019805908203,126.45871925354004,97.13556,36.835796
123.84685897827148,126.19110298156738,97.7158,36.000057
121.37717819213867,126.30337715148926,97.76795,36.0357
115.75175476074219,125.20954704284668,97.385544,35.43619
112.22765350341797,125.27517890930176,97.67828,35.946163
106.09451293945312,124.30080032348633,97.308,35.412865
102.85011291503906,123.53077125549316,97.47151,36.009197
97.09319686889648,123.0058650970459,97.22735,35.799397
91.4698715209961,121.94244003295898,97.763855,36.032326
87.37277603149414,121.95836067199707,97.563576,35.65185
82.10082244873047,120.73418998718262,97.96982,35.39356
78.30902099609375,120.2517032623291,97.45647,36.988506
71.52886962890625,119.58286476135254,97.58296,35.696575
68.52000427246094,118.90292358398438,98.144,36.289337
61.959625244140625,117.59233474731445,98.82144,35.808434
57.23358917236328,117.33386421203613,98.22127,36.22122
51.59697723388672,116.87053680419922,98.04439,36.611526
46.039756774902344,116.28597640991211,99.03499,36.355385
39.695003509521484,116.2306137084961,98.74241,36.760086
34.50489044189453,115.3804702758789,98.605515,36.233017
29.835994720458984,115.31715202331543,97.907906,36.905704
22.410003662109375,114.68189430236816,98.158905,36.203167
17.97988510131836,115.33641624450684,97.68308,36.488728
11.615428924560547,115.8732738494873,96.95132,35.939243
7.048404693603516,116.98896789550781,97.97172,36.29883
1.2692794799804688,119.28675270080566,96.586914,35.569653
-0.026309967041015625,118.8412036895752,89.370705,37.95126
0.20087814331054688,121.05301284790039,84.45185,39.21746
0.2562980651855469,118.33571815490723,77.50797,43.254192
-0.26068115234375,119.43179130554199,73.51747,44.86188
0.14742279052734375,119.13984489440918,68.03023,46.083607
-0.9294071197509766,120.3903923034668,61.0497,46.773064
-0.8944816589355469,122.38046073913574,57.77076,46.412235
-0.0705718994140625,121.25211334228516,55.41153,48.13315
-0.4297752380371094,122.49937629699707,56.49215,47.449017
-0.6347923278808594,121.7933177947998,55.580315,48.20287
-1.6743316650390625,121.51138877868652,55.564697,48.577183
-2.0465965270996094,121.27742958068848,56.347374,48.445507
0.1759510040283203,119.88101387023926,52.60232,49.94221
1.0099716186523438,120.90832901000977,53.410156,48.49569
-1.3522205352783203,118.8764419555664,58.13933,48.7881
-1.517822265625,118.18124961853027,59.09932,48.850574
-1.235382080078125,116.56706237792969,60.5119,49.89334
-0.5714759826660156,115.09682846069336,62.49511,49.232643
-1.666473388671875,116.20321464538574,65.599655,46.71729
-1.3951454162597656,115.09847450256348,67.884346,45.15556
-1.5050315856933594,114.56656074523926,70.44065,45.730663
-0.6142158508300781,114.85747337341309,71.063484,43.229282
-0.19673538208007812,113.91865539550781,72.99578,44.723083
-0.4730796813964844,111.65264129638672,73.34855,43.745926
-0.4186210632324219,111.5567626953125,76.76377,42.228226
0.4782905578613281,111.01017189025879,78.26093,41.90054
0.45044708251953125,110.54855918884277,80.968216,40.485386
1.0376358032226562,109.80437660217285,87.85991,39.54295
1.0403518676757812,109.24726104736328,91.37608,38.37175
4.311344146728516,107.97150039672852,95.14681,37.89158
6.388744354248047,105.50411605834961,96.14457,39.735924
11.274467468261719,105.86838150024414,98.90822,37.91758
17.251556396484375,105.00762939453125,98.3208,38.10164
20.794387817382812,103.04302597045898,97.49716,39.328026
26.704490661621094,102.29692649841309,99.2195,39.238407
32.10328674316406,102.2255687713623,98.11246,40.418415
35.86488342285156,101.86892127990723,99.04245,39.945522
42.821746826171875,101.6705265045166,99.34671,40.46417
47.48139572143555,102.20751762390137,98.00257,40.592365
51.260780334472656,102.60507011413574,97.84529,41.219685
50.87867736816406,106.25821304321289,99.14157,39.807503
51.76976776123047,107.20276260375977,98.37639,39.613747
51.81443786621094,107.77171897888184,98.71655,39.942753
51.35255432128906,111.09354019165039,99.3147,39.01734
51.61831283569336,111.84948348999023,98.93943,38.389183
53.54739761352539,112.20972442626953,98.001274,39.476715
53.918540954589844,115.30520820617676,98.35176,39.51759
53.96241760253906,115.62063407897949,98.1723,38.786945
54.461158752441406,117.2569808959961,97.77721,38.296875
54.233577728271484,119.22930717468262,98.256996,37.424824
53.41012954711914,120.36277389526367,98.526024,37.365807
53.05574417114258,120.31410789489746,99.14132,36.388157
54.17372512817383,121.72813034057617,98.75533,36.839043
54.886573791503906,121.31863021850586,98.21913,38.170555
54.75108337402344,121.71805763244629,99.06772,38.864254
54.54584503173828,124.2903995513916,99.489,38.630703
53.987159729003906,122.72725868225098,99.94713,39.570858
54.5296516418457,125.04946327209473,99.513084,38.398342
52.68470764160156,126.4300365447998,100.02829,38.52544
52.973384857177734,124.9990005493164,99.023964,40.36386
52.78314971923828,126.99782943725586,98.899185,39.025536
52.81993865966797,126.56147956848145,98.76448,40.54829
51.52817153930664,129.25553131103516,99.55746,39.140076
51.533966064453125,130.32554244995117,99.9978,38.898186
50.96565246582031,129.30120658874512,99.60162,40.022144
51.62319564819336,131.76442527770996,98.988045,39.578068
49.76947021484375,131.20366859436035,99.84552,40.659634
50.57315444946289,132.78502464294434,99.352104,41.80942
49.44041061401367,132.33234405517578,100.69996,41.720276
54.752052307128906,134.55706977844238,96.91426,41.15443
55.03350830078125,134.20053100585938,98.3049,42.798782
59.129817962646484,134.28477096557617,97.01304,42.799797
60.230430603027344,136.74571800231934,96.753494,42.425755
62.201995849609375,136.33356285095215,97.18158,43.562107
63.27665710449219,137.10316848754883,98.11731,44.585823
65.35166931152344,137.35851669311523,97.85309,43.334892
66.54449462890625,138.33321952819824,98.410126,43.596027
69.38114929199219,142.55921363830566,100.08417,40.74853
73.66340255737305,142.65987396240234,100.72788,40.031616
77.52148056030273,144.51816368103027,101.719215,41.22327
80.24206161499023,144.47905731201172,100.22544,40.917206
85.73358535766602,144.5947380065918,101.91128,41.960106
88.69274520874023,146.13112258911133,100.43485,41.924232
94.19279098510742,146.80073928833008,100.21812,40.52909
98.48444366455078,147.5053653717041,99.67644,41.073483
101.93404769897461,148.9752311706543,98.78727,40.778313
106.02330780029297,150.46389770507812,100.375015,40.86641
111.48773574829102,149.84685134887695,99.67458,43.09867
113.97344970703125,152.23659896850586,99.95862,40.271904
117.68968963623047,155.3328399658203,101.29906,38.75621
122.12359619140625,153.9745750427246,100.68979,39.445457
126.91105270385742,154.70113563537598,99.66822,41.022488
131.41803741455078,156.66045570373535,99.48558,38.05624
133.92660522460938,158.86491012573242,99.20575,37.868553
138.03883743286133,157.7445774078369,101.40505,38.85934
142.52817153930664,159.43305206298828,98.518486,38.642303
147.61547470092773,158.94321632385254,99.2559,39.83108
151.34650421142578,159.8116912841797,99.915054,38.93898
155.44672775268555,162.95560836791992,99.68424,37.38601
159.38311767578125,161.76548957824707,100.14032,37.56007
162.91252899169922,162.72242164611816,99.28221,39.821194
167.76305389404297,162.8525161743164,99.52919,39.60501
169.31217193603516,164.13795852661133,99.996506,38.775764
175.8061065673828,165.39505004882812,99.74863,38.112656
178.3652801513672,166.2352352142334,100.51645,38.425846
182.46930313110352,168.84436225891113,99.33556,36.66139
186.38882064819336,167.98835945129395,101.01185,37.723156
190.0607681274414,170.59682655334473,100.65193,37.13708
192.89752197265625,169.6865177154541,99.560974,37.121822
197.75287246704102,170.0552520751953,100.0816,36.978867
196.87118911743164,172.97338104248047,100.73818,34.823547
199.54772186279297,171.78987312316895,100.31169,36.662853
199.00540924072266,175.1990623474121,100.7144,35.35534
201.16571426391602,171.35652542114258,100.07018,37.614815
203.61632919311523,174.2641658782959,99.04102,36.38294
204.34001922607422,175.02474212646484,98.61528,36.30594
206.24357986450195,176.0077667236328,98.98162,35.982285
206.8471794128418,178.04186630249023,98.85523,35.607445
208.39794158935547,177.6551055908203,98.30455,35.96666
208.6726417541504,177.61212348937988,98.7705,36.4615
208.6316032409668,178.67948722839355,98.05424,36.59963
208.26982879638672,180.4560375213623,97.794785,36.665638
206.83714294433594,182.777587890625,98.087524,35.50731
205.80041122436523,182.03253936767578,98.443275,36.430817
203.9530258178711,181.36382865905762,98.52321,38.885914
203.36175537109375,184.11053657531738,98.62262,37.65843
202.52840423583984,184.7438564300537,97.95244,38.348576
204.14147186279297,184.8943748474121,94.948044,39.652092
206.07959747314453,187.69628143310547,93.265854,39.792664
202.3655776977539,186.1794033050537,94.730545,44.32459
199.71389770507812,188.54787063598633,97.76639,44.269783
195.64451217651367,188.53633499145508,100.89866,44.078926
198.50549697875977,190.6651782989502,96.352196,43.952465
195.62079238891602,191.68484687805176,99.455894,44.73686
194.0187644958496,190.59048080444336,99.46534,45.368095
192.50431060791016,192.84179878234863,99.75435,42.78068
189.97241973876953,193.35939598083496,102.19655,42.932346
190.9076042175293,194.19899940490723,100.98231,42.124416
189.70508575439453,194.92017364501953,100.58687,41.81964
189.15984725952148,194.66793823242188,99.64936,42.19432
187.27117538452148,194.36402320861816,99.12357,40.849392
186.59892654418945,193.96659469604492,97.61327,41.1903
186.79759216308594,191.39866256713867,98.43982,43.18319
183.86310195922852,193.51622581481934,99.17495,39.73154
184.89046478271484,192.7528419494629,97.46895,40.203102
182.87624740600586,190.873140335083,96.213875,41.756115
182.2843017578125,189.06146430969238,96.25983,42.007732
180.3514404296875,186.1820526123047,95.02103,44.58217
179.63586807250977,186.97910690307617,97.40514,41.925896
178.68397521972656,186.08929443359375,96.60208,41.29042
177.10873413085938,184.40351676940918,98.71948,40.751392
177.32334518432617,182.97420501708984,98.54487,41.72632
174.98384857177734,180.98262977600098,97.82219,41.57501
175.2087059020996,180.87600326538086,98.368996,40.93377
172.40980529785156,179.9816493988037,99.60016,39.114414
171.8126678466797,178.12114334106445,98.903564,40.120613
170.85494232177734,177.611665725708,99.21736,39.281414
169.00794219970703,176.87061309814453,98.92204,38.07602
168.15489196777344,175.26878929138184,98.93579,39.148533
165.40335083007812,174.98483657836914,100.90271,37.70542
164.67523574829102,173.7619800567627,100.90554,38.648235
166.74179077148438,170.5156421661377,97.993256,40.30302
165.83317947387695,169.45265007019043,96.558586,41.989216
163.84997177124023,167.08257293701172,98.11347,42.793884
162.9006118774414,166.15797233581543,98.65236,43.66756
162.96949005126953,164.67287635803223,94.876114,45.534084
161.6300048828125,163.49687004089355,96.568756,43.82314
161.7851104736328,162.97800254821777,96.392334,44.396
159.41543579101562,162.73127365112305,95.69928,43.855583
158.1625747680664,158.39952850341797,95.8163,47.347015
156.26522064208984,156.65464210510254,95.59566,47.525845
153.45171737670898,156.21214866638184,95.76151,47.01569
150.77454376220703,156.4740505218506,98.76955,46.07398
146.66899490356445,155.0142936706543,99.24392,46.17251
145.92883682250977,154.3829345703125,99.81072,45.028763
141.26578903198242,153.67523193359375,103.26508,44.50499
138.9869270324707,153.93137550354004,100.97176,42.588985
140.0497589111328,153.22327995300293,100.18677,42.16875
140.9188232421875,151.05588912963867,97.63876,41.94628
141.22772979736328,150.19650077819824,95.165054,42.800007
140.03522491455078,148.3200855255127,93.29756,44.036022
140.7646942138672,146.78884506225586,91.78998,46.33129
141.24773025512695,147.27030754089355,87.672386,46.03435
138.49989700317383,145.83593559265137,90.85265,46.36324
134.56614303588867,144.62276649475098,94.720406,46.620876
132.52648162841797,144.02473831176758,99.559616,45.310524
130.2396697998047,143.34333419799805,103.20053,46.200188
126.75877380371094,142.81428909301758,98.16528,44.160408
125.3304672241211,142.0618667602539,97.11958,44.11902
122.85313034057617,142.09478950500488,94.86683,43.51948
121.0692367553711,142.3804225921631,97.14497,41.51752
121.75654220581055,142.36375617980957,97.30793,40.420055
117.3561897277832,142.72453689575195,100.11471,38.844856
118.31255722045898,143.28506469726562,98.40537,37.847946
119.2695541381836,142.2830867767334,94.41121,39.379765
119.16587829589844,142.02209091186523,93.08368,40.31597
116.4901123046875,141.13318634033203,96.86902,40.8208
113.23505401611328,140.70550918579102,98.43999,41.94233
114.64178848266602,140.75668144226074,95.418724,41.310963
110.69806671142578,140.84655952453613,99.840195,39.953075
109.03644561767578,140.9297161102295,102.326065,39.20702
106.03518676757812,140.8178482055664,100.71088,37.683228
105.65132522583008,140.78328895568848,100.63171,37.659664
102.58274841308594,141.33502769470215,99.179474,37.79233
101.45640182495117,141.16460037231445,98.871956,38.345284
98.64929962158203,143.03203582763672,100.11037,37.208435
96.23115158081055,142.13299560546875,99.52958,37.188156
95.93061447143555,141.6096076965332,99.19837,37.752083
91.9713134765625,142.23456192016602,99.26318,37.777626
90.33295059204102,140.5986671447754,98.03423,40.139717
88.66652297973633,140.40403938293457,97.01711,40.55012
89.14094161987305,141.80475234985352,97.41111,38.930916
90.11811447143555,137.94918632507324,101.43217,41.336964
91.92884063720703,140.2266788482666,99.55415,41.11819
93.01069641113281,139.01790237426758,99.467834,40.50782
94.85165786743164,139.8399658203125,99.60552,39.36876
97.49063873291016,138.0689811706543,100.087906,39.242516
102.31060791015625,136.7581787109375,99.263,40.280594
106.20217895507812,136.63743782043457,99.42938,40.013866
108.8305549621582,135.7322883605957,100.7333,39.13987
113.1252555847168,135.8256492614746,99.10169,38.332237
116.98105239868164,133.88674926757812,99.96795,39.982193
119.66350173950195,133.7347412109375,100.63741,37.997665
124.66587448120117,132.6198215484619,100.41877,38.123104
128.35464477539062,130.9054718017578,99.20947,38.914963
130.4253387451172,130.38472175598145,99.151794,39.25648
133.6949234008789,129.3452205657959,100.73897,38.02344
137.3320426940918,127.72488975524902,100.55335,39.695805
138.1175537109375,127.28277397155762,101.35562,38.638508
144.76360321044922,126.20578002929688,100.59456,38.5952
145.59695434570312,125.78599548339844,100.18161,38.841873
151.12738037109375,125.53369903564453,100.8992,38.38211
153.4247589111328,124.5556869506836,100.50522,39.26996
156.15778732299805,123.30948257446289,101.68586,39.350716
162.2613296508789,122.91257286071777,99.586685,39.080387
161.9552993774414,122.36982154846191,100.470505,39.017574
167.545166015625,121.40487289428711,101.008575,39.38082
168.22029876708984,120.40711402893066,101.03899,38.981655
170.04794692993164,119.71884727478027,101.60177,39.166813
171.03248977661133,119.45256423950195,101.76867,39.559242
172.36217880249023,119.85927772521973,100.83503,39.440792
173.84067916870117,120.2248764038086,99.88621,39.21698
174.04618453979492,120.7248477935791,100.678444,39.850735
176.48723602294922,120.79048919677734,99.91225,39.30664
176.59136581420898,123.33939361572266,100.73817,38.421295
174.36857986450195,121.89331817626953,99.75417,39.913544
172.59321212768555,124.3814525604248,101.11079,39.31145
169.69828033447266,124.31716537475586,99.6143,40.20626
167.53284072875977,126.01749801635742,100.58538,40.468742
164.1953582763672,129.09649085998535,102.338715,40.434658
161.8604965209961,129.5866928100586,101.301956,39.712097
159.94079971313477,133.89899063110352,103.1657,38.920998
156.2774429321289,133.60546875,99.67836,41.613968
156.45901107788086,134.81608200073242,100.567696,41.083458
151.79269409179688,138.12441635131836,101.22168,40.75521
150.84460830688477,138.81310081481934,101.26714,40.044407
144.5142478942871,143.4271640777588,101.53278,39.64944
144.84422302246094,144.98911094665527,100.598724,38.57163
141.56234741210938,145.56506538391113,100.05133,40.0926
139.10107040405273,146.75651741027832,100.094,39.56422
136.6030044555664,147.43845558166504,100.91637,38.594357
135.14583587646484,149.1881923675537,100.6133,38.51624
134.72074127197266,148.7523250579834,100.0482,38.360203
133.47042083740234,148.18267250061035,100.28276,37.930965
129.66968536376953,147.09564208984375,100.979355,38.15074
127.61470794677734,146.39964866638184,100.89104,37.235447
126.29401397705078,145.83376502990723,100.56966,37.037655
123.19606399536133,143.1865577697754,100.53625,37.93125
121.61566543579102,141.4084014892578,100.26504,38.281784
120.05755996704102,140.2463665008545,100.29534,38.27474
116.08522415161133,139.04404830932617,100.67635,38.036644
116.13396072387695,136.91732025146484,99.63235,38.230347
111.3927993774414,135.8133888244629,100.07213,39.104805
111.17587280273438,134.19482421875,100.10681,39.04628
108.82027816772461,132.74980926513672,100.719185,38.72052
105.93473052978516,130.13602828979492,100.56062,39.588615
106.24336624145508,129.55630111694336,99.74316,39.37835
103.30672454833984,129.83703422546387,100.61684,38.47884
101.11466217041016,129.32798767089844,100.824875,38.370743
99.8025131225586,128.9323387145996,100.53371,38.5299
100.66753005981445,129.13819694519043,100.7987,39.609425
100.77309036254883,129.0855598449707,100.72558,40.311073
102.10251235961914,130.21840286254883,100.74883,39.097633
102.80088806152344,131.04041290283203,100.82977,38.450165
103.73045349121094,130.57681274414062,100.76068,39.936447
103.99090194702148,131.36672592163086,100.848335,38.838463
105.0118522644043,131.51520919799805,100.4813,39.2268
106.07246398925781,130.75826263427734,100.30267,39.53708
110.98111724853516,130.41271591186523,100.78905,38.868065
112.95792770385742,130.78046798706055,99.46357,38.69918
116.46602630615234,129.76557731628418,100.3701,39.620564
119.90898513793945,127.8303279876709,101.4678,41.436314
121.52122116088867,127.73830795288086,101.12232,40.18386
126.72772216796875,126.73444938659668,101.04074,39.966175
128.46201705932617,125.44250106811523,101.42594,41.055412
131.18772888183594,125.17023277282715,100.878784,41.178257
134.68759155273438,123.01776695251465,102.02353,40.52454
137.51429748535156,120.26672554016113,100.89871,41.62556
141.69021224975586,117.35369682312012,99.981636,40.673542
144.05486297607422,115.13419342041016,100.481186,41.286346
144.7332763671875,113.02114868164062,100.455505,41.524918
147.59745025634766,109.56632232666016,99.72179,41.1662
150.1236686706543,108.2966537475586,100.27027,41.340515
148.64165878295898,107.53744697570801,102.17118,40.605724
150.55274200439453,104.50605583190918,101.48558,43.42589
150.91696166992188,104.74056243896484,101.918304,42.208344
151.66983032226562,104.12596321105957,101.91141,42.85026
151.76555633544922,104.00231170654297,102.14,44.897736
152.20526123046875,105.4017276763916,102.53311,46.28912
154.22351455688477,106.58834648132324,101.096275,43.203327
154.95024871826172,106.84256362915039,100.51759,44.09626
155.23808670043945,109.06321334838867,100.46349,44.913292
155.10107421875,109.07421112060547,100.74301,43.89151
155.79432678222656,108.76106834411621,100.634155,46.11289
158.42778396606445,109.09490776062012,97.4797,45.99776
163.00727081298828,109.92828369140625,93.02232,46.575363
158.86755752563477,114.00058937072754,97.07964,43.459743
162.99988555908203,112.4365005493164,94.24132,46.039337
161.58709335327148,112.14908218383789,96.6905,47.425087
157.33531951904297,112.33082962036133,102.68843,49.05445
159.12695693969727,114.68142318725586,101.90313,45.31002
157.1108055114746,115.81889343261719,102.81397,45.83409
158.54852676391602,116.34241104125977,100.92086,46.9719
159.34025955200195,118.1342601776123,101.18069,44.099445
161.04072952270508,119.64037322998047,99.492546,41.60672
160.96604919433594,120.77564239501953,100.39807,41.121033
161.01757049560547,120.27569770812988,100.51616,42.000164
162.41045761108398,119.2567138671875,99.77036,44.47682
161.10794830322266,120.06542015075684,99.42909,45.0835
163.9398651123047,120.12632369995117,99.573944,44.606377
162.64453506469727,121.34819030761719,99.98745,43.56514
162.24606704711914,120.9118595123291,101.40096,44.09701
164.10781478881836,121.57616424560547,100.96763,44.60202
163.49786376953125,122.0748176574707,102.57965,43.801826
164.09156799316406,123.44031143188477,101.42993,42.10923
165.74222946166992,123.58147621154785,100.63792,42.56683
164.57603454589844,122.04291534423828,101.881805,43.71396
164.87477111816406,124.27729797363281,101.98938,43.096115
165.48967361450195,123.9935073852539,102.1592,42.510803
164.9164695739746,125.25253486633301,101.85459,40.735424
165.8960189819336,124.85869407653809,101.981705,42.127903
163.35812759399414,125.67828369140625,101.21612,40.03972
162.61081314086914,126.07610130310059,99.93185,39.762638
160.99445343017578,125.77144432067871,100.29103,40.96918
157.43377685546875,127.28811264038086,101.363556,39.64141
154.95212936401367,125.89326095581055,102.05152,40.978233
152.93089294433594,128.11158180236816,100.82764,39.05868
149.72800827026367,127.24527359008789,102.420784,39.666634
147.84954833984375,127.02538299560547,101.64703,40.43466
145.89765167236328,127.66831970214844,100.546585,40.630173
145.5128517150879,127.86808967590332,100.781456,39.40321
143.03802108764648,127.48332023620605,100.75257,39.79839
140.02431869506836,127.04096031188965,102.00587,40.193058
137.4312286376953,127.8279800415039,102.20233,40.345367
135.5263900756836,127.17854118347168,103.30867,40.42232
134.278076171875,128.15589904785156,101.66562,39.430283
132.21432876586914,129.05406188964844,102.692345,38.143906
130.62757873535156,127.46278762817383,101.56229,39.753
128.7857551574707,128.05817413330078,102.054985,41.375977
124.8348388671875,128.1627197265625,102.77411,39.89122
121.7700309753418,129.0183925628662,103.24952,38.093845
118.7481575012207,129.5668487548828,104.08526,38.71382
118.0753402709961,129.41154670715332,103.27287,39.30833
116.47996139526367,131.5785140991211,101.93598,36.566895
115.13663482666016,130.63074684143066,100.78108,38.945034
112.43956756591797,129.06981658935547,101.11839,40.06183
109.53710174560547,130.4340991973877,100.57701,40.130962
107.19842529296875,129.4859275817871,101.79938,41.09063
105.23538208007812,132.29393196105957,101.311646,38.82597
102.03971099853516,129.9045925140381,101.81969,40.632084
101.41972732543945,130.43355751037598,101.544975,40.372433
96.14848327636719,130.5630283355713,102.10422,40.92526
93.95375061035156,129.6399154663086,102.130005,41.718292
90.0069465637207,132.91727828979492,103.20794,39.579002
86.71134567260742,129.98704719543457,103.16288,42.66554
85.4200325012207,130.94597625732422,103.8178,42.67682
81.43785095214844,130.46457481384277,103.72528,42.967625
80.45794296264648,132.51461029052734,103.14503,40.521515
76.69554901123047,131.12108612060547,103.20363,42.520508
74.28962326049805,129.40627098083496,104.100716,43.768497
71.31758499145508,133.57320022583008,104.67947,40.287086
68.51636505126953,131.52626609802246,103.09267,41.825657
67.21294403076172,134.36474227905273,103.00459,39.760704
64.74369430541992,132.60626983642578,101.86158,41.376556
62.679847717285156,131.62203979492188,101.689804,42.075455
59.72611618041992,134.4762897491455,102.10282,38.955883
56.38618469238281,132.9095973968506,102.116,40.129368
56.23546600341797,133.47467041015625,102.04198,40.31227
49.65602111816406,133.75271224975586,101.426575,41.108574
47.86134338378906,132.57207679748535,102.27594,42.228268
47.12983703613281,133.33514785766602,101.96887,41.29426
43.966453552246094,132.76541709899902,102.29402,41.721165
42.134315490722656,132.20106315612793,101.731125,41.919147
38.66700744628906,132.303373336792,103.46661,42.700733
35.97669982910156,132.165376663208,103.69217,41.806316
33.891212463378906,134.1650047302246,103.40346,40.228325
30.836727142333984,132.5183620452881,102.686195,41.803623
29.469139099121094,133.82929801940918,102.49266,40.434467
27.655502319335938,132.3969841003418,102.17984,42.265465
25.88528060913086,130.68885803222656,102.94346,43.80098
23.29312515258789,132.41246032714844,102.77129,41.410812
20.982025146484375,131.2721004486084,102.95935,42.794804
18.105377197265625,131.71708869934082,103.69937,42.73814
17.56702423095703,130.8035373687744,103.78999,42.47479
15.467864990234375,131.47646141052246,102.67624,41.375675
12.8564453125,130.20450019836426,102.59381,41.739025
10.15966796875,130.16995811462402,102.5105,40.98157
8.815933227539062,129.50017166137695,102.93576,41.949043
7.554782867431641,129.3394832611084,102.10546,40.631535
6.099617004394531,127.5269775390625,102.047714,42.518265
3.312145233154297,127.83084106445312,101.15821,40.77104
3.0115928649902344,127.20647430419922,99.51789,40.17044
2.6672935485839844,122.80890274047852,100.89481,43.78025
3.0443115234375,122.81852340698242,100.19864,41.4255
2.948925018310547,120.38957405090332,101.72236,43.27879
2.358654022216797,118.44734191894531,103.210945,43.96727
4.003894805908203,117.04370307922363,103.53539,43.039806
4.370323181152344,114.12360382080078,104.4008,44.70877
5.223415374755859,111.78948402404785,104.351234,45.71667
7.1251678466796875,110.52004623413086,103.36151,44.048912
7.040103912353516,109.08546257019043,105.3839,44.460865
6.861869812011719,107.61458969116211,104.69499,44.934532
7.953529357910156,104.26985168457031,105.56154,45.73192
8.547657012939453,104.8886775970459,105.21255,44.363132
7.74383544921875,104.09876251220703,106.12009,44.54471
10.091903686523438,103.71982002258301,104.96854,45.313763
8.755840301513672,104.64776420593262,105.74259,45.118855
9.058921813964844,103.72500801086426,105.931564,45.32484
9.792022705078125,105.07435989379883,106.31061,44.918526
9.591007232666016,103.6270751953125,105.563774,45.33824
11.694938659667969,104.56052017211914,105.85164,45.64466
11.496288299560547,106.31584548950195,105.849495,43.861122
11.065670013427734,105.7225399017334,106.46229,44.431797
14.002174377441406,109.0974292755127,105.31151,43.262524
12.71078109741211,109.62167549133301,104.8827,42.72508
14.156131744384766,110.13933944702148,104.91717,44.364586
14.451770782470703,110.80560874938965,106.03347,44.05393
14.246627807617188,111.02423286437988,105.997375,45.247326
18.255081176757812,113.81045722961426,104.31772,44.070507
16.685462951660156,114.79594612121582,103.92149,44.122875
20.089122772216797,116.71917152404785,103.956154,43.30926
19.396770477294922,118.02086067199707,105.32661,43.901745
20.36446762084961,119.06105041503906,104.813576,42.899796
22.271541595458984,120.67272567749023,103.35825,43.5093
22.150775909423828,122.04714584350586,103.1318,43.029137
26.65420150756836,122.35464286804199,102.00742,43.144062
25.12834930419922,124.1415958404541,103.75514,41.7456
26.040969848632812,124.24655532836914,105.20712,43.25199
28.461566925048828,126.54292678833008,102.34005,42.65754
28.14175033569336,127.63070297241211,103.788155,42.05758
28.933696746826172,129.14631462097168,104.950294,41.34911
31.27770233154297,130.56253623962402,104.13014,42.081852
29.114120483398438,129.7847023010254,108.82025,43.02012
32.27406311035156,128.498441696167,106.26895,46.877735
31.834396362304688,132.10947036743164,108.0777,45.49079
34.00926971435547,132.59721755981445,105.127914,45.893776
34.733116149902344,132.7217140197754,105.07033,46.54197
37.041751861572266,133.76400184631348,104.8612,46.785458
38.383907318115234,133.5153102874756,105.35993,47.69318
39.42179489135742,135.20628356933594,105.17048,47.699844
41.84614181518555,137.2800064086914,102.64173,45.95517
43.46072006225586,138.0853271484375,101.96125,45.231308
43.74503707885742,140.15078926086426,102.83787,44.905132
45.9829216003418,140.15335655212402,102.44254,45.23142
44.68674087524414,140.29791259765625,105.14849,46.760513
47.59137725830078,140.92479133605957,103.81917,46.74864
53.40026092529297,141.40501976013184,98.51149,47.017124
59.3641471862793,143.07904243469238,95.059395,48.433514
66.71412658691406,144.29200553894043,88.258545,43.549213
62.960941314697266,147.50318145751953,93.84005,37.970154
59.87089157104492,147.78996086120605,96.76087,39.72884
65.44002532958984,147.41576766967773,93.53435,39.426964
64.290283203125,150.6735668182373,93.11905,43.020008
61.159202575683594,151.60981369018555,97.8188,41.52688
61.12686538696289,153.70508003234863,99.59103,41.349163
63.969139099121094,152.9318141937256,97.391464,45.222477
60.6619873046875,153.99002265930176,101.67978,45.419292
63.91415023803711,155.97500801086426,100.1717,45.586407
74.44931411743164,157.5571002960205,91.31399,43.641827
77.26874160766602,158.86412239074707,88.435265,45.080364
81.4598274230957,160.18342971801758,84.448875,43.652534
91.07302856445312,160.74279975891113,71.928406,40.6477
97.60714340209961,161.42197036743164,70.75033,41.679527
105.7977409362793,159.98324966430664,64.42336,45.34478
112.26194190979004,164.02482223510742,59.57197,41.646294
122.26401138305664,159.80669975280762,52.953682,38.812458
135.01637077331543,161.1299057006836,43.484715,36.98694
139.09171295166016,163.01397228240967,37.383804,29.814829
149.74373626708984,164.86355113983154,31.214005,29.834452
129.1887092590332,161.3118715286255,44.285004,22.615316
103.01375389099121,157.0613079071045,48.809086,27.358128
76.71573257446289,164.3788547515869,53.631767,32.389553
75.7703971862793,164.20449447631836,58.456276,34.537865
85.02962493896484,165.12924575805664,63.911697,30.782906
86.08489608764648,164.27663803100586,65.48287,31.799965
97.20295906066895,164.4494400024414,63.506527,28.444
102.38579559326172,164.46576023101807,65.233154,27.885542
107.00275039672852,166.56703186035156,62.755714,35.098236
111.60359191894531,168.37789916992188,79.24275,32.059814
109.9273452758789,172.20369720458984,84.8618,33.579346
107.6236572265625,171.85948753356934,89.59241,37.024296
106.46359252929688,161.64537239074707,92.70555,40.65196
108.38756561279297,164.90081787109375,89.09888,41.38246
111.15970611572266,157.40093803405762,80.29797,46.730656
101.20801544189453,154.54273986816406,88.2321,39.487015
117.89804458618164,149.51734733581543,81.47439,39.843067
117.92629623413086,148.2766227722168,78.116356,38.11602
102.45255661010742,147.38262748718262,85.13213,42.447697
111.40595626831055,141.6721363067627,83.35534,46.98437
102.56723403930664,144.24620819091797,83.09974,48.72078
85.25763511657715,140.82512092590332,59.27402,55.969326
102.86058044433594,140.8387336730957,37.495834,64.69686
84.2027816772461,142.08549118041992,67.93802,46.804634
116.86508750915527,153.9895782470703,50.442295,45.424576
127.976806640625,156.37839126586914,45.01436,43.7694
133.1747760772705,155.59290504455566,48.29559,42.597637
137.3003387451172,155.56565284729004,52.69066,40.740047
144.4620304107666,154.20398712158203,53.731792,36.89331
145.18068313598633,151.7190341949463,66.70042,38.98631
124.75176620483398,151.66879081726074,92.32949,38.558643
126.29325866699219,135.44227600097656,89.71675,45.65143
125.28248596191406,134.3298625946045,87.527115,47.905003
127.6352310180664,132.08441162109375,82.221344,48.59366
131.5978660583496,137.09914588928223,81.74712,45.489544
160.33937454223633,129.86499214172363,77.69077,45.760387
173.44387817382812,130.84147262573242,71.79869,45.950798
181.85681915283203,127.13845634460449,68.43173,43.819004
204.24717712402344,131.7525405883789,83.311295,43.419678
230.54143905639648,127.75013160705566,72.64254,60.16583
239.23764038085938,130.4008331298828,75.10182,59.682693
243.12573623657227,135.82719802856445,75.07111,62.1876
237.13141632080078,129.8561954498291,80.86487,54.369274
229.30900955200195,135.9634780883789,85.07935,51.029922
175.77699661254883,122.39485359191895,91.20536,42.33035
117.15533447265625,129.208984375,102.85271,52.85846
101.96736526489258,129.91728591918945,115.06843,54.41903
98.44461059570312,132.22570037841797,124.44295,52.154922
92.96685028076172,137.73773956298828,126.68317,48.678604
89.6962890625,139.50542068481445,122.08971,46.11358
83.9879264831543,142.47881317138672,112.99001,43.06044
82.01766586303711,142.93250465393066,96.869865,41.398632
81.42598724365234,145.28949165344238,94.9895,39.782894
78.90596389770508,143.63882064819336,103.29539,41.003
78.38149642944336,143.7697639465332,104.03188,39.833366
76.15824127197266,142.53676986694336,103.20703,41.051186
74.66977310180664,141.59224700927734,105.58262,40.338516
75.80956268310547,141.06732940673828,103.75946,40.17534
72.27913665771484,140.77773475646973,101.608154,40.32121
70.1713981628418,139.05460929870605,105.477196,41.018772
71.41363143920898,139.1611099243164,104.050865,40.73198
66.1192741394043,138.97795486450195,105.96786,39.29043
63.743896484375,136.86463737487793,107.32793,40.921146
61.53163146972656,135.95337295532227,106.63158,40.77526
60.44380187988281,134.6820831298828,105.69704,41.730835
57.39706802368164,134.57945823669434,106.778175,42.092365
58.52744674682617,133.27327728271484,105.95644,40.799484
57.561500549316406,132.490966796875,106.31845,41.663055
53.71962356567383,132.159818649292,106.00248,41.17066
54.28252029418945,130.14818000793457,105.152016,43.285183
52.35274124145508,130.66710662841797,104.85374,42.706314
51.28493118286133,129.60444450378418,105.67527,42.525517
49.16020584106445,129.8747615814209,104.36179,42.59331
48.00529479980469,129.8056583404541,105.12288,42.605938
48.29916000366211,129.6268253326416,105.02059,41.891582
45.888145446777344,129.90436553955078,105.74454,40.706284
44.96656799316406,128.94106101989746,106.03102,39.920246
44.93653106689453,128.70589065551758,105.54675,40.563683
41.95269775390625,128.2482967376709,103.822495,41.255695
43.385257720947266,127.02230072021484,103.08933,42.505386
39.63142776489258,126.75346183776855,103.8921,42.292423
37.169673919677734,124.93721580505371,105.54705,43.9298
35.536231994628906,125.18647384643555,106.70755,44.118965
33.53559875488281,124.91561126708984,106.2968,43.460953
35.4417724609375,122.90892028808594,105.66026,45.25824
33.356788635253906,123.43790245056152,103.14993,43.18639
30.08055877685547,122.01103019714355,105.96561,42.622868
30.019306182861328,121.30558395385742,103.00648,44.873238
25.96941375732422,119.01987266540527,103.39542,46.30382
26.870880126953125,117.25203704833984,106.436935,48.07634
28.179061889648438,115.95123672485352,101.892044,48.988182
31.005550384521484,116.4688720703125,105.948235,47.91107
33.224937438964844,117.76645088195801,107.09952,47.535458
35.731807708740234,116.82997512817383,108.38442,47.82012
39.386810302734375,116.628662109375,108.462814,46.952667
42.47072982788086,116.9005126953125,109.32549,46.532196
47.053550720214844,115.9269962310791,107.38858,49.01646
50.896759033203125,116.93038749694824,106.811844,47.096287
56.5126838684082,116.61543083190918,105.52491,47.133305
59.77427291870117,116.5510139465332,106.63622,45.700768
63.58787155151367,117.28560447692871,107.01348,45.29598
66.93983840942383,117.79448509216309,105.88801,45.18398
71.26054763793945,116.81163597106934,107.41071,45.158222
76.41321182250977,115.72782135009766,107.07209,45.590866
81.79134368896484,114.75293731689453,107.56705,45.017715
84.09309387207031,113.44881057739258,105.58324,46.453087
85.63856887817383,113.60483741760254,105.823586,44.582623
88.34992980957031,111.93085479736328,105.35487,47.014572
89.17069244384766,110.60953903198242,106.16391,47.292885
91.31375885009766,109.74560928344727,106.33804,46.91265
92.09768295288086,108.83131790161133,107.83129,48.096764
93.88857650756836,108.6466293334961,107.75512,48.39705
96.18138122558594,109.26354217529297,107.43599,47.73033
98.17544937133789,109.86273956298828,107.14658,47.4066
101.97325897216797,110.6154727935791,106.00784,47.078747
102.89109420776367,110.5711784362793,105.382805,46.315224
105.94485092163086,110.49651908874512,105.307335,46.501835
107.5593376159668,110.82374954223633,104.63912,46.006187
111.62505722045898,111.99849319458008,105.984,44.417747
113.55103302001953,113.06315231323242,106.7728,44.309
112.74013900756836,112.84244918823242,106.618706,44.921425
116.26640701293945,113.40611267089844,106.47343,43.26123
115.89739608764648,113.38458251953125,105.878044,45.082703
120.19916152954102,112.16010284423828,104.542915,43.90825
120.52747344970703,111.9471549987793,105.87714,45.10868
122.52093887329102,111.72849655151367,106.194466,45.11515
125.5699577331543,110.13159370422363,104.78997,47.214443
127.0357894897461,111.14393043518066,104.91028,45.7028
132.1275405883789,111.26117515563965,103.96234,44.712635
134.35060119628906,111.22663116455078,102.70781,44.811325
135.64155197143555,110.71000289916992,102.38845,44.97529
134.5732421875,111.46953964233398,102.962814,43.051918
134.42312240600586,111.49117660522461,98.617455,42.391335
128.71294403076172,111.52309608459473,100.04556,41.254314
123.38094711303711,109.69796562194824,99.01711,44.28211
113.62572479248047,109.14727973937988,101.79413,43.913845
108.90338897705078,109.30019187927246,101.39136,43.141376
100.06800079345703,109.23277854919434,104.83612,44.155537
93.8651123046875,110.86373329162598,104.498184,42.781475
87.26583862304688,112.18351364135742,104.18565,39.7862
81.84513854980469,111.25480079650879,105.73332,40.31944
76.13623046875,111.47826385498047,106.145096,39.72856
75.61357498168945,108.30060768127441,106.63892,42.669598
78.53936767578125,108.66043663024902,106.282,42.792774
86.62869644165039,108.68478584289551,105.202705,41.82913
102.39211654663086,104.45877265930176,104.40487,44.56335
115.26298522949219,103.01850318908691,106.7466,46.237103
129.35468292236328,102.2197380065918,104.73874,46.04792
145.07831954956055,100.12442016601562,104.53573,46.26468
159.9202117919922,98.50867652893066,104.86839,47.88551
173.56947708129883,97.41173553466797,104.68125,48.403854
182.42229461669922,97.12995147705078,102.700775,47.40773
191.11520767211914,96.68353271484375,98.535164,46.956146
207.69879531860352,95.861083984375,86.79835,45.43988
217.10325241088867,95.66106414794922,80.46984,46.51738
227.06436920166016,95.49575424194336,74.20261,45.821526
236.60149383544922,94.76651763916016,66.40851,46.99675
242.7635555267334,92.91259574890137,60.86675,47.4751
254.25173377990723,92.12127685546875,54.789562,47.637756
261.7508029937744,93.45209693908691,43.846874,46.895916
268.9035053253174,93.05780220031738,37.62341,45.16058
263.2291507720947,92.10469436645508,40.96835,39.144157
268.36004066467285,87.97219848632812,45.92515,37.456757
290.4486083984375,107.20683670043945,33.735916,60.924522
294.35912132263184,119.30320358276367,43.324726,65.993996
281.4779567718506,113.5445556640625,61.390415,56.127
234.4077911376953,85.13288307189941,86.4198,49.762142
195.56702423095703,92.51738357543945,84.80846,47.766518
191.8220100402832,95.8864574432373,74.65104,43.322956
190.4957275390625,99.53909683227539,69.86421,41.715675
192.2240867614746,99.02935981750488,78.84022,43.166424
192.4001007080078,97.3060131072998,90.429184,44.37174
191.92821502685547,98.24934005737305,97.690094,43.734993
192.6494255065918,95.53418731689453,101.050224,45.996017
191.5240249633789,92.9118881225586,107.716705,48.190933
190.38348007202148,92.04425239562988,110.07464,49.07983
190.70134353637695,91.04092979431152,107.49381,50.123646
189.4699821472168,90.56713104248047,106.25683,50.02281
188.19258880615234,91.75868034362793,107.159,50.038273
188.60317993164062,92.01671981811523,107.622574,49.192238
189.07590866088867,91.66606712341309,107.37731,49.23351
188.41969299316406,90.32254028320312,107.05406,49.853363
188.120849609375,91.69602966308594,107.03337,48.690002
186.59099197387695,91.57305145263672,107.68223,49.823593
187.66706085205078,91.55029678344727,107.561066,48.395073
187.81600189208984,91.50723457336426,106.47919,49.176662
184.55966186523438,90.68744468688965,106.917435,49.396748
184.08688354492188,90.92019653320312,107.19664,48.949127
183.12137603759766,92.05759239196777,107.52484,48.83901
183.2375030517578,90.40240669250488,107.74785,49.499905
183.56191635131836,90.30475616455078,107.16689,49.445633
182.9894256591797,89.34481620788574,107.13048,49.323215
183.2561378479004,89.75417709350586,106.52534,48.618385
182.37908172607422,89.80089569091797,107.33313,49.182907
181.91371154785156,89.27204132080078,107.004776,49.008163
179.9186019897461,88.99653816223145,106.66818,49.410275
175.89931869506836,90.17465019226074,107.13665,48.62598
173.9808006286621,90.67241096496582,107.0877,49.17941
170.3933563232422,90.62103462219238,106.85933,48.338528
166.59180068969727,91.14826583862305,108.01301,48.940193
164.34066772460938,90.81496810913086,106.94472,48.922554
159.97351455688477,92.64526748657227,107.35148,47.38598
157.55038452148438,92.36567878723145,106.90758,48.79983
153.025634765625,92.52068901062012,107.58766,48.24561
152.96112060546875,93.14662551879883,106.88783,48.61944
145.9886131286621,95.2181396484375,107.6643,47.974792
141.35030364990234,94.41989326477051,106.87741,48.897793
135.62823486328125,96.35041427612305,107.5251,47.531715
127.13995361328125,100.21468544006348,107.35298,45.30479
121.32876586914062,97.68873977661133,107.343735,48.196312
113.55663299560547,100.73468017578125,107.46478,46.742126
106.1679573059082,100.50261116027832,107.25623,48.003048
103.56369018554688,99.05884552001953,107.04054,49.30568
92.34864044189453,103.83265686035156,108.647156,46.715088
87.62023162841797,101.46322250366211,107.964935,49.041695
81.86212158203125,103.3828067779541,107.96959,48.304913
72.04232025146484,105.30095100402832,106.838715,49.548885
67.1341438293457,103.30993270874023,107.32752,50.523354
61.44552993774414,106.54525947570801,108.13285,49.998775
60.5220947265625,105.57121849060059,107.01109,50.851276
58.97493362426758,107.35555267333984,108.202034,50.03578
58.89498519897461,108.7503490447998,107.83257,49.31278
61.51459503173828,108.97354698181152,108.382996,49.90163
64.18936920166016,108.6362133026123,108.441345,50.15534
63.68727493286133,108.68982315063477,108.81913,49.73681
67.25418853759766,109.73664474487305,107.97327,48.281776
67.3429069519043,110.18245697021484,106.86169,48.125656
69.19112396240234,111.54266548156738,107.527374,46.737118
70.84518432617188,108.5895824432373,108.018295,49.16892
71.37473678588867,109.49910736083984,107.36199,48.82927
73.32543182373047,109.66104888916016,107.668274,48.70497
76.46549606323242,107.59827423095703,108.033134,49.54619
77.58560943603516,109.18681907653809,107.02194,48.457233
79.66075897216797,110.88779067993164,108.15326,47.08178
81.32958221435547,111.66662788391113,107.60593,47.63101
83.11924743652344,111.28601837158203,108.34166,49.01506
84.96235656738281,111.69993019104004,109.51048,48.135143
87.04312133789062,115.17253684997559,109.93858,46.488422
86.90047836303711,113.00413131713867,108.74178,47.86512
90.18247985839844,113.98033714294434,108.26976,47.285053
90.10958099365234,115.2628059387207,108.67972,47.667046
94.18767547607422,112.76677322387695,108.65872,49.33007
94.55447006225586,117.76302719116211,109.10369,47.0673
96.83168411254883,115.04679489135742,108.84873,49.00303
99.75908660888672,115.61293411254883,108.77753,47.977287
100.86044311523438,116.78276443481445,108.06615,47.429863
104.51593780517578,118.91532135009766,106.29318,45.581894
106.75957107543945,116.28585243225098,106.0095,47.506298
109.36653518676758,119.02835464477539,106.02949,45.27633
112.79809951782227,118.53860664367676,105.27625,45.85525
120.3946762084961,119.40406799316406,100.37686,45.599
125.20114135742188,119.4057388305664,97.36302,44.580246
131.9833526611328,119.35367202758789,93.29384,43.16845
141.89061737060547,117.88126945495605,86.71185,45.07706
149.54008865356445,118.70960235595703,79.32517,44.158066
161.15052795410156,119.72462463378906,70.21028,42.873764
168.55631637573242,121.07071685791016,64.29464,42.121033
171.52137184143066,118.17959976196289,63.03178,44.73957
187.02196884155273,117.51456642150879,52.15531,37.151394
198.6344337463379,115.80838584899902,40.879707,40.57918
199.2303066253662,114.16149711608887,39.609135,38.564518
202.08370399475098,113.7443962097168,32.10542,34.885582
196.19759941101074,115.19009017944336,36.503033,32.14205
179.13047218322754,103.45460987091064,46.22167,28.473242
162.30101776123047,109.21373081207275,52.306473,29.338957
122.6083869934082,120.52420234680176,53.35334,41.608074
112.65297508239746,121.21667098999023,53.552708,43.115013
110.72400665283203,120.77239990234375,58.28479,43.460083
108.7690200805664,119.34957885742188,70.62669,44.33116
105.68473815917969,122.76003837585449,86.77248,40.872257
105.04815292358398,117.59978485107422,93.75283,44.94748
99.99028015136719,118.99849891662598,91.59538,43.023342
100.91079330444336,118.53176879882812,100.2654,42.61812
96.3487319946289,115.2218246459961,109.0791,45.49994
93.34210968017578,114.33106231689453,107.79376,46.651886
90.83420181274414,115.67213249206543,105.156654,43.858814
87.77247619628906,114.18025779724121,104.86058,43.680637
84.4073600769043,114.92053985595703,105.0303,43.254333
80.57140731811523,114.40037536621094,105.36773,44.172287
76.43774032592773,112.08185195922852,107.54916,46.91767
72.85876846313477,110.32232666015625,107.66511,49.29924
72.56647109985352,110.24013710021973,106.85331,48.19827
68.2203140258789,111.65915489196777,105.74307,47.273685
66.59261703491211,111.539306640625,106.742424,47.224167
62.94733428955078,111.62343215942383,106.78049,46.77372
62.35428237915039,111.43221664428711,106.41682,45.91439
62.55574035644531,110.11780166625977,106.31395,47.349068
60.92189407348633,109.14357566833496,108.21632,48.747746
61.18712615966797,109.18343162536621,107.68942,47.64603
62.687416076660156,111.34343719482422,104.80289,44.325165
60.5322380065918,110.40035057067871,106.62026,45.61426
61.60647201538086,110.17710494995117,107.19921,46.81759
62.04079055786133,111.04556465148926,103.84324,46.246685
62.49547576904297,110.51223373413086,103.511536,46.316307
67.55797576904297,112.17087745666504,97.2807,45.407467
65.15054321289062,113.07914733886719,97.95958,43.905045
60.70723342895508,112.54047393798828,101.303474,43.67163
60.03908920288086,112.55613327026367,102.69186,44.128136
60.307594299316406,111.35344123840332,103.858185,44.894146
57.54701614379883,111.91927337646484,105.62333,44.704437
57.127769470214844,111.82722282409668,105.4086,44.635395
54.33115768432617,111.03633689880371,105.61697,45.20505
51.53693389892578,112.61410331726074,104.4707,43.658527
47.36307907104492,113.88118362426758,106.272545,43.509132
43.04966354370117,113.9173698425293,106.412895,43.15249
42.42586135864258,113.86798286437988,107.03394,43.23457
40.80483627319336,112.44217681884766,102.811455,45.40271
37.58571243286133,111.14360237121582,104.579384,45.862957
34.823184967041016,112.03290557861328,106.064186,44.876312
30.635967254638672,112.09457015991211,107.03207,45.50991
26.35345458984375,112.68581199645996,106.43788,44.116062
26.967632293701172,111.92497444152832,107.69012,44.713757
27.555519104003906,111.77289581298828,106.11694,45.096436
24.962032318115234,111.86080169677734,107.373985,45.87918
25.467395782470703,110.91350555419922,107.609505,46.329407
25.581790924072266,109.87378311157227,108.40363,47.545113
25.822036743164062,108.44271278381348,108.16545,48.624416
25.53564453125,107.89110946655273,108.359085,49.310875
26.123661041259766,108.31385803222656,107.83372,49.08983
25.65530014038086,109.68152618408203,108.214195,47.673065
25.378440856933594,110.6489315032959,108.31647,45.535892
25.14849090576172,109.96673011779785,107.71945,47.44882
24.638408660888672,109.77205276489258,107.48495,47.876625
24.646812438964844,110.29643630981445,107.80765,47.028328
22.756244659423828,109.62049865722656,109.080574,48.61635
23.422317504882812,109.58281898498535,109.51375,48.738155
24.407451629638672,109.92851066589355,108.37649,47.755177
23.411861419677734,110.21944618225098,108.25802,48.002956
24.071491241455078,111.27983665466309,108.26441,45.564335
24.420814514160156,112.45182228088379,109.15683,45.856808
22.673187255859375,112.38607978820801,108.48537,45.484142
24.108325958251953,111.65955543518066,110.03034,46.42001
22.258407592773438,112.2439956665039,109.20036,46.28723
23.212085723876953,109.9830379486084,109.67051,47.718327
23.34111785888672,108.42819213867188,108.20416,49.937057
22.768943786621094,108.00530815124512,107.762024,50.380238
24.484600067138672,110.88563537597656,106.94222,46.60121
22.881954193115234,109.53198623657227,107.82366,47.407356
23.80431365966797,109.39267349243164,108.19998,48.40046
23.016197204589844,108.1876049041748,106.81595,49.56847
21.91119384765625,108.46424102783203,106.67372,49.19876
22.932754516601562,110.76681518554688,106.81648,47.258163
19.865345001220703,110.81556510925293,105.66566,47.28014
21.572917938232422,110.95565414428711,106.3424,47.63662
18.4969482421875,110.2600269317627,106.464554,47.301098
21.033245086669922,109.00908660888672,106.00384,48.814667
18.78298568725586,109.69918823242188,107.046104,48.911514
20.41387176513672,110.55740547180176,104.98929,47.523327
18.95578384399414,109.51301383972168,106.33875,47.966602
17.13150405883789,110.60647964477539,104.61765,48.883705
15.623664855957031,108.72855567932129,106.19754,49.418697
16.526885986328125,110.49466514587402,105.13948,48.73746
15.170238494873047,112.10920524597168,104.95861,47.983418
14.423038482666016,111.91134834289551,105.55201,46.746593
13.009174346923828,112.32734680175781,105.52146,48.06804
13.659881591796875,110.22303581237793,105.08272,48.604237
17.06978988647461,110.45035934448242,102.83761,49.54476
14.104812622070312,110.49061012268066,100.70924,50.57269
17.525028228759766,110.63943290710449,100.9564,50.298878
14.640148162841797,111.43591117858887,104.43874,50.27727
18.607955932617188,108.4955883026123,102.41551,51.591022
18.701683044433594,111.17880439758301,104.37671,50.84358
20.214073181152344,111.68589210510254,104.00983,50.091824
19.956371307373047,113.04949760437012,105.033165,49.817524
25.10329818725586,112.95928192138672,102.36639,49.05475
24.985733032226562,112.83277893066406,103.6447,49.687546
27.490009307861328,113.17487335205078,103.058754,49.398804
28.93381118774414,111.87289237976074,104.16389,50.213978
30.450939178466797,112.28289985656738,103.76037,50.218365
34.46617889404297,113.11530685424805,104.499115,48.812035
35.9774169921875,112.15619659423828,105.11,50.410736
35.93796157836914,113.49719047546387,104.79554,48.483967
39.44346618652344,112.63955879211426,104.75719,49.061413
40.053070068359375,116.73818969726562,104.23268,46.25215
41.4567985534668,115.66349601745605,102.488396,46.34374
43.259456634521484,115.28888702392578,103.92785,46.6698
44.445579528808594,115.09908103942871,102.27179,47.717808
46.140953063964844,112.54026794433594,103.18918,49.426926
48.128562927246094,114.51935386657715,103.44556,49.199924
48.78092956542969,114.53841209411621,103.237015,47.92722
49.89899444580078,113.40534591674805,103.66513,49.35485
50.43145751953125,114.29610824584961,104.56941,48.983055
52.47414779663086,114.63213920593262,104.1126,48.3091
56.79890823364258,114.52161026000977,103.09385,48.44053
56.33789825439453,115.19832801818848,103.08911,47.676388
58.892112731933594,114.7416820526123,102.985016,48.562397
58.24663162231445,113.74848937988281,103.61106,48.859604
61.750816345214844,113.78335380554199,103.56448,48.64754
61.49372100830078,113.41965866088867,104.07385,48.748344
64.16551971435547,113.53820037841797,103.08844,48.544006
64.47229385375977,115.87960243225098,104.07853,48.285854
66.32847213745117,113.82183647155762,103.0917,48.4876
70.06124496459961,115.5418758392334,102.75997,47.066868
67.63377380371094,116.64337730407715,105.093796,46.953312
72.14891815185547,115.85016059875488,104.27536,47.846905
70.3787612915039,116.6323299407959,105.14395,47.373722
74.4372787475586,116.60765838623047,103.099365,47.03775
74.62892532348633,115.95391845703125,104.15501,48.981583
74.27456665039062,117.67977905273438,104.36156,46.798965
77.59661483764648,117.83493614196777,103.66378,46.6023
76.97541809082031,117.2737045288086,104.49382,47.222412
78.18342590332031,116.40786170959473,104.91646,48.74252
79.4321174621582,116.48230171203613,105.62559,48.742046
79.7993278503418,118.76900482177734,106.85964,48.046265
81.92172622680664,117.89645767211914,105.9553,48.693123
83.75772857666016,118.83602333068848,106.40192,47.387386
85.39529418945312,118.84138679504395,104.56984,47.586193
84.94712829589844,120.72261810302734,105.57808,46.143036
87.43822479248047,121.94416236877441,106.59546,45.229244
88.01086807250977,122.48548698425293,105.42826,44.847126
89.95524978637695,123.18289947509766,106.70515,45.11032
92.49641036987305,123.78257942199707,104.500786,43.670513
94.04239273071289,123.07908248901367,104.041145,44.54177
94.34925079345703,123.94914817810059,104.50711,43.977665
96.1893424987793,125.12675285339355,104.87417,43.873005
98.27352142333984,124.82421684265137,103.99985,43.042683
99.83345031738281,126.30128288269043,104.577805,42.95058
98.46917343139648,127.6869010925293,104.72823,42.120415
100.1614875793457,126.97298622131348,104.41407,42.84988
101.48013305664062,127.97834968566895,104.44847,42.89314
105.17348861694336,127.32373428344727,102.81545,42.977974
106.38681411743164,127.1157054901123,104.016945,43.151142
106.01008605957031,127.45518684387207,105.72267,43.38093
107.7785530090332,128.45347785949707,104.94196,42.83537
108.2507209777832,130.00962448120117,105.11207,42.417564
109.99478912353516,129.2701072692871,104.90411,42.82644
113.56793975830078,130.07095527648926,103.9028,41.36189
111.42606353759766,130.03271293640137,105.51895,43.32387
