152.0,102.0,40,67
151.0310173034668,101.66573715209961,39.115944,66.59162
151.6962776184082,102.6492805480957,39.08541,67.612144
153.23663139343262,104.80863189697266,39.29053,67.06702
153.41149711608887,106.22057723999023,39.00327,66.14881
155.0996322631836,105.55431365966797,39.91606,67.007065
153.5074462890625,107.40290451049805,40.354523,64.85601
150.76984214782715,109.42444229125977,39.592915,63.785835
146.92412757873535,112.70713806152344,37.61607,61.775467
143.32318115234375,114.79812049865723,38.597687,59.93986
139.23004150390625,115.33225631713867,38.98474,58.48002
135.3072109222412,110.41228675842285,38.208714,61.610012
132.59286308288574,108.10201644897461,37.114536,62.837242
132.0640354156494,109.7254409790039,39.24925,61.021454
135.33920860290527,106.72731399536133,39.29575,65.17495
138.05578231811523,104.54472351074219,39.144447,65.57828
142.60476303100586,102.64559936523438,38.98513,65.34404
148.48992919921875,104.0831069946289,42.436462,68.05185
156.73614692687988,104.34636306762695,41.261135,68.877556
162.568754196167,105.82696151733398,42.94985,69.48026
169.28911972045898,108.5123291015625,46.530556,75.364044
178.64817810058594,111.75678634643555,47.43689,74.70481
183.91884803771973,112.65007781982422,45.745373,74.30908
188.45599174499512,110.90117263793945,45.825306,78.13268
186.4494113922119,108.63468170166016,46.303997,79.8689
187.79095649719238,110.54310989379883,50.990383,79.57224
187.2838897705078,111.1120376586914,49.984497,79.7005
183.52666854858398,107.29266738891602,48.377373,83.79426
182.12207984924316,105.74672317504883,49.985622,84.52027
178.1752643585205,102.9475326538086,52.82075,85.50403
175.62935066223145,99.08321762084961,53.83604,82.01125
171.10033226013184,93.97705459594727,55.643772,86.40241
164.2777614593506,88.43957901000977,54.399876,89.258705
158.72131156921387,88.50305938720703,54.311787,89.10321
151.69085693359375,89.4224624633789,54.486984,91.16885
142.65710639953613,87.24191284179688,54.59422,81.48265
138.66364097595215,84.00982666015625,52.792088,82.62932
131.39932441711426,80.8547477722168,53.50749,88.33901
122.97131729125977,78.98888397216797,54.31263,82.43286
114.76228904724121,81.39702606201172,55.048374,89.0661
109.11226272583008,84.83796691894531,56.901497,90.010086
104.49838066101074,89.41606521606445,56.914936,89.63572
100.84891891479492,91.04462432861328,58.34591,91.98282
98.8577995300293,93.05871200561523,59.00222,92.83346
97.00469589233398,96.24837112426758,61.255424,92.92014
100.6441535949707,97.79404830932617,60.24128,94.397575
105.30207633972168,99.34190368652344,58.641895,96.00154
107.90731239318848,101.74383926391602,57.284725,97.93476
105.83181571960449,100.79059600830078,58.986774,99.03302
106.36298370361328,98.30244827270508,58.45453,100.22349
101.78225517272949,95.71964263916016,60.546497,95.27228
98.93945693969727,87.64365005493164,58.470833,99.58924
100.32355308532715,85.91574478149414,58.593876,101.11323
105.04659271240234,87.16047286987305,59.033264,101.280266
103.62700653076172,86.36272811889648,61.341705,101.29986
106.14795875549316,87.97912979125977,62.07739,100.531685
106.29057502746582,88.90255355834961,62.12379,97.79217
112.02574920654297,91.37930679321289,62.742218,93.279335
120.95249366760254,91.86137771606445,62.96368,90.020485
127.25763320922852,92.46157836914062,65.04548,93.12096
137.6836395263672,91.7522087097168,65.6732,81.19308
145.94540405273438,89.24848175048828,63.450394,79.13486
145.6057243347168,85.05032348632812,64.64248,78.76265
143.21578216552734,83.98014450073242,64.4805,80.48736
149.68590354919434,84.25589752197266,61.324253,75.55954
147.54412460327148,86.57049942016602,66.79452,79.66865
149.4574432373047,90.84037780761719,69.34935,82.77666
159.1877670288086,96.10210800170898,65.418365,76.73293
161.6834487915039,103.00787353515625,67.66327,78.756546
166.41856002807617,111.42530059814453,68.21795,75.11578
182.16801643371582,112.94244766235352,60.88438,74.53748
192.3439655303955,112.97641372680664,62.87367,77.74589
202.93816757202148,100.95955657958984,64.566795,90.9155
213.5694179534912,90.34623336791992,58.53507,104.83584
216.80053901672363,95.3174819946289,61.543438,100.33444
222.58427047729492,92.06757354736328,60.110466,111.131195
219.6195831298828,96.73664093017578,67.9323,109.926605
223.4213809967041,93.25813293457031,61.6358,109.41176
224.59001922607422,90.45648956298828,57.649597,118.682526
218.4925994873047,95.79741668701172,62.581436,111.34488
220.44506645202637,91.62900161743164,56.936665,111.76762
215.89516067504883,89.52259826660156,59.85502,108.292404
213.97825622558594,88.69058227539062,57.59807,106.477585
208.81936073303223,93.52499008178711,56.249874,100.629814
204.3985710144043,91.79337692260742,57.73403,99.2748
200.6762180328369,98.16931533813477,55.74554,88.13514
198.3365592956543,97.45090103149414,54.24566,81.53715
194.03008270263672,96.13782119750977,50.552155,74.270515
189.23384475708008,90.66388320922852,47.94474,71.613335
182.3189640045166,89.02791595458984,48.2803,62.212585
175.75485038757324,84.49383354187012,46.216587,62.28655
165.3275852203369,80.59196472167969,43.484356,63.049072
155.94084930419922,80.7607536315918,43.52809,61.685158
150.47600936889648,78.79193878173828,39.35691,62.91092
145.8582649230957,80.07897186279297,36.9047,63.384598
137.90503120422363,79.66668128967285,38.385387,61.405178
132.97603607177734,78.55254936218262,38.474457,63.21085
130.6227035522461,78.16593170166016,37.829315,59.797928
125.38141822814941,77.65911102294922,36.737713,62.519257
116.62619972229004,78.32851219177246,36.437984,61.38196
111.30141830444336,78.30808067321777,37.725746,61.5217
109.52607917785645,77.12277030944824,36.77168,61.758762
102.15175247192383,73.50373268127441,38.163506,60.80862
90.02293586730957,69.77087211608887,39.70564,60.416477
86.91633987426758,66.75097465515137,36.077995,61.03713
80.10237693786621,61.49213409423828,37.037556,61.063416
76.45713233947754,58.03268051147461,38.56625,58.87455
75.47106552124023,55.46094512939453,38.24343,60.341293
73.20722579956055,51.82942581176758,41.547737,58.52659
68.16154479980469,49.11762046813965,43.441055,59.848957
65.22987174987793,48.09525108337402,44.55547,55.98737
67.0792350769043,48.02598762512207,44.28356,55.69514
67.99114990234375,49.03757858276367,44.85724,54.740913
71.69757461547852,48.21674728393555,44.504417,52.403664
74.31449890136719,50.09156799316406,44.957977,51.139877
74.77175331115723,51.75876998901367,47.117443,49.447395
68.42676544189453,56.291425704956055,58.268005,48.744923
84.45736312866211,55.3931884765625,49.444466,51.31961
79.50415992736816,58.47798156738281,58.032833,46.587982
84.59677314758301,55.072675704956055,61.41601,49.996983
89.56858444213867,54.70094680786133,62.944145,50.35946
97.33576774597168,58.48016548156738,62.00765,48.423443
106.72072410583496,61.65092086791992,63.192493,47.40557
120.28527069091797,59.64261245727539,60.32631,51.87539
130.48245239257812,60.064125061035156,60.986908,50.983032
150.2230167388916,58.187055587768555,52.59399,54.18015
153.79164695739746,60.778961181640625,58.222233,53.102753
174.20768928527832,61.807790756225586,48.402706,55.27782
182.66534233093262,61.15949249267578,48.66669,55.010742
185.80084800720215,61.15749168395996,51.05257,59.672977
191.40829467773438,59.611717224121094,46.82599,65.61644
194.96734237670898,59.04521179199219,45.486443,67.06644
191.99187088012695,53.23640060424805,45.129097,74.00321
186.43071174621582,47.769927978515625,47.800045,74.72957
176.5154266357422,38.33945083618164,49.20085,79.31031
161.4294204711914,26.558338165283203,57.11812,77.59692
150.58448219299316,18.397464752197266,58.91026,74.31368
139.04399299621582,17.27243423461914,58.854244,72.69158
130.19955444335938,27.716114044189453,69.736694,67.46078
131.8531093597412,31.161521911621094,59.428455,70.60768
130.34749794006348,36.510807037353516,61.442608,68.7795
125.16883850097656,39.013755798339844,64.45169,65.67464
125.22765922546387,40.266700744628906,61.818546,68.624985
117.97844505310059,46.35210418701172,59.62769,61.204575
109.94514656066895,45.35053062438965,62.989315,62.43131
102.57746315002441,43.73837471008301,51.45471,50.269375
95.92187690734863,43.33437156677246,49.76147,49.050236
87.56305503845215,40.42291831970215,50.28368,49.26241
80.77374458312988,35.3329963684082,48.403927,49.94358
74.18950653076172,33.759931564331055,47.318558,48.888615
67.47348213195801,32.754737854003906,50.639645,53.06476
59.38191795349121,34.091135025024414,51.61861,53.07667
51.66021156311035,33.21894645690918,56.614086,60.423573
42.55466842651367,33.97908401489258,58.87954,62.035957
40.34174156188965,34.07731056213379,58.382984,60.197292
35.04723930358887,30.79598617553711,57.188374,67.277504
34.91800117492676,27.743328094482422,54.35525,73.204506
33.91644096374512,22.160633087158203,52.74477,75.874504
40.151960372924805,17.639999389648438,51.91045,80.38768
47.91961860656738,14.648418426513672,49.996716,79.105064
56.948171615600586,13.694591522216797,48.77921,73.608635
63.85629653930664,13.8724365234375,47.335976,77.74391
68.19132995605469,13.856689453125,50.097794,77.242874
73.22945785522461,15.491683959960938,51.17663,76.05864
80.50901985168457,18.07535171508789,52.54466,73.56095
83.64731407165527,21.036903381347656,58.234013,77.5246
89.5628719329834,23.001140594482422,56.767765,72.26067
97.0504379272461,26.210002899169922,58.95468,74.31136
99.74047088623047,32.1080436706543,64.191376,70.13619
106.96122932434082,35.946678161621094,62.303143,71.94147
104.91403579711914,39.349063873291016,69.4694,72.727974
105.11842346191406,46.680259704589844,79.65834,72.44156
114.11738967895508,55.381710052490234,82.21021,72.874535
125.64945220947266,65.96210479736328,82.54498,76.53049
130.30953216552734,70.09869003295898,84.6228,80.0714
125.66964721679688,78.6648178100586,89.02089,78.138885
127.09678649902344,82.66495132446289,88.563156,80.58939
120.05612182617188,86.72794723510742,90.61113,80.661705
112.07513809204102,102.166015625,69.38297,82.68474
120.77142715454102,96.47513961791992,78.02424,78.838615
151.61126708984375,86.22003173828125,81.20842,85.5237
165.38082885742188,82.34603500366211,83.44777,99.497154
164.02080917358398,79.06098937988281,88.92452,117.36461
178.87996673583984,73.49429321289062,84.67148,133.08302
163.84648895263672,99.07403564453125,102.79181,126.079575
180.27643203735352,74.96552276611328,89.63624,151.22476
173.68386840820312,92.41927337646484,94.442154,140.29242
165.41636276245117,100.76917266845703,98.59896,134.08817
171.22023391723633,102.64513397216797,87.24998,131.8884
162.62921524047852,101.71408081054688,83.36762,130.7653
155.0018539428711,103.53278350830078,78.86667,126.72766
148.36611557006836,107.1939926147461,75.51281,126.83127
133.29864120483398,106.31648254394531,74.915,122.23311
114.46307754516602,102.56274795532227,81.47123,112.175514
101.7214469909668,92.85031127929688,79.20544,124.27742
96.49545288085938,89.42667770385742,78.06529,122.99621
93.83071899414062,89.68974304199219,77.797104,113.67662
93.57140731811523,91.41481018066406,74.31777,97.992874
93.07999801635742,90.81961822509766,66.76638,91.50009
92.27159881591797,90.01416397094727,65.40961,89.61109
91.41002082824707,93.69075012207031,60.549145,88.2469
86.50652122497559,99.54961013793945,58.66849,84.657936
83.09425926208496,101.63136672973633,59.19843,82.36106
76.83623504638672,100.40047454833984,55.199036,83.743195
74.62312316894531,101.5494613647461,52.918137,90.87076
78.8329906463623,102.79262161254883,53.79027,87.7364
83.83286094665527,103.72053146362305,56.798588,79.74627
87.60436630249023,103.72775268554688,60.439568,85.534805
96.4358901977539,105.21994400024414,65.42047,84.23017
103.86117935180664,107.62711334228516,74.897804,96.68103
113.60443115234375,110.69906616210938,76.56355,99.21892
126.85036087036133,107.33435440063477,76.1988,90.45753
134.48279571533203,107.15150833129883,79.73895,91.417274
143.37794876098633,106.3777847290039,80.98182,95.94974
155.32463455200195,103.96195983886719,81.505745,105.72676
188.48506546020508,81.35741424560547,84.22642,116.06464
195.8093490600586,80.68013763427734,77.08249,117.564545
196.93369674682617,100.36906051635742,94.37267,91.517296
215.70565795898438,96.47673416137695,93.57927,98.03867
229.51438522338867,87.33183670043945,85.961205,102.43705
233.35021209716797,81.32904815673828,85.19595,118.28754
231.2422866821289,79.85689926147461,83.015015,108.129875
223.0755157470703,78.80786514282227,78.79756,111.77537
216.05292510986328,77.2727165222168,77.13248,117.30215
207.82979202270508,77.33060836791992,74.26496,114.93548
195.58918380737305,81.39105606079102,72.86266,109.453316
175.34786987304688,79.37046813964844,74.42354,109.13777
163.1275634765625,83.1169662475586,65.208115,106.37833
153.9758758544922,86.380859375,65.462204,98.10243
141.8084774017334,85.90160369873047,63.123844,96.49054
126.34395027160645,84.23064041137695,62.31782,97.05909
114.35460090637207,84.9695816040039,60.057995,98.98639
101.21647262573242,84.31349182128906,68.03707,99.15239
82.48593521118164,86.29974746704102,71.06849,109.04398
69.30921936035156,84.45950317382812,71.45772,109.90639
62.763973236083984,84.21096801757812,75.86617,111.83281
57.926727294921875,84.98211669921875,76.48677,103.30031
57.26637268066406,82.58266830444336,80.99144,106.71844
68.26256561279297,86.12598037719727,85.03061,103.17042
86.28557205200195,90.54803085327148,83.04398,99.40182
83.96973419189453,94.0825309753418,96.25281,98.69039
95.82369232177734,98.50398635864258,97.31995,98.47428
98.12133026123047,104.64282989501953,105.662384,96.12247
116.06869888305664,115.56415176391602,98.63282,111.73405
118.5901870727539,124.46382904052734,112.12463,105.38153
136.61284255981445,126.88882446289062,108.16303,105.78435
156.91399765014648,122.81398010253906,101.213646,107.29869
167.72679138183594,128.2405891418457,107.8199,93.763435
189.91768264770508,130.6733283996582,102.82343,87.29981
211.83900451660156,121.18330764770508,89.846634,97.661964
236.41344833374023,112.61117553710938,77.397575,102.24324
214.93159103393555,112.59792709350586,92.80944,94.43908
217.69071578979492,89.6348991394043,64.09557,122.80602
205.8060131072998,81.68346786499023,61.971424,121.39684
198.69021797180176,97.5758285522461,63.311382,111.73642
186.78286933898926,110.16183090209961,62.54765,95.208885
168.2107334136963,118.68333435058594,54.23193,84.58992
159.0510959625244,115.8166275024414,53.32275,82.80133
151.29533195495605,112.11065292358398,51.897175,83.25713
139.0424098968506,108.23503494262695,50.121662,76.74839
128.0953197479248,103.56448364257812,50.300144,78.15321
115.17098808288574,91.84653091430664,52.584705,89.78603
100.18285751342773,86.79997253417969,52.54049,88.901794
88.95260047912598,81.93532180786133,55.058956,87.99743
74.68946075439453,83.06565475463867,56.678436,82.98533
67.63184928894043,79.24076843261719,61.12389,78.3905
61.99418258666992,75.66020965576172,65.73254,75.56612
62.17032241821289,73.82223892211914,63.792976,70.64828
57.68449401855469,75.9268798828125,75.52809,70.04208
59.9097900390625,77.17282104492188,73.73271,67.49008
59.91912078857422,73.5351333618164,73.795654,68.34364
