125.0,162.0,74,55
124.30643844604492,162.77864265441895,73.91413,53.73837
124.69180297851562,162.8800563812256,72.799805,53.8308
124.63357162475586,163.1004180908203,72.60525,53.627975
124.68661499023438,162.7301139831543,72.92641,53.622276
124.94486999511719,162.32406044006348,72.83035,53.592007
124.89105987548828,162.87635040283203,73.30818,53.51277
125.02502822875977,162.91429901123047,72.843575,53.57939
125.25828552246094,162.49879455566406,72.915146,53.554047
124.68089294433594,163.08892250061035,73.25577,53.299694
125.1237907409668,162.47640419006348,72.89333,53.484432
124.50419235229492,162.9575595855713,73.19225,53.415188
124.77639389038086,162.75191116333008,72.58222,53.750328
124.98452758789062,162.20354080200195,72.72771,53.679283
125.08064270019531,162.71845626831055,72.999344,53.431023
124.48619842529297,163.1387996673584,73.140366,53.213978
124.96661758422852,162.2702236175537,72.613625,53.724277
124.97716522216797,162.76749801635742,73.13393,53.428535
124.45635604858398,163.19672012329102,73.23229,53.238045
124.95638656616211,162.4416675567627,72.736015,53.660152
125.0458869934082,162.88180351257324,73.03942,53.387333
124.9054069519043,162.34469604492188,72.55813,53.19278
124.6031265258789,163.16964149475098,72.942505,53.4156
125.05028915405273,162.36218070983887,72.654305,53.744267
125.22614288330078,162.80377960205078,72.86641,53.44069
125.0124282836914,162.2097339630127,72.4895,53.35339
124.72474670410156,163.05030632019043,72.94002,53.52341
125.1808853149414,162.34789657592773,72.66058,53.52198
124.53568649291992,162.81941413879395,73.06672,53.17132
124.93561553955078,162.9930305480957,72.96199,53.45014
125.32315063476562,162.22821617126465,72.70036,53.524677
124.5882568359375,162.670166015625,73.18117,53.24054
125.01304244995117,162.76770210266113,72.83376,53.56509
125.15150833129883,162.15031814575195,72.841545,53.646935
124.61826705932617,162.58183097839355,73.04072,53.52129
124.91329956054688,162.8105926513672,72.90109,54.08513
124.93801879882812,162.8576889038086,72.538666,54.15335
124.67991256713867,163.09228897094727,72.6388,53.900978
124.78671646118164,162.6247901916504,72.724236,54.142265
124.85102081298828,162.63474464416504,72.31096,54.046978
124.55769729614258,162.12261199951172,73.05709,53.73802
124.29612731933594,162.86288833618164,73.31206,53.808586
124.06578063964844,161.90854835510254,73.47429,54.050747
123.12247848510742,161.81109046936035,74.5814,54.144665
122.79059982299805,161.58955574035645,75.54731,55.005856
121.88151931762695,161.1608123779297,75.89675,55.209106
121.6267318725586,160.63123321533203,76.86604,54.738632
122.05978012084961,160.67326736450195,77.00092,54.26342
122.0335464477539,160.26075172424316,76.87889,54.362225
123.450439453125,160.3066177368164,76.40387,54.347
123.14181900024414,160.29276657104492,76.81899,54.21061
123.65453720092773,160.34974479675293,76.309425,54.082462
124.3512954711914,160.34876441955566,75.27074,54.980053
124.0999870300293,159.82366180419922,75.669716,54.748978
124.49984359741211,160.32098388671875,75.24018,54.685425
124.33157348632812,160.40137672424316,75.457275,54.774364
124.62407302856445,159.77494621276855,74.975334,55.060947
124.16486740112305,159.79782485961914,75.449684,54.90026
124.73225021362305,160.10975074768066,74.99055,54.81898
124.50677108764648,159.84209823608398,75.455025,54.960793
125.03808212280273,160.00204277038574,75.25855,54.6088
125.07113265991211,159.58285522460938,75.327034,54.419434
124.99942016601562,160.10531425476074,75.57898,54.329075
125.1406478881836,159.5328712463379,75.43257,54.361412
125.3018913269043,160.02870559692383,75.31852,54.42678
125.31593322753906,159.4433937072754,75.62128,54.48992
125.44554901123047,159.38336753845215,74.93053,54.57674
124.95138168334961,159.41991233825684,75.400215,54.350574
124.8344612121582,159.5924530029297,75.899254,54.455627
124.96985626220703,159.30281257629395,75.15236,54.079433
124.71494674682617,159.58945083618164,75.2458,53.64675
125.46055603027344,158.449068069458,74.664734,53.743816
125.44868850708008,158.0717601776123,74.80633,53.285755
126.52708053588867,156.93120002746582,74.306435,52.920986
126.50298690795898,156.49028778076172,74.382256,52.219162
127.25500869750977,154.94138145446777,73.94886,52.03835
128.4169921875,155.32374382019043,73.50986,51.051975
130.37761306762695,154.3910903930664,71.7947,50.29828
130.86608123779297,154.5542392730713,71.994156,49.180157
132.19097900390625,153.72687530517578,71.16905,49.386826
132.9184341430664,153.3064956665039,71.096664,48.43756
135.1151580810547,151.46279525756836,69.70172,47.8957
135.61517715454102,151.85708808898926,68.8471,46.225582
136.50897216796875,150.74773406982422,67.62756,45.68132
138.8407974243164,148.7897548675537,66.02586,45.29607
139.42935943603516,149.30377578735352,64.8779,43.412544
140.51960372924805,147.67701721191406,63.815987,43.245056
141.16616249084473,146.54632759094238,63.01811,42.36694
141.79968643188477,145.53900718688965,61.914284,41.50072
142.57926559448242,145.3111572265625,61.006996,40.168503
144.07094192504883,144.33382606506348,59.301643,39.54997
144.80703163146973,142.4849452972412,58.95634,39.11588
144.6027889251709,141.29687309265137,58.347263,38.278355
145.19825553894043,141.50806999206543,56.67516,37.23305
145.49554824829102,139.67972373962402,56.23362,37.176014
146.02032279968262,139.6788787841797,54.811283,36.146774
146.5542449951172,139.23913955688477,53.89601,35.435905
146.16740226745605,137.72496032714844,53.852406,35.45233
147.5516872406006,137.50838470458984,52.33048,34.84279
147.12565994262695,136.45403480529785,52.21943,34.39976
147.47985649108887,136.10429191589355,51.405643,33.70766
147.76838493347168,135.66566276550293,50.643192,33.30263
147.7713851928711,134.65682983398438,50.446747,32.98242
148.77113342285156,134.64240264892578,49.210327,32.287735
148.58432006835938,133.53708457946777,49.519897,32.408558
148.65974617004395,133.69283294677734,48.442593,31.86435
148.5150089263916,132.62227821350098,48.166454,31.605175
148.7757568359375,132.57136344909668,47.65631,31.423542
148.9788703918457,132.32168102264404,46.865288,30.833963
148.95136833190918,132.40161609649658,46.46944,30.894308
149.26197814941406,131.7253179550171,46.28676,30.550707
149.03398895263672,131.23363494873047,45.871857,30.227127
150.18787384033203,131.16637897491455,45.043716,30.101706
149.29014587402344,131.4540491104126,45.014206,29.994062
150.3020305633545,130.9178009033203,44.780262,29.670334
150.0374355316162,130.7448205947876,44.19959,29.24742
150.61553382873535,130.81047821044922,44.429287,29.44545
151.12115478515625,130.2849245071411,44.040344,29.26087
151.39661598205566,130.18299007415771,43.86056,28.992495
151.2678737640381,130.0518283843994,43.95618,29.204845
152.43607139587402,129.3375368118286,43.288242,29.153692
152.44354248046875,129.52946090698242,43.094055,28.78141
153.29222106933594,129.7331256866455,43.137222,29.200024
152.69326972961426,129.67059993743896,43.365353,28.87639
153.59658432006836,129.17047500610352,43.129387,29.036049
153.65656089782715,128.66454124450684,42.957798,28.8671
153.4857635498047,128.62140083312988,42.76207,28.501232
154.16020011901855,128.86638832092285,42.355442,28.584972
154.20226669311523,128.5313777923584,42.521996,28.226154
154.5195369720459,128.90912628173828,42.541065,28.610504
154.40151023864746,129.11005306243896,42.582096,27.901247
154.52794456481934,128.83777713775635,42.307346,28.005919
154.68498611450195,128.6385498046875,42.208534,28.120773
154.77740287780762,128.62154483795166,42.221684,28.15405
154.7055606842041,128.78103733062744,42.400417,28.34387
155.52298164367676,129.46266841888428,42.102093,29.106173
154.73412704467773,129.77091598510742,42.305824,28.146187
154.59771919250488,129.7437391281128,42.572247,28.6513
154.17602729797363,130.17170906066895,42.86491,28.975124
154.3240852355957,130.64487838745117,42.881905,28.950722
154.31381225585938,130.4468469619751,42.95717,29.130781
153.46519660949707,131.07668209075928,43.52644,29.801714
153.69222831726074,131.5328664779663,43.34859,29.254137
152.8672046661377,131.30094623565674,43.783657,29.682196
152.39640045166016,131.9164924621582,44.121918,29.847832
152.63933563232422,132.302001953125,44.135727,29.472763
152.44089889526367,131.62369632720947,45.05169,29.65222
152.3272876739502,131.9629306793213,46.013165,30.556713
152.16753578186035,132.56543064117432,46.219784,30.697905
151.4322910308838,132.96768379211426,46.77792,30.822857
151.05635452270508,133.34527111053467,47.446327,31.225504
150.89919090270996,133.67450523376465,48.430332,31.559086
150.04161262512207,133.6865177154541,49.055676,31.714016
149.70943641662598,133.8675479888916,50.215023,32.787426
149.21475219726562,134.11168098449707,51.083984,32.983944
148.559175491333,134.62646675109863,51.889828,33.888363
147.55081367492676,134.95506286621094,52.681347,34.208344
146.81013107299805,134.85798454284668,53.5888,34.776814
145.3713321685791,135.41542434692383,54.869076,36.531715
144.56435775756836,135.8798999786377,55.675896,36.118435
143.73536682128906,137.05914497375488,56.589417,37.439785
142.2745761871338,137.55757522583008,58.033077,37.60961
141.5630760192871,137.5398826599121,59.379616,38.325417
141.21668815612793,138.26108360290527,60.04201,38.978535
140.47570991516113,138.597261428833,61.70489,40.06001
140.20238876342773,138.95796394348145,62.967064,40.95866
140.56729888916016,139.3195571899414,63.899567,41.555466
139.8706512451172,140.2099838256836,65.31944,42.542114
140.2789192199707,140.38296127319336,66.33373,43.475945
139.65997695922852,140.52980422973633,68.41381,44.458214
140.18979263305664,141.32576942443848,69.27679,46.13792
139.48776626586914,142.04004859924316,70.54894,46.360012
139.7364387512207,141.85997009277344,71.5351,47.02356
138.88613891601562,142.69578552246094,72.975784,48.043716
138.5374412536621,142.88491439819336,74.13055,48.614006
138.83277893066406,142.6006317138672,74.936874,49.62941
138.50873184204102,143.46146774291992,76.36263,50.664467
138.41510772705078,143.09808921813965,77.23216,51.932804
137.49225997924805,142.34398651123047,78.39616,53.147614
137.18600463867188,141.4636459350586,79.409485,54.909912
136.84936141967773,140.7015151977539,80.80042,56.45862
136.4264259338379,140.6851749420166,82.26876,57.746883
136.01876831054688,141.35653686523438,83.1192,57.403366
136.03582763671875,140.44753074645996,83.035736,57.874943
136.21228790283203,140.40784454345703,83.38777,57.670868
136.79673385620117,139.2185173034668,83.28901,58.06951
138.57306289672852,135.72659492492676,83.03451,60.832897
138.42450714111328,132.51947212219238,83.495255,62.3484
139.34410095214844,131.19050979614258,83.26282,62.486244
140.53271865844727,128.97876358032227,83.95574,62.39814
141.0392951965332,127.65364265441895,83.32934,61.729504
141.09950256347656,126.12025833129883,84.51669,61.53843
142.17492294311523,124.42129516601562,83.53074,61.33644
143.33755111694336,120.90731811523438,82.790596,62.70964
141.57786178588867,120.38873481750488,84.55131,61.19923
143.36140060424805,118.18570327758789,82.75779,60.04371
142.47382354736328,115.62572860717773,82.82176,55.23626
142.86141204833984,113.76470184326172,82.10741,46.101013
140.4833526611328,113.06038475036621,83.28401,47.04006
141.60935592651367,112.53194808959961,82.102776,46.883736
141.32616806030273,113.61418533325195,81.08938,45.90896
142.71329498291016,114.3886661529541,79.32005,45.741726
139.23244094848633,114.41802978515625,82.8962,45.405075
141.59618759155273,114.93783378601074,80.26365,45.67571
139.21955490112305,117.07878494262695,82.27369,45.291466
141.90289688110352,116.82623291015625,79.21267,47.328278
140.53449630737305,118.96871185302734,79.64033,46.277603
141.72406005859375,118.58792114257812,79.152145,46.513428
144.4552116394043,118.19722175598145,77.79894,47.108257
140.98145294189453,118.05429267883301,79.93729,47.078487
144.09154891967773,118.73167419433594,78.14767,46.70262
141.5142478942871,117.90663528442383,79.149284,46.95826
144.904296875,119.11777305603027,76.46477,45.572758
141.78553009033203,117.80020332336426,80.86011,47.052593
142.2097625732422,117.39580917358398,80.752884,47.73571
142.84724044799805,116.96217727661133,80.51882,48.529823
142.18651962280273,117.02875518798828,81.68926,48.18634
141.8710174560547,116.89115715026855,81.93327,47.749348
142.06793212890625,118.21307945251465,83.30263,46.7244
143.3135757446289,119.36446762084961,82.25775,46.460014
143.25796127319336,119.03001403808594,81.418236,46.613266
143.64860153198242,120.2817325592041,81.33306,46.48791
143.61977005004883,121.57779502868652,79.30555,45.436344
143.7103500366211,121.95384788513184,79.873856,45.22124
143.3612403869629,121.89986801147461,80.75446,45.127342
143.40256881713867,121.39148902893066,80.21882,45.486935
142.5961570739746,121.59056854248047,80.39004,45.92093
143.3860092163086,120.82307052612305,80.13641,46.667763
143.51113510131836,120.45296287536621,79.82786,47.080357
143.64078903198242,120.63997650146484,80.23733,48.384735
143.51012802124023,117.89422798156738,80.56963,51.700924
143.55945205688477,114.85256004333496,80.519295,56.90505
144.49953842163086,114.37185478210449,80.01769,61.29578
144.82223510742188,114.27446556091309,79.55174,58.2347
145.14422988891602,111.56015205383301,78.85349,60.29504
145.85321807861328,109.92691421508789,77.365875,59.991875
143.61141967773438,108.3811206817627,79.46739,61.846767
145.26078033447266,107.9938850402832,77.59036,60.64263
115.78057098388672,107.10179901123047,108.34894,59.306076
126.6581039428711,107.97006416320801,95.82013,58.545345
141.32198333740234,108.08182144165039,81.16339,59.481224
143.22567749023438,107.70168685913086,79.47539,59.621956
141.83966445922852,107.61149406433105,81.56733,59.166233
142.5442771911621,108.36167526245117,80.32592,58.07676
142.59481048583984,109.37966728210449,80.05206,56.60477
143.24595260620117,109.18372917175293,80.197105,55.520298
143.89654159545898,109.8580265045166,78.71908,54.95338
143.17023468017578,110.32144927978516,79.79913,52.054764
143.17050552368164,110.85032844543457,79.48933,50.90945
143.75714111328125,112.15731620788574,77.811386,51.058872
142.72523498535156,112.97941970825195,78.14461,49.082695
142.26888275146484,112.88638496398926,79.82602,50.871334
142.85870742797852,114.32224655151367,78.80918,50.650856
143.0775489807129,113.77795600891113,79.451546,51.366756
141.08675003051758,113.99208068847656,80.55161,51.959656
142.04174423217773,114.66421318054199,81.61779,51.576206
141.4945297241211,116.37730598449707,79.91611,50.44946
142.493896484375,115.70437431335449,80.72127,51.49207
142.80134201049805,117.48567581176758,80.6643,50.492332
142.96028900146484,117.02936172485352,80.485535,51.24752
142.4553337097168,116.7633285522461,80.43124,51.083023
142.80787658691406,117.17146110534668,79.50139,50.12305
142.33715438842773,117.43959999084473,80.78625,49.8206
142.55630111694336,117.9201488494873,78.28014,49.318943
142.24081802368164,116.8938217163086,81.15391,49.772858
143.41827011108398,118.25352096557617,77.668724,49.034935
142.70934677124023,118.77836608886719,78.661705,47.910416
142.77944564819336,118.33907318115234,78.79084,48.253586
142.8351287841797,119.02359771728516,77.27109,47.935684
142.90606307983398,120.3578872680664,78.274666,47.9236
143.15118026733398,121.07925796508789,76.319145,47.260002
144.23395538330078,121.6823558807373,77.36124,46.769993
144.86859512329102,122.04431343078613,75.00916,47.061886
144.3321533203125,123.36381721496582,75.56035,45.961407
145.92976760864258,123.15912246704102,73.75686,46.465294
145.29647827148438,123.73069763183594,73.112915,45.665314
147.11522674560547,122.35511016845703,72.85246,46.331085
147.19260025024414,123.98563957214355,70.23115,43.879078
147.12500381469727,123.03424644470215,71.42834,44.741352
149.20663452148438,123.47874450683594,69.398834,43.500275
148.95875549316406,122.88972854614258,68.83,43.59745
150.2079315185547,123.86667251586914,67.27452,41.8928
150.37732696533203,124.5639762878418,67.268524,41.024498
151.33094024658203,123.86284065246582,65.368805,41.3159
151.21919441223145,123.88140296936035,63.991726,40.262066
153.3303565979004,124.02865028381348,62.85647,39.471584
152.84162139892578,123.52493095397949,61.865067,39.00002
154.08844375610352,123.69210624694824,61.213737,38.101795
153.31347274780273,124.23916435241699,58.999947,37.18877
153.26251411437988,124.2473201751709,59.825497,36.75298
153.7489833831787,124.35787773132324,58.767323,36.17583
153.41198348999023,124.97833824157715,57.031258,35.811527
154.05929946899414,125.65791702270508,57.61326,35.33355
154.0658130645752,125.18507766723633,55.977962,35.22216
153.75189018249512,125.47545623779297,55.76981,34.336334
153.78856086730957,126.24086952209473,55.089214,33.786663
153.57304763793945,125.64724922180176,54.862083,33.775875
153.75264358520508,126.0307846069336,54.178337,32.806396
154.725191116333,126.18800735473633,53.231808,32.679146
154.3912181854248,126.50984764099121,52.147556,32.2338
155.28827476501465,125.8477840423584,52.318058,32.30544
155.52559089660645,126.28783702850342,51.528316,31.804422
155.68348503112793,126.19421863555908,51.29703,31.41355
155.75756645202637,126.64833354949951,49.85172,31.022638
155.81733322143555,125.87972354888916,50.407158,30.999113
156.34389305114746,126.63681125640869,48.965916,30.316236
156.50389862060547,125.98226070404053,48.70256,30.126406
157.14060020446777,125.4930830001831,49.05057,30.077173
156.77764320373535,126.08747482299805,48.71333,29.589882
157.14264678955078,126.10067558288574,48.35309,29.463566
156.88465118408203,126.80770587921143,47.48651,28.92063
156.94983863830566,126.6888656616211,46.755154,28.99823
157.30326080322266,126.21928691864014,47.664474,29.01298
157.10834884643555,127.11169052124023,47.0151,28.6446
158.7908115386963,126.6585693359375,46.401913,29.103775
158.23695182800293,127.47381019592285,46.19048,28.638592
158.60976791381836,127.8734245300293,47.597466,28.770287
160.1681900024414,128.18451118469238,45.900253,28.71841
159.7898998260498,128.14109420776367,45.29067,28.559685
160.28949546813965,128.7301368713379,46.444157,28.816383
160.31950187683105,129.38797569274902,44.826206,28.696217
160.46228218078613,129.81892108917236,46.073727,28.82784
160.56349563598633,130.2829761505127,45.993202,28.997341
160.2353630065918,131.68588829040527,44.820534,29.1805
160.3315830230713,132.06444835662842,44.81007,29.313944
159.3535976409912,133.22031211853027,44.98023,29.719837
159.5931224822998,134.58146953582764,46.035404,30.161737
157.72781944274902,136.3035192489624,45.671482,31.125933
157.59173393249512,138.69411849975586,44.98357,32.078896
155.28202438354492,141.10651779174805,45.770622,32.35267
155.2809886932373,143.83354568481445,45.378437,32.642082
154.4057788848877,145.23102188110352,45.676174,33.20771
152.61136627197266,148.03010177612305,45.852966,33.830986
151.99444580078125,150.27545738220215,45.352448,34.300236
150.8895492553711,152.1274185180664,45.32036,34.39467
149.1381492614746,153.67212677001953,45.52671,34.849487
148.3250789642334,156.0825710296631,45.040318,34.761234
147.18903160095215,157.586576461792,44.73824,35.258015
145.18098831176758,158.8187961578369,44.907555,34.561398
142.9104709625244,160.31080436706543,44.987347,34.05559
141.12687492370605,160.19879722595215,44.88663,33.869953
138.85521507263184,159.9644317626953,45.01366,33.84584
135.93338584899902,160.55437088012695,45.562183,34.12632
133.68561935424805,159.70926666259766,45.934776,34.323822
130.7259407043457,159.36529922485352,46.11225,34.024895
128.43455123901367,159.4054298400879,46.212303,33.977684
125.80979537963867,158.77517890930176,46.40223,33.878033
123.91814994812012,157.4070701599121,47.05582,34.298927
122.25005912780762,156.22310829162598,47.279194,34.375973
118.67571830749512,155.4238166809082,49.394337,34.39669
115.50608825683594,155.04846954345703,51.327164,34.015472
115.33075714111328,154.24302291870117,50.041046,33.456367
112.51812744140625,153.46657752990723,51.00975,33.63679
109.95280075073242,152.2388210296631,50.706505,34.16689
108.62545967102051,151.21179008483887,49.607327,34.38547
106.48805809020996,150.11450004577637,49.91733,33.077106
104.19827079772949,149.20635795593262,50.704884,32.75089
100.29061317443848,147.22660636901855,52.62823,32.62044
98.53093719482422,144.55087661743164,53.197586,32.668343
97.75395202636719,143.9492073059082,51.770508,31.795403
96.64448928833008,141.07352256774902,51.030876,32.851185
95.69851493835449,140.11539459228516,51.284428,32.50505
94.84222793579102,137.49116134643555,51.77462,32.82537
94.47000503540039,136.06330680847168,52.056633,32.71198
93.59567070007324,134.38045692443848,55.75519,32.516598
94.48157501220703,132.141996383667,54.340607,33.137333
93.59696388244629,131.55571746826172,54.63818,33.22702
93.87382507324219,129.31241989135742,56.008484,34.32366
93.71773719787598,129.5432415008545,56.714153,34.260975
92.32944869995117,128.1459846496582,58.75309,34.257347
93.5467357635498,125.65884590148926,58.13547,35.825497
92.43212890625,125.41351509094238,58.181473,35.435375
92.15583801269531,124.77026748657227,57.681137,35.57441
91.98960304260254,122.16948509216309,57.93054,36.676044
92.58353805541992,120.34589958190918,56.411644,38.3001
92.47513961791992,121.84245681762695,55.601097,35.813866
91.44484519958496,114.52818870544434,58.717945,42.704365
90.90047454833984,116.5255126953125,59.6481,39.88521
91.89029121398926,114.80519676208496,59.226315,41.923176
92.61689376831055,114.23160743713379,58.31286,41.603848
92.57440185546875,113.18450736999512,59.016083,41.657825
91.77850914001465,113.3511905670166,60.910007,40.44917
92.2591323852539,114.33365821838379,61.347183,39.137768
92.41737174987793,113.12585639953613,62.34432,40.50044
92.47848892211914,111.76962661743164,65.56507,41.368523
92.18746185302734,110.62544250488281,67.74269,42.157135
92.90845489501953,111.30480194091797,68.407104,41.94774
94.36027145385742,110.40227317810059,68.89063,43.309513
95.3270263671875,110.07760429382324,69.22447,43.99428
95.50367736816406,110.80679702758789,70.748245,44.094765
97.29109573364258,111.33686637878418,70.87733,45.011723
97.79657363891602,112.31343078613281,72.66909,45.490326
97.68729019165039,111.09745025634766,74.022224,47.112137
100.42954635620117,114.10633659362793,74.069176,45.27402
101.97801208496094,111.24977111816406,73.716415,48.04506
100.29876708984375,112.85518074035645,77.735596,46.848583
101.7418098449707,114.41926765441895,77.040565,45.766262
103.02923965454102,111.87258720397949,76.95641,48.5174
105.52498245239258,112.7689037322998,75.335014,47.986164
107.24757766723633,112.20736694335938,75.27953,48.258286
105.63763427734375,114.12803840637207,77.46779,46.68916
108.2913703918457,112.35109519958496,76.744606,48.519947
107.72993850708008,112.7348461151123,77.55758,47.80942
110.06599044799805,111.84355354309082,75.257866,49.134
110.6593246459961,113.69649314880371,77.146194,47.76029
110.03933715820312,113.78870391845703,77.90668,48.63272
111.14717864990234,114.46826553344727,77.597824,49.50187
109.64183044433594,113.36279487609863,80.24515,50.304867
110.82478332519531,112.74511909484863,79.02939,50.9201
111.79394912719727,109.99680137634277,77.303,53.172504
114.09225845336914,107.11414337158203,75.38146,56.386246
113.9872932434082,105.21518516540527,74.896385,58.190845
113.03081512451172,104.30825805664062,76.11525,60.137543
113.16880798339844,103.44535827636719,75.60568,60.782104
112.98453903198242,102.01597785949707,76.33201,61.093136
114.6733169555664,101.47641372680664,74.63484,62.254723
113.60184478759766,102.05537414550781,75.93565,60.65988
112.34600067138672,102.44297218322754,77.45711,59.411724
115.03692245483398,103.81142044067383,74.779945,58.68551
115.65868759155273,105.3962631225586,74.688515,58.302505
114.1009292602539,106.56695365905762,76.00923,56.261784
116.18685913085938,106.52252960205078,74.69275,47.397873
115.9938735961914,105.63474655151367,74.47237,39.509804
116.46486282348633,106.49957847595215,73.669685,41.456684
116.81773376464844,107.15898704528809,73.311035,43.883488
118.20730209350586,107.60870742797852,71.792946,42.73922
118.93818283081055,109.4982681274414,71.8724,41.075882
120.07301330566406,108.92423629760742,70.53218,42.26751
118.6910629272461,110.57990264892578,70.793945,41.868256
119.45796585083008,110.91168022155762,72.08094,42.29137
120.12899398803711,112.2134838104248,71.56855,41.98174
119.75807571411133,111.92034149169922,72.91949,42.56407
120.55329513549805,111.39011192321777,72.67599,42.68955
120.34514617919922,110.54876518249512,72.94951,43.104755
120.63782501220703,110.28563499450684,72.94121,43.697636
121.01446914672852,112.21213722229004,72.6253,42.601986
120.24569320678711,111.67367935180664,73.33651,43.54769
121.62871551513672,112.86906814575195,72.81233,43.225273
118.80658340454102,113.47150611877441,76.62368,43.276424
119.19628143310547,112.41302299499512,75.764145,43.4027
121.19689559936523,111.37299156188965,73.787834,44.716312
122.37359619140625,112.26330757141113,73.6738,43.39526
122.55875778198242,111.68391036987305,73.47358,44.232094
123.22900009155273,111.27020645141602,73.56347,43.504265
122.48760223388672,110.4637508392334,72.37073,44.28281
120.36858749389648,112.66559982299805,75.2102,41.86805
123.58506774902344,111.28059768676758,72.35126,43.565407
123.26848220825195,110.25908470153809,72.544685,43.737247
122.36059951782227,111.5598258972168,73.16146,43.52662
121.09844589233398,112.29504776000977,75.50425,43.16845
121.62655258178711,111.08467292785645,75.052956,43.42692
121.8377456665039,110.55026435852051,75.75177,43.895824
121.00247192382812,110.12185668945312,75.72499,44.559235
119.83842849731445,110.13288497924805,77.50782,43.939598
119.4202766418457,109.57971382141113,76.8411,43.813015
120.2900619506836,109.04182434082031,76.30794,44.439545
121.10615158081055,108.97277069091797,75.7076,44.344223
121.54045104980469,109.4494857788086,75.078156,43.77855
118.89128112792969,109.20477676391602,77.02219,44.255714
121.3071060180664,110.27206802368164,74.926956,43.396935
120.46782684326172,109.64162826538086,75.619934,44.263603
119.26679229736328,110.76302719116211,77.18561,43.596626
120.02608871459961,109.07573318481445,76.98635,45.543037
120.38840866088867,111.57402229309082,76.0705,43.755184
121.45242691040039,111.67530632019043,75.78307,44.334736
120.24417495727539,112.25658798217773,77.562965,45.08941
121.9919204711914,112.06760215759277,76.46925,45.37459
120.73405075073242,112.38338851928711,78.01992,45.796227
123.36083984375,112.03790473937988,76.043915,45.95161
122.98233413696289,112.56647491455078,75.84078,45.401077
122.88621139526367,112.64766693115234,76.21772,45.517273
122.97855758666992,112.78695678710938,76.21772,45.517273
