692.0,439.0,24,79
688.5930299758911,436.4443130493164,24.26203,81.096634
682.1406564712524,436.91716384887695,28.106504,81.676094
677.5572776794434,437.2073211669922,31.67199,81.88144
669.233980178833,436.8363227844238,39.01936,81.29916
668.4973278045654,436.71753692626953,39.335835,81.06764
662.5224685668945,435.9151153564453,43.49524,80.60744
661.0160846710205,435.31275177001953,43.03239,80.85574
661.7498683929443,434.7384910583496,38.662174,80.238976
662.0350360870361,432.692684173584,34.06422,79.73539
662.6448659896851,431.84488677978516,27.313372,77.16313
660.3473329544067,431.119571685791,24.007849,76.648186
657.6500205993652,430.30453872680664,23.964592,76.42782
655.0728540420532,429.90185928344727,24.123518,77.37389
651.0524845123291,429.24095916748047,25.522243,77.397064
644.9481935501099,428.8934669494629,29.54154,77.75219
633.6294536590576,429.3357048034668,40.093266,78.06159
629.5905265808105,428.4940490722656,43.483315,78.20476
626.9951877593994,428.44042587280273,45.543514,77.015465
625.4445953369141,430.31385803222656,45.888443,74.61186
625.2981338500977,430.57678604125977,45.182297,73.843544
624.7542819976807,427.48037338256836,42.751278,76.48583
623.7390975952148,426.64788818359375,38.889114,74.33714
624.4012393951416,426.4252471923828,32.41067,72.701096
623.7759304046631,424.90434646606445,27.098408,74.05314
622.3101654052734,423.8159942626953,22.873001,74.211395
619.1949644088745,422.6137466430664,23.491068,75.908615
616.9494895935059,422.62352752685547,23.804375,75.91304
612.3485307693481,422.5270462036133,25.788427,76.03989
605.281569480896,422.3903007507324,31.532671,76.00024
599.1027793884277,422.2818489074707,36.19758,76.0319
596.1447315216064,422.72988510131836,39.019344,75.16128
593.675371170044,422.4181213378906,40.99441,74.46939
592.4618511199951,421.0494384765625,40.293278,75.71826
592.6659908294678,421.00934982299805,37.077457,75.912575
592.6087646484375,419.4389343261719,32.437943,75.50316
592.8354806900024,418.64197540283203,26.811064,72.95705
592.1129217147827,417.4426689147949,23.240664,72.933815
589.26891040802,416.5195121765137,22.118628,72.9349
586.9945087432861,416.2438659667969,22.705593,73.51659
584.2627573013306,415.9745635986328,23.48039,72.99007
578.5205545425415,415.47303009033203,26.799345,73.455536
570.8015594482422,415.69068908691406,33.572037,73.03676
566.9730262756348,416.0788803100586,35.976707,73.27467
563.1915855407715,416.60221099853516,40.50219,72.02762
561.9544944763184,415.51415634155273,40.837685,72.01791
561.6174583435059,415.4909324645996,38.80944,71.77973
561.9537982940674,415.2174606323242,36.39288,71.77168
560.8025245666504,413.3360824584961,33.621254,70.75508
560.5118589401245,412.539981842041,28.612528,69.83831
559.6274356842041,411.61499786376953,24.030376,70.21004
557.3717374801636,411.1557502746582,21.77801,70.4945
555.2730207443237,410.87993240356445,22.230555,71.4504
552.5627794265747,410.37840270996094,22.154348,70.978165
547.6788759231567,409.90413665771484,24.709326,71.81641
544.1434345245361,410.54661560058594,27.001125,71.70714
540.5967960357666,410.75897216796875,30.101238,71.872375
538.4731597900391,410.09322357177734,30.975662,70.919785
534.4400825500488,409.18931579589844,34.498238,71.6169
532.2437877655029,409.21885681152344,34.94147,71.718094
532.5785446166992,408.0076332092285,31.27655,71.15
532.2590589523315,406.5007209777832,27.539484,70.74407
531.2775440216064,406.1792793273926,23.309093,68.726814
529.6812572479248,404.23973846435547,21.041096,68.58609
527.1541776657104,403.82187271118164,21.017466,69.82571
524.7420063018799,402.7870864868164,20.646313,69.91278
521.8058347702026,403.2747459411621,21.637995,69.97616
519.4165134429932,402.9193878173828,23.566235,69.157455
510.35752391815186,403.3875846862793,31.98878,69.67835
506.92574310302734,402.91563415527344,34.95996,70.06035
503.6125907897949,403.59403228759766,37.555595,69.026245
501.4338092803955,403.2647247314453,39.507015,68.12961
501.5170383453369,402.99056243896484,38.298153,68.46585
502.02295303344727,402.5891342163086,34.81214,68.206665
501.5796136856079,401.06507873535156,31.914854,67.16615
501.01195430755615,400.91572189331055,27.437365,65.33221
498.90745639801025,398.80188369750977,23.866209,66.624916
497.54658126831055,398.12806701660156,21.704704,67.10533
495.9252128601074,397.6405792236328,20.598366,68.15489
492.99663066864014,397.54775619506836,21.16105,68.90362
490.3146734237671,397.26526260375977,22.173433,68.87034
489.4686403274536,396.8963279724121,22.663977,69.25736
486.7055244445801,397.5184860229492,24.008995,68.16455
481.9866352081299,398.0113525390625,28.441631,67.772675
476.7337169647217,398.4432792663574,32.10613,66.81393
477.71232509613037,397.60217666625977,29.622408,67.68934
476.33213806152344,396.3004837036133,28.735489,67.80556
475.9585905075073,395.41328048706055,25.335108,66.36886
474.69956398010254,394.0497741699219,18.042141,64.2617
473.12713050842285,393.51667404174805,17.743176,64.69686
471.9714584350586,393.0518608093262,17.925934,65.46816
469.9653024673462,392.3957405090332,19.05853,66.53838
467.1794605255127,391.6139602661133,19.840023,65.88307
462.2041759490967,391.6046562194824,23.597324,65.78135
456.8786745071411,391.63964080810547,28.16979,65.47746
453.76567935943604,392.46906661987305,31.594389,65.40876
450.2370662689209,391.55681228637695,34.759846,65.413506
448.7600975036621,392.2436065673828,35.91001,64.52524
448.6842575073242,391.61595153808594,34.03749,64.421936
447.2830562591553,391.24522399902344,34.17316,63.779724
447.5190238952637,390.29441833496094,31.006218,62.972076
446.83618545532227,389.74011039733887,27.009346,62.285984
446.4492025375366,388.6362419128418,22.830584,63.031563
444.76346492767334,387.7794551849365,20.534945,63.78751
442.5495481491089,387.3719711303711,19.959711,64.2265
440.60547637939453,387.30174255371094,20.26596,64.5022
439.14909076690674,386.4208106994629,20.26705,64.5384
436.85458183288574,386.58838272094727,22.41402,64.384254
432.415958404541,386.84561920166016,25.889015,64.75693
430.84979248046875,387.06631088256836,27.057495,65.05489
428.37970066070557,386.5325241088867,27.903257,64.58815
428.0948896408081,386.0472106933594,26.705408,64.32367
426.5590658187866,384.8247489929199,26.349688,65.16152
427.0653142929077,384.73597717285156,23.510332,64.91875
425.6923713684082,384.2537784576416,21.66584,62.096767
423.348219871521,383.67818450927734,19.312334,62.111404
421.7825574874878,383.0519027709961,18.609858,62.192062
420.5289831161499,382.2027587890625,18.702028,62.82242
418.79531955718994,381.469030380249,19.464308,62.917362
415.1968193054199,381.71774101257324,20.783104,62.807636
409.51814365386963,381.1492118835449,26.423445,62.752922
406.83247470855713,380.9151973724365,29.176054,63.935978
402.4397029876709,382.42168045043945,32.959385,62.680244
401.0016574859619,381.7309455871582,33.660534,62.01127
401.393404006958,381.869421005249,32.20373,61.386173
402.03761291503906,380.9382801055908,30.496536,61.286312
401.57450008392334,380.4245548248291,28.934816,60.273693
400.0305976867676,379.7827835083008,25.946983,59.773315
399.1124849319458,378.6286849975586,22.276968,59.786545
397.35300731658936,377.85108947753906,19.336008,61.11624
394.98678493499756,377.51170921325684,18.852846,60.809254
393.6102933883667,377.3247241973877,18.685633,61.834652
392.4695873260498,377.09114837646484,19.289204,61.303665
389.1338930130005,377.4557762145996,20.878668,61.402214
386.6539316177368,377.02686309814453,23.363417,61.513657
383.33552837371826,376.90307998657227,26.127573,61.796455
382.62199306488037,376.9101753234863,26.099443,61.752007
379.74058628082275,377.0353946685791,27.041548,61.547375
380.24655628204346,375.7941379547119,25.599371,62.408962
379.0059976577759,376.1616630554199,24.481901,61.999474
378.20367336273193,375.15302658081055,21.31598,60.281013
377.081093788147,375.0499782562256,19.201384,59.576344
375.3674011230469,374.0601692199707,18.22409,59.21949
373.6731252670288,373.47840690612793,18.519167,59.92641
372.2487497329712,373.19489669799805,18.735197,59.6744
369.78339099884033,372.3871421813965,19.219397,59.630272
366.3736276626587,373.1546401977539,22.424467,60.07515
361.2100772857666,372.78058433532715,26.7971,59.92525
358.0301218032837,373.38790130615234,29.031157,59.106064
356.2134656906128,374.2721252441406,31.070505,59.558517
355.8123617172241,374.350284576416,30.00249,58.218605
356.46629333496094,373.4590129852295,28.828247,58.990467
356.30261516571045,372.8386936187744,26.78811,58.105373
355.0675163269043,372.544038772583,25.587852,57.213833
353.75701999664307,371.4092597961426,22.162565,57.2714
352.93257427215576,370.3725128173828,19.674662,57.521408
351.1721382141113,369.92347145080566,17.969902,57.764523
349.0472822189331,370.3197784423828,18.875711,57.55461
346.8399305343628,369.8474292755127,19.229517,57.89529
344.6316432952881,370.77535247802734,20.051426,57.605377
342.1129961013794,369.59473419189453,22.056662,58.129776
339.53103160858154,370.9259510040283,24.172937,57.542248
338.0539722442627,369.9209175109863,24.94749,57.640327
336.40293884277344,368.2377109527588,25.078415,59.201153
336.7357769012451,369.17660903930664,24.337788,58.577843
335.4813108444214,369.20922470092773,23.286585,57.865242
334.1388130187988,366.826810836792,21.67054,57.289738
333.5530204772949,367.41657066345215,18.938133,56.92661
332.3944253921509,366.34031867980957,17.317717,56.54031
330.9391031265259,365.1443386077881,17.313246,57.4222
328.85587882995605,365.6263904571533,17.479588,56.77876
327.71311473846436,365.7228412628174,17.32464,55.691906
325.74595832824707,365.25433921813965,18.779507,55.90903
319.49390983581543,365.66010093688965,24.993076,56.76665
316.0216293334961,366.2853145599365,28.142426,55.755344
313.7423372268677,365.9394283294678,29.975058,55.821415
315.50713634490967,366.46029472351074,27.79452,55.206272
315.1156883239746,365.96742820739746,27.40551,54.7784
314.94575023651123,366.26114082336426,26.31376,54.588863
313.51322746276855,366.1311569213867,24.752598,52.690033
313.1711359024048,365.82433319091797,21.911345,52.15912
311.08435916900635,363.9157066345215,19.42291,53.865135
309.6515598297119,362.9052543640137,18.327572,54.211113
308.22078800201416,360.9085865020752,17.431334,55.823696
306.54889392852783,362.1625919342041,17.703924,55.522427
304.25853157043457,362.5123882293701,18.435925,55.469654
302.84418392181396,362.9389476776123,20.069826,54.588886
299.47744369506836,363.76709365844727,22.737556,53.738213
297.89154720306396,361.49284172058105,23.548998,55.27701
296.07664489746094,362.1437129974365,24.165894,54.913395
295.50001335144043,361.99411392211914,23.58202,55.062675
295.2044925689697,360.96338844299316,23.421032,55.16653
293.80349826812744,360.39906120300293,21.747297,53.94199
292.00603199005127,360.85692405700684,19.550512,52.671055
291.52933502197266,358.68114852905273,17.755905,53.569572
289.87804412841797,357.1370792388916,17.048508,55.435635
288.5597400665283,359.1765594482422,16.754086,53.50798
287.44937801361084,358.56096839904785,16.694735,53.383205
284.80552768707275,357.8410396575928,18.486784,54.29366
280.4930639266968,357.92955589294434,22.738924,53.88149
276.15470027923584,358.65085792541504,26.590227,52.97717
274.5609140396118,358.7774906158447,28.807676,53.21484
273.5670642852783,358.769775390625,29.254757,52.48358
272.8882141113281,357.83784103393555,28.014374,52.730507
273.451642036438,357.58788299560547,27.075537,52.95793
273.50512313842773,357.4065685272217,25.338814,51.50188
271.64605617523193,357.9043273925781,22.653246,49.847015
270.3125534057617,356.0590934753418,19.518997,51.87754
268.05985164642334,356.2230529785156,17.645449,51.595383
266.97524642944336,354.66309928894043,17.485039,52.273853
264.4001235961914,354.49061393737793,18.107391,52.940174
263.57744216918945,355.0423107147217,17.533745,52.988102
261.56488037109375,354.91619300842285,19.34169,52.862347
259.27262115478516,354.7683734893799,21.120651,53.325573
258.0404043197632,355.4485054016113,21.940157,52.95266
257.0937719345093,354.9412422180176,22.886751,52.670143
255.16516971588135,355.2544174194336,23.042784,53.16638
254.13753414154053,354.9026412963867,22.96657,53.534515
252.24651908874512,353.80235481262207,21.812641,53.27786
250.78224754333496,353.65553855895996,20.1395,51.02457
250.43169021606445,351.39019775390625,16.208122,45.28203
248.51962614059448,352.2106704711914,15.892755,44.150513
247.69731521606445,351.4748287200928,15.222328,43.059116
245.63381147384644,350.8354778289795,15.606515,47.705944
244.06507778167725,352.153657913208,16.522287,49.518314
240.31539916992188,352.7588176727295,20.356056,48.687695
234.6239128112793,351.94903564453125,25.013657,47.366814
233.52495861053467,352.3421459197998,25.705202,46.52145
233.04819297790527,352.4884433746338,25.255627,46.0273
232.25702571868896,352.3126621246338,24.343363,46.245243
233.2964906692505,352.6551876068115,22.650923,46.863567
231.72287273406982,352.2873115539551,22.262362,47.20999
230.73756408691406,351.7256031036377,22.08532,47.431873
228.8833351135254,351.5357971191406,19.899841,48.316704
227.8306245803833,351.4036922454834,17.358625,47.93829
225.63357830047607,349.49760246276855,17.104662,49.96899
223.234881401062,349.4359931945801,17.50377,50.03546
221.8671474456787,350.18981742858887,17.974514,49.30955
220.5242395401001,349.2482490539551,19.851614,50.32634
218.22618293762207,348.45167541503906,21.201511,51.014015
216.80457878112793,349.5259437561035,22.672619,50.252884
214.8753423690796,348.85230827331543,22.539835,50.59985
213.88614749908447,348.1668643951416,22.322958,50.67879
212.75768375396729,348.2398376464844,22.018621,51.338295
212.55309677124023,348.1160545349121,20.676132,50.485657
211.94918155670166,347.04613304138184,17.624365,49.45286
210.61474561691284,346.3863105773926,15.693536,49.28656
209.34577751159668,346.13084411621094,15.354549,50.07708
207.4631199836731,345.5264301300049,15.391715,49.677937
206.19870281219482,345.3366241455078,16.067354,49.891884
205.43179607391357,347.64061737060547,17.157518,47.914513
200.99538803100586,346.2565288543701,20.168152,49.91334
198.29425525665283,345.84772872924805,22.398848,50.100967
198.9428300857544,346.47631645202637,22.490492,49.70863
198.18868160247803,346.8938522338867,21.747385,49.12049
196.64887237548828,346.8549518585205,22.579659,48.861378
195.57818126678467,347.09736251831055,23.374483,47.85948
194.8499526977539,346.4221878051758,21.70707,48.553734
193.6981725692749,345.5314826965332,21.259912,49.474945
192.3466682434082,345.1905879974365,18.658554,51.02261
190.22952938079834,343.6956157684326,17.013742,51.375134
189.13357067108154,343.095645904541,16.691957,53.62596
187.5094976425171,344.25239181518555,17.560434,52.76036
185.85282516479492,344.196720123291,17.11354,47.41957
185.41226863861084,344.6042957305908,15.6501255,43.459606
182.69320106506348,344.22805976867676,18.263485,43.26182
181.4961862564087,344.38053131103516,19.245153,43.163597
180.334810256958,344.48126792907715,21.54398,43.9839
179.49225044250488,344.63531494140625,20.454395,43.68981
178.65350246429443,344.1465015411377,18.906725,43.59991
177.27203750610352,343.75671005249023,19.061386,44.18367
176.7744836807251,343.64085960388184,17.12699,45.701687
175.4964165687561,341.9044647216797,15.692363,46.462723
173.5823850631714,340.4512939453125,15.731501,48.003075
172.76258659362793,341.79090118408203,15.548901,46.91987
171.1213116645813,340.49440574645996,15.574653,46.720486
169.68869972229004,341.60770988464355,17.252071,46.43877
166.81181526184082,341.29173851013184,19.546276,46.4248
163.0475559234619,340.32322120666504,23.066334,47.102634
161.02266788482666,340.76037788391113,25.36907,47.420612
160.53905773162842,340.0642433166504,25.462175,47.208557
161.18983554840088,339.4149570465088,24.157995,47.428577
160.47530460357666,340.58133697509766,23.4493,46.664223
158.97885608673096,340.4739799499512,22.473005,46.134537
158.61865139007568,339.7014331817627,20.501932,45.21494
156.62119579315186,340.0464038848877,18.082033,45.230305
155.4615364074707,339.34214973449707,16.226189,45.98309
153.7478380203247,338.3965377807617,16.111708,46.93753
152.066987991333,339.445743560791,16.479855,45.535446
150.81788778305054,338.78711128234863,15.809499,45.86514
149.10610675811768,338.5466899871826,16.796171,46.42204
147.464994430542,339.9531536102295,18.728344,45.600224
146.17814350128174,339.4252128601074,19.866667,46.28405
144.16052532196045,339.16250801086426,20.352022,45.99206
144.11970615386963,339.20850372314453,20.506475,45.70276
143.2005958557129,338.6373481750488,19.333542,45.739204
142.32126140594482,337.9206142425537,19.054903,45.754734
140.8012981414795,337.8053398132324,17.718403,45.06826
139.55491161346436,337.57286643981934,16.061419,45.342014
138.70104598999023,336.3405075073242,15.559952,45.57869
137.41644096374512,335.56979751586914,15.396763,47.33912
136.4598183631897,335.3035125732422,15.1664915,46.502304
135.15480756759644,333.69763565063477,15.321076,47.525955
133.33016204833984,335.3266487121582,16.34616,46.60038
129.82007789611816,334.34353256225586,19.23917,47.023582
127.51431369781494,336.4127712249756,21.634893,45.178013
126.49984455108643,336.26026725769043,22.68048,44.55353
127.14018630981445,335.63745307922363,21.527237,44.906918
126.47880458831787,337.20813751220703,21.527369,44.053894
125.30323791503906,336.1912250518799,22.178825,45.057796
124.37893295288086,335.39136695861816,20.66365,44.34373
123.70941925048828,335.2001075744629,19.158928,43.97599
121.63542747497559,333.77873611450195,17.52415,44.80828
120.98552703857422,333.5828266143799,15.396614,44.63622
119.99583530426025,333.3042182922363,15.366362,45.77208
118.9357681274414,332.86559104919434,15.498566,45.50346
117.44167995452881,333.71224212646484,16.353586,45.182808
115.84161853790283,334.7100009918213,16.86054,44.15465
114.90740013122559,334.0415496826172,17.377003,45.09545
113.86992168426514,334.08330154418945,17.583742,44.160698
112.94297885894775,334.5306396484375,17.812635,44.05948
112.55010318756104,333.5121269226074,18.082098,45.18605
111.53618049621582,333.08591651916504,17.83022,44.760525
111.96976947784424,333.7096290588379,16.21147,43.91697
109.89475345611572,332.0944633483887,15.051405,44.150764
109.15047645568848,331.0403709411621,14.609737,44.025948
108.98289632797241,331.8809051513672,14.184163,44.06552
107.20275640487671,330.7922019958496,14.136266,44.852425
106.92605018615723,329.6435966491699,14.199726,45.60533
105.44602537155151,330.8809623718262,14.726586,44.34971
104.52559185028076,330.01001739501953,15.767237,44.78592
102.19710540771484,331.3838748931885,18.074593,44.126743
100.08584499359131,330.35356521606445,19.391268,44.704353
100.07165241241455,330.9736843109131,20.207266,44.289936
99.66517162322998,330.6403999328613,20.300837,44.559013
99.32826709747314,331.2931156158447,19.863043,43.464916
97.97713279724121,330.36522102355957,20.176449,43.123592
96.45816040039062,329.25404357910156,19.351562,43.16484
95.82860565185547,328.37407875061035,17.78115,43.745953
94.08767700195312,328.1108741760254,16.277458,44.311043
93.28424787521362,327.62857246398926,15.799485,44.437634
91.85001373291016,327.50367546081543,14.904129,44.643597
91.84197235107422,327.30420112609863,14.923645,44.68791
90.64712905883789,327.10400581359863,15.534462,44.609203
89.5052900314331,327.78283882141113,15.556902,43.785763
88.19624328613281,327.8061122894287,16.29103,44.487476
88.0363416671753,328.02030181884766,16.689608,43.680756
87.00029373168945,327.5395221710205,16.580887,44.633472
85.78190898895264,327.2814235687256,17.025454,44.69148
85.57161903381348,326.26518058776855,17.052395,44.925854
84.80826568603516,326.64337158203125,14.688499,43.430283
83.39212417602539,325.7797393798828,14.200134,43.245018
83.19899654388428,325.4242858886719,13.455736,43.43019
81.93303918838501,325.5230464935303,13.85406,43.87611
80.91840362548828,325.49339866638184,14.144127,43.904865
81.1742615699768,325.0526657104492,13.6990385,43.461456
79.03703927993774,324.4662284851074,14.237559,44.39257
78.35399055480957,324.42587661743164,15.106823,43.466652
75.90222835540771,325.0481300354004,16.83523,43.62063
75.53339672088623,325.88706398010254,17.905993,42.52181
75.28557872772217,326.19100761413574,17.969522,42.10683
73.99499225616455,324.7223205566406,18.022459,42.88568
73.09738636016846,325.2713928222656,18.398176,41.92653
72.8090763092041,325.4847640991211,18.602436,41.8937
71.42949867248535,325.27334785461426,18.18481,40.81741
70.60685539245605,323.8410358428955,16.833508,41.93648
69.46355104446411,322.71657943725586,15.079604,42.635483
67.96377086639404,322.8159065246582,15.124453,43.40454
67.07663583755493,322.23497009277344,14.13029,42.83509
66.39878511428833,322.767333984375,14.262946,42.75741
65.33900117874146,322.0869541168213,15.02951,43.239346
64.72148895263672,323.5656852722168,15.503181,42.251137
64.19227600097656,322.8212833404541,15.940048,42.26665
62.533522605895996,323.3950309753418,16.64483,42.54142
62.478209495544434,322.7964973449707,16.440844,42.70881
61.581969261169434,321.5361518859863,16.57599,43.330856
61.10563373565674,321.49275970458984,16.289747,43.187515
59.66923522949219,320.7145576477051,15.858307,43.602455
58.79812574386597,320.21423530578613,14.526147,42.673695
57.54331016540527,320.51099586486816,14.29237,41.96654
57.758594036102295,320.5976390838623,13.980111,42.538357
56.196309089660645,318.89770698547363,14.632734,43.934345
55.13225841522217,319.5936965942383,14.29645,42.426163
54.91357612609863,319.49145698547363,14.676243,42.570408
53.325058937072754,319.61054611206055,15.525595,43.23461
51.78826713562012,319.5340385437012,16.7123,43.107063
50.56899833679199,320.9085102081299,17.804913,41.593914
50.50699043273926,320.58140754699707,17.89169,41.37823
49.376078605651855,319.8501777648926,18.242014,42.235733
49.432281494140625,319.52647399902344,18.800728,42.541473
48.482380867004395,319.18166732788086,17.623808,41.65249
47.35873889923096,319.1105136871338,16.52928,40.24258
46.35523986816406,319.3854217529297,15.834457,41.20234
45.56478261947632,319.53353118896484,14.393643,41.00772
44.371731758117676,318.7072639465332,14.205175,41.26191
44.00048065185547,319.60568618774414,14.303139,40.379158
42.47819948196411,318.55985832214355,14.573775,41.50365
42.0790319442749,318.644229888916,14.634424,41.45459
41.23087406158447,319.39145851135254,14.767736,40.74883
40.116939544677734,318.9557399749756,15.425629,40.876484
39.79449939727783,318.9827518463135,15.995604,40.97214
39.27352237701416,319.4639778137207,15.6678295,40.13575
38.2907075881958,318.5598487854004,15.364645,40.44832
37.69676494598389,318.23611068725586,14.675745,40.26358
36.646530628204346,317.9732666015625,14.208579,39.909836
36.43712615966797,317.6180057525635,14.063072,40.351948
36.0767617225647,316.69554901123047,13.64725,40.598602
35.09430265426636,317.21785163879395,14.16417,40.45531
34.42964696884155,316.8424606323242,13.889874,40.251526
33.45699453353882,316.5903797149658,13.831601,40.345577
32.576616287231445,316.949764251709,14.55608,39.78469
32.0936975479126,316.83924293518066,15.289053,40.096035
