228.0,236.0,80,64
227.24184036254883,230.8136749267578,85.47158,66.267944
231.3887710571289,233.9604148864746,85.68889,66.64277
232.2970085144043,241.33023071289062,85.568275,67.15448
230.17240142822266,249.7051887512207,85.453445,67.63012
225.96356582641602,251.8795509338379,85.851006,66.92553
225.60893630981445,241.54015350341797,87.41198,69.60045
225.0153465270996,227.29805755615234,86.54383,68.661575
224.43993377685547,223.11655044555664,85.774,66.79214
223.4489402770996,235.52304458618164,88.08518,69.974785
218.86904907226562,257.8969612121582,88.909,68.18993
219.5508918762207,262.64481353759766,86.988304,67.80147
223.58742141723633,247.2936553955078,89.032036,68.81906
228.24359893798828,222.28847885131836,88.852615,69.85203
230.02804565429688,214.7486114501953,85.99228,67.429474
231.62828826904297,229.69635009765625,89.35301,68.239746
240.77838897705078,237.73846817016602,86.69322,68.36663
249.3264923095703,227.32941436767578,89.06229,70.69063
247.39306640625,213.44866943359375,90.24158,67.40427
230.84803771972656,206.4629898071289,90.06726,67.12508
201.66701889038086,210.7040786743164,100.53571,70.22121
182.14965057373047,226.3537139892578,92.45375,68.222595
193.21881103515625,233.998291015625,95.5058,68.60657
228.4070587158203,242.27144622802734,91.69867,67.61876
234.58577728271484,246.5096664428711,88.025406,68.204575
209.6902198791504,245.157958984375,90.90795,66.66528
186.47167587280273,239.3555793762207,92.00788,68.0281
167.71846389770508,233.01779174804688,88.62502,68.040985
163.30266189575195,234.9687728881836,89.78417,69.057785
179.14782333374023,239.03631210327148,90.881996,67.365486
199.01326751708984,230.67860412597656,92.32716,70.20264
200.27088165283203,218.94974899291992,92.09029,67.65778
192.7864761352539,216.01891708374023,87.61482,67.911964
191.88516998291016,224.02032089233398,88.686844,67.282814
203.7452850341797,222.475341796875,89.50537,69.19589
213.74358749389648,217.34525680541992,88.75956,68.79273
211.65296936035156,212.4586410522461,88.33676,68.63844
204.07805252075195,219.1836700439453,91.03475,69.74371
204.04025650024414,239.81473922729492,92.91811,71.052345
211.10660934448242,266.9069290161133,92.7425,69.07057
214.7486114501953,269.2242012023926,89.83447,68.922844
204.76819229125977,259.32691955566406,91.59829,68.96161
190.10446166992188,258.45477294921875,90.941284,69.79367
180.3172950744629,268.05010986328125,89.45165,68.539734
180.07941055297852,272.61992263793945,88.72842,69.40948
195.0161361694336,272.8122863769531,90.139145,68.845764
207.97707748413086,276.2077407836914,90.201,69.24483
214.82524490356445,281.1149673461914,90.128075,69.84755
214.6905174255371,275.0310516357422,91.85569,70.259674
215.8148422241211,256.45325088500977,93.62822,71.14849
229.06888961791992,238.1885643005371,93.474495,69.97657
242.73850631713867,237.01322555541992,92.80027,67.77036
258.7665596008301,248.89552688598633,91.809074,70.29827
255.4022331237793,254.01385116577148,89.6244,68.63874
226.28814315795898,246.44673919677734,97.820656,70.7943
204.53392028808594,236.81197357177734,94.355804,68.83028
196.7923812866211,231.0943717956543,90.923904,70.070595
203.33935165405273,233.71605682373047,91.63969,70.227615
211.38804626464844,241.61655807495117,92.76651,70.81727
225.65823364257812,245.80838775634766,90.836395,70.37248
234.5367774963379,234.43423461914062,93.099144,69.69156
232.28112411499023,218.91704559326172,93.84571,70.90144
229.67540740966797,218.95762252807617,91.435684,70.22874
236.3415298461914,216.62092208862305,92.19093,71.65565
254.10666275024414,212.66370010375977,93.99166,72.53149
274.5776481628418,208.67692184448242,92.1348,71.122505
281.13745880126953,215.64870834350586,92.00209,72.61851
275.66482162475586,234.5054702758789,93.28327,71.06477
260.4690856933594,244.1816864013672,92.89871,72.67081
252.37395095825195,239.99143600463867,92.28326,72.512764
260.21231842041016,227.69025421142578,92.91316,71.80437
269.3373832702637,218.60051345825195,91.59782,72.65707
273.1949996948242,216.85448837280273,92.3069,72.47297
275.3670463562012,205.35268020629883,94.014626,71.10021
259.73487854003906,182.1979522705078,98.25836,70.7572
236.29082107543945,167.78050994873047,96.23226,70.87111
210.60512924194336,165.2616729736328,94.857216,71.006165
200.45601272583008,164.6576805114746,92.07809,72.342445
206.74883270263672,164.23675918579102,92.85951,72.135765
216.90485382080078,158.88026809692383,94.61037,72.09121
221.84505081176758,152.0359344482422,94.45855,71.243164
226.4525146484375,161.62317657470703,96.38693,74.025925
227.1635398864746,180.4161148071289,94.3567,72.44075
220.88753128051758,194.5257682800293,95.02328,73.07914
217.82915878295898,201.60097885131836,93.30622,73.29609
198.85195541381836,197.90484619140625,102.38569,72.67294
177.02216720581055,188.57337188720703,107.03489,73.40083
180.07034301757812,179.61264419555664,97.85812,71.33575
193.36666870117188,161.0814552307129,100.315765,72.24471
207.9222183227539,169.44486618041992,105.907394,71.13279
230.6717643737793,197.41900253295898,107.628975,75.748055
247.62890625,227.64391326904297,95.81061,75.29143
241.49503707885742,243.87968826293945,92.923195,71.60406
233.61835479736328,236.5985450744629,96.56343,72.49886
222.80969619750977,220.36497497558594,99.63802,72.35028
221.9651985168457,205.43537521362305,93.017876,72.199715
224.08242797851562,205.70750045776367,93.03253,72.37553
228.57833862304688,208.47666549682617,93.21362,73.381996
237.01596450805664,203.69003677368164,95.008415,72.56719
237.73780822753906,191.53150939941406,96.47052,72.743744
226.0044937133789,188.27188873291016,98.48659,74.40419
213.62554168701172,202.7796173095703,95.81877,71.41464
214.1381607055664,216.54092025756836,100.923935,73.588234
249.5091323852539,220.51585006713867,101.153336,74.49653
282.01020431518555,210.72794342041016,98.98145,73.95085
277.68249130249023,202.47234725952148,97.67277,72.459145
244.38419723510742,205.3994140625,110.7562,72.513336
226.90748977661133,215.4597511291504,100.992455,72.47396
214.99085998535156,214.78369522094727,94.434814,72.828636
212.90990829467773,202.6346092224121,94.00913,74.13529
211.67412185668945,190.04750442504883,92.93774,72.8092
215.69095611572266,195.14081573486328,93.93184,73.5883
215.55587768554688,206.57014846801758,96.731995,72.93664
245.01311874389648,213.4872589111328,102.88126,73.753265
283.64623641967773,218.85051727294922,96.33347,72.62346
290.103572845459,212.01239395141602,95.2743,72.6683
261.33662033081055,199.1597557067871,108.42951,75.33817
199.02246475219727,186.78142929077148,118.57438,74.443825
149.00648880004883,181.67070770263672,100.2201,73.58156
129.9264144897461,179.37131881713867,92.301636,73.24125
141.34197235107422,183.10485076904297,94.690186,70.902176
160.67846298217773,181.5633773803711,92.50497,73.2646
165.83071899414062,177.84690475463867,93.080154,72.915565
174.23019790649414,177.2140655517578,93.03074,73.587616
192.2666244506836,171.89871978759766,93.879486,71.91887
207.16312789916992,173.4527702331543,94.15255,74.573006
215.70870971679688,186.07408142089844,93.48369,75.47174
219.49066162109375,194.59827423095703,91.81563,74.43034
226.07863998413086,195.08594512939453,91.889915,73.57329
229.25550079345703,188.93088150024414,92.82657,73.2539
235.05458450317383,186.0511817932129,92.510475,74.08398
233.30118560791016,195.54745864868164,92.11066,73.94561
232.2135124206543,200.9785385131836,92.93731,73.67537
250.77843475341797,204.04304122924805,95.1647,71.712135
270.17627334594727,213.69118881225586,98.08939,77.44871
281.5694885253906,235.9935531616211,95.85664,81.615524
279.7379150390625,259.7835884094238,94.74907,77.04275
276.3295707702637,274.6206283569336,94.49212,76.23772
278.77356719970703,282.1059112548828,91.33896,73.5112
276.2252655029297,272.1184539794922,93.91191,75.44827
279.0581169128418,263.77429580688477,92.83822,73.202324
279.4139213562012,247.16587829589844,95.22842,78.77026
275.75818634033203,211.58490371704102,98.16876,85.49117
281.8801574707031,189.1652069091797,94.090744,77.51102
276.8073272705078,190.90865325927734,99.60268,76.55293
262.21213150024414,212.44171524047852,102.32484,86.93145
253.53248977661133,257.82140350341797,100.72486,83.51073
251.37246322631836,289.1761932373047,95.806725,80.13376
249.2671241760254,285.3171272277832,98.12214,81.26302
237.97911834716797,254.72114181518555,97.33304,79.21702
225.24156951904297,252.32958221435547,96.767426,73.44472
218.05544662475586,256.96544647216797,93.583824,74.349106
220.0064697265625,244.61572265625,96.39015,78.506165
218.19596099853516,229.54998397827148,96.90732,77.595406
220.43375778198242,225.05121994018555,95.09222,74.73716
232.19432830810547,227.0238151550293,94.63751,74.72825
236.38422393798828,211.42541885375977,97.01871,82.61962
233.30807495117188,184.96560668945312,99.389084,83.391846
224.18683624267578,161.17122650146484,95.97504,78.23781
224.12197494506836,160.49539947509766,94.187004,76.66298
227.96755981445312,171.48057174682617,98.82469,77.99116
240.9386749267578,181.58748245239258,95.03374,76.10973
243.91986465454102,181.21635818481445,95.23469,76.16692
231.44849014282227,183.04346084594727,99.03852,74.848625
210.13560485839844,184.48094177246094,97.59581,74.30258
187.06127166748047,178.3456916809082,99.416565,75.08813
184.18096923828125,170.00683212280273,97.31648,75.79298
199.14189910888672,151.07001495361328,102.17389,79.6685
216.2984504699707,129.23760986328125,96.54731,81.23801
209.34757232666016,116.72554779052734,97.46353,76.67018
206.43143844604492,115.79546356201172,96.797874,78.60185
208.15934371948242,132.31639099121094,95.05657,80.777374
213.07401657104492,142.46771240234375,97.91207,75.253784
227.2414665222168,138.0077667236328,96.08517,74.35724
234.61152267456055,139.7829475402832,92.84081,74.13839
232.6542625427246,144.2821502685547,93.6563,75.04266
232.6070098876953,159.04005432128906,96.75569,81.41464
225.23636627197266,186.76547622680664,97.31021,78.81988
212.58686447143555,209.44672393798828,94.95959,72.94957
208.56006240844727,207.86663818359375,93.367744,74.61551
207.5587921142578,182.09107208251953,95.67479,80.85338
197.5943374633789,147.82946395874023,99.56311,81.536354
185.01303482055664,104.1947135925293,96.31019,78.95908
183.96059799194336,97.46773147583008,93.92269,74.24023
193.63410568237305,112.7015380859375,96.28048,78.82233
207.0161018371582,140.3109893798828,96.52546,78.18628
229.390380859375,154.39339065551758,93.45543,71.97314
247.98584747314453,156.23628616333008,89.56796,70.47378
245.1396713256836,146.3968276977539,92.151855,72.52516
241.24224853515625,139.57496643066406,89.9214,71.01553
246.33329010009766,145.46961975097656,91.99478,74.99933
245.27700424194336,159.989501953125,90.577354,70.45065
235.49283981323242,162.08568954467773,90.10589,70.20344
230.6197967529297,169.36550903320312,91.0226,73.69556
232.04280853271484,181.46856307983398,89.23215,70.73228
235.99524688720703,181.1579132080078,89.1449,69.739624
242.99602508544922,176.83007431030273,89.517395,71.510414
249.47206115722656,170.4055404663086,90.72649,72.366684
247.82630157470703,155.23831176757812,90.00717,71.14963
241.1887435913086,160.40240478515625,96.26248,82.232574
236.88059997558594,203.67261123657227,95.657,88.501976
242.29147338867188,247.94586181640625,94.049545,80.55972
253.58036041259766,266.4545021057129,91.48584,71.31289
264.443172454834,271.3745460510254,89.34164,70.659325
254.32873153686523,252.7063865661621,94.40255,74.925026
241.9484634399414,239.70564651489258,89.25067,70.07494
244.2160530090332,245.17993927001953,92.95823,74.863266
259.6335754394531,263.4361114501953,91.34416,72.137695
267.07869720458984,266.93775177001953,89.30435,70.14021
263.11563873291016,251.39287948608398,90.693726,73.67454
253.16400909423828,240.30699920654297,90.31378,71.76079
246.0105323791504,235.92589950561523,87.88618,69.916084
252.0412483215332,230.1790542602539,90.04606,71.12938
264.9988670349121,206.49409103393555,92.723015,77.4134
266.76148986816406,184.0484733581543,90.30525,75.71055
260.25970458984375,183.16957092285156,90.41237,71.14963
259.6938171386719,195.6901741027832,91.45967,78.91323
263.47028732299805,223.8310432434082,90.2709,74.6777
259.21021270751953,226.5087432861328,90.15192,70.93283
245.1977081298828,211.12202072143555,91.63756,73.30949
230.65205764770508,205.02611923217773,89.809944,70.40214
222.90200805664062,213.72069549560547,90.87041,78.505905
229.51637649536133,242.87275314331055,92.69602,80.397194
240.3568344116211,269.2934455871582,89.05026,69.95199
245.5710906982422,239.40055084228516,93.1508,82.55864
228.12374114990234,209.61432647705078,94.25659,74.79707
224.5011444091797,203.42683792114258,90.83247,70.467064
245.36559295654297,211.41180419921875,98.56677,72.68271
279.05602264404297,217.44921112060547,92.7984,69.60405
294.50326919555664,196.82421875,92.06336,76.211945
264.5474090576172,171.5474395751953,104.200485,76.13507
228.95722198486328,166.30461502075195,99.54056,70.64858
191.30267333984375,176.40525817871094,97.57634,74.85504
177.5156478881836,188.9868392944336,89.4267,70.103836
177.30605697631836,173.56171798706055,90.52642,74.67591
180.4683380126953,161.93699645996094,88.91646,69.76471
196.93431854248047,157.69189834594727,93.13498,69.95556
232.25770950317383,156.83798599243164,94.42338,69.74154
260.2706718444824,150.61222457885742,88.33553,69.41294
259.8577537536621,151.44897842407227,87.02825,68.607475
240.73165893554688,156.57698440551758,89.54201,69.7297
215.79348754882812,158.17084121704102,89.168564,68.178246
197.78525161743164,164.446044921875,91.1634,74.322815
190.3129425048828,181.84256744384766,89.62862,75.50554
183.08130264282227,201.3036651611328,88.761024,69.72363
160.6837043762207,202.8735008239746,94.24171,70.95933
139.1751708984375,183.43553924560547,92.637344,75.83162
143.4116554260254,169.2752342224121,88.31666,70.15095
159.75357055664062,171.86286544799805,103.82634,74.964516
193.61773681640625,195.10577011108398,91.94545,76.02079
201.06679153442383,221.1986541748047,88.406136,75.473175
195.84874725341797,236.2187614440918,85.981445,68.48957
183.7000389099121,221.99924850463867,88.698845,72.06727
175.10842895507812,216.041259765625,85.85832,67.16525
175.48435974121094,220.54825592041016,86.72923,69.14223
190.2284164428711,224.5091896057129,90.37875,68.46993
223.68752670288086,223.4946060180664,94.79006,68.635056
264.2360382080078,210.4482192993164,98.779526,71.82085
296.02792739868164,196.72318267822266,86.79105,67.71779
291.2765922546387,194.24100875854492,88.863304,72.25919
267.5785789489746,216.2983512878418,89.996544,71.78358
254.9283447265625,225.03840255737305,86.77965,69.54273
249.1658706665039,208.7592658996582,88.677734,75.19189
231.61028289794922,184.97909545898438,92.32715,74.8681
208.7125358581543,174.84414291381836,91.12997,70.13169
189.36469650268555,176.69154739379883,88.91418,71.91482
189.37105178833008,193.17611694335938,93.827736,77.82614
216.82907485961914,224.07070541381836,104.16276,80.190865
250.89133834838867,250.50653457641602,87.43368,68.50106
238.99407196044922,235.52609252929688,92.93814,74.20056
215.4499053955078,218.13296127319336,94.076035,72.453896
200.99343490600586,213.38838958740234,86.08105,69.48146
204.13247680664062,218.37149047851562,95.72139,74.40607
229.61253356933594,238.0804901123047,107.92357,77.19449
276.55968856811523,251.35700225830078,89.78091,69.91881
280.8369941711426,234.8779411315918,89.254005,73.43998
262.3398895263672,217.34877014160156,92.75874,73.71063
239.18780899047852,203.39470672607422,90.87226,72.8232
237.1043930053711,196.16820907592773,86.86606,68.684425
256.63539123535156,200.4613914489746,100.45241,73.20765
286.19263458251953,216.4083709716797,85.79108,68.05551
262.3783721923828,200.90813827514648,96.938675,74.92075
239.79367446899414,189.24962615966797,87.124306,68.370224
240.97322845458984,185.16321563720703,86.656494,68.40373
260.4697494506836,181.9390640258789,88.67859,68.20296
279.91335678100586,180.02695846557617,86.306175,68.56736
269.59879302978516,168.05073165893555,91.13052,73.166664
252.1976547241211,158.88600540161133,87.14313,69.27621
250.42952346801758,164.13647079467773,86.804695,71.31901
255.7776336669922,178.69921112060547,85.45787,67.34465
261.9430694580078,177.1249542236328,85.92653,67.51312
273.1598205566406,163.90472030639648,87.7914,68.38447
287.306453704834,164.43891525268555,88.20754,71.21311
299.48453521728516,180.8961296081543,88.61203,75.95609
304.7648124694824,206.6814422607422,87.21877,69.08185
296.72052001953125,206.71891403198242,87.15001,68.57899
292.40048599243164,197.2752342224121,86.77958,68.745
276.17455291748047,191.1127815246582,91.18536,67.94332
224.8333740234375,191.41313934326172,102.22983,69.863785
193.59446334838867,206.7993392944336,86.71253,68.64256
202.67593383789062,204.85158157348633,90.22388,70.53951
230.09205627441406,183.9764862060547,88.39545,70.7858
246.47481155395508,178.98687362670898,85.66253,68.81751
239.1517677307129,178.72378158569336,86.04247,67.50321
223.2322654724121,186.40887451171875,86.36457,70.31442
227.95172500610352,201.11284255981445,93.64059,73.98336
261.8161849975586,209.96302795410156,91.70274,69.03906
289.1382064819336,196.08808135986328,87.69118,68.58873
305.94345474243164,174.95282745361328,86.28951,69.80919
304.2185173034668,161.75591659545898,87.72929,69.05671
284.7861785888672,167.06162643432617,87.00729,70.312416
277.8919982910156,190.66699981689453,91.028046,77.97041
298.15804290771484,220.7104606628418,93.31883,68.776436
328.1754722595215,204.89165115356445,87.73228,67.67419
337.12239837646484,179.26617813110352,86.1725,71.532005
326.78612518310547,176.1590690612793,85.96916,68.79331
307.30498123168945,186.92034912109375,87.58236,71.68695
294.4320602416992,197.01666641235352,86.23778,69.82891
295.24381256103516,199.72357940673828,86.46184,69.80638
295.784481048584,192.8767204284668,87.2931,70.57285
289.21563720703125,187.50825119018555,87.01019,69.11054
287.6261100769043,181.7930908203125,85.79722,70.28415
286.4855041503906,180.1822738647461,85.707,69.81041
281.50219345092773,179.93525314331055,86.01917,70.07966
270.5378761291504,182.50396347045898,85.21432,69.75947
266.0252914428711,185.79208755493164,85.96129,70.17666
267.2515525817871,190.2626609802246,85.91233,70.36738
266.5948028564453,196.76794815063477,84.95068,69.5964
266.6310234069824,196.86642456054688,86.53184,69.8143
277.90162658691406,205.28815078735352,91.35907,69.651695
295.8943176269531,214.0866241455078,86.680115,71.22281
289.84798431396484,221.17124938964844,87.031784,70.410065
273.58352279663086,218.52541732788086,89.41074,70.37965
264.80309295654297,207.56876754760742,86.990524,71.12507
269.36759185791016,208.37221145629883,88.09444,70.71551
285.3123321533203,215.8693962097168,89.09946,70.83671
279.2352714538574,215.61376571655273,92.18998,69.73304
231.94622039794922,212.408935546875,96.69133,70.98877
218.7661590576172,206.99543380737305,87.828094,71.18925
233.56196975708008,194.5688133239746,88.21645,70.28953
240.28884887695312,192.8706932067871,86.88696,70.21284
245.64996719360352,194.18385314941406,86.376396,70.213104
250.87289810180664,195.7524299621582,86.379234,69.792656
246.0446434020996,201.40508651733398,86.95762,68.74717
240.96751403808594,205.2213134765625,87.02063,69.5632
253.09616470336914,198.53620147705078,89.742516,70.01167
256.084903717041,199.12229537963867,88.527794,69.76014
244.03176879882812,197.84633255004883,87.53946,70.72906
247.90740203857422,190.98416137695312,91.18523,69.624054
259.9852180480957,181.56304168701172,87.472466,71.37694
250.1260871887207,172.92214965820312,89.30065,70.56503
246.08193969726562,170.90894317626953,88.49594,70.22771
251.78632736206055,180.18884658813477,90.23579,71.4847
259.1061134338379,191.03116607666016,88.05401,70.458115
252.09268951416016,190.38661193847656,89.36488,71.0582
227.4183349609375,179.98058319091797,98.64749,71.66612
222.26271438598633,164.19116973876953,88.1632,71.92656
