23.0,88.0,66,55
22.511661529541016,87.91014862060547,67.232216,53.82379
23.724674224853516,87.09109687805176,65.79774,53.88464
23.250587463378906,87.4481201171875,66.61043,53.65886
23.949886322021484,88.28725814819336,65.530235,53.52131
24.04128646850586,88.37026023864746,65.659035,52.93778
24.694072723388672,89.09617805480957,64.88113,53.174145
24.8050537109375,88.99209976196289,64.92555,52.603355
25.41678237915039,89.03812217712402,64.439766,52.07622
24.331745147705078,88.36190605163574,64.59632,51.877903
24.291446685791016,88.36775779724121,64.71809,52.11437
25.891395568847656,87.76494216918945,64.33623,52.09748
26.225629806518555,87.1099624633789,63.445423,51.301178
26.8236083984375,86.42857360839844,62.97722,51.44101
27.36039161682129,85.94673919677734,62.59805,50.970474
27.636585235595703,84.69151306152344,62.71705,50.315857
28.348060607910156,84.16947555541992,62.364777,50.685997
28.47053337097168,82.97458267211914,61.48412,50.030525
29.177013397216797,83.02592468261719,61.643074,50.101013
29.858598709106445,83.1169376373291,60.594997,49.693172
30.195026397705078,83.99029541015625,60.218346,48.753677
29.85946273803711,83.89700508117676,60.280785,48.909313
30.774860382080078,85.13572883605957,59.215233,48.756023
31.758323669433594,84.80324935913086,58.70381,48.44004
31.936403274536133,85.31243133544922,58.71626,48.41397
33.26231575012207,85.06185913085938,58.489468,47.427124
33.338191986083984,85.0984001159668,58.569405,47.54148
33.74163818359375,84.7976303100586,58.124344,47.12297
34.186458587646484,85.61286354064941,57.975945,46.837063
35.50894737243652,84.69504356384277,56.23093,46.531086
36.10886192321777,85.9293155670166,56.666416,46.414745
37.58234786987305,85.85188293457031,55.99102,46.197052
37.11376762390137,86.07640647888184,55.874775,45.64356
38.76409149169922,85.58536338806152,55.148666,45.213093
39.61392784118652,86.2249584197998,55.190342,44.93941
39.63945198059082,85.82966041564941,55.65031,44.27792
40.24069786071777,85.37290954589844,54.75324,44.87892
41.146453857421875,84.62658309936523,54.517548,44.089027
41.505313873291016,83.89317321777344,53.8789,43.572464
42.65609359741211,82.14828872680664,54.077293,43.416206
42.626468658447266,81.50704193115234,53.307533,43.32646
43.244760513305664,80.9776725769043,52.823864,43.130608
44.553178787231445,81.42229080200195,52.602276,42.819252
45.04172706604004,81.56049346923828,52.17683,42.591522
45.257524490356445,83.28431510925293,51.929745,41.96085
45.99734687805176,84.10690879821777,51.62147,41.71892
46.36208534240723,85.78936767578125,51.28982,41.48291
46.652082443237305,87.22549438476562,50.91759,41.173386
47.623090744018555,87.36737442016602,50.494938,41.062263
48.070335388183594,88.50997543334961,50.259583,40.67124
47.11440467834473,88.06982612609863,50.116512,40.684673
47.92161560058594,87.47073745727539,49.543365,40.546623
47.767770767211914,86.8116283416748,49.81831,40.72913
48.87729454040527,85.82627296447754,48.724293,40.102825
48.70587348937988,87.1744613647461,48.54205,39.63434
48.98260307312012,86.8432846069336,48.088917,39.911697
48.720706939697266,87.78657150268555,47.834755,39.452385
49.49076843261719,87.36169052124023,47.742554,39.776146
50.18178749084473,89.23105239868164,47.652935,38.42182
50.15363693237305,90.49391746520996,47.30288,38.52599
50.422725677490234,89.88163948059082,46.922432,39.223125
50.33626174926758,91.04788398742676,47.15467,38.559505
51.14557456970215,90.09776496887207,46.710148,38.412228
50.33963584899902,91.2302017211914,46.26926,37.97876
51.40659141540527,91.0157413482666,46.3626,38.45335
51.346845626831055,90.41921806335449,45.808903,37.613697
51.74498176574707,89.98431396484375,45.497295,38.071426
51.69045639038086,88.5469856262207,45.48722,37.26017
51.174781799316406,88.49007797241211,45.173004,37.709892
51.86446762084961,88.38051414489746,45.23754,37.70255
52.337547302246094,88.00029945373535,44.65753,37.320995
52.904279708862305,87.39958190917969,44.29839,36.764084
52.40085792541504,86.79881286621094,44.84184,36.704163
53.38932418823242,87.13443183898926,44.024223,36.40321
53.947086334228516,86.84761238098145,43.99984,36.07397
53.51508331298828,86.43058967590332,43.44536,35.911312
54.11309814453125,88.58101463317871,43.53064,35.18236
54.69551086425781,86.97210311889648,43.583237,34.877876
55.31298828125,87.03895950317383,42.702606,35.294304
54.96928024291992,86.60292434692383,42.626152,35.235634
54.97003173828125,86.09663581848145,42.759293,35.117336
55.596784591674805,85.93990898132324,42.04143,35.232807
55.46436882019043,84.85494232177734,41.9641,34.709595
56.182477951049805,83.84879684448242,41.99909,34.66758
56.433000564575195,83.97231483459473,41.741894,34.748547
56.96699905395508,85.31275749206543,41.294228,33.97304
56.08907508850098,85.6456184387207,41.782833,34.39431
57.09685516357422,85.7671127319336,40.78064,34.107117
57.22935676574707,86.0345630645752,41.374157,34.015453
57.24344062805176,85.88034439086914,40.785595,33.93302
57.561885833740234,86.11754035949707,40.582024,33.65495
57.01317024230957,85.32876205444336,40.776714,33.57775
58.28851127624512,85.11473655700684,40.592503,33.37586
57.93903923034668,84.30156707763672,40.22684,33.510056
57.18865394592285,83.95323181152344,40.226086,33.428864
58.126665115356445,84.95159339904785,40.0034,32.848095
57.70309638977051,84.15245628356934,39.869854,32.813526
58.1804256439209,84.89263916015625,39.51679,32.41069
58.73664855957031,84.24109268188477,39.536316,32.22712
57.647789001464844,84.59911727905273,39.670273,32.266945
58.137447357177734,85.38097763061523,39.16781,31.94387
57.57185363769531,84.96244049072266,39.070663,32.476562
57.34622383117676,84.96756935119629,38.88467,31.865261
58.12641143798828,85.69870090484619,38.894516,31.816526
58.10944747924805,84.72472095489502,38.448708,31.875494
57.47275733947754,83.3108549118042,38.798473,31.397364
57.213382720947266,82.26436519622803,38.468727,30.721376
57.5935115814209,80.08871746063232,38.96773,31.067759
57.43647766113281,78.0904893875122,38.136963,30.926916
56.462154388427734,76.74379348754883,38.125465,30.888817
56.910173416137695,77.0080795288086,38.173565,30.948288
56.96821975708008,77.39533424377441,37.680763,31.166546
57.46417045593262,76.89032745361328,37.50887,30.806625
57.07904624938965,77.41374015808105,37.986332,30.351856
56.055606842041016,76.8501968383789,37.75054,30.521957
56.754560470581055,78.2762680053711,37.333652,30.200287
55.58154487609863,79.3399076461792,38.27122,30.62034
55.88427734375,80.61683082580566,37.375732,30.563885
54.85302543640137,82.31295680999756,38.28037,30.337786
55.63967704772949,83.60647296905518,37.513783,30.016302
54.44053649902344,83.70611763000488,38.176666,30.300243
54.731367111206055,84.0598783493042,37.1299,30.08764
55.26948547363281,84.75588703155518,36.586502,29.750235
54.35086631774902,83.69789123535156,36.838093,29.891373
54.152198791503906,83.01879501342773,37.529297,30.265465
55.26029014587402,81.91439723968506,36.160465,29.55379
53.06947135925293,81.66667079925537,37.7943,29.714205
53.529314041137695,79.92777061462402,37.208508,29.43314
52.45853805541992,80.19652843475342,37.161446,29.210443
54.04935836791992,79.58195400238037,35.745613,29.040087
53.34637260437012,79.71860599517822,36.688633,29.223143
52.7338981628418,80.22520446777344,36.59365,28.993256
51.40797424316406,80.84993267059326,36.460342,28.785196
51.469722747802734,81.44946479797363,36.012657,28.713223
52.14140319824219,81.40174388885498,35.78769,28.929773
48.94344902038574,81.94241237640381,38.08981,28.763521
51.002492904663086,81.86357498168945,36.12849,28.24836
49.47256088256836,81.4601411819458,36.86232,28.392233
50.03645896911621,81.15709018707275,35.54951,28.259184
50.791975021362305,81.21539497375488,34.540844,28.354626
47.951372146606445,81.10227108001709,36.343998,28.23569
49.27480125427246,80.90376091003418,35.05769,27.874516
49.39565849304199,81.36351013183594,34.81117,27.7602
48.54206848144531,80.5356798171997,34.967194,27.924994
47.16260528564453,81.21514701843262,35.11222,27.610592
47.92459678649902,80.17376136779785,35.20757,27.758045
46.53573226928711,80.20481014251709,35.603363,27.78721
46.97773551940918,81.16678047180176,34.792408,27.36803
47.22953414916992,81.31766128540039,34.24916,27.360153
46.44418144226074,81.94889831542969,33.974644,27.394943
45.9529972076416,81.88715553283691,34.148952,27.587872
45.378414154052734,82.99640083312988,33.2631,27.116268
44.99832534790039,82.26891040802002,33.634674,27.259115
44.911184310913086,83.2864990234375,33.38238,27.020325
43.78178405761719,81.76352596282959,33.570473,26.59553
43.97998237609863,81.12206745147705,32.63254,26.693464
44.185516357421875,80.36871242523193,33.22812,26.705019
42.070817947387695,78.5479040145874,34.645832,26.238413
41.64713096618652,78.74979877471924,33.47614,26.378988
41.03896713256836,79.78160381317139,33.411865,26.120783
41.71289825439453,79.57384204864502,33.312943,26.400465
41.04774475097656,80.74488830566406,32.713264,25.816315
39.86663627624512,80.80357074737549,33.54211,26.253614
39.258419036865234,81.65844631195068,33.266457,25.772356
38.621192932128906,81.40367412567139,33.482216,26.077044
38.33350944519043,81.3564510345459,33.47855,26.4426
38.29528045654297,81.6249771118164,32.536957,26.05761
37.51815414428711,82.10620021820068,33.33963,25.841387
37.81264877319336,82.09459495544434,32.664963,25.847591
37.14803123474121,81.6774492263794,32.73041,26.132627
36.81354904174805,81.96415901184082,32.723145,25.818066
35.51999282836914,81.80410289764404,33.57467,25.69671
36.58842468261719,81.38527488708496,32.12256,25.361126
36.14029026031494,81.95994758605957,31.70004,25.017986
36.12162494659424,82.22061920166016,31.701345,25.15931
35.205135345458984,82.34813594818115,32.12223,25.002314
34.64961814880371,82.19312858581543,31.852314,24.963741
34.27926731109619,82.66779899597168,31.678373,24.828693
33.9927339553833,82.22918128967285,31.535162,25.300228
33.47886657714844,83.20027256011963,31.746727,24.142889
33.56929683685303,82.52830410003662,30.749506,24.788744
31.420076370239258,83.75817775726318,32.933475,24.49866
31.08706283569336,83.5280933380127,32.37809,24.555805
30.097623825073242,83.76947689056396,32.820614,24.803041
29.918607711791992,82.77272987365723,32.40653,25.717564
29.411367416381836,83.15117835998535,32.59712,25.357014
28.775876998901367,83.58840274810791,32.54491,24.968397
28.455596923828125,82.96399402618408,32.484947,25.950506
27.70882797241211,83.35372829437256,32.712975,25.527704
27.469030380249023,83.50751781463623,32.985622,25.252123
26.89246368408203,84.05858421325684,32.899307,25.779194
26.38259506225586,84.87907981872559,32.95022,25.808681
27.465728759765625,85.45038414001465,31.60653,25.245617
25.88114356994629,84.57891178131104,32.603863,25.698416
26.287818908691406,86.63696193695068,32.107277,25.879717
26.044360160827637,85.54020977020264,31.720644,25.745913
26.211647033691406,86.41605186462402,31.463333,25.811504
26.437716484069824,87.24145030975342,30.532816,25.45083
24.087482452392578,87.17385959625244,31.57248,26.62071
24.789740562438965,87.15412044525146,30.535295,25.801607
24.334199905395508,86.90949535369873,31.10236,24.106798
23.650113105773926,87.87858581542969,31.329252,23.652336
23.890644073486328,88.35836505889893,30.808983,23.794065
23.064697265625,86.92671203613281,30.928665,23.925034
22.4522762298584,87.89112281799316,32.265324,24.175175
20.88558006286621,87.26352787017822,33.572956,24.345236
19.943927764892578,86.29342937469482,34.94996,24.77453
20.35161781311035,86.29620170593262,34.00523,24.532574
20.2650089263916,84.95001888275146,32.810673,24.086351
19.525333404541016,83.57201957702637,33.303207,24.314487
19.108352661132812,83.62076568603516,32.926292,23.744148
19.873167037963867,82.32838916778564,31.794346,23.963934
19.439661026000977,81.18836116790771,32.662037,24.064264
19.393409729003906,80.77420234680176,31.701118,24.066265
19.05650234222412,81.26737976074219,31.076563,23.858475
19.57866668701172,80.53461647033691,31.417244,24.006802
19.483250617980957,81.38777351379395,31.021093,24.469265
19.607057571411133,82.32868194580078,30.741016,24.143913
19.91278839111328,83.17805767059326,30.346,23.57561
19.648218154907227,84.31313037872314,29.006237,23.243338
20.274559020996094,84.02167701721191,30.283264,23.62653
19.784255981445312,83.63179588317871,30.401306,23.493282
21.064141273498535,83.57379531860352,29.827353,22.954742
20.61709499359131,83.46174812316895,30.056856,22.807072
20.17192554473877,83.96896266937256,29.245031,22.623407
19.89706039428711,83.463303565979,29.189964,22.434278
19.854897499084473,83.63098907470703,29.420301,22.721619
18.868067741394043,82.39129447937012,30.200617,23.074451
19.873260498046875,82.33134841918945,28.558006,22.748566
19.11011791229248,81.7421646118164,29.287477,22.531128
18.697239875793457,81.08527374267578,30.092314,22.38826
18.451223373413086,82.0561170578003,31.115063,22.341791
19.62371826171875,82.1789722442627,30.515747,22.571842
19.391305923461914,82.89338874816895,30.356693,22.276798
19.75652027130127,83.22668170928955,29.907812,21.939764
20.619131088256836,84.63698196411133,29.487652,21.869202
20.473374366760254,84.96617317199707,28.99307,21.945644
19.76273250579834,86.58757019042969,29.17312,21.62986
20.38374900817871,86.10886859893799,28.484074,22.315931
20.041301727294922,85.73898029327393,28.877144,21.801947
19.258647918701172,85.85065174102783,29.190529,21.748907
19.608351707458496,85.12819766998291,28.776026,22.16532
20.13889980316162,84.0002794265747,28.818697,21.372908
19.197779655456543,83.38634490966797,28.978075,22.086533
19.537595748901367,84.0884599685669,27.937603,21.422071
18.256254196166992,83.58352756500244,29.774227,22.02403
19.048736572265625,85.35947608947754,29.097672,21.623669
18.91197395324707,85.45898914337158,32.662296,21.712149
18.445876121520996,85.93094635009766,30.930254,22.435226
19.1842622756958,86.79958152770996,28.609335,22.276997
18.77799892425537,87.09055042266846,28.763948,21.939634
17.699180603027344,85.24550437927246,29.709526,22.656124
18.763212203979492,85.15571784973145,27.873348,22.069218
19.961830139160156,84.8206090927124,27.384346,21.510134
19.24801731109619,84.51403617858887,28.61363,21.626156
18.685215950012207,84.2138147354126,29.07498,21.50987
19.238391876220703,84.94113159179688,28.683853,21.643456
19.20379638671875,83.62506580352783,28.271568,22.425154
20.00370502471924,85.21301364898682,28.136274,22.146505
19.913084030151367,86.50095081329346,28.665874,22.19042
19.187783241271973,86.7533016204834,29.101042,22.02634
18.932154655456543,86.96095180511475,28.909998,21.33124
21.06287384033203,86.94473075866699,28.263084,21.759357
20.848724365234375,87.09859085083008,28.20034,21.385231
21.465771675109863,86.79904747009277,27.629896,22.4865
20.902528762817383,86.71835613250732,29.056835,21.2466
22.70572566986084,86.80663967132568,27.014536,21.355707
22.180742263793945,86.8220157623291,27.619778,21.583477
22.273350715637207,85.60833358764648,27.781355,21.605087
22.322022438049316,86.54483318328857,27.913496,20.892786
21.866602897644043,86.8668622970581,28.118982,21.353739
23.059104919433594,85.93761825561523,27.602768,20.832802
22.763675689697266,86.73380947113037,27.443382,21.037111
24.94259738922119,86.48448371887207,26.360586,20.790249
24.457731246948242,85.94254875183105,26.516926,20.752415
24.287739753723145,85.99939727783203,26.326391,20.644379
24.020804405212402,85.05090808868408,27.093119,21.13294
24.141024589538574,84.39814567565918,26.977373,20.43745
23.64681053161621,83.83478355407715,27.136585,20.03593
25.05815315246582,82.77450370788574,27.173328,20.028385
24.917383193969727,81.66751956939697,26.394398,20.662344
24.739038467407227,82.21387672424316,27.228771,20.052883
25.74879264831543,82.35172653198242,27.11745,20.596832
24.33687400817871,81.46423816680908,27.774662,21.560072
24.601723670959473,81.70257568359375,27.989935,22.285423
25.17758846282959,83.33329772949219,27.05665,21.061882
25.84309959411621,84.06719017028809,26.704395,20.871693
24.327414512634277,84.92036056518555,27.964067,20.887856
25.055517196655273,83.55496597290039,27.119488,22.05397
25.077396392822266,82.77437019348145,27.078194,21.570194
25.34041118621826,83.34241390228271,27.475489,21.540651
25.294031143188477,82.8229284286499,27.531086,21.009203
24.945460319519043,82.96708965301514,28.135767,21.64908
25.456677436828613,84.28851127624512,27.848234,21.347698
27.154900550842285,84.12716674804688,26.674551,21.33818
27.34857177734375,85.32154655456543,25.61425,20.881153
28.51371192932129,85.0984001159668,25.46024,20.27536
27.004457473754883,84.99048137664795,26.671772,20.086016
26.51717758178711,85.31071281433105,27.156487,19.917858
27.658594131469727,85.68411159515381,26.995663,20.118227
27.257914543151855,84.80093193054199,27.45563,19.998775
27.650952339172363,84.6696891784668,26.86312,20.132149
27.261459350585938,85.2684154510498,27.207954,20.139217
26.54921245574951,85.19154834747314,27.837091,19.910048
28.50484848022461,84.21549606323242,26.166924,20.198433
28.716490745544434,84.8230619430542,25.519823,20.378237
29.0904483795166,84.12887382507324,25.326336,19.95959
28.19432544708252,85.40127468109131,26.145308,19.626642
28.338454246520996,84.71252250671387,26.65825,19.980831
28.866994857788086,84.99944591522217,26.214733,19.892008
27.179682731628418,85.17340278625488,27.431612,19.580425
27.525704383850098,85.5849781036377,27.446722,19.05511
26.91098117828369,85.07937908172607,27.599913,19.416697
27.734578132629395,84.38875579833984,27.617872,19.263641
27.840285301208496,83.48140907287598,26.879045,19.686726
27.34395694732666,83.10456085205078,26.851416,19.827393
28.301258087158203,83.73985481262207,26.450798,19.380032
27.55123519897461,84.00058555603027,27.721916,20.231113
27.7282657623291,84.21905326843262,27.77061,20.164188
27.825408935546875,84.85219287872314,27.98426,19.907904
27.314613342285156,86.04742908477783,28.334427,19.984426
28.59781837463379,86.13680839538574,26.859997,19.81886
27.8118257522583,85.73548603057861,26.672094,19.07746
27.3076171875,85.85451602935791,26.98513,19.126226
27.766057014465332,87.80116748809814,26.9709,19.187613
27.869985580444336,87.36261177062988,27.206898,20.198856
28.421896934509277,87.37670135498047,27.062067,20.48278
28.472856521606445,86.95778560638428,26.976871,19.89844
28.982791900634766,87.6561689376831,26.193886,19.79304
28.02017116546631,86.78071212768555,27.097956,19.9506
28.920217514038086,86.49002075195312,26.415768,19.131706
27.922070503234863,86.52220916748047,26.97009,19.379272
28.831236839294434,86.84459590911865,26.02421,19.738565
29.152474403381348,86.12735748291016,26.183317,19.444702
28.45811367034912,86.60862731933594,25.94665,19.084625
29.38556480407715,85.62668800354004,25.696278,19.207905
29.139084815979004,86.50707817077637,26.029188,18.951954
29.60629653930664,87.23469161987305,25.407715,19.250702
31.238837242126465,87.41322422027588,23.825174,18.970839
29.4810152053833,87.5950927734375,25.528692,18.974953
30.902283668518066,87.74505043029785,24.478567,19.044498
31.219792366027832,86.96163558959961,23.69335,18.850967
30.86647319793701,87.70187664031982,23.969866,18.470728
31.267199516296387,88.47163391113281,23.990068,18.11612
31.13284969329834,88.13786125183105,24.761171,18.22993
31.18642234802246,88.66518878936768,24.532711,17.810682
30.480612754821777,87.7509593963623,25.64168,18.504696
30.432533264160156,87.94205665588379,25.554916,18.540577
30.2578067779541,87.99942684173584,25.545216,18.998278
30.26382350921631,88.09563159942627,24.870615,18.426382
30.841678619384766,88.41473484039307,24.792786,18.748838
31.52249050140381,88.50053405761719,24.458841,18.726425
31.028514862060547,88.12393379211426,24.404007,18.374378
31.892094612121582,87.58917236328125,24.165243,18.681885
31.072284698486328,88.33161354064941,25.571365,19.029232
32.1366024017334,88.33275604248047,24.279774,18.883408
31.937667846679688,87.95640850067139,25.206139,18.95801
32.33982753753662,88.58990955352783,23.632578,18.801252
33.62862586975098,88.02151393890381,23.577679,18.45186
32.649664878845215,88.38076591491699,24.944582,18.292324
33.897406578063965,86.99575424194336,23.608126,19.045746
33.940300941467285,86.57077121734619,23.769033,18.764776
34.714948654174805,86.67530918121338,23.524235,18.790976
34.87547492980957,86.07142639160156,23.321674,18.878662
34.937673568725586,85.88132667541504,23.002628,18.754322
35.238966941833496,86.00036811828613,23.55652,19.119244
35.83592128753662,86.26922035217285,22.98047,18.558353
36.10019779205322,86.48206329345703,23.713041,18.240051
37.170162200927734,86.38354206085205,23.123573,18.049826
36.874104499816895,86.49973487854004,22.785566,17.991505
37.828457832336426,85.8636360168457,22.547796,18.016098
38.5002555847168,86.31174659729004,22.105904,17.507954
39.928690910339355,85.2020673751831,22.09115,17.923159
39.8977632522583,85.7813081741333,23.14704,17.998137
40.85856342315674,84.95461559295654,22.587439,18.400263
40.118892669677734,85.63118362426758,23.136887,17.660583
41.11002731323242,85.96282482147217,22.62474,17.610674
42.13432598114014,85.38610458374023,22.747759,17.950249
42.731754302978516,85.18658542633057,22.724365,18.462934
43.37095069885254,85.31143283843994,22.379726,18.526594
44.00822639465332,84.44995880126953,22.45374,19.374947
43.91731262207031,84.4758186340332,22.773567,18.54512
45.14939594268799,84.1511583328247,22.52577,19.011702
45.4672908782959,84.95106887817383,22.489925,19.237206
46.74965286254883,85.02964115142822,22.299835,18.77065
47.25043296813965,84.91879272460938,22.21548,19.194214
48.96907043457031,84.47219657897949,21.526741,18.692593
48.38485908508301,84.6193437576294,22.219288,18.481428
50.08013439178467,84.89053916931152,22.073923,17.85754
50.520846366882324,84.1790714263916,22.183573,18.812489
51.629435539245605,83.58176708221436,21.96213,18.518312
52.40715980529785,83.61004447937012,21.77467,18.611713
53.12420177459717,83.0375452041626,22.481722,18.999754
55.022236824035645,83.15351390838623,22.046583,18.412706
55.15446090698242,84.07620429992676,22.423515,19.118351
56.150251388549805,84.89185523986816,21.141193,18.185825
56.95189380645752,86.06497383117676,21.665304,17.956966
58.71499729156494,87.6370677947998,21.557905,18.66187
59.04775142669678,88.33495140075684,22.293207,18.983074
60.01053333282471,89.34324359893799,21.357153,18.906225
60.2932071685791,88.80027770996094,21.385021,19.201416
61.872376441955566,88.29501247406006,22.069464,19.334276
62.0460319519043,87.84197330474854,22.306602,17.450453
62.95451736450195,86.73629379272461,22.20295,19.03421
63.98464870452881,87.10153770446777,22.250315,18.619106
65.0621976852417,86.4795331954956,21.72864,17.755281
66.32527923583984,87.72603511810303,22.293541,18.249117
67.57040119171143,88.46969318389893,21.725042,18.192022
68.15183544158936,88.30915451049805,22.862406,18.440125
69.26653861999512,88.942946434021,21.822552,18.106447
70.3438549041748,89.96339702606201,21.864773,17.81505
71.66535758972168,89.35010147094727,21.676563,17.598244
72.4108190536499,89.06431579589844,21.860239,17.397652
74.33217334747314,86.85796356201172,21.956244,17.847786
74.92712497711182,86.61597537994385,21.923597,17.79959
76.26260375976562,86.00703811645508,22.15403,17.431282
77.86809825897217,86.12944030761719,20.971758,17.304184
78.82120704650879,85.76725387573242,21.50587,17.184097
79.75786113739014,85.48707294464111,21.761774,17.73149
80.73940658569336,86.17642498016357,21.434036,17.667536
82.3950023651123,85.685546875,21.684437,17.399887
83.64781665802002,86.39662075042725,21.511938,17.469805
84.13812065124512,85.74340534210205,21.340916,17.659674
85.92427253723145,86.02567768096924,21.183132,17.448942
86.57084465026855,86.57723236083984,20.841694,17.308662
87.16473007202148,86.80147457122803,21.310028,17.232477
88.63086795806885,86.4671802520752,21.205809,17.250729
89.22450923919678,86.97321319580078,21.235895,17.006325
89.96142864227295,87.54942989349365,20.651438,17.110285
90.89393901824951,86.63008403778076,21.01311,17.065226
91.98266887664795,87.10594367980957,20.972292,16.610111
92.34201240539551,86.90277290344238,21.113674,16.838932
93.82390117645264,86.74417209625244,20.323534,16.954367
94.36235046386719,87.07167434692383,20.247406,16.72049
94.75668048858643,86.85050964355469,20.403341,16.66642
95.03340721130371,87.0445384979248,20.375942,16.843548
96.7164478302002,87.43113136291504,20.270138,16.484364
96.74107837677002,87.01828861236572,20.242758,16.554434
97.80950355529785,86.24483394622803,20.324581,16.672838
98.3785343170166,86.44892024993896,20.43874,16.934717
97.97445392608643,85.84782218933105,20.505644,17.020618
99.01143074035645,85.78893661499023,20.160748,16.785645
100.01698970794678,85.6013011932373,19.557291,16.66225
100.78591728210449,86.53212833404541,19.844547,15.315405
101.31511211395264,85.59103584289551,19.279322,17.097012
101.81949424743652,85.61502647399902,19.845417,17.072803
102.60036754608154,85.00787925720215,20.170298,17.221607
102.37005519866943,85.30021095275879,19.943293,16.983486
103.11737823486328,85.8174295425415,19.713348,17.376898
103.80768585205078,85.50448799133301,19.625862,17.132915
104.33983421325684,85.62566661834717,19.168522,17.23205
104.45931625366211,87.04888820648193,19.77118,17.020594
104.38521003723145,86.7927713394165,19.858746,17.371733
104.61217498779297,86.85260009765625,20.697105,17.849564
105.23579788208008,87.06934547424316,20.232582,17.4426
104.85902690887451,86.90965843200684,20.163477,17.563557
106.0419511795044,87.11771488189697,20.114485,17.599852
105.4810676574707,87.55060863494873,19.955147,17.367708
106.45228099822998,87.51797199249268,20.21705,17.218054
105.89813041687012,87.95735740661621,19.88033,18.008266
106.66684913635254,88.37461185455322,20.230495,17.15283
106.22906017303467,87.9963207244873,20.458483,16.95705
107.28092861175537,88.28916263580322,20.100595,16.934942
107.72817707061768,87.09478950500488,19.741682,16.928745
107.63911628723145,87.00451946258545,19.458256,17.108667
107.04428386688232,86.43940544128418,20.19021,17.133556
107.25780010223389,86.16821765899658,20.319086,16.858862
107.80264854431152,85.49821376800537,19.958576,16.791353
107.9421157836914,86.57561302185059,20.009087,16.693165
107.60515403747559,86.21383571624756,19.730495,16.850946
107.36001396179199,86.05534267425537,19.904476,17.283663
107.68368816375732,86.44506072998047,19.778238,16.695763
106.61115169525146,85.85529804229736,20.117975,17.42327
107.45361518859863,86.15070247650146,19.976093,17.743944
107.51216983795166,86.19691848754883,19.429815,16.963875
107.42406463623047,86.48153781890869,19.886223,17.290892
107.28598880767822,88.01910972595215,20.181303,17.493092
106.46975517272949,88.0662145614624,20.312984,17.504213
106.7476396560669,88.45766925811768,20.134504,17.368032
105.70359420776367,88.4601058959961,20.77369,16.970238
106.0922327041626,89.1315107345581,20.079123,17.406267
106.41346740722656,88.81056594848633,19.944519,16.477852
106.50224590301514,88.41154098510742,20.546114,16.750473
106.07633018493652,88.6184434890747,20.205982,16.613874
106.00932884216309,89.31307792663574,20.203678,16.170818
106.77889919281006,89.11820316314697,19.708506,16.426489
106.236403465271,89.22213077545166,20.080439,16.337927
107.08349514007568,89.46636962890625,19.582178,16.324745
106.68720245361328,89.20560264587402,19.695618,16.656666
105.62026882171631,88.99578952789307,19.778093,16.5799
105.6531982421875,89.53186988830566,19.684967,16.49799
106.29554080963135,89.56764698028564,19.693655,16.199888
105.75881385803223,89.86610507965088,19.396404,16.599005
105.50128936767578,88.956787109375,19.639084,16.325722
105.58022117614746,88.49283218383789,19.369724,16.514893
105.24231433868408,89.18975067138672,19.632788,16.43563
104.96290302276611,88.2755994796753,19.9139,16.536524
104.3946304321289,87.19781970977783,20.190086,16.536596
104.74846172332764,86.82216835021973,19.460466,16.216846
104.17957878112793,87.30429172515869,19.191921,16.70857
104.31370830535889,87.38192844390869,19.419283,16.767347
104.01411724090576,86.93425941467285,19.42573,17.05862
103.45022869110107,88.52087116241455,19.817278,16.850561
103.04854011535645,88.37632465362549,20.012959,17.256285
103.22714424133301,88.53842163085938,19.627705,17.143059
101.96529865264893,88.42717170715332,19.635267,16.30508
102.92033576965332,89.02675914764404,19.362514,16.730387
101.59391212463379,89.39261865615845,19.32079,15.972293
102.29060745239258,88.71421337127686,19.499329,16.431116
101.16684818267822,89.49102830886841,19.773077,15.805068
101.1037712097168,88.765061378479,19.542084,16.006605
101.5789566040039,89.3861722946167,19.917793,16.105883
101.05182075500488,89.79061508178711,19.191486,16.181854
100.95735836029053,88.77445697784424,19.16453,15.952711
100.93295383453369,88.39651012420654,19.456045,15.983057
101.09815311431885,88.5974702835083,19.64604,16.166395
102.06599807739258,86.68210124969482,19.37622,16.322458
101.37473201751709,87.1070728302002,19.377428,16.71262
101.88785171508789,86.90514373779297,19.477127,16.411644
101.94571876525879,86.25315570831299,19.841557,16.452406
101.42397880554199,87.07016468048096,19.682507,16.329489
102.11322975158691,86.5146131515503,19.355495,16.554499
102.38517475128174,86.35376739501953,19.596281,16.42884
102.59154224395752,85.87271213531494,19.833075,16.201696
102.32039737701416,85.85603952407837,19.374136,15.798526
103.42036056518555,85.42760372161865,19.388954,15.584139
102.96040916442871,84.90310192108154,19.417461,16.295969
103.75421810150146,84.08431625366211,19.878847,15.9025345
104.20369148254395,84.27943134307861,19.420643,15.947767
104.07938957214355,84.85325002670288,19.329983,15.858609
104.15449333190918,85.06179428100586,19.197681,15.557533
104.88323402404785,85.56320667266846,19.580448,16.085714
105.24681377410889,85.55488300323486,19.332232,15.938749
105.4458236694336,85.07778310775757,19.099297,15.988721
106.05296611785889,86.00931072235107,19.17383,15.942774
105.50615787506104,86.10025024414062,19.331594,16.227829
106.66163158416748,85.96467208862305,18.491968,15.688995
106.85728359222412,86.2955493927002,18.996538,14.898296
106.90065860748291,85.82519817352295,19.178785,15.713633
107.48341083526611,85.73059558868408,19.146917,16.675528
107.24974060058594,84.47918510437012,18.730965,16.29404
107.75210762023926,84.4697494506836,18.893436,16.432335
107.9035005569458,84.581374168396,19.362707,16.593737
108.17786407470703,84.76904678344727,19.330856,16.664482
108.93923664093018,84.74257373809814,19.7087,16.622885
108.80312252044678,85.09733009338379,19.214388,16.55579
109.68109130859375,85.98393821716309,19.11438,16.385647
109.7333869934082,86.17945194244385,19.505745,15.905104
110.39774990081787,86.13104057312012,19.669214,16.523281
110.14800071716309,86.38403511047363,19.297153,16.145313
110.11506080627441,86.20614337921143,19.256535,15.974012
110.35854053497314,85.82435703277588,19.697042,16.114264
110.67966365814209,85.60518169403076,19.255877,16.046404
111.31397819519043,85.58442163467407,19.542774,15.956561
111.20526790618896,85.45859575271606,19.79445,15.993407
110.94669342041016,85.8859395980835,19.677269,15.951914
111.74020957946777,86.30442667007446,19.83562,15.93172
111.58401679992676,84.92328834533691,19.760761,15.979023
111.54946899414062,86.19010066986084,19.571457,15.893236
112.16533660888672,85.6036057472229,19.699661,15.856303
111.39679527282715,85.89840984344482,19.607563,15.685381
111.76534938812256,85.25753498077393,20.14422,15.830008
112.08597564697266,85.23445749282837,19.93872,15.754947
111.22388553619385,84.58207654953003,19.746687,15.831422
111.59070587158203,84.7962417602539,19.867348,15.446182
111.51785564422607,84.45882606506348,19.380854,15.350025
111.5845422744751,83.97864961624146,19.731985,15.749862
112.18411445617676,84.28622150421143,19.648655,15.604689
111.84998321533203,84.80920314788818,19.330849,15.487696
111.93513584136963,84.47902584075928,19.425695,16.026926
111.02787590026855,85.3857946395874,19.730412,15.491785
111.45850467681885,86.13491630554199,19.551435,15.432568
110.87892150878906,85.68360233306885,19.756668,15.804396
111.45823860168457,85.35883808135986,19.450375,15.72183
111.41453647613525,85.54188013076782,19.182257,15.990977
111.29223728179932,83.69682312011719,19.350843,16.002045
111.40933132171631,84.4800238609314,18.868814,15.762906
111.45553398132324,84.81131887435913,19.042187,15.750493
111.58716011047363,85.5250186920166,19.597881,15.978085
110.78441715240479,85.66595697402954,19.040907,15.752017
110.50629234313965,86.27653074264526,19.873837,15.963731
109.74745750427246,86.42499446868896,20.001965,16.07554
110.37053871154785,86.83524799346924,19.062412,16.219427
110.87832641601562,87.03520965576172,18.66986,16.410873
110.95935249328613,86.85094738006592,19.023495,16.16833
110.79540348052979,86.22434425354004,20.04608,16.681286
110.87275981903076,86.66513633728027,18.842424,15.716442
110.0957899093628,86.14405059814453,19.64046,16.332901
111.09700679779053,86.6023473739624,19.099161,16.607965
110.72018241882324,86.71713447570801,19.277523,16.010998
111.2241096496582,86.44840049743652,19.01461,16.061283
110.03319549560547,87.20694541931152,19.118538,16.738384
110.67786407470703,86.76875495910645,19.1399,15.489414
109.6495714187622,86.83848857879639,18.859915,16.604052
110.54250240325928,87.25420141220093,18.821917,15.744336
110.6269121170044,85.99820327758789,19.237814,15.587456
109.16887950897217,86.60410213470459,19.666025,16.163668
108.98169612884521,86.23091411590576,19.297884,16.65993
109.78854560852051,85.46717834472656,19.914387,16.197174
108.51104831695557,85.25767135620117,20.026976,15.942055
108.83112335205078,85.6034049987793,19.369987,15.644852
108.5474214553833,86.26119804382324,19.891058,15.961979
109.43374824523926,85.7596788406372,18.946377,15.610266
109.43769264221191,86.32524108886719,19.27567,15.671616
109.16982841491699,86.04249382019043,19.008465,15.914501
109.73050785064697,86.42790222167969,19.671896,16.108498
109.18063735961914,86.36521768569946,19.5522,15.803576
109.87931156158447,86.80821132659912,19.439901,16.012407
109.25238704681396,86.40867471694946,19.237162,15.604091
109.53109073638916,86.152503490448,20.048239,15.849275
109.50896644592285,86.16875648498535,20.079823,16.35403
107.79274368286133,86.81087112426758,20.448479,16.349922
108.14701080322266,87.3503646850586,21.001465,16.661987
109.11386680603027,87.08370208740234,19.311092,15.920654
108.36366176605225,87.34072685241699,19.8631,16.214512
108.88388156890869,88.22285604476929,19.335104,15.794545
108.19462585449219,87.06519412994385,19.393204,16.06449
108.20410537719727,87.6448221206665,19.304909,16.648558
108.38385581970215,87.39422512054443,19.437244,17.317957
108.09932327270508,86.4319953918457,18.971474,16.771187
108.06608772277832,87.03272914886475,19.206028,16.653734
108.13160228729248,86.61025714874268,19.49331,16.258192
108.54641723632812,86.81155252456665,18.623276,15.614673
106.92130661010742,86.42855453491211,19.34974,15.45192
107.84956741333008,86.30337572097778,18.75866,15.591605
107.58997821807861,86.61721134185791,19.693708,15.725195
106.93696784973145,86.4563045501709,20.507626,16.070171
106.5794849395752,85.99709224700928,18.970043,15.284868
106.74388408660889,85.24080467224121,19.63157,15.320431
106.41434478759766,85.52976322174072,19.865494,16.15885
106.28631496429443,84.90808200836182,19.999598,16.186499
107.02626323699951,85.73769855499268,19.31859,15.459776
106.46034526824951,86.07221698760986,19.41942,16.512793
106.06011199951172,86.14949417114258,19.224571,16.38079
106.58904838562012,86.8904275894165,19.394611,16.169165
106.17219734191895,87.73368072509766,19.007305,16.28434
105.81440544128418,87.91393756866455,18.975277,16.033308
106.38547706604004,87.77962493896484,18.788532,15.452431
106.09049034118652,86.18179512023926,18.8969,15.961864
105.68179035186768,85.68156623840332,18.913229,16.183643
106.12113571166992,84.74945735931396,18.818237,16.062174
105.23272895812988,85.5987319946289,19.33617,16.11068
105.98526096343994,84.65482997894287,18.796438,16.264833
106.95650863647461,85.36855220794678,18.454193,16.323366
105.7114839553833,86.11477565765381,18.703222,16.298143
105.48280239105225,85.71986389160156,18.776682,16.56813
106.06547546386719,86.53740978240967,18.263367,16.694246
105.02884864807129,86.69630527496338,19.128841,16.245222
104.42805004119873,85.9673433303833,19.681208,16.431349
105.24443912506104,86.4888048171997,19.510511,16.933622
104.44614696502686,85.73959922790527,20.229418,16.772205
104.62450313568115,85.23926401138306,19.733156,15.968562
104.73380851745605,85.16594982147217,19.498867,16.181528
104.9563159942627,84.68907165527344,19.308002,16.092323
104.89734935760498,84.42874526977539,19.548052,16.102745
104.69595623016357,84.60733222961426,20.068972,16.399036
104.91478061676025,84.39897346496582,19.513327,16.369617
105.16900730133057,84.29078149795532,19.467192,15.741847
104.89040756225586,84.92594814300537,19.399414,15.833849
104.75298976898193,85.13279104232788,19.512018,15.952855
103.85200214385986,85.53681755065918,20.269262,16.546177
105.15132427215576,86.90200424194336,20.168352,16.584686
104.42451095581055,86.97100496292114,19.857925,15.926215
104.5277099609375,88.62280368804932,20.293556,15.7294445
104.68811511993408,89.09018993377686,19.835005,15.439676
103.80609703063965,87.93585586547852,20.829975,16.189377
104.99785995483398,88.84394979476929,20.101143,15.400701
104.99401760101318,87.63487386703491,20.535852,15.909192
105.528000831604,87.73411560058594,19.958303,15.500717
105.1717882156372,88.42396259307861,19.618933,15.351393
106.1417818069458,87.15017986297607,20.302244,15.946451
106.75560474395752,86.87490940093994,20.091375,16.352026
106.45133972167969,86.76910495758057,19.595123,15.595213
106.67579746246338,85.50971221923828,20.29672,16.011177
106.71649074554443,85.47700071334839,19.991625,15.728349
107.25790977478027,85.53784847259521,19.653454,16.311167
107.02499866485596,85.16699504852295,19.486814,16.48411
107.22469329833984,84.84827136993408,20.16616,16.413656
107.83369827270508,83.74478149414062,19.254677,16.715271
108.24502372741699,83.52529239654541,19.72713,16.073744
107.5915470123291,83.76533699035645,20.578259,16.349392
108.60065460205078,83.16070461273193,20.25029,16.916796
107.74632167816162,82.31464290618896,20.527353,16.976702
109.1742525100708,82.45486354827881,19.734816,16.125376
108.29076957702637,82.82163906097412,21.180286,16.541903
109.81472301483154,82.447509765625,20.56241,16.555618
109.87783336639404,82.96310329437256,20.243402,16.86934
110.16642761230469,84.06291198730469,20.378883,16.724213
109.84363460540771,84.43613147735596,21.1382,16.105978
110.97016620635986,84.50980281829834,20.654684,16.507433
111.69743824005127,83.79722023010254,19.434904,16.166134
111.60135841369629,84.6133394241333,19.796947,15.777929
111.18345165252686,83.63054704666138,20.901217,15.807784
112.17880630493164,84.74625492095947,20.4973,16.365835
112.17927551269531,85.5540885925293,20.352806,16.51825
112.60558032989502,86.00167465209961,20.311811,16.237923
113.5691909790039,85.5804443359375,19.753754,16.39418
113.40756416320801,85.3191556930542,20.27872,16.440317
113.54481220245361,85.32478713989258,20.087164,16.428085
113.81480598449707,84.71466255187988,20.0593,16.598957
114.36537742614746,84.07556056976318,20.201221,16.869326
113.70426273345947,84.58524322509766,21.12261,16.831802
114.27844524383545,84.47918701171875,19.828615,17.228317
114.81749820709229,86.08846664428711,19.95751,16.986954
115.49058437347412,85.89031028747559,20.275118,17.12083
115.06712913513184,86.47779846191406,20.264935,16.069672
116.1442928314209,85.31599807739258,20.581272,16.389534
116.53408527374268,85.20569705963135,20.011465,16.414648
117.08138275146484,85.53550243377686,19.997581,17.15732
117.4718246459961,84.5588150024414,20.674873,16.804558
117.89303398132324,83.98074150085449,20.151676,17.631336
118.50676727294922,84.85974311828613,20.240929,16.729565
117.88393211364746,84.03418445587158,21.534664,17.10491
118.18245506286621,84.98142337799072,21.732792,16.535177
118.44141578674316,85.15651035308838,21.570843,16.664366
119.12690162658691,85.60116481781006,21.577305,16.37308
119.69396781921387,85.21110439300537,21.064808,16.242876
119.39187049865723,85.33279323577881,21.090878,16.355936
119.85854053497314,83.87813663482666,20.868208,16.342695
120.22219657897949,83.96452522277832,21.445087,16.532696
120.56420993804932,83.1630916595459,20.697744,16.976055
120.63505840301514,84.0072832107544,21.435556,16.085775
120.61373138427734,83.7985143661499,21.429436,16.242136
120.76319885253906,83.71934700012207,20.782967,16.404858
121.31805801391602,83.8501443862915,21.220848,16.080015
121.5110092163086,83.1658124923706,20.879768,16.14979
121.97403049468994,84.00862789154053,20.099623,15.488993
121.35786437988281,83.96719980239868,21.149307,15.887622
122.21795463562012,84.0948429107666,20.779339,15.778362
122.90339756011963,84.58150339126587,20.336546,15.746684
123.18661594390869,84.93942546844482,20.6761,15.649157
123.24859237670898,84.5555477142334,20.699821,15.001408
124.07560348510742,84.47691679000854,21.244194,15.213998
123.97286987304688,84.52851152420044,21.247696,15.477935
124.29067707061768,84.55714178085327,21.43617,15.4428835
124.35527610778809,83.88141250610352,20.804668,16.351715
126.01444244384766,84.19803524017334,20.855988,16.04539
126.08114242553711,83.51907444000244,21.306183,16.311148
127.00824546813965,84.45005702972412,20.85677,15.706972
128.0160779953003,83.61436748504639,20.087076,16.432932
126.6424446105957,84.3910264968872,21.772217,16.113134
128.72731685638428,83.56428813934326,20.62108,16.844973
129.30697345733643,83.7236967086792,20.611914,16.69755
129.07813262939453,84.98299789428711,21.22145,16.339111
130.24721908569336,85.49567317962646,20.871681,15.978037
130.81973838806152,84.7608232498169,21.31892,17.311804
131.34918308258057,84.83283615112305,21.545515,17.235184
130.12905025482178,83.42578029632568,21.389353,18.346857
134.79333972930908,83.54401969909668,19.436178,17.606274
134.66060256958008,84.1087064743042,21.022873,17.241777
135.5759620666504,82.67971420288086,21.285934,16.484146
135.9309310913086,83.71281337738037,21.673912,16.226145
135.7701358795166,83.16422939300537,23.302769,17.063799
136.41989994049072,81.87601470947266,23.295034,17.2191
137.66044425964355,83.03525829315186,22.910381,16.89786
138.13698196411133,81.71049690246582,23.473236,16.536755
138.65886211395264,82.59456253051758,23.567896,16.830612
141.62289333343506,82.87201690673828,21.733294,16.12014
142.1320915222168,83.40799331665039,22.041092,16.198586
142.30847930908203,82.63918113708496,22.91706,16.279255
143.25054454803467,83.30825710296631,22.552485,16.11271
145.1189661026001,82.70299625396729,21.507017,16.82913
145.68030071258545,82.84078407287598,21.817453,16.6927
146.31598949432373,83.14029312133789,20.498667,16.386696
148.0332489013672,82.43347358703613,21.781548,16.527493
148.7590847015381,82.97955417633057,22.285442,16.028402
149.56382369995117,82.51431560516357,22.551224,16.653513
150.61882972717285,83.09796619415283,23.047878,16.790953
151.42223072052002,82.77569103240967,22.37705,17.14345
152.57932949066162,83.42654228210449,22.749102,16.802555
154.40338134765625,83.41890239715576,22.265045,16.80301
154.9482307434082,82.64859771728516,22.578651,17.438278
155.03135681152344,82.65095710754395,23.252357,18.16058
155.73429203033447,83.5972843170166,23.617094,17.258373
157.47259330749512,83.17471694946289,22.918583,17.510208
158.08275604248047,83.86053562164307,23.842865,17.791342
158.91701412200928,85.01156806945801,23.530298,17.286663
160.43694019317627,84.03984546661377,22.956045,17.635817
161.1922960281372,85.19312953948975,22.275488,17.526049
162.22144508361816,83.93978023529053,22.931042,17.406694
161.96264743804932,82.50563526153564,24.058668,17.234556
163.70733833312988,81.96123123168945,22.088863,17.057457
163.77652645111084,81.55638408660889,23.036135,18.202883
164.52335166931152,80.57438564300537,23.211704,17.882677
165.05731010437012,79.55695152282715,22.667408,18.040844
165.38392066955566,80.4533920288086,23.122211,18.473167
166.26895141601562,80.23537635803223,23.721474,19.085667
166.113356590271,81.08201217651367,23.52205,17.977806
166.81918048858643,81.26430702209473,22.816206,16.955822
166.83174800872803,81.58101654052734,24.41575,17.052185
167.81411170959473,81.66444969177246,23.356724,17.706165
167.56200885772705,81.38516616821289,24.531431,17.979088
168.58540153503418,81.9087495803833,23.148006,18.2023
169.5285120010376,82.35128593444824,23.10864,18.196117
169.12794399261475,82.62527847290039,23.571192,18.234749
169.66708755493164,82.96153736114502,24.992393,18.318998
167.92185020446777,83.38910675048828,26.79021,17.469803
169.93679809570312,83.5681095123291,25.055443,18.164814
171.52220249176025,83.73508358001709,24.125135,17.237604
171.3293342590332,84.30154705047607,22.864174,17.128504
171.7040319442749,85.01704692840576,24.27411,17.089983
171.5022382736206,84.02428817749023,23.949678,16.825089
172.49416255950928,84.65301132202148,23.50265,17.14077
172.40999126434326,84.43285369873047,24.825792,17.504036
172.75390434265137,85.34487915039062,23.761478,17.114288
173.84202480316162,85.4318380355835,24.014177,17.31145
173.79446029663086,85.70574188232422,23.659409,17.224113
174.3264503479004,84.9142894744873,24.220116,17.29778
174.92491817474365,85.31720924377441,24.57461,16.856113
174.85420989990234,84.69359874725342,25.225487,17.215075
174.6293830871582,85.01157188415527,25.05938,16.714573
175.012188911438,83.84038734436035,23.366201,17.112873
175.69280433654785,84.13614749908447,23.079998,16.745527
175.31782150268555,83.7299394607544,24.182426,16.620275
175.6566333770752,83.3111457824707,24.114643,16.72139
175.65079879760742,83.82986068725586,25.553093,16.93608
176.41403198242188,84.5799789428711,24.782127,16.89666
175.9868679046631,84.37400341033936,24.276943,16.922213
176.7565097808838,84.59020519256592,23.365788,16.55044
177.45659160614014,85.91891860961914,22.953005,16.93084
178.01910209655762,84.79609870910645,23.304455,17.484081
177.7549867630005,85.54440212249756,22.999418,17.565264
175.72306156158447,84.10907077789307,24.903082,17.042883
176.95459461212158,84.6692123413086,23.884634,16.838135
177.47488498687744,84.07351016998291,24.37551,17.564009
177.42248344421387,84.01659297943115,24.319798,17.106256
177.2230634689331,83.61943912506104,24.017328,16.813566
176.99274253845215,84.031813621521,23.602283,16.847193
177.219256401062,84.47718811035156,23.75992,17.061638
178.08998584747314,83.5601806640625,23.705252,17.22519
178.40011310577393,83.5985803604126,23.912191,17.97566
177.4216661453247,84.04770183563232,24.826948,17.179209
178.17505550384521,84.64978885650635,24.654627,17.418669
177.04233264923096,84.66228294372559,24.20236,17.272137
177.88653564453125,84.58010578155518,23.745743,17.313047
177.64464282989502,85.13979721069336,23.088835,17.65561
176.85369682312012,85.44958877563477,23.881725,17.2928
176.9496364593506,85.62092113494873,23.790768,17.005564
176.7404088973999,84.54213237762451,24.135393,17.631044
176.68883228302002,84.89200115203857,23.29936,17.388445
176.46571922302246,85.3558931350708,23.943027,17.26901
177.60278129577637,85.14504718780518,23.732075,17.352728
176.81165885925293,84.5221757888794,23.154911,17.740736
176.6677951812744,84.31489753723145,22.94627,18.156513
176.26364707946777,84.61154747009277,23.089397,17.848148
177.02334213256836,83.02283954620361,22.00634,18.279837
175.61457633972168,83.62132167816162,22.706585,17.467607
175.5828104019165,84.15652179718018,23.907522,17.20468
174.4989767074585,82.6787166595459,23.80443,17.571667
175.4138126373291,83.46559143066406,24.742992,17.62484
174.22751331329346,83.95943260192871,23.717825,17.343197
173.85458660125732,83.36903476715088,22.995584,16.692778
173.72570610046387,84.15934658050537,24.149647,17.518496
173.74517059326172,84.71768760681152,23.752869,17.723713
172.62473487854004,84.30916213989258,23.714817,17.39737
173.422776222229,84.60951709747314,23.547934,17.275167
172.3471508026123,84.28517246246338,22.479038,17.612516
172.1295566558838,84.54398536682129,23.299053,16.799206
171.57629680633545,83.24489307403564,24.701143,17.280432
171.58502388000488,83.21710968017578,26.010777,17.681236
171.36340236663818,81.58042907714844,24.55874,17.303108
171.46904468536377,81.63211631774902,24.663137,16.743717
170.87616348266602,81.70707607269287,23.6278,17.678026
170.54395580291748,81.17813968658447,24.258883,17.540052
170.55931663513184,82.39527416229248,22.609913,16.807451
170.28187370300293,81.95200443267822,23.55701,16.933348
169.6325445175171,82.15994071960449,24.622263,17.078022
169.30326652526855,81.80396938323975,25.334751,18.032526
168.45264625549316,82.3979902267456,26.219181,16.353128
169.31379222869873,82.88071632385254,24.740541,16.821575
169.63218116760254,82.53202724456787,24.616062,17.586535
169.1368408203125,83.06248950958252,24.757233,17.954718
169.33625984191895,83.0712947845459,24.023075,18.121151
169.61571502685547,83.68728828430176,24.187668,17.936954
169.39895629882812,84.06047439575195,24.321281,18.100159
168.91937828063965,85.4243392944336,25.029041,17.952873
168.9569149017334,84.98495578765869,25.338291,18.408827
169.15144157409668,85.07816219329834,24.832027,17.849741
169.97042083740234,84.5858850479126,24.434296,18.38426
168.79504489898682,85.48628902435303,24.882109,18.8173
169.44931030273438,85.3473949432373,24.99466,18.636257
169.8422794342041,85.7834587097168,25.452084,18.434654
170.23104095458984,83.56967353820801,25.166412,18.780155
170.597918510437,82.12800216674805,24.6673,18.755463
170.67638206481934,80.71845436096191,25.028713,18.496021
170.28208446502686,80.59372425079346,25.534327,18.285864
169.68163776397705,80.7130298614502,26.061468,18.069515
169.19798469543457,80.29014873504639,25.855305,18.940699
194.03950023651123,85.27521991729736,27.819826,16.555212
169.4687042236328,79.30729579925537,26.772629,19.551622
169.52407550811768,80.90545463562012,26.850775,18.626987
169.24822330474854,80.6220817565918,26.801382,18.228317
170.27576541900635,80.93056678771973,25.8477,18.483753
169.1819133758545,80.93090724945068,26.743443,18.6261
170.28216361999512,81.28707313537598,25.30952,18.729404
170.8696002960205,81.27186870574951,25.236576,18.747042
170.6267318725586,81.52539825439453,25.924011,19.0186
171.29401206970215,81.4758653640747,26.382969,19.27365
171.20493984222412,81.78841018676758,26.215837,18.978683
171.66797733306885,82.2967939376831,26.038984,18.730585
171.5917148590088,82.85213661193848,26.191807,18.497143
171.6262617111206,81.89627456665039,26.132433,18.665558
171.7624282836914,81.59866619110107,25.467789,18.792315
172.0850706100464,82.0400447845459,25.73247,18.737286
171.75175762176514,81.75686168670654,25.978891,19.158754
172.03536701202393,82.25256156921387,24.661398,18.849468
172.3159294128418,81.6929407119751,25.87033,17.825354
171.63649559020996,81.66275310516357,25.14233,18.535433
172.1445436477661,82.40784549713135,25.345358,18.135168
171.62072849273682,81.6652603149414,26.138273,17.487663
172.3306369781494,79.85186576843262,25.932049,18.193203
172.50860977172852,78.71546745300293,25.11705,18.882244
171.50554370880127,76.75697898864746,26.565954,19.23631
172.66601371765137,77.33086109161377,25.273731,19.249723
172.77592754364014,77.69957828521729,25.909632,19.141035
172.46683025360107,78.366135597229,25.909296,18.775045
172.02336406707764,79.43406677246094,25.509806,18.104782
172.8221206665039,79.08274841308594,26.324875,18.759735
172.4065341949463,79.78877353668213,25.676235,18.820341
172.29882144927979,80.5663537979126,25.258284,18.639448
172.7071018218994,79.81006908416748,25.82243,19.255335
171.60719966888428,80.65739727020264,25.891085,18.89374
171.78558731079102,79.55704021453857,26.18264,18.76288
172.41133213043213,80.4760274887085,25.852133,18.612688
171.99684047698975,79.66957950592041,26.392855,19.419989
171.4938678741455,78.67683124542236,25.082638,19.325323
171.46609783172607,78.97583961486816,26.11378,19.30772
170.9371690750122,77.46792030334473,25.715094,19.405796
170.999849319458,77.51930332183838,26.022106,19.38642
171.0201120376587,78.16975402832031,25.750097,18.799995
171.1930923461914,77.30657958984375,26.1016,19.150734
170.42266750335693,76.81791591644287,26.219744,18.968508
169.6402235031128,77.82193756103516,26.777346,19.23175
169.31845664978027,76.63034629821777,25.802822,18.911587
169.5207691192627,76.95969772338867,26.206768,19.137924
168.75309467315674,76.42483520507812,26.731512,19.558632
169.127836227417,77.23710918426514,25.91972,19.519274
168.8953504562378,76.39551258087158,26.648355,19.858137
168.35743522644043,76.57810115814209,25.516071,19.417803
167.801176071167,75.7632007598877,26.712101,19.167255
167.55812168121338,76.1442003250122,25.57076,19.380346
167.51347732543945,75.80967426300049,26.442085,19.542768
167.207781791687,75.52162837982178,25.993937,19.46844
167.33999347686768,74.82918739318848,26.202055,19.97237
167.35749912261963,74.81102275848389,26.086912,19.25535
166.72353172302246,74.81093215942383,26.70811,20.160637
165.95297241210938,74.98247528076172,26.234024,20.110481
165.89237117767334,74.80988025665283,26.932444,19.654715
165.45026397705078,74.23226928710938,25.855995,20.044716
165.03803825378418,73.51878547668457,26.421757,20.079632
165.79372310638428,73.60328388214111,26.032045,19.922949
164.88516426086426,74.08059120178223,26.617115,20.250263
164.1584243774414,72.99521541595459,26.394936,20.89747
164.88679695129395,74.6597843170166,26.357845,20.802723
164.23555088043213,75.17829132080078,26.139944,20.38842
163.622407913208,75.34480571746826,26.583042,20.509447
162.68546295166016,75.96823978424072,26.709602,20.604399
163.22680377960205,76.10674285888672,26.728422,20.505104
162.1472225189209,76.70783138275146,27.233967,20.760553
163.02355194091797,75.110915184021,26.984169,20.394083
161.63704204559326,75.38479995727539,27.056818,20.43328
161.57239151000977,74.46600151062012,27.242027,20.866245
162.08258438110352,74.32828140258789,26.272705,20.744385
160.71997737884521,75.44026756286621,26.567598,20.373684
160.55201053619385,74.99088764190674,26.79099,20.771124
161.3484287261963,75.44955635070801,26.753956,20.694057
160.06774520874023,75.57089328765869,26.637573,20.81336
160.9088258743286,75.7794885635376,26.371313,20.651342
160.07031726837158,76.16635417938232,26.287077,20.859682
160.0507583618164,74.50465202331543,26.908745,21.044231
159.82122611999512,75.34385776519775,26.483212,20.88851
159.206787109375,74.9305944442749,26.694649,20.982569
159.42976760864258,73.94260025024414,27.386345,21.681587
159.11726093292236,73.20773983001709,26.858557,21.643038
158.34852504730225,71.29080390930176,26.992876,21.525326
158.850492477417,70.42897129058838,26.9006,22.005407
158.78033065795898,69.44299125671387,26.796738,21.583668
158.6035041809082,69.00943374633789,27.248878,21.815178
157.73469829559326,68.8284854888916,27.221369,21.638927
157.5970001220703,69.2776346206665,27.985512,21.608885
156.61511421203613,69.32260799407959,28.492924,21.981623
156.1306610107422,70.0867052078247,27.89936,22.03636
155.25787925720215,70.29150104522705,29.129436,22.120352
155.191987991333,70.99262046813965,28.42191,22.021114
156.06323623657227,70.23793983459473,28.631783,22.304409
155.08723163604736,70.3092565536499,28.363325,22.2837
154.73775959014893,69.46121883392334,27.813528,22.336054
154.61689376831055,69.65930366516113,28.83162,22.251179
154.72467708587646,70.12504577636719,28.2298,22.090813
154.85620498657227,70.58663940429688,28.02295,21.996857
154.86106872558594,70.73707103729248,28.89402,22.533365
154.15063858032227,70.81910991668701,28.753006,22.290987
153.99152183532715,71.52744007110596,28.863148,22.496962
154.69647121429443,71.05337715148926,28.014956,22.505032
154.25648880004883,70.33989715576172,28.977066,22.779648
154.483624458313,70.84764671325684,28.869658,22.989162
153.96889972686768,70.25833129882812,29.420538,23.118637
153.72775650024414,70.72879028320312,29.013214,22.69368
153.33582878112793,70.2755298614502,28.613346,22.87698
153.08848094940186,70.9289903640747,29.399706,22.386427
154.4532642364502,71.65013694763184,28.625057,23.062511
153.61404037475586,71.51070308685303,28.975548,23.158983
153.28593921661377,71.0726146697998,29.395338,23.698887
153.00914764404297,70.70350456237793,29.348114,23.571095
152.48305797576904,70.99542713165283,29.824198,23.064459
152.81445789337158,70.40229511260986,30.009802,23.001303
153.04367923736572,70.17670822143555,30.103521,22.865608
151.94117069244385,69.59082889556885,30.865416,23.565313
153.0784158706665,70.06238555908203,29.777472,23.043266
152.38436698913574,69.68511009216309,29.396824,23.119106
152.24254703521729,68.80531978607178,30.326376,23.799318
153.29914093017578,69.53951358795166,29.807266,23.425436
152.46442890167236,69.93314170837402,30.294386,23.348385
152.42754459381104,69.50324821472168,30.813833,23.723171
152.57901096343994,69.42619895935059,30.549017,24.049236
151.88616180419922,69.38524532318115,31.36274,24.066172
151.27888870239258,69.0738582611084,30.871887,24.002102
152.16928005218506,67.84262180328369,30.44546,24.2329
151.25676441192627,67.77556800842285,30.700895,24.299473
151.99602031707764,67.31440925598145,30.63833,24.637241
