83.0,200.0,35,131
82.5288200378418,199.52008819580078,36.85914,129.40672
84.75991249084473,197.931884765625,38.261425,129.09067
86.61591720581055,198.85667419433594,39.84681,128.9462
91.5487174987793,200.61432647705078,39.80552,129.62999
98.35983467102051,200.5220184326172,39.801907,130.16489
103.48401260375977,200.61366271972656,37.59487,131.30103
108.63580513000488,200.38298797607422,35.285458,131.85902
111.97988700866699,200.36370849609375,35.195835,131.7815
114.14752388000488,200.38424682617188,35.043026,132.26654
115.7877254486084,200.06394958496094,38.991688,134.61066
118.64208984375,199.08248901367188,40.7359,133.2536
120.16447257995605,198.79016876220703,43.47794,133.52345
121.8002758026123,199.57630157470703,48.25736,133.02315
123.98455238342285,201.5714111328125,50.69331,132.13379
124.14900779724121,201.2858657836914,49.437733,132.32573
126.83717346191406,201.09933471679688,55.166534,133.27277
133.27753829956055,200.1943817138672,49.303627,134.24661
138.4408721923828,199.2724380493164,45.180176,135.3704
144.43567276000977,198.04814910888672,41.303276,135.63976
150.4278621673584,197.96995544433594,36.576557,135.91248
154.95500564575195,197.98284912109375,33.187614,137.58704
157.53067016601562,198.01089477539062,32.06436,137.45377
160.1565399169922,197.7802734375,38.11554,136.18341
164.28143501281738,198.00991821289062,37.351437,134.51144
164.71884727478027,197.58154296875,38.32726,134.52905
164.075532913208,197.44924926757812,46.85464,133.57703
165.32793998718262,197.6644287109375,54.033237,134.04874
174.48162078857422,196.08147430419922,43.572556,135.88878
178.2075138092041,194.72694396972656,42.62788,136.84091
183.9132785797119,194.2017593383789,37.838665,136.70863
187.76488876342773,193.54793548583984,36.195686,138.16115
190.81396865844727,192.81807708740234,35.467216,138.04283
192.67491722106934,192.3126449584961,38.816273,137.4405
194.20404243469238,191.9567108154297,40.428402,137.43756
197.49444580078125,191.7598876953125,50.926697,137.0918
198.91588401794434,191.2700653076172,51.22109,137.29602
200.1877670288086,190.97010803222656,51.15944,137.43295
200.9671688079834,189.28829193115234,55.861713,138.7953
206.045503616333,188.9995880126953,57.43649,139.56216
215.53909492492676,187.69678497314453,50.146084,141.88063
224.38199424743652,187.87914276123047,43.17098,141.44072
230.46345329284668,186.7788848876953,40.851078,142.27301
231.47601699829102,186.0088119506836,41.440666,143.61363
231.81675720214844,186.57947540283203,46.256744,143.44649
236.90860176086426,186.63046264648438,49.550106,142.97275
238.33183670043945,186.4078598022461,52.297325,140.7466
241.99620056152344,187.4739532470703,51.61374,139.73233
241.95265769958496,188.3374252319336,60.918385,139.8785
253.66133308410645,187.1784439086914,51.513332,142.19179
263.5062847137451,186.487548828125,42.632664,142.86322
269.55672454833984,186.9251937866211,39.760727,144.2621
274.0023193359375,186.90894317626953,39.108154,146.32841
279.4017868041992,186.56385803222656,38.621628,147.88449
283.3194103240967,185.8887939453125,41.116917,147.06839
286.9601230621338,186.95529174804688,50.78886,147.89285
287.22994804382324,187.75450897216797,53.87958,144.72624
287.58176040649414,188.28472900390625,57.09133,143.50616
287.71899795532227,188.80925750732422,68.81814,144.57146
287.74582290649414,186.85043334960938,73.711845,144.74097
295.5937614440918,186.65050506591797,64.27857,145.20027
304.98178482055664,187.03443908691406,55.948082,149.07758
316.7313575744629,186.2357940673828,43.531944,149.49872
326.0728874206543,185.75421142578125,38.029274,150.78528
329.2712821960449,185.22003173828125,39.437172,152.08267
333.2725238800049,185.9446029663086,44.91052,152.07265
334.3415813446045,187.08712768554688,58.088505,151.19226
334.92182540893555,189.0248260498047,63.969307,145.4184
334.9722099304199,189.96304321289062,66.381935,147.51718
334.3955535888672,189.09221649169922,67.1687,151.24303
335.1271286010742,188.70758819580078,66.82524,151.75658
349.29327964782715,190.3835678100586,52.12157,149.66069
363.8190460205078,190.80288696289062,41.832733,151.4495
367.52718925476074,189.38582611083984,40.594578,152.00807
372.48583984375,189.58755493164062,40.311005,152.08658
373.77515029907227,190.07025146484375,47.85122,151.22562
371.04553985595703,191.40023040771484,63.83943,151.78743
372.0699806213379,192.80206298828125,67.41491,149.19122
369.1281967163086,192.95286560058594,72.40611,151.06573
368.2393493652344,191.85584259033203,73.91931,152.55437
370.05256271362305,193.29398345947266,68.66425,147.48924
381.21494483947754,201.53305053710938,56.057262,137.21634
390.9353618621826,189.40462493896484,44.963535,151.78224
388.461275100708,187.55328369140625,44.670498,157.03699
396.7959632873535,187.83040618896484,37.87426,153.9435
392.1386966705322,188.00186157226562,43.18437,153.6395
388.48965072631836,189.18682861328125,43.44364,154.29309
382.8626003265381,190.9712905883789,54.98467,151.15703
375.42172050476074,191.45487213134766,60.90546,151.59978
370.60066986083984,190.55451202392578,66.17854,152.90529
369.27977752685547,190.1424102783203,61.587875,152.67319
361.9901542663574,191.52068328857422,61.77131,153.60783
370.1668643951416,190.58878326416016,45.567577,152.93489
369.82653617858887,191.81624603271484,39.771397,152.14256
369.1202507019043,193.62667083740234,37.973457,151.93883
365.1046943664551,195.00678253173828,39.520927,151.26146
359.3985080718994,197.2842025756836,48.55775,150.43639
355.0879898071289,196.84799194335938,47.486465,150.24878
351.623815536499,199.0243682861328,56.983692,148.0058
350.22825813293457,199.06008911132812,63.195583,146.88513
357.05373764038086,198.55145263671875,55.24198,147.27838
353.1850414276123,198.5146713256836,55.838688,148.00435
362.4963321685791,197.95311737060547,43.49766,148.63216
367.3606948852539,198.5535888671875,38.45607,147.98563
367.28834533691406,199.02923583984375,38.55902,147.45291
368.215181350708,199.3569793701172,38.63635,148.75964
366.0517807006836,200.70943450927734,44.11061,148.2386
361.66740798950195,202.82782745361328,58.2174,146.97835
358.0208168029785,204.9273452758789,67.5718,143.83995
353.22119522094727,207.01459503173828,67.94549,143.61348
347.9616889953613,207.74137115478516,73.2972,142.60027
344.8451461791992,206.46536254882812,71.74141,143.77808
348.15125274658203,205.4275131225586,65.002914,144.11055
350.83881187438965,206.15540313720703,59.34853,143.08913
357.95466232299805,204.3666763305664,50.631294,142.04643
367.04919052124023,204.6767578125,41.206306,141.94046
371.3581123352051,203.10121154785156,38.32952,143.53107
374.5540428161621,204.55623626708984,33.833565,144.09245
375.70284271240234,205.61309051513672,38.780594,142.37398
373.1720771789551,206.78314208984375,45.916496,142.96396
373.0353126525879,209.1204605102539,46.79052,142.29466
371.6257076263428,209.61492156982422,55.36336,142.65038
370.17698860168457,211.192138671875,58.184963,140.7638
370.7096424102783,210.4112091064453,58.015163,141.14554
372.81370735168457,210.1593475341797,57.17532,141.3656
376.78345680236816,209.33291625976562,56.34715,140.92453
380.3781547546387,207.87637329101562,59.430916,141.03268
388.43145751953125,208.21839904785156,57.372955,140.37918
400.12892150878906,207.40470123291016,52.882263,139.59563
413.8633613586426,208.13414001464844,50.096733,141.46994
427.90825271606445,208.4947052001953,44.846977,141.11642
436.93285942077637,206.78527069091797,48.54285,141.67339
447.29230308532715,207.35975646972656,45.94228,140.31915
455.7774658203125,205.61226654052734,46.308685,142.01717
463.46905517578125,205.97171783447266,45.859406,140.92555
468.72464179992676,204.47689056396484,45.199184,142.8217
473.00982093811035,204.61489868164062,42.324047,142.4274
475.4188823699951,204.99505615234375,41.252476,142.50323
478.8245372772217,204.36425018310547,40.851444,143.85735
482.9088077545166,204.419921875,39.318768,143.37909
485.021203994751,205.43115234375,39.32411,142.50421
487.62230110168457,206.93118286132812,39.425167,142.9701
492.392728805542,206.85906982421875,38.05176,143.90002
498.4335460662842,206.73368072509766,37.862827,144.54356
502.01587867736816,207.15760803222656,38.640118,144.08716
505.6542510986328,207.14703369140625,38.610107,144.19797
507.18919563293457,207.82652282714844,43.85406,142.97363
507.47024154663086,208.86228942871094,47.778847,141.99423
513.0593852996826,208.68953704833984,46.276554,141.11778
513.6638736724854,208.39202880859375,50.311443,141.41467
516.3162631988525,209.44515991210938,49.183636,139.43698
516.4914436340332,207.4197540283203,46.36315,142.13577
515.5970268249512,207.2042694091797,41.112526,143.57791
511.6321105957031,206.93567657470703,38.40503,144.76762
505.9563808441162,205.96607971191406,36.60387,144.88855
496.19959831237793,204.49427032470703,37.35001,145.81053
484.5485363006592,204.40079498291016,39.91791,144.68837
468.1987590789795,203.95245361328125,50.79041,143.1142
450.1012077331543,203.60779571533203,63.34205,143.62807
438.3269805908203,204.51329040527344,73.17941,141.91315
437.2276420593262,206.34678649902344,71.636024,141.42548
435.6061248779297,205.25294494628906,75.93799,141.46362
439.1702537536621,204.0032501220703,69.44981,142.20035
444.7291946411133,201.25447845458984,57.672745,142.55125
446.3916702270508,200.9431381225586,45.963394,143.44814
449.0274028778076,200.3653335571289,39.326145,143.59563
449.40933418273926,199.85728454589844,38.69418,144.36871
447.07931900024414,198.99191284179688,40.76287,145.94763
438.1628227233887,198.60535430908203,50.91944,144.67815
440.75903129577637,198.46407318115234,49.805943,142.43901
434.9901313781738,198.7580795288086,58.388878,142.62419
427.2278366088867,197.84078216552734,64.408676,142.96028
432.6362895965576,197.2652130126953,57.313633,145.68161
433.76632499694824,193.4459228515625,51.894993,150.26285
435.8282890319824,192.5072479248047,44.47657,150.62537
433.86448669433594,191.79248809814453,42.869995,150.83104
430.1750907897949,191.453857421875,43.86744,151.49384
420.6933422088623,192.08831787109375,52.665287,151.51172
414.61834144592285,193.2128143310547,57.797222,148.7092
412.59089279174805,192.98543548583984,62.255684,150.23698
417.8267517089844,195.87588500976562,58.44815,145.69983
414.23676109313965,195.9660415649414,62.074696,146.42805
411.02414894104004,193.91223907470703,52.81312,151.42253
414.7091484069824,192.21826171875,42.494484,144.44504
414.3250675201416,193.2622299194336,42.657085,146.24046
411.55732917785645,193.7021255493164,36.987545,152.97545
403.7570457458496,202.9498291015625,36.91346,140.75888
396.61560440063477,191.6385955810547,43.308617,151.1128
379.22957611083984,190.56480407714844,59.16304,149.6287
375.50959396362305,192.30279541015625,65.27357,145.48618
373.4259452819824,191.2876968383789,65.75761,146.20836
376.4010200500488,191.60054779052734,73.39028,149.11128
378.3456230163574,189.34713745117188,67.68284,149.29462
382.5133247375488,187.94351196289062,57.13598,149.55173
385.36659812927246,187.82093048095703,44.924152,148.6497
383.7938804626465,187.49317932128906,36.52726,151.02335
379.00898933410645,189.41427612304688,39.65353,148.93692
363.17237281799316,191.07392120361328,54.884106,147.43703
354.10649490356445,191.33912658691406,67.41219,149.12344
354.2715072631836,191.4525909423828,70.1046,146.61029
354.85304260253906,191.5,70.9989,144.77945
357.1247253417969,191.83692932128906,68.899506,144.15521
362.55565643310547,189.73026275634766,61.429703,146.201
364.45373344421387,189.51170349121094,51.478,145.3638
365.3963623046875,190.07176971435547,40.841644,147.25594
363.6460704803467,189.2920913696289,38.121067,148.71446
358.98986053466797,190.72999572753906,43.707626,148.40839
344.8848342895508,192.03629302978516,61.680923,147.24284
340.1078681945801,193.91751861572266,70.76684,145.6798
341.6028938293457,196.1004638671875,75.24572,142.3229
344.2362289428711,196.2892837524414,76.99913,141.73293
349.3034248352051,195.37403869628906,69.51092,142.5293
356.07864570617676,193.81228637695312,58.46774,141.67517
356.85227966308594,192.82589721679688,44.618225,143.54248
358.2236576080322,191.6948013305664,37.69697,145.10698
356.2757205963135,190.89156341552734,37.750683,145.38713
351.8245506286621,190.6549835205078,42.08561,143.91077
339.1874713897705,191.18385314941406,53.839626,141.18787
338.2930660247803,193.0066146850586,53.252247,136.80519
333.21029472351074,192.23121643066406,60.270756,137.86105
329.0039863586426,191.49728393554688,56.669273,137.67526
335.56246185302734,189.95716094970703,48.189896,140.1241
337.6255302429199,188.13126373291016,42.87455,140.24428
337.6395797729492,188.9247283935547,40.47322,138.29202
337.2748222351074,188.4452133178711,40.651436,140.07347
325.93622398376465,189.19263458251953,52.508686,139.43608
317.41822624206543,189.71299743652344,60.27228,139.0409
318.0641326904297,190.51204681396484,58.320312,138.74467
316.6505317687988,190.825439453125,64.207664,136.62366
318.5270080566406,192.210205078125,62.12976,135.32129
321.9579849243164,192.28988647460938,47.357132,135.7287
323.3236827850342,190.60140991210938,40.887638,136.92657
324.9053020477295,191.17416381835938,36.31003,135.72018
324.43420600891113,191.42411041259766,34.116665,135.70097
320.40218353271484,190.23145294189453,36.052994,137.90166
317.44864654541016,190.2658920288086,38.370865,136.46208
313.89049530029297,190.47645568847656,42.318924,136.74612
316.2200736999512,192.8215789794922,42.606728,133.98312
301.732234954834,189.0387420654297,54.716835,133.36731
302.71496391296387,187.15616607666016,49.142033,132.65453
305.6187057495117,185.13253784179688,43.67955,133.30313
309.0130424499512,183.03890991210938,35.88349,134.68503
308.92737197875977,180.64732360839844,33.776695,135.21078
306.6199264526367,179.2353515625,33.869247,136.5174
303.4750919342041,179.09320831298828,34.92555,137.49617
295.1539192199707,179.16368865966797,41.569084,135.76036
284.65976333618164,179.00189971923828,50.73745,134.41887
275.0844249725342,179.84381103515625,60.26752,134.44125
269.64764404296875,182.08010864257812,63.262512,133.1553
268.21495056152344,183.88591766357422,60.69809,132.72282
267.39561653137207,185.40784454345703,54.505947,132.18098
268.8334789276123,183.25234985351562,43.31632,133.38596
