118.0,69.0,114,162
104.7770767211914,84.1557846069336,139.58623,128.02077
106.6274185180664,81.9227294921875,136.05748,129.33679
104.95824432373047,82.26091766357422,138.19496,127.21364
105.00699615478516,82.7266845703125,138.4442,126.532715
104.6981201171875,83.1848258972168,138.47125,126.13615
105.47994232177734,81.43246841430664,137.52528,127.96404
104.90898132324219,81.98902893066406,139.03336,126.117096
104.46758270263672,82.58636856079102,139.8235,125.09051
104.23811340332031,82.1287956237793,138.2745,126.33018
104.11101531982422,82.4189224243164,137.83308,126.533676
103.36992645263672,83.7827377319336,138.88905,125.61195
103.1411361694336,83.9899673461914,137.86214,126.63493
102.5517349243164,85.12659072875977,136.62944,127.79772
100.59772491455078,86.05281448364258,137.50566,126.36501
99.02156066894531,86.07418060302734,137.80502,127.34938
97.58638763427734,86.77801132202148,137.35243,127.26246
94.86575317382812,87.4279556274414,138.36847,127.965256
92.81328582763672,89.31448745727539,137.50453,126.60235
89.85459899902344,89.54812622070312,136.59262,125.58252
87.83242797851562,89.84801483154297,135.646,125.32173
84.00446319580078,89.78380584716797,137.70567,125.18538
78.38294982910156,87.96644973754883,145.87308,119.69802
78.59345245361328,84.03582763671875,143.33519,123.056335
77.76085662841797,71.78319549560547,136.70784,146.5696
73.33937072753906,69.73916625976562,132.6315,198.09973
71.37232971191406,64.76521301269531,142.40439,213.9271
72.97781372070312,59.18053436279297,139.88068,222.88008
73.77586364746094,57.42920684814453,138.02365,224.30406
73.73241424560547,56.51183319091797,139.36665,225.7798
74.39379119873047,54.159339904785156,137.43019,228.8018
74.24406433105469,52.791282653808594,137.7767,229.16463
74.49412536621094,51.183387756347656,138.30984,230.11314
74.83712005615234,49.494544982910156,137.15755,231.66252
75.80088806152344,50.686553955078125,137.06015,229.94598
75.72888946533203,49.82024383544922,137.40129,231.05696
76.92848205566406,49.92961883544922,136.51358,231.06056
76.45242309570312,49.95653533935547,137.34985,231.64839
78.90177154541016,50.1705322265625,134.06456,230.87494
79.88842010498047,49.82408905029297,135.45912,231.07002
81.68297576904297,50.406654357910156,133.76076,230.9644
82.20507049560547,50.151824951171875,134.4474,230.78668
85.32865905761719,49.30089569091797,133.78116,230.96101
86.64057922363281,50.75471496582031,134.27481,231.63382
87.28874206542969,48.65308380126953,136.72134,233.40416
89.72190856933594,49.96806335449219,136.58487,232.65091
91.99273681640625,49.558387756347656,136.61292,233.20555
95.9414291381836,49.07866668701172,136.20595,232.92494
96.75123596191406,49.307960510253906,136.41806,232.09111
98.62916564941406,48.40647888183594,138.00784,234.01224
100.49042510986328,49.182891845703125,136.39714,232.95117
103.16250610351562,48.36369323730469,136.84113,234.07895
103.40117645263672,49.01434326171875,138.81654,233.15216
105.72250366210938,48.708160400390625,138.64624,231.5506
105.25953674316406,49.936439514160156,141.71616,231.273
108.0513916015625,50.61815643310547,140.41998,229.68953
109.68155670166016,52.314231872558594,139.83849,230.14455
108.47348022460938,53.0782470703125,141.54858,228.59125
110.88710021972656,54.333229064941406,139.16373,227.94695
110.47532653808594,56.728004455566406,140.35977,224.93303
108.51844787597656,59.27445983886719,142.22519,222.86288
110.9218978881836,62.169647216796875,138.75441,218.19012
110.15203857421875,64.74860382080078,136.3736,210.726
119.33522415161133,63.32658386230469,127.62588,193.91653
125.93577575683594,68.21997833251953,122.8284,158.22777
123.92179107666016,80.8742446899414,130.73119,134.40514
121.6177749633789,88.06603622436523,138.1992,124.01881
122.55534362792969,87.05458068847656,134.66513,129.78873
122.34008026123047,89.61634826660156,135.15077,130.11014
119.44906616210938,94.33378601074219,142.38983,123.78842
123.18510437011719,91.39616394042969,134.38864,132.56308
121.45931243896484,95.63371276855469,141.39223,123.256195
122.65050506591797,93.28280639648438,138.90376,125.96796
122.34828186035156,93.70829772949219,139.41965,123.85245
122.18755340576172,95.14939880371094,141.40761,120.83792
122.53947448730469,92.7690658569336,139.77377,125.133804
122.72370910644531,93.5181655883789,139.75113,125.82341
123.37097930908203,91.1395034790039,136.34618,127.40361
122.2361068725586,91.82614135742188,136.96022,129.72455
121.97604370117188,92.5089225769043,137.24426,126.136086
121.39862060546875,90.39835739135742,135.52826,126.51603
121.50209045410156,91.52459335327148,137.65488,120.32435
120.5577163696289,80.64791870117188,122.6104,145.5794
116.88410186767578,81.96810150146484,128.98979,139.37471
117.42463302612305,76.37953186035156,122.38029,151.67929
79.17796325683594,95.73448944091797,154.42514,142.35194
61.686676025390625,93.440185546875,166.26324,175.02399
48.84623718261719,102.34138488769531,161.83603,173.06808
49.9130859375,91.97438049316406,154.98273,169.60422
46.74345397949219,84.28279876708984,190.00351,160.21724
44.574432373046875,80.44816589355469,155.90253,166.30453
40.27891540527344,72.55613708496094,190.62411,170.39883
38.271728515625,68.1180191040039,170.40717,171.56364
35.738807678222656,68.0569839477539,201.62645,168.73424
34.107666015625,64.30827331542969,194.86029,173.53745
33.11559295654297,64.6419677734375,203.47066,172.67322
31.108673095703125,64.95913696289062,211.38501,169.591
31.667922973632812,62.73877716064453,206.8389,171.64159
32.423866271972656,63.56304931640625,206.96324,171.72162
33.12244415283203,63.792625427246094,208.88188,175.2389
32.771202087402344,63.07061767578125,195.65956,172.31714
34.973602294921875,61.73406219482422,199.81818,179.27193
34.875205993652344,65.12147521972656,205.37184,171.40982
35.472572326660156,64.45641326904297,201.74089,173.20436
34.771263122558594,62.97991943359375,198.67409,170.91461
33.337615966796875,63.579978942871094,203.89618,171.21059
33.83440399169922,63.61943054199219,202.96461,170.75327
34.37316131591797,64.52873992919922,198.65523,172.4283
34.81256103515625,63.81055450439453,202.68982,171.07988
34.88356018066406,64.81421661376953,200.28482,172.58812
34.88178253173828,64.42576599121094,195.70811,171.04141
35.81333923339844,66.84228515625,201.05112,174.70062
34.02454376220703,64.76249694824219,188.903,171.64969
35.51508331298828,65.42202758789062,196.687,175.86444
36.64875030517578,65.42436218261719,200.49956,174.06857
36.20491027832031,66.83048248291016,193.86844,172.49858
35.47114562988281,65.51890563964844,197.9393,174.71597
35.469627380371094,65.60834503173828,195.5613,173.00139
34.6025390625,64.79507446289062,199.75311,175.80981
35.01385498046875,65.68602752685547,194.20734,174.07271
34.55885314941406,66.02696990966797,199.7706,172.84987
33.001953125,66.13550567626953,190.66986,170.6298
34.726036071777344,69.1291275024414,196.44618,169.63475
33.91795349121094,67.04438018798828,199.04788,171.88945
33.931640625,66.09302520751953,200.46448,169.02214
34.052696228027344,65.02338409423828,201.13795,170.11876
33.65794372558594,64.3821792602539,190.7203,174.48094
33.559242248535156,65.34770202636719,200.51091,174.09451
33.81378173828125,64.8068618774414,198.26105,169.40611
33.68714904785156,64.58065032958984,190.13895,172.08632
32.937538146972656,67.03141021728516,200.5319,175.24113
32.167198181152344,66.2431869506836,188.38728,173.95937
32.761085510253906,67.17109680175781,200.49132,176.25766
30.582138061523438,64.55548858642578,192.29471,176.8167
33.044410705566406,66.52137756347656,187.60979,171.40927
32.78265380859375,68.76565551757812,181.51624,169.20947
28.06537628173828,72.70032501220703,158.99602,169.6375
24.534706115722656,83.79167938232422,176.19035,160.60487
24.77991485595703,91.0251235961914,173.90025,159.10008
33.38391876220703,90.98143768310547,175.9392,154.03029
26.45195770263672,105.44332885742188,185.37215,154.49963
86.41632080078125,82.72477722167969,145.60718,139.91672
75.51307678222656,92.29391479492188,159.15433,123.534
75.49119567871094,95.21015167236328,157.9064,120.69145
98.92045593261719,88.77646255493164,136.99643,125.28857
96.68016815185547,91.40539169311523,139.76888,124.015755
97.95289611816406,89.23258209228516,136.95462,124.22197
96.6010513305664,92.12715148925781,140.31621,122.79422
95.58299255371094,88.92921829223633,137.35196,127.39571
94.52668762207031,90.60021591186523,137.56119,126.259834
93.9771957397461,91.4383316040039,137.8014,125.08348
93.9639663696289,91.59407043457031,136.75053,125.53848
93.11837768554688,91.51770782470703,137.87366,124.987595
92.38018035888672,89.3303108215332,136.73158,126.891685
91.96704864501953,90.27599334716797,137.39061,126.36165
91.13945770263672,90.13555145263672,138.1805,125.647415
90.9970703125,90.31330108642578,137.41577,125.944565
90.12995910644531,90.45840072631836,139.27945,124.90595
90.18821716308594,89.92572021484375,139.07535,125.39673
90.29231262207031,89.31767654418945,137.96286,125.98904
90.0605697631836,89.99589920043945,138.76375,124.58175
90.14717864990234,90.68649673461914,138.92604,123.45312
90.38922119140625,89.49242782592773,137.93,125.865425
91.01615905761719,89.22764205932617,137.03232,125.31187
91.19160461425781,88.46395111083984,135.78922,126.9142
91.14572143554688,90.25437927246094,137.02539,124.85147
92.75948333740234,88.88761520385742,135.65059,127.720924
92.81580352783203,87.01939392089844,135.3751,131.2117
92.93280029296875,88.10684204101562,137.39575,127.958496
94.33219909667969,85.98531341552734,131.00845,131.63435
93.23118591308594,88.89340209960938,136.78629,131.94586
113.60448455810547,97.8306884765625,136.30995,146.95349
142.18067932128906,104.69599914550781,134.9545,161.40738
142.26055908203125,124.52729034423828,150.52002,155.53392
125.65299224853516,106.71752166748047,163.22221,173.00917
137.98462677001953,106.40019226074219,154.18443,174.81711
145.68701934814453,100.5796127319336,144.1162,179.45644
144.00746154785156,98.40882110595703,142.50491,182.60753
133.19915008544922,95.57210540771484,151.19246,182.59328
118.05376434326172,88.13273620605469,159.98586,189.79086
122.28273010253906,88.84304809570312,161.70798,183.64868
119.80992126464844,91.41572570800781,164.02548,185.99191
100.8467788696289,84.87877655029297,179.52483,182.33968
112.37417602539062,86.82378387451172,175.60309,189.41261
95.14059448242188,89.14100646972656,188.91034,177.7756
96.17803955078125,80.67979431152344,186.01105,187.70529
96.70346069335938,79.3735122680664,190.20508,194.48228
98.65743255615234,80.0453872680664,188.0331,192.24333
107.77803802490234,78.6953125,172.33302,196.05078
110.39173126220703,86.15020751953125,173.70811,186.95953
97.31344604492188,88.31877136230469,184.55682,184.73703
104.45598602294922,85.59002685546875,178.90388,190.08124
98.65841674804688,86.56717681884766,186.04993,184.58714
111.23534393310547,85.0174331665039,175.38655,190.77238
97.08590698242188,85.85689544677734,188.56671,187.14516
104.64605712890625,81.94396209716797,182.62476,193.73134
104.79597473144531,84.11908721923828,181.40012,190.33232
102.75102996826172,86.05693817138672,183.58534,187.74037
114.08036041259766,89.33768463134766,171.2808,184.96312
99.55020904541016,87.57362365722656,182.88414,183.47342
111.40826416015625,84.0355224609375,174.5581,194.39655
99.44392395019531,87.35797119140625,185.35104,186.25537
131.07555389404297,87.93870544433594,155.33803,189.10483
109.32511901855469,89.15254211425781,177.84366,182.45059
107.79617309570312,91.32904052734375,177.8139,183.94269
98.14995574951172,87.43866729736328,186.33186,187.10423
120.48309326171875,87.38581085205078,165.45154,189.61015
98.7930908203125,90.56895446777344,183.70105,181.03055
107.5306625366211,89.19247436523438,177.20656,186.91876
97.08570861816406,90.27796173095703,187.52383,184.16838
120.9550552368164,89.76599884033203,165.47868,188.74443
99.22969818115234,87.71913146972656,182.24721,188.03873
117.16702270507812,85.5351333618164,163.73724,193.29509
99.2987289428711,87.94232940673828,182.53468,190.81694
107.4771957397461,87.79993438720703,174.61427,191.32664
100.4523696899414,88.87461853027344,179.80913,185.32724
113.10225677490234,88.23261260986328,168.36171,191.89531
99.5315933227539,88.06907653808594,181.78722,189.3859
98.61349487304688,86.75643157958984,184.16626,189.88795
106.89044189453125,87.8023452758789,176.23932,189.72655
100.24884796142578,91.0597152709961,174.26097,182.01332
100.33554077148438,82.0013198852539,167.90833,193.9727
105.64262390136719,86.67359924316406,172.83035,189.71616
133.86139678955078,92.94242095947266,151.4871,188.38567
123.51104736328125,92.82316589355469,162.38751,184.52481
129.97915649414062,97.96784973144531,157.68182,181.37454
136.48177337646484,102.67810821533203,152.21443,176.27849
148.45368194580078,108.26763153076172,138.94328,167.33223
136.35022735595703,107.24655151367188,152.14665,162.44635
144.82738494873047,105.66078186035156,142.34999,169.788
148.1343765258789,113.95186614990234,140.03966,157.35805
149.19020080566406,110.26309204101562,135.40414,164.69415
123.08702087402344,74.39753723144531,142.4755,165.2222
139.47689819335938,101.8840103149414,134.96594,171.71086
125.24590301513672,74.5289306640625,132.37404,177.7857
97.87079620361328,55.002418518066406,124.82158,148.77391
93.76632690429688,63.423500061035156,136.78284,130.88005
92.7545166015625,66.60508346557617,137.336,127.97831
93.74342346191406,67.00138092041016,137.69217,127.14171
94.37896728515625,66.71080017089844,133.96973,130.31326
93.9798583984375,69.2399787902832,136.52686,126.12264
93.61936950683594,70.1680793762207,136.14944,125.87978
93.52227020263672,70.62290573120117,137.32478,126.32993
93.76272583007812,72.09103775024414,138.18817,125.97112
94.91832733154297,72.29494094848633,137.55275,126.215965
95.74945831298828,73.74118041992188,138.0944,126.0094
95.51201629638672,73.74831008911133,138.566,127.272545
96.95620727539062,74.3956413269043,137.65942,127.93247
97.68826293945312,75.22030258178711,138.1449,127.46241
98.32688903808594,76.2773666381836,138.02884,128.12624
98.65679931640625,76.69108581542969,137.90985,128.45792
98.57706451416016,76.4249496459961,136.90782,129.63637
98.74192810058594,77.49249267578125,136.96744,128.54474
98.94772338867188,79.28269958496094,138.1355,127.83743
98.83372497558594,80.05009841918945,138.08865,127.44936
99.3521957397461,81.98650360107422,138.3144,126.84407
98.1859359741211,82.98766326904297,138.80104,126.85841
99.359130859375,82.43216705322266,137.19647,127.659225
98.55647277832031,83.33364486694336,138.514,127.477
98.0019302368164,84.02210998535156,139.08586,127.03659
97.35678100585938,84.91276168823242,138.4068,127.77738
96.70030975341797,86.65829086303711,139.64601,125.8169
96.06568145751953,88.4841423034668,140.53569,124.633095
97.06173706054688,88.94174575805664,140.10852,124.75091
96.99752044677734,88.02977752685547,138.25081,127.89198
96.8171157836914,89.32837295532227,139.91118,126.01122
97.21528625488281,89.63942337036133,139.9017,124.964195
96.74784088134766,88.87786102294922,138.31474,126.50093
97.46349334716797,89.98049545288086,138.70888,122.818306
97.19926452636719,89.95329284667969,139.05338,124.84335
95.264892578125,89.85604858398438,141.7663,124.600464
93.80145263671875,88.45867919921875,141.60077,125.38519
95.84656524658203,85.22483825683594,142.88286,124.44992
97.21154022216797,78.89692687988281,135.35622,135.33548
90.92726135253906,77.80014038085938,133.88437,182.13696
88.36930847167969,67.62925720214844,139.25467,214.32303
90.8875503540039,64.34662628173828,134.66362,217.44713
89.53001403808594,65.35220336914062,136.31345,217.12494
89.0296401977539,65.98489379882812,138.01225,218.20715
87.93627166748047,64.6845474243164,137.68245,218.52983
87.83150482177734,67.16340637207031,138.3567,215.38205
87.30288696289062,65.50041198730469,139.01434,216.99753
86.86288452148438,66.17442321777344,137.43854,215.80582
86.46892547607422,66.03186798095703,138.36458,216.01451
86.4872055053711,65.59074401855469,137.77425,216.33463
86.25840759277344,67.74019622802734,136.52078,215.68044
85.0443344116211,67.41509246826172,138.16194,215.64003
85.03205108642578,68.34081268310547,137.90294,214.91194
84.88550567626953,67.91584777832031,136.23277,214.98782
84.6627197265625,68.38581848144531,136.37018,213.65604
84.83660125732422,67.79371643066406,135.86049,215.69284
84.41400909423828,68.02338409423828,136.59746,214.07524
83.83363342285156,68.5272445678711,135.4285,213.99092
83.85193634033203,68.0533447265625,136.75175,214.4975
84.16288757324219,69.08548736572266,135.10507,212.70976
83.9014663696289,69.10862731933594,135.18394,214.55545
84.19804382324219,69.1826400756836,136.86215,213.56984
84.06285858154297,68.57014465332031,135.97536,213.18875
83.12755584716797,67.59210205078125,136.33742,214.07196
83.63882446289062,69.48896026611328,135.72638,213.43242
83.53105926513672,68.1723861694336,135.55055,213.9181
83.00328826904297,67.63021850585938,135.73964,213.77411
83.39543914794922,69.15087890625,136.10677,213.67603
83.3930892944336,68.420166015625,136.07936,213.50513
83.63845825195312,69.12132263183594,135.28125,213.5961
83.39812469482422,68.14299774169922,134.95442,213.40077
83.08164978027344,69.868896484375,136.57645,212.90894
82.99063110351562,68.14541625976562,136.56415,213.59424
82.69525909423828,68.67998504638672,134.90123,214.7256
82.31394958496094,67.77670288085938,137.50937,214.44342
82.82196044921875,67.07603454589844,136.71747,214.40176
83.29402160644531,66.98998260498047,135.55118,215.68495
82.40381622314453,67.03669738769531,136.62254,215.89664
82.5376205444336,67.92112731933594,138.13777,215.03055
81.55445861816406,66.46605682373047,137.56833,216.45375
82.70604705810547,67.32858276367188,137.02815,215.193
81.79231262207031,67.6368408203125,137.29477,215.80225
81.12896728515625,66.451416015625,138.42944,217.27081
82.12000274658203,67.62895965576172,137.53947,216.14961
83.39501190185547,67.05432891845703,136.62251,216.31285
77.60234832763672,68.89349365234375,140.98036,211.70978
83.93124389648438,66.78720092773438,134.85522,199.9837
93.52890014648438,66.98976135253906,127.181274,161.84158
91.30397033691406,81.16705322265625,130.5795,137.48834
88.32667541503906,88.1064453125,136.37143,131.19275
86.4303207397461,91.97373580932617,140.22945,126.70292
86.27576446533203,90.8123664855957,138.4132,126.72372
85.70957946777344,91.87032318115234,138.32248,126.46901
85.57257080078125,89.55941772460938,136.48157,128.81195
83.70783233642578,91.2452507019043,138.05223,127.32194
82.82469177246094,91.05061721801758,137.30435,127.57931
82.00370025634766,91.28899002075195,137.66508,127.529686
81.77072143554688,91.4855842590332,137.30927,127.85128
80.91647338867188,91.87931060791016,138.37445,127.14836
79.49421691894531,90.41155624389648,138.31699,127.88459
78.5629653930664,91.7829704284668,138.35283,126.36405
79.85795593261719,90.35038757324219,136.18307,128.21005
77.88646697998047,91.73566436767578,138.55843,126.438156
77.75382995605469,90.94034576416016,136.89853,128.03966
76.59590911865234,91.1496810913086,137.4363,128.28139
75.9331283569336,89.8852767944336,136.54842,128.4452
74.0560531616211,90.63800048828125,136.9698,128.3125
72.09711456298828,92.20324325561523,137.96465,126.492195
71.18793487548828,92.9376220703125,137.62968,126.77301
70.02153778076172,93.46596145629883,137.51125,126.73037
67.24332427978516,92.9024543762207,138.39427,127.743126
66.73470306396484,92.24080657958984,137.17824,128.8874
64.7897720336914,91.04133605957031,138.14317,130.3389
62.271575927734375,90.17271423339844,140.38593,131.72061
43.440834045410156,93.75618743896484,160.31956,127.77168
44.39537048339844,89.37733459472656,156.60574,129.29306
77.45055389404297,70.6198501586914,118.28102,148.90172
51.273468017578125,82.93818664550781,143.7933,136.05026
67.76603698730469,78.02059936523438,125.083374,142.06158
17.26848602294922,87.94303894042969,171.6447,138.29684
13.940383911132812,85.2066879272461,164.48822,162.83089
5.390953063964844,85.14747619628906,178.53581,170.59244
5.437782287597656,82.94862365722656,182.62276,175.50534
3.779449462890625,79.3525390625,183.57114,176.70996
2.9288406372070312,80.0522232055664,189.4048,173.84929
3.8284759521484375,79.94580841064453,186.52667,172.93657
5.5385894775390625,77.00548553466797,180.55359,178.31221
3.8901901245117188,75.36676025390625,186.56737,178.16003
4.5170440673828125,73.37245178222656,178.2127,177.93777
4.2227935791015625,73.29407501220703,188.07227,177.60246
4.13470458984375,71.53227233886719,186.10825,178.7916
4.0706939697265625,70.8624496459961,185.11304,177.51088
5.78253173828125,70.06988525390625,194.25546,177.27692
7.276069641113281,68.5262451171875,189.16487,182.09271
6.517265319824219,66.9856948852539,188.34215,181.43272
5.788993835449219,68.77507019042969,191.33537,178.61154
4.412353515625,68.07050323486328,187.20169,178.16496
6.230415344238281,69.38251495361328,196.83797,172.58293
5.5062408447265625,65.06814575195312,190.30078,178.25012
6.6576385498046875,67.08989715576172,197.36597,175.35219
7.180702209472656,66.16988372802734,190.94173,175.60109
7.051277160644531,66.67831420898438,198.11916,176.69446
8.913162231445312,66.3638916015625,197.33551,178.35657
7.492134094238281,65.41029357910156,199.50471,177.95999
8.6824951171875,66.47916412353516,193.71646,178.33226
8.546966552734375,67.45758056640625,201.90054,176.36835
9.079864501953125,64.82427215576172,199.10965,177.66554
8.574378967285156,62.793670654296875,200.89192,178.72766
8.99810791015625,61.478843688964844,199.83566,178.68282
9.668617248535156,61.236000061035156,204.48268,177.34605
10.642982482910156,60.08673858642578,201.59187,180.00743
11.085235595703125,58.75737762451172,196.25186,179.33119
11.550071716308594,61.41648864746094,197.2086,173.70114
11.909278869628906,59.963050842285156,200.72633,169.59843
12.498336791992188,62.02722930908203,194.89398,173.02306
11.325935363769531,61.1702880859375,200.9178,176.0058
13.113075256347656,59.55120086669922,202.9175,174.0915
11.703224182128906,61.05621337890625,201.36165,172.8706
12.093666076660156,58.42235565185547,198.05513,179.39058
13.343124389648438,59.579124450683594,200.3335,173.62953
8.477813720703125,60.58302307128906,191.98416,175.64914
15.376495361328125,64.9450912475586,193.94833,175.31715
9.921218872070312,63.693336486816406,196.45886,173.46349
11.050979614257812,66.25093078613281,194.75641,177.16336
9.012336730957031,70.40105438232422,201.64027,168.10371
9.065139770507812,75.33194732666016,200.76843,167.10912
6.990119934082031,78.38356018066406,201.24348,160.17612
7.3635406494140625,88.49483489990234,198.38776,161.83076
6.1530914306640625,86.07599639892578,199.32703,157.94212
6.616645812988281,94.00608825683594,193.5616,157.20749
21.393630981445312,90.99138641357422,188.64874,143.92201
68.6116714477539,73.59413146972656,152.69435,133.70364
84.87403106689453,78.6504020690918,138.22713,127.44077
82.09902954101562,85.89509582519531,143.36227,123.47006
86.21520233154297,86.00383758544922,139.81847,121.46785
87.23200225830078,80.2275619506836,137.43782,127.60664
85.20111846923828,82.93234252929688,140.19075,127.74414
83.79263305664062,85.09561920166016,141.06888,125.01286
84.0339126586914,83.64409255981445,137.99251,126.80392
83.10712432861328,83.67652130126953,137.79762,126.788925
82.37049865722656,85.03215789794922,139.53662,126.6938
82.33686828613281,87.21463775634766,139.9892,125.47917
81.86040496826172,87.64200592041016,138.96361,126.267685
81.57921600341797,89.22540664672852,139.75731,125.05157
81.49038696289062,89.42926788330078,138.21378,128.19731
80.88581848144531,91.72330093383789,139.48639,125.863396
80.10269927978516,92.81342697143555,139.23659,127.33665
80.544921875,94.62506103515625,139.92545,125.8692
80.76622772216797,94.92813110351562,138.36693,128.10712
80.65805053710938,96.61978530883789,139.17459,126.101494
80.48783874511719,97.42620086669922,139.90472,125.172195
80.9625244140625,97.5847282409668,139.86191,125.341774
80.95243835449219,96.4910659790039,138.50244,127.72209
80.53129577636719,97.47132873535156,140.63092,125.695465
80.83244323730469,96.4153938293457,138.96124,127.14358
80.50415802001953,96.2790756225586,139.61476,126.20882
80.85564422607422,94.85681915283203,137.7022,127.7509
80.15137481689453,95.89845657348633,139.20015,124.87466
81.2208480834961,96.07688522338867,137.22118,125.54264
82.01435089111328,95.9278678894043,137.42274,126.031044
82.38005065917969,92.94628143310547,134.54932,129.93788
82.36163330078125,92.12928009033203,134.34433,129.15996
81.72810363769531,94.69647216796875,138.3833,123.54547
84.1522445678711,90.90308380126953,132.6267,131.75822
89.6697006225586,94.64225769042969,136.41978,139.59146
111.59724426269531,118.29515838623047,146.80658,144.20222
116.89751434326172,116.6681137084961,145.24596,148.64424
112.59056854248047,108.3531723022461,153.10796,165.44527
145.4424285888672,126.05810546875,136.57733,156.52734
137.02043914794922,122.4301528930664,141.4741,158.59093
138.94680786132812,113.9367904663086,138.70456,166.615
133.8732681274414,106.37846374511719,143.4593,173.26791
139.2105255126953,100.91944122314453,138.9978,178.97105
134.3982925415039,98.35320281982422,146.04298,181.4062
116.49087524414062,90.28083801269531,160.58871,188.96872
92.7420654296875,84.37633514404297,183.397,189.76808
112.55215454101562,85.24955749511719,168.2615,190.10709
90.916259765625,81.6024398803711,187.94241,188.48592
106.96409606933594,79.39971923828125,168.42377,184.28424
95.6149673461914,79.96218872070312,183.05446,188.51636
102.01620483398438,77.7999267578125,174.86734,188.80872
98.90038299560547,79.63540649414062,177.60802,189.93695
104.60540008544922,79.83940124511719,172.192,184.89993
99.84003448486328,80.29994201660156,176.60121,188.73068
108.02040100097656,80.24011993408203,168.77374,186.31236
111.50269317626953,82.12517547607422,165.54683,186.41829
89.62088012695312,79.69184112548828,187.15878,185.81432
106.8511734008789,79.59973907470703,168.17488,184.82262
107.60489654541016,79.26212310791016,169.06801,187.56725
91.61663818359375,79.58084106445312,184.79788,185.21442
124.31513214111328,81.87112426757812,151.917,180.81793
114.64167785644531,81.36004638671875,160.94678,183.6347
88.11051940917969,78.64273834228516,187.61395,188.99974
104.94379425048828,78.22159576416016,169.636,187.14378
109.30036163330078,80.75560760498047,166.59505,186.11568
88.1314926147461,80.72798919677734,187.28935,187.78035
115.40435028076172,78.99433135986328,158.32744,187.19225
86.79829406738281,78.698486328125,188.63776,189.39917
118.93646240234375,81.7491455078125,155.60129,181.1576
93.78075408935547,82.1239013671875,182.42119,184.00604
96.66056060791016,80.97039794921875,176.7353,182.05865
102.46907806396484,79.4898452758789,170.79466,188.72246
108.60884094238281,79.78324890136719,166.07953,188.50626
88.55335235595703,80.2438735961914,187.25856,185.53575
102.13677215576172,77.26537322998047,171.22844,188.13942
98.56369018554688,78.79725646972656,175.64432,186.5361
92.953857421875,78.70306396484375,180.40103,184.97461
107.95890808105469,78.35611724853516,165.19342,186.83244
90.72254180908203,78.81330871582031,184.34718,189.04959
97.0594253540039,78.68232727050781,176.44118,185.10129
94.36333465576172,77.40438079833984,179.98198,187.41585
94.73403930664062,77.74333190917969,179.4448,187.15475
91.39910125732422,76.50848388671875,182.75182,186.95215
95.4115982055664,79.38652038574219,177.99251,187.07126
89.43659210205078,80.0762710571289,184.97981,181.252
101.75511932373047,79.4909896850586,171.70189,185.48842
104.2872085571289,79.17808532714844,169.77547,188.13657
93.38616943359375,78.94253540039062,180.3522,186.88312
95.67753601074219,78.353271484375,176.4353,184.98663
93.90174102783203,78.19434356689453,179.3246,185.67387
91.51718139648438,76.65206909179688,180.49728,186.40704
106.1248550415039,79.474365234375,166.08241,189.49646
91.70152282714844,79.4996566772461,182.81586,182.53633
91.36597442626953,77.0548095703125,181.37727,185.77802
96.05641174316406,78.51805114746094,176.19641,186.85318
88.7481460571289,77.61763763427734,183.94081,185.65248
91.35127258300781,78.48340606689453,179.41449,185.76976
107.38605499267578,79.06465148925781,164.78761,187.78934
94.55402374267578,78.87176513671875,179.33174,188.07489
88.39544677734375,77.56697082519531,185.25607,187.15298
100.37313842773438,80.31561279296875,172.01297,187.01404
97.74024200439453,79.93022155761719,175.93251,185.25314
91.28205871582031,78.33248138427734,181.36938,185.92134
94.44464874267578,81.34252166748047,176.24818,185.94704
92.98750305175781,80.12890625,179.16168,184.8476
88.06427764892578,77.13162231445312,183.02736,187.64893
97.13549041748047,79.15978240966797,172.34843,189.3769
105.22684478759766,79.9410171508789,164.85481,190.78728
91.30194854736328,80.15644073486328,180.24635,187.69951
96.64202880859375,78.71279907226562,172.4946,188.30273
96.2825698852539,78.72032928466797,172.5887,190.85286
92.9079818725586,78.46308898925781,174.23485,192.11038
93.0488052368164,77.63975524902344,175.26234,192.389
92.37748718261719,77.51329803466797,174.72974,193.95064
95.03422546386719,77.54905700683594,171.24878,191.06436
96.8083267211914,76.91494750976562,169.09059,193.41467
100.25927734375,77.93585968017578,166.1213,191.5532
98.36683654785156,77.83721923828125,168.5586,191.96478
104.00338745117188,77.46412658691406,162.02115,193.09647
100.11497497558594,77.0009765625,166.31372,195.55017
98.46659851074219,76.70454406738281,167.92657,195.64108
101.3325424194336,76.3531723022461,163.67766,196.24818
98.7647476196289,78.74010467529297,164.79744,192.47328
100.01134490966797,77.87841796875,163.70592,191.68243
99.16197967529297,78.71139526367188,162.94926,193.16278
97.90374755859375,79.80069732666016,163.58084,192.84294
98.64530944824219,78.51077270507812,164.93915,194.2016
100.49979400634766,79.62969970703125,161.41011,192.7594
103.67583465576172,79.8158950805664,158.66716,194.45335
99.14441680908203,78.78717803955078,165.3047,195.2097
97.2492904663086,77.22918701171875,164.94829,197.54346
103.25167083740234,80.31230163574219,158.92094,193.3505
97.66744232177734,78.42091369628906,165.24211,195.16226
102.77706909179688,80.45540618896484,161.18271,193.40828
98.36100006103516,79.10107421875,166.29012,197.37732
98.00264739990234,78.31952667236328,165.05089,195.9564
97.6009750366211,77.46269989013672,165.01122,195.282
98.6795425415039,79.79075622558594,163.01405,194.05276
97.4121322631836,79.17403411865234,165.75291,195.76558
101.22714233398438,79.98268127441406,161.84225,193.7012
97.43079376220703,79.2501220703125,166.19875,194.48413
97.92435455322266,79.65138244628906,164.25203,193.01724
97.03595733642578,79.29661560058594,165.67622,195.02078
98.29729461669922,80.03585815429688,164.70305,194.875
94.86787414550781,79.76110076904297,167.27478,195.81276
99.5411605834961,80.10587310791016,162.00139,192.98637
95.13951873779297,80.54593658447266,166.24852,194.2202
98.34135437011719,80.23998260498047,164.49182,193.20259
95.97643280029297,81.36463928222656,165.80309,194.4412
95.52266693115234,79.43449401855469,166.41045,194.37509
95.02147674560547,79.29515838623047,166.3521,194.52821
95.82362365722656,79.5514144897461,164.89825,193.93599
94.500732421875,78.09554290771484,166.51212,195.4933
94.3927001953125,79.89566040039062,165.73239,194.25214
95.7948989868164,80.1417465209961,165.12355,193.27565
94.12152862548828,79.22701263427734,167.78749,194.72261
96.65977478027344,80.28679656982422,163.55212,192.11256
93.75574493408203,80.5455551147461,166.49257,194.31007
94.77949523925781,81.34739685058594,165.99493,192.75766
96.22406005859375,82.03157806396484,165.84915,192.334
92.87569427490234,81.57341766357422,168.38469,192.32088
93.122314453125,82.19583892822266,168.01633,193.23491
95.45479583740234,83.0535888671875,166.45964,190.28436
95.5245361328125,83.54927825927734,165.79025,191.82124
93.54254913330078,83.8297348022461,167.92482,191.79945
97.26441192626953,84.59252166748047,162.46559,190.21706
95.26676177978516,83.26834869384766,165.8539,192.43645
95.0998764038086,83.84188842773438,165.55846,191.46191
97.3653335571289,82.25682067871094,164.19539,191.93289
94.08934020996094,82.6733169555664,166.77313,193.42418
97.24398803710938,83.95077514648438,163.55032,192.73816
94.62674713134766,84.8293228149414,165.66902,190.2517
100.7983627319336,86.17427825927734,160.1859,191.17366
93.39424133300781,84.040771484375,169.29645,192.56976
95.82492065429688,83.81478881835938,163.25974,192.69305
99.0566635131836,82.34526062011719,157.89336,196.31241
93.37837219238281,78.41783142089844,153.08722,198.9249
101.09703063964844,80.82157897949219,158.3855,200.37448
92.80575561523438,78.30162048339844,140.96231,200.50156
93.37068939208984,77.93828582763672,129.16539,197.2679
95.61820983886719,82.79255676269531,147.55951,195.95438
94.55855560302734,79.98597717285156,153.12456,201.07846
92.52191162109375,79.35087585449219,143.72086,201.32883
92.70659637451172,81.13119506835938,143.89,199.79205
91.43291473388672,81.0727767944336,146.5606,199.65614
91.36620330810547,84.23362731933594,141.21288,186.07547
91.03633880615234,83.55218505859375,135.0825,194.71649
88.02102661132812,88.24250030517578,128.89102,143.6762
86.22941589355469,103.51539993286133,135.7691,126.256676
86.54644012451172,104.9182014465332,135.63707,126.32766
85.8448257446289,105.70101928710938,137.70186,124.7478
86.4281997680664,105.11703491210938,137.20802,126.74097
87.15849304199219,104.25067520141602,135.93982,127.04034
87.28392028808594,104.95058822631836,136.21777,127.30903
87.82197570800781,105.55572891235352,136.32208,126.4699
89.0688247680664,106.36860275268555,136.80635,124.42826
89.8943862915039,104.56789779663086,135.47566,126.58143
88.17858123779297,106.70852279663086,137.8098,123.95643
88.0823745727539,107.51501083374023,138.9875,122.80457
89.47005462646484,106.84513473510742,137.16136,125.04203
89.77560424804688,106.85183334350586,135.86246,125.93061
89.68687438964844,107.17460250854492,137.3338,125.05595
89.78422546386719,106.25515365600586,136.77985,125.643135
89.48397064208984,107.01153564453125,138.31511,124.29822
89.60400390625,107.3757095336914,138.19632,121.95097
89.24243927001953,108.08258819580078,138.20137,123.03752
90.59553527832031,105.008544921875,138.2091,124.83124
84.64308166503906,107.930908203125,147.99933,123.04816
93.19419860839844,99.86483001708984,135.10547,127.89516
92.7888412475586,96.447021484375,134.03429,135.02515
89.42400360107422,82.46286010742188,126.60759,175.79102
82.35112762451172,82.06804656982422,132.34312,198.12202
82.68231964111328,77.98722839355469,135.35396,205.42062
80.69783782958984,75.64656829833984,140.9724,206.08632
80.69271850585938,74.35153198242188,140.08316,209.24542
82.60978698730469,74.94355010986328,139.11768,207.20482
83.97792053222656,74.68836975097656,137.45184,209.08536
82.89977264404297,74.32276153564453,138.333,208.3817
84.17420196533203,74.0583724975586,136.40388,208.2654
84.93607330322266,74.80703735351562,135.94264,208.33972
84.57424926757812,74.39193725585938,136.66916,209.58276
83.60516357421875,73.62171173095703,138.17789,207.32622
81.03485107421875,73.5110855102539,139.46036,209.14995
83.2590103149414,74.39349365234375,136.4529,209.35278
82.70196533203125,74.36974334716797,137.64597,209.11195
81.8965835571289,74.72044372558594,137.20528,207.9385
82.49586486816406,74.26655578613281,136.33087,209.5499
81.68250274658203,75.03661346435547,136.93721,208.28633
81.87081909179688,74.20901489257812,137.52194,207.5722
82.96491241455078,75.05260467529297,136.77968,207.57747
82.41112518310547,75.06729125976562,135.41356,208.48334
82.04235076904297,75.15434265136719,136.4279,208.94388
81.45343780517578,75.6756820678711,136.59053,206.40742
82.55066680908203,75.56011199951172,136.1739,208.04866
82.19636535644531,75.71662902832031,135.28003,207.76382
82.84027099609375,75.84330749511719,134.9465,208.15897
82.5228271484375,75.97933959960938,134.97757,208.393
82.5650405883789,75.09102630615234,134.2469,205.62416
82.31555938720703,75.0413589477539,135.31868,208.87083
82.79639434814453,74.8798828125,134.90315,208.57483
83.14799499511719,74.73062133789062,133.81317,209.32062
82.9898910522461,75.04732513427734,133.68657,208.96559
82.69173431396484,74.9705810546875,134.82176,207.97705
82.98230743408203,74.84073638916016,134.6302,208.40923
82.94252014160156,73.81893920898438,134.94849,210.05823
83.39031219482422,74.13400268554688,134.68102,209.73792
83.54405975341797,73.71692657470703,135.14537,209.31139
83.99549865722656,74.36314392089844,132.27075,209.29465
83.12360382080078,74.51073455810547,135.5284,208.266
83.81572723388672,73.84713745117188,133.9038,209.58698
83.96858215332031,74.810546875,133.60077,208.7102
83.92382049560547,74.41813659667969,133.72966,209.47238
83.47250366210938,74.29945373535156,135.28928,209.67819
84.09439849853516,74.751953125,134.59688,209.24506
84.04517364501953,75.19249725341797,134.20656,208.76216
83.28205871582031,74.55081939697266,135.03528,208.29295
83.72508239746094,74.38624572753906,134.97986,209.26004
82.5436782836914,73.92010498046875,135.44203,209.2843
83.2286376953125,73.30860137939453,135.35916,210.45842
83.55093383789062,73.70201110839844,135.64285,209.587
83.61748504638672,73.49372863769531,135.96092,210.33487
84.34613800048828,73.2557144165039,135.41072,210.86833
83.07334899902344,73.54898071289062,136.27936,211.03882
83.53130340576172,73.0786361694336,135.3881,207.8987
83.57262420654297,73.03365325927734,134.26659,209.06892
83.67256927490234,73.14130401611328,134.67332,209.31944
82.45755004882812,73.6994857788086,135.28189,209.37386
81.67379760742188,73.98635864257812,134.98898,209.15002
79.58708953857422,73.22216796875,136.41435,209.44135
77.29894256591797,71.9632797241211,137.41039,211.07326
76.87261199951172,73.35356903076172,137.48601,210.3011
74.15184783935547,74.22615051269531,138.89989,206.89609
72.54422760009766,74.1637954711914,138.68544,207.46635
67.70146179199219,77.19593048095703,142.86908,206.31761
65.24532318115234,77.27814483642578,143.42137,202.84569
69.6906509399414,78.92952728271484,138.17519,190.74544
78.65003204345703,79.6129379272461,125.283646,164.28035
74.05420684814453,97.71780395507812,135.24117,129.8601
70.47856903076172,101.8196029663086,141.17845,119.0807
68.33428192138672,103.90558242797852,139.82286,117.1325
65.99982452392578,103.26326370239258,141.40858,114.304924
68.50354766845703,97.92000579833984,133.96092,123.93843
67.20648956298828,101.74242401123047,136.4987,121.80568
57.275657653808594,100.26774215698242,143.2845,123.26444
46.612754821777344,103.58297348022461,153.40852,121.43403
33.868202209472656,106.5759506225586,165.61491,118.98909
53.18683624267578,91.35807800292969,143.92107,131.61093
27.792892456054688,101.12113571166992,165.43527,127.37333
49.39463806152344,91.36771392822266,144.15933,136.14732
69.88381576538086,86.70353698730469,127.39472,137.45676
53.629364013671875,87.1739501953125,138.97064,136.23224
12.396568298339844,92.33758544921875,169.92943,144.05176
2.0367584228515625,92.63732147216797,183.34741,172.32545
3.6994247436523438,89.49763488769531,186.07408,178.3179
2.012237548828125,78.61185455322266,183.83151,192.83348
2.4215927124023438,78.96852111816406,185.81456,189.45218
2.295318603515625,74.75756072998047,188.49844,191.19484
3.3220977783203125,73.79470825195312,186.68298,190.92596
0.8449630737304688,72.43107604980469,189.45103,190.03134
2.2967681884765625,71.35700225830078,189.29022,189.62358
2.0210647583007812,69.98280334472656,193.05208,187.7905
0.936004638671875,69.5848617553711,191.47855,186.64796
1.0537567138671875,68.16363525390625,192.36383,187.08441
1.894622802734375,67.41358184814453,192.47891,185.5382
0.8498687744140625,67.30309295654297,191.14783,188.02412
2.3184661865234375,66.55872344970703,193.69135,186.47276
1.4104080200195312,66.02373504638672,190.84822,185.40364
0.5866775512695312,65.98080444335938,192.37215,183.84436
0.48767852783203125,66.11297607421875,192.61916,183.77039
1.34014892578125,67.19804382324219,192.48605,181.03195
2.7529983520507812,66.32657623291016,192.67592,183.14806
2.59393310546875,66.04388427734375,189.49539,185.52032
2.5051040649414062,65.548095703125,189.47157,184.6344
3.835479736328125,65.41703033447266,189.03873,185.29387
3.3655776977539062,64.79409790039062,191.05531,186.10144
3.3907470703125,66.11201477050781,188.85269,184.3964
2.69671630859375,64.68606567382812,190.32645,185.72205
4.0597381591796875,64.09799194335938,189.78735,184.54327
3.6363601684570312,65.21597290039062,191.57228,184.80646
5.2166748046875,64.236572265625,189.73679,184.04022
5.369712829589844,64.77648162841797,188.71165,183.89308
5.840812683105469,65.81621551513672,191.41869,184.57545
6.271728515625,64.82816314697266,190.24692,184.27904
7.522796630859375,64.96873474121094,189.40848,183.04105
9.155899047851562,65.79425811767578,189.00677,183.46153
9.289299011230469,65.2020263671875,190.85936,182.05322
10.098701477050781,63.740272521972656,189.1404,183.20268
11.157699584960938,64.3465576171875,190.91241,182.86395
11.579536437988281,65.66605377197266,193.11824,182.91685
12.161872863769531,63.39020538330078,193.3686,184.2094
14.434074401855469,63.641319274902344,193.8358,184.41365
14.868339538574219,62.00444030761719,190.87505,185.2952
16.400390625,62.09369659423828,192.04453,182.18083
16.462371826171875,61.98651885986328,195.65744,184.14427
16.891555786132812,61.03355407714844,193.94586,184.84439
19.367103576660156,60.90764617919922,190.68233,183.61324
14.646965026855469,60.88642120361328,198.30858,185.7299
19.557754516601562,61.51271057128906,191.96552,183.67337
17.915252685546875,61.798683166503906,197.61758,185.48198
17.08966064453125,59.87208557128906,192.78293,185.95737
20.14960479736328,61.32139587402344,194.69942,184.20346
17.157737731933594,59.945228576660156,192.45299,185.02953
19.681846618652344,58.761192321777344,193.98418,187.14998
16.310997009277344,57.44242858886719,189.21056,187.4332
20.672401428222656,55.78034210205078,196.22603,185.37163
18.41351318359375,54.59313201904297,196.56308,184.75356
17.176971435546875,54.94805145263672,195.78616,186.6598
20.607437133789062,54.765419006347656,191.16333,182.4926
19.04582977294922,56.47015380859375,195.16502,181.73926
19.241500854492188,56.25148010253906,194.99219,184.33347
20.56261444091797,56.53009033203125,194.32683,184.56116
21.308204650878906,55.390472412109375,196.41756,185.0531
17.080368041992188,55.45372009277344,196.84528,184.72293
22.239585876464844,54.796287536621094,193.15227,184.56166
16.864822387695312,56.80817413330078,188.83783,184.28923
19.280593872070312,60.44529724121094,197.9815,182.39346
16.069496154785156,60.11421203613281,193.4764,180.47726
19.68364715576172,64.85819244384766,198.46233,179.00182
16.696388244628906,61.434478759765625,185.84572,176.64166
17.617027282714844,66.66241455078125,186.57555,179.83636
15.1275634765625,71.87043762207031,197.04422,176.44107
15.332473754882812,71.65766143798828,189.85675,182.13707
16.744186401367188,77.98424530029297,198.87866,168.43105
15.186294555664062,73.09248352050781,195.7685,177.58987
13.853775024414062,82.70182800292969,200.12592,173.0574
16.817245483398438,76.86141967773438,185.55585,177.44995
16.915428161621094,85.42420959472656,190.47636,165.08829
17.933944702148438,87.0579605102539,191.63031,155.18852
43.853248596191406,78.33153533935547,166.10396,149.48347
49.10631561279297,73.4862060546875,158.0855,149.0155
27.00147247314453,94.42546844482422,179.76942,146.69215
28.023231506347656,97.2733383178711,161.24117,169.22676
44.53193664550781,87.0977554321289,150.88617,150.16655
76.7055435180664,74.18973541259766,142.15376,126.89909
76.81725311279297,81.43696212768555,143.3051,117.47526
80.5721206665039,85.52506637573242,145.9958,109.00651
81.4090805053711,84.82294082641602,143.27553,112.53155
80.0518569946289,83.88237380981445,144.78227,120.629234
82.15914154052734,81.2659912109375,139.09578,128.22644
81.96678161621094,78.74646759033203,136.83908,130.3955
81.99915313720703,79.93683624267578,137.45787,129.63194
82.35792541503906,79.44355773925781,135.83377,129.52963
82.26345825195312,82.31808090209961,138.44958,125.16401
82.90412139892578,81.18299865722656,137.12065,127.322296
83.11560821533203,81.88943862915039,138.84319,125.34539
83.0479736328125,80.18595886230469,137.07593,127.91849
82.47367095947266,81.08269500732422,138.85533,127.49507
82.98352813720703,80.85833740234375,138.15959,128.35803
82.21903991699219,81.64594650268555,139.72226,127.41355
83.29239654541016,82.81748580932617,139.48845,126.77982
83.5098876953125,83.28011322021484,139.8197,127.176285
84.22638702392578,83.68009185791016,139.46666,127.21269
86.10813903808594,83.56169128417969,138.96835,126.95877
86.43814849853516,83.13931655883789,138.47612,127.7528
86.85637664794922,83.85054016113281,138.56453,127.78854
90.0204849243164,82.81758880615234,136.07695,128.37343
89.62411499023438,84.39196014404297,138.77051,125.98183
91.02854919433594,82.13136291503906,136.00821,129.09183
91.65814208984375,82.5513916015625,136.8233,127.90564
91.60291290283203,82.97191619873047,137.14568,128.279
92.30854797363281,83.4763298034668,139.00803,126.00681
92.55847930908203,83.90930557250977,139.92332,125.20666
93.16165924072266,81.53199005126953,137.18333,127.75011
94.62615203857422,83.60494613647461,138.43343,126.50263
95.66061401367188,83.16669464111328,136.57294,128.88939
95.20735168457031,83.47858047485352,137.31479,126.64355
96.58175659179688,84.34123229980469,136.64307,127.75571
96.15330505371094,85.6056137084961,140.12253,126.74696
97.64261627197266,82.16905212402344,138.25017,129.63028
98.83920288085938,79.92286682128906,140.95398,129.39786
100.89481353759766,67.87773895263672,136.2534,159.54683
100.40338897705078,59.079193115234375,135.9351,220.16998
104.13632202148438,58.028419494628906,139.09082,225.12566
105.20587921142578,56.69232940673828,140.52464,226.40434
107.83145904541016,56.81941223144531,140.77397,224.30759
109.81959533691406,56.674285888671875,139.44711,225.24268
110.53303527832031,56.48301696777344,140.65298,225.55698
114.41968536376953,56.89875030517578,138.65959,224.99028
116.57362365722656,57.673248291015625,136.31522,223.73077
118.25739288330078,57.497901916503906,136.0338,222.5319
120.78321075439453,57.53759002685547,133.89445,223.87666
122.47968292236328,57.677406311035156,133.99376,224.80302
124.75751495361328,58.04472351074219,134.55022,223.32205
125.55972290039062,56.59600067138672,134.31708,224.24599
127.35201263427734,56.275970458984375,134.35579,224.88672
127.95931243896484,57.24772644042969,134.74922,224.59055
129.45362854003906,56.489105224609375,133.77945,224.4101
130.8767852783203,55.93882751464844,138.06155,224.45547
131.28653717041016,56.13603210449219,138.13622,224.18088
131.02659606933594,55.584327697753906,137.07169,224.85924
132.30140686035156,57.50175476074219,136.47397,224.33597
131.88140106201172,54.73085021972656,136.3539,225.08414
132.84195709228516,56.78990936279297,135.02501,224.63942
133.19547271728516,55.781219482421875,136.03154,224.00006
133.06714630126953,56.486724853515625,135.80754,224.59033
132.69483184814453,58.080406188964844,136.99565,223.24294
132.73709869384766,56.547813415527344,135.03581,223.30562
132.04706573486328,57.02135467529297,138.10204,222.88686
133.1077117919922,58.77613067626953,135.47311,223.07317
132.99126434326172,57.44346618652344,136.81117,222.41019
132.39588165283203,57.813255310058594,136.09294,223.43886
132.07650756835938,58.638031005859375,138.01575,222.26373
131.40731811523438,58.05906677246094,137.55164,221.86923
132.2275848388672,57.7835693359375,135.63779,223.73254
131.37258911132812,58.50799560546875,137.76776,221.56769
131.7330093383789,57.910888671875,137.86382,221.63983
131.5184326171875,58.33961486816406,135.39856,223.36313
131.31520080566406,58.4932861328125,135.60355,222.4704
130.7091522216797,56.93535614013672,135.45145,223.53694
130.1092300415039,59.139923095703125,135.10942,222.88672
127.50008392333984,58.541595458984375,136.01125,222.05713
126.04546356201172,59.11107635498047,137.22139,222.31294
125.45634460449219,58.08648681640625,135.89474,222.69562
124.02352905273438,58.27985382080078,135.70276,223.59575
123.09503936767578,58.798179626464844,136.3817,222.71486
121.42891693115234,57.799415588378906,134.67708,222.29332
119.64800262451172,58.62060546875,135.90291,223.0343
119.37516784667969,57.53636169433594,137.41135,223.0062
118.23344421386719,56.42803192138672,135.26425,223.18398
118.62226104736328,55.772979736328125,135.53123,225.13312
117.12596130371094,57.02851867675781,135.37491,224.91177
116.96464538574219,57.56550598144531,136.569,223.08688
116.53541564941406,56.992431640625,135.44266,224.6518
115.59849548339844,56.42858123779297,136.06766,225.08711
113.91799926757812,56.244911193847656,135.3277,224.88737
112.91839599609375,55.27674102783203,136.54364,225.78099
112.21800994873047,55.58861541748047,135.02132,224.9167
111.15516662597656,56.23439025878906,134.65329,224.99356
110.04940795898438,56.722129821777344,133.66504,224.41096
107.6806869506836,55.24537658691406,133.27193,225.19937
106.60018920898438,54.06981658935547,133.98364,226.92299
103.34343719482422,52.174476623535156,134.29976,228.31273
100.42453002929688,51.415138244628906,135.8631,229.19328
99.2253189086914,49.98711395263672,135.5626,231.063
97.42572021484375,48.85771942138672,136.61053,232.30598
96.89639282226562,51.031654357910156,135.29803,231.55809
96.2198257446289,52.48114776611328,136.12938,228.87889
97.35560607910156,52.03507995605469,140.66031,229.85947
97.47225952148438,53.350807189941406,140.97052,227.45787
97.05304718017578,56.959739685058594,145.28539,224.4936
96.67301177978516,60.33814239501953,149.20842,220.58214
97.67616271972656,61.575035095214844,145.9371,219.34254
99.32322692871094,63.291954040527344,145.05405,214.34029
98.97391510009766,63.65997314453125,130.4688,182.71484
96.42818069458008,67.96297454833984,126.08773,150.5804
94.96485900878906,82.67958068847656,131.65488,134.59879
94.78424072265625,83.56916809082031,133.52057,134.69925
