310.0,102.0,39,50
307.5278072357178,100.59001159667969,39.52805,48.408936
305.5142230987549,100.36641502380371,39.70463,48.824833
303.2651309967041,98.68071556091309,40.48663,48.870502
301.9139976501465,97.98814392089844,40.36193,48.362885
300.8512268066406,95.94918632507324,39.5632,48.722828
299.96212005615234,96.12456703186035,39.445847,48.477352
299.18102073669434,94.25648498535156,39.95531,48.64377
296.89868545532227,92.27050018310547,39.78646,49.43686
295.57243728637695,91.6931381225586,39.92312,48.817123
295.02503395080566,89.82254791259766,40.053493,49.630478
293.807580947876,90.0158805847168,39.334866,49.239326
293.64685821533203,89.06491470336914,39.486115,48.524544
292.6828079223633,88.35017013549805,39.40245,48.820946
292.78997802734375,87.00214385986328,38.31218,48.7603
290.92506408691406,86.42873001098633,39.341446,49.32128
290.6802673339844,85.3753833770752,38.962234,49.133038
289.20237731933594,84.5893440246582,39.613358,48.919655
287.6631050109863,83.10688972473145,39.469627,49.43133
288.39798736572266,83.96600914001465,38.425476,48.933353
286.7050952911377,83.56969833374023,38.969494,48.8469
285.66126823425293,83.04930114746094,39.12302,49.0851
284.9834384918213,81.86816596984863,39.11961,48.927563
283.33058166503906,83.14064979553223,39.200775,48.476223
282.14991760253906,82.43484497070312,40.066193,49.071777
281.23563957214355,81.89011764526367,39.938007,49.24462
279.93298149108887,81.25274085998535,39.70978,49.216198
278.496919631958,82.2721939086914,39.80412,48.9693
276.8838691711426,82.07392692565918,40.16915,49.459263
275.36773681640625,81.94678115844727,40.160202,48.97074
273.9425239562988,81.36617279052734,40.337624,49.247543
270.62311363220215,80.87468528747559,40.74248,49.60323
269.2710475921631,79.73055076599121,40.39606,49.332874
267.55198860168457,79.84259414672852,40.41589,49.634422
265.03504180908203,79.74720764160156,41.089264,49.177612
262.51463317871094,80.61030578613281,41.395782,48.663925
261.818790435791,79.92487335205078,41.62171,48.92491
260.17484855651855,80.09934616088867,41.57906,49.332466
259.2957515716553,80.84392547607422,40.785053,49.07733
258.22124671936035,80.75057029724121,40.7917,49.55953
255.8595428466797,81.20647048950195,40.70616,49.110573
253.898775100708,82.64338302612305,40.995266,49.245567
253.2077465057373,82.57760620117188,41.491154,49.53578
251.59753227233887,83.50594329833984,40.6581,49.052094
250.5075912475586,83.14239311218262,41.28943,49.27579
248.57536125183105,84.31145286560059,40.72533,48.78269
247.7255096435547,83.64341354370117,40.543945,49.630592
246.7360496520996,84.48663139343262,40.35946,48.79279
245.59677505493164,83.55675315856934,40.830223,49.069294
244.99968338012695,83.57158279418945,41.299095,47.990883
245.64813232421875,82.59712409973145,40.96797,47.871853
245.2879180908203,82.31853675842285,41.584488,47.54823
247.16779899597168,80.7348518371582,41.328953,48.220467
250.32337951660156,78.65754699707031,39.959198,48.388336
250.67317008972168,76.77371025085449,40.833424,48.769
251.96477699279785,73.79841995239258,42.664333,49.555458
253.97583389282227,70.90435981750488,43.034966,49.456554
258.09339904785156,67.0260181427002,42.44626,48.519894
281.6553554534912,98.31781005859375,44.177814,52.61827
278.13335609436035,98.82599639892578,45.62376,51.95996
273.6828022003174,96.9958610534668,45.023815,51.762413
270.0525665283203,95.91790580749512,46.24649,52.523716
263.95767402648926,93.84393692016602,46.546978,51.67443
257.3293628692627,92.68856239318848,45.875347,53.651257
253.54957580566406,90.1473560333252,47.816254,56.03645
248.45981979370117,88.75092315673828,49.872704,54.255707
249.201904296875,87.2291374206543,44.776657,55.446648
240.97832107543945,86.66878700256348,47.015312,55.93481
237.54841995239258,88.16943550109863,46.837868,53.714916
235.88971328735352,86.43992614746094,45.197807,53.03311
230.20362854003906,87.1386661529541,46.49008,52.00227
223.50768661499023,87.45420265197754,46.073418,52.454662
221.3339557647705,86.9157600402832,44.76437,52.24079
218.2005844116211,86.5632266998291,43.142044,50.986507
212.3201847076416,87.75420761108398,44.505993,51.017204
209.50918006896973,88.47030258178711,44.748333,51.382744
205.7505168914795,89.98489189147949,45.256855,50.486027
202.96217918395996,89.8928451538086,45.076847,50.85025
197.77218055725098,91.7933578491211,45.846096,50.688232
193.3821506500244,93.49398612976074,46.29365,52.317005
190.99151992797852,95.48316764831543,45.79055,50.955204
186.89104080200195,97.63103294372559,44.910088,51.436985
184.1435604095459,98.8919563293457,45.50931,49.82122
177.82285690307617,100.51080894470215,46.05053,49.53806
173.29379272460938,103.2677173614502,45.822586,52.240917
169.4143466949463,105.89013290405273,46.471996,51.873528
162.26939010620117,108.89993095397949,46.805443,51.89446
159.42179489135742,111.04304122924805,46.553123,53.203026
153.43691062927246,114.61939811706543,46.511097,52.645237
149.3085880279541,116.87592887878418,46.22401,52.724262
142.95169639587402,120.485595703125,47.327824,53.188416
136.75280570983887,125.05256652832031,47.106174,52.716553
131.61389923095703,127.3470630645752,49.047653,54.18533
126.1248950958252,131.97365951538086,47.700497,51.917686
123.32208061218262,133.80863761901855,48.559834,56.067432
115.55088233947754,137.12226676940918,48.816463,54.47208
112.50523376464844,138.31364059448242,48.6985,53.98072
105.36185646057129,139.74625778198242,47.57089,53.94921
94.32789039611816,142.81938552856445,49.703365,55.157906
89.59745979309082,144.57677268981934,49.574566,53.104984
78.91814613342285,146.25686264038086,51.74847,56.442787
75.05355834960938,148.6293888092041,49.097076,55.470104
66.56686782836914,150.8911590576172,48.536797,53.917267
62.25111770629883,152.58348274230957,46.543068,52.058224
51.35054397583008,154.8310661315918,49.39135,50.830315
47.31311225891113,155.50886154174805,47.631298,51.54476
38.417236328125,157.25544929504395,50.522064,51.168026
35.79721260070801,158.4026985168457,48.040966,50.620506
26.734676361083984,159.86524963378906,48.579887,52.076645
20.978670120239258,160.4799633026123,49.719234,53.695103
13.793388366699219,162.10693740844727,49.087982,53.970833
8.979293823242188,163.2234401702881,51.295242,54.506702
1.7815666198730469,164.69554138183594,55.10891,55.85733
0.1712512969970703,165.3831081390381,45.315212,54.626637
0.05753326416015625,167.15412139892578,36.71895,55.741455
-0.39034461975097656,168.83886909484863,32.707676,52.89137
0.06360816955566406,170.74315071105957,24.42474,55.32226
-1.192413330078125,171.41350173950195,26.52385,49.55494
20.749248504638672,149.25260162353516,45.610664,50.327736
12.171226501464844,149.88470077514648,51.528122,52.690674
3.9192447662353516,157.11708068847656,51.54214,51.87803
-1.8701038360595703,217.81891250610352,40.725147,59.12558
-0.7438268661499023,225.44255256652832,25.808699,56.17342
1.4494991302490234,223.27752876281738,34.993336,54.399937
-0.7613124847412109,221.02932167053223,22.95335,59.3028
-0.2926511764526367,242.69172859191895,30.80271,55.410984
-1.6017799377441406,247.97533988952637,28.535744,58.01153
-1.345418930053711,256.5921993255615,24.76324,52.943066
-1.6977243423461914,268.578649520874,26.052721,43.149715
-1.104731559753418,269.69464111328125,22.27291,40.152626
-0.5277070999145508,269.4957847595215,18.513483,35.952644
-0.6134748458862305,270.728515625,17.792562,31.606094
0.47688770294189453,271.21539211273193,16.069769,31.013857
-0.4621105194091797,268.88183403015137,15.265629,30.193356
-0.8907699584960938,264.6629686355591,10,29.799238
-1.8586735725402832,269.82979679107666,12.626489,28.568579
3.940251350402832,303.090163230896,28.402784,17.62742
2.052885055541992,302.0720634460449,24.193386,20.53997
2.2611818313598633,301.5626974105835,29.185545,18.849894
1.4296073913574219,297.60998916625977,25.757416,25.27446
-0.16556644439697266,272.99979400634766,20.387163,39.89572
-1.288741111755371,258.2064266204834,18.243498,52.419804
-0.9105014801025391,277.50697898864746,38.66347,50.317997
-1.6623363494873047,273.8876781463623,42.0948,55.249043
3.695577621459961,275.45385360717773,52.27788,58.67547
-1.377553939819336,284.77594566345215,52.12077,56.546757
-3.980876922607422,290.33070182800293,44.55256,50.16811
0.4884033203125,288.3560256958008,29.483154,55.41165
0.7670373916625977,291.6791114807129,26.460707,43.745506
1.115616798400879,287.31741523742676,19.438215,37.602108
1.2729215621948242,271.17431831359863,14.602587,38.4192
0.7601099014282227,261.51640129089355,16.607489,38.044636
-0.2527904510498047,261.6915874481201,22.635227,43.554485
-0.1329059600830078,259.99103355407715,38.74412,56.806377
44.82381057739258,207.6356143951416,39.628357,37.858715
40.99698829650879,207.5248565673828,39.315662,35.28369
38.23212432861328,207.08248138427734,39.837074,35.352234
30.902870178222656,207.87818145751953,40.205635,35.85663
29.18406105041504,208.23926162719727,39.36414,36.949913
25.284883499145508,207.98726081848145,40.013325,38.455715
22.945659637451172,209.49582481384277,39.680466,38.2869
15.95596694946289,209.93116188049316,40.855865,38.968075
11.889835357666016,210.1639060974121,41.00383,40.7004
9.018684387207031,210.88981819152832,41.091774,41.206646
4.9832305908203125,211.23585891723633,40.946877,41.816673
2.365701675415039,211.4812068939209,42.070667,41.71233
0.8480091094970703,212.60039520263672,36.8577,42.34767
0.8214473724365234,213.42831802368164,34.77548,39.905846
0.8335256576538086,214.09025764465332,30.956064,42.571606
1.141256332397461,212.39871215820312,30.125225,44.528183
0.7424850463867188,212.60125350952148,25.473473,45.800606
1.2696094512939453,214.92914962768555,22.032948,43.90052
0.5271844863891602,211.70921325683594,19.10253,54.81801
1.654953956604004,221.4568862915039,15.230688,64.88591
0.9450216293334961,219.40409088134766,13.531031,71.646774
-0.31506919860839844,221.32721710205078,13.8310585,68.53885
-0.7416448593139648,225.2158718109131,21.814978,59.420353
17.671878814697266,226.44536781311035,40.133743,45.697094
23.88933563232422,230.2370834350586,38.338432,42.604904
22.048707962036133,231.87873649597168,37.96903,41.47376
17.77670669555664,230.7076187133789,39.37285,42.100723
12.512479782104492,227.48703575134277,40.38133,44.32819
8.414531707763672,224.0494785308838,40.666153,46.971584
3.9755821228027344,212.89361763000488,37.61963,50.65402
0.1984577178955078,210.61192512512207,38.823368,48.187252
2.964397430419922,218.31248664855957,40.821274,47.115856
8.483970642089844,219.85176467895508,44.758263,46.406227
1.8697586059570312,218.3640842437744,45.203117,50.3654
4.610235214233398,218.53290557861328,42.368908,49.448334
5.113136291503906,223.94210624694824,33.056633,46.73102
2.221437454223633,225.2905101776123,31.866093,46.037846
0.5085296630859375,224.68959426879883,26.761223,46.164513
1.1477441787719727,225.7082405090332,21.705908,45.4338
0.2447338104248047,223.40173149108887,19.181042,45.846516
0.8989963531494141,221.98672485351562,18.967075,46.72084
-0.5483617782592773,217.8844451904297,15.314169,46.192062
0.5329813957214355,212.31532669067383,12.893754,49.555786
0.6215219497680664,211.68589782714844,13.071363,48.38285
-0.36309289932250977,212.50684928894043,13.913022,49.8504
-0.8692636489868164,212.74822425842285,15.021532,50.98148
-0.40462303161621094,213.17630195617676,20.901882,48.855793
0.2235698699951172,219.3148365020752,16.783955,48.758137
-0.27721405029296875,230.6746883392334,17.63147,39.973476
-0.24267578125,236.44861793518066,16.328018,35.842823
0.5353603363037109,232.38812255859375,17.675129,40.096832
-0.017274856567382812,227.36270904541016,19.14983,43.824913
-0.5750102996826172,217.08499145507812,33.221645,38.900574
0.7989425659179688,208.2838592529297,37.189224,31.207703
-0.5701904296875,206.50331687927246,29.206291,44.936054
-0.22930240631103516,214.14327239990234,30.934809,48.989197
-1.8365192413330078,210.6331615447998,36.976467,51.50194
2.7227401733398438,152.8111457824707,46.069145,54.726814
-0.6457633972167969,136.47148895263672,46.364136,68.38483
-0.7010650634765625,144.05040740966797,41.32238,68.63234
2.5222625732421875,109.55817413330078,52.274025,68.656204
-0.5173072814941406,91.3298225402832,47.24858,79.68107
-1.3470611572265625,89.6502456665039,45.23623,77.85356
-0.11525726318359375,90.91653442382812,40.478447,79.57347
1.3457775115966797,87.73373031616211,40.472164,78.602394
2.1623573303222656,88.25857925415039,37.71898,64.698784
3.428783416748047,89.5733699798584,33.778748,62.579044
0.3458871841430664,55.78573226928711,18.10848,84.290886
1.189864158630371,77.96788787841797,25.436548,57.89174
0.7306041717529297,90.2979621887207,21.496288,44.325005
0.2331256866455078,90.48001480102539,19.164646,43.218468
0.25278139114379883,90.60392951965332,12.567321,49.507427
0.13614988327026367,100.01785469055176,11.187051,62.305264
0.03124237060546875,109.95325088500977,12.69194,56.622917
1.8110618591308594,153.0189971923828,30.200935,37.682037
1.0845394134521484,156.86235427856445,25.457539,33.10029
1.0042762756347656,162.42331314086914,21.77491,23.441925
0.4671669006347656,165.63901329040527,17.788902,20.141415
0.6418170928955078,167.4696159362793,10.321407,17.972702
-1.017923355102539,168.194091796875,10,16.782703
1.2228374481201172,160.4153184890747,12.642986,17.29973
0.7386102676391602,156.02947807312012,10.289637,18.36166
-0.4157600402832031,153.62370109558105,10,20.29485
-0.19915485382080078,147.9310121536255,10.098452,22.893103
-0.38841915130615234,141.56766033172607,12.972868,26.109568
7.830223083496094,121.62408256530762,16.10427,32.424103
14.363758087158203,103.79445552825928,22.636734,30.17956
27.5528564453125,82.33213520050049,33.773506,31.29643
65.66742515563965,51.94510841369629,50.758083,59.007565
58.83938217163086,52.85660362243652,48.7191,57.817432
54.87917518615723,53.422630310058594,51.76157,57.86328
51.78693199157715,53.331186294555664,51.468212,58.71284
46.69219779968262,52.93212127685547,49.31384,58.87578
44.52442169189453,52.812429428100586,48.33825,59.57329
41.470991134643555,53.48827934265137,48.227764,57.445683
35.29263877868652,51.93002510070801,49.50076,57.085293
32.52147102355957,51.61387634277344,48.880238,60.00836
30.530725479125977,51.68769645690918,51.08359,59.170353
25.513202667236328,51.8590030670166,48.401184,58.97224
22.198570251464844,51.03376770019531,49.33085,59.22722
17.463125228881836,50.3953914642334,49.05714,58.094044
13.673528671264648,50.62739944458008,49.593594,59.985497
8.735654830932617,49.58913803100586,49.204556,58.282005
5.95451545715332,48.191707611083984,48.771473,58.987587
1.2076835632324219,48.00448989868164,47.47368,58.25245
0.5537357330322266,46.620967864990234,46.482502,57.995735
-0.19643592834472656,45.231937408447266,41.178707,62.163963
0.9791145324707031,45.1118106842041,38.751328,61.035793
0.8406276702880859,44.095415115356445,33.089153,61.49838
0.6835412979125977,42.95461654663086,31.406698,63.415596
0.7663459777832031,41.95785140991211,27.12677,62.464485
0.2615814208984375,41.2776985168457,25.91494,64.66277
0.4645366668701172,40.557952880859375,21.043697,56.207672
0.5357532501220703,40.91289710998535,18.717243,57.32136
-0.46155643463134766,41.702531814575195,15.24618,48.0491
-0.011757373809814453,42.048261642456055,13.391877,42.946575
0.3941535949707031,41.91416549682617,10,43.946243
0.48077392578125,43.25933837890625,10,38.597588
-0.7614822387695312,42.30734443664551,10,35.603092
-0.013480663299560547,45.37862968444824,11.767943,38.485943
1.6552410125732422,23.020832061767578,28.552288,35.074154
0.5414285659790039,-0.41806602478027344,31.311956,55.41442
-0.8072910308837891,-0.08543777465820312,31.978008,40.307697
0.7893486022949219,0.2250823974609375,27.982376,38.16647
0.7627239227294922,0.2115497589111328,25.244747,40.62005
0.6575384140014648,-0.2186717987060547,24.54751,36.725327
0.27004146575927734,-0.5878810882568359,24.563234,37.855972
0.0922994613647461,0.6869087219238281,25.411577,40.22984
0.45141029357910156,-0.1510028839111328,24.167187,42.323204
-0.9492959976196289,-0.9138774871826172,22.699526,36.71192
0.7894001007080078,0.30949974060058594,21.20396,37.75351
-0.14244842529296875,-0.40777587890625,19.264893,38.09743
0.5528650283813477,-0.43911170959472656,19.53298,40.99019
0.02040863037109375,-0.2192668914794922,18.241692,38.165367
-0.21177959442138672,-0.9055595397949219,17.122473,38.990612
-0.3766193389892578,-0.8459453582763672,15.839695,38.39093
-0.6909575462341309,-1.4904041290283203,14.906756,39.72438
-0.0020356178283691406,-0.14582443237304688,12.773244,41.839474
0.43317461013793945,-0.17994308471679688,11.3451605,47.385838
-0.13037633895874023,4.24516487121582,10.248759,46.635246
-0.6359906196594238,6.224617004394531,11.701272,44.35931
-0.18033695220947266,3.841073989868164,10.049196,45.341026
-0.03194427490234375,1.405416488647461,10,45.420647
0.6392569541931152,1.1727485656738281,10.453862,41.756817
0.759638786315918,0.5376834869384766,20.453142,37.834084
-0.4388256072998047,0.3849220275878906,28.709408,33.789783
-0.3668842315673828,0.23293018341064453,26.339077,31.730906
-0.43980979919433594,0.4275846481323242,25.423504,29.09664
-0.23980426788330078,0.6782474517822266,25.537432,27.569374
9.58420181274414,2.4154744148254395,36.854126,13.07413
17.35045623779297,1.334737777709961,36.192177,18.217216
7.316278457641602,2.28659725189209,43.13,18.566168
0.7917251586914062,0.40456295013427734,51.178238,24.965208
-0.5884437561035156,1.1127357482910156,50.851845,38.823597
-0.7595119476318359,0.27416419982910156,51.459393,40.232643
0.47528839111328125,0.170562744140625,52.698547,37.447018
-0.6099739074707031,0.06573867797851562,51.5084,36.871494
-0.6718540191650391,-0.5876045227050781,53.113758,37.47707
-0.015453338623046875,-0.2016620635986328,53.768684,36.652206
-3.0732688903808594,0.9864883422851562,56.057106,36.182323
-3.0426788330078125,-0.39519691467285156,55.022858,37.023087
-3.1166934967041016,0.22771644592285156,57.60718,35.640053
-1.1995162963867188,1.344024658203125,57.3833,37.978878
-1.692361831665039,-1.2611026763916016,58.7092,38.953705
48.79255676269531,0.48282814025878906,75.390945,39.123314
55.36111068725586,1.0838127136230469,71.75855,40.64797
57.11276626586914,0.7971229553222656,66.29746,44.037663
53.26224136352539,1.0625152587890625,75.66227,37.595455
49.65361022949219,3.4251232147216797,74.76666,60.403625
52.03329086303711,0.2868156433105469,76.37226,43.452885
50.61903381347656,0.04688262939453125,79.68623,39.703808
55.2518424987793,2.0743236541748047,78.44448,47.57939
52.418338775634766,2.362661361694336,75.482506,64.46237
52.47178649902344,1.203298568725586,75.749725,67.31735
51.088294982910156,0.41826438903808594,76.608536,67.56412
51.48331832885742,2.3007469177246094,79.194954,62.258015
55.50718688964844,0.8171558380126953,75.203766,61.61405
60.030887603759766,57.8100643157959,63.115532,89.00879
57.66581726074219,62.50512886047363,63.65381,85.428566
92.29842948913574,66.01103019714355,58.100346,77.000626
95.74297714233398,60.84301567077637,52.09043,75.79411
96.0695915222168,73.21090507507324,50.90426,67.51689
94.00752258300781,67.6237735748291,53.036972,64.678276
93.98783111572266,67.16289901733398,54.42096,60.36269
94.85426902770996,67.71049499511719,55.542973,61.612164
103.13948249816895,62.85747718811035,48.881725,48.133034
119.26067352294922,66.13143730163574,34.085953,36.801575
129.284592628479,70.12482643127441,25.378187,35.217033
130.9773416519165,78.63174247741699,27.325994,28.985947
133.4393949508667,77.84109878540039,24.371675,29.14899
134.83166790008545,76.8183183670044,23.686502,28.380419
136.71579933166504,68.22124290466309,21.37962,31.060799
136.46139335632324,75.51584434509277,23.860142,31.592842
138.45263671875,68.91456604003906,21.999641,32.41379
137.5938777923584,69.08240985870361,22.357586,31.532663
138.41724395751953,70.10208892822266,21.929077,27.08746
138.16786861419678,69.25013732910156,21.45289,25.101444
139.52618598937988,70.88146877288818,20.693996,23.687628
140.12036323547363,70.00166893005371,20.383389,22.64579
141.23362827301025,72.07815265655518,19.560186,21.109133
140.97187995910645,72.265793800354,19.065968,21.086252
141.15541458129883,72.7555046081543,18.746086,19.595242
140.79408931732178,72.89039993286133,19.234468,20.515553
142.0911111831665,73.9231538772583,19.503897,22.586077
143.65991020202637,75.27023601531982,18.681973,22.600508
140.70926570892334,74.84825229644775,21.044123,21.862642
141.77410411834717,75.84296035766602,19.387247,20.77853
142.93516540527344,76.03417015075684,18.692894,19.590286
