125.0,86.0,15,16
126.69902229309082,84.81268405914307,14.515263,15.733984
128.5241665840149,84.01857995986938,14.252318,15.584758
130.40084314346313,83.82537698745728,14.463183,15.447391
131.88358116149902,82.52729845046997,14.418713,15.564643
132.67929029464722,81.79074048995972,13.718652,15.884019
133.60963916778564,82.12939929962158,14.744818,16.157469
136.09255075454712,81.72036933898926,13.90504,15.513233
137.40074348449707,82.836585521698,13.960133,15.446282
139.77510261535645,82.30527830123901,13.974552,15.716634
141.79135656356812,82.82807922363281,13.826089,15.692989
143.71713829040527,83.42664861679077,13.80608,15.640397
144.94843578338623,83.56494665145874,13.9880085,15.759236
147.43057918548584,83.202476978302,13.975016,15.842265
148.09723806381226,82.70839023590088,13.699803,15.74267
149.27912616729736,82.2050609588623,13.785151,16.179474
150.10453414916992,81.53942966461182,13.717075,16.617338
151.72259902954102,80.7647647857666,13.890484,16.442398
152.84666872024536,79.83200359344482,13.542151,16.329252
154.31974124908447,79.0677137374878,13.877062,16.530806
155.22498083114624,77.74647617340088,13.635846,16.702356
155.96822929382324,76.45341110229492,13.781532,16.713139
156.96315956115723,75.3320140838623,13.748184,16.75259
158.33593463897705,74.52186107635498,13.275759,16.840784
159.75953674316406,74.0486330986023,13.753475,15.805863
160.66509628295898,74.51516437530518,13.357525,15.621008
160.41682958602905,74.08792686462402,13.464398,15.770878
161.47741174697876,74.13740730285645,13.292605,16.199501
162.68321657180786,74.38021183013916,13.153483,16.152437
164.05783557891846,74.30044364929199,13.407732,16.46907
165.5878782272339,73.65705585479736,12.93215,16.100847
166.39203453063965,73.21734809875488,13.170937,16.243668
166.48442459106445,73.52300119400024,13.983219,15.618945
166.45417833328247,71.83549880981445,14.384265,16.00224
167.14589595794678,72.18978786468506,13.195364,16.17758
167.5225954055786,72.77002477645874,13.573118,15.729169
168.66130447387695,71.86830949783325,12.606007,14.990985
169.30091094970703,72.25388669967651,13.387943,15.240407
169.58556509017944,73.16297006607056,13.229295,15.731833
169.27197742462158,73.95084762573242,13.42922,15.250767
170.60373544692993,75.41580200195312,13.55992,15.785656
171.15683364868164,75.36944580078125,13.948452,10.34354
171.31299209594727,79.2480959892273,13.311153,13.727265
171.22673845291138,77.26432037353516,14.279784,17.597023
171.38159894943237,78.27244234085083,14.475572,14.536754
172.38055992126465,82.5663046836853,13.696014,12.221795
172.27354335784912,78.39008951187134,13.541491,14.555278
173.36175727844238,78.21778869628906,13.755276,15.450554
171.54170608520508,76.47825384140015,15.858147,14.786027
160.7288007736206,81.05391311645508,18.602663,16.675228
158.76312351226807,97.5602216720581,13.517973,18.909086
174.64346408843994,77.19461727142334,14.360228,15.672098
176.65878057479858,77.45932006835938,13.442349,16.129108
177.64489459991455,77.7585039138794,13.714731,16.23612
178.86391019821167,78.58441352844238,13.534291,17.153687
179.73856592178345,78.58757019042969,13.686294,16.167309
180.44355058670044,79.82112121582031,13.69871,16.110882
180.73144435882568,80.89171314239502,13.851526,17.19456
181.23625469207764,82.03001594543457,14.038767,16.438728
182.20568418502808,82.60819244384766,14.352593,16.946724
180.83229160308838,77.35855197906494,16.253313,20.374681
184.64903831481934,77.07234191894531,22.771225,24.312626
198.4573049545288,83.50672245025635,22.219007,23.190699
206.4626064300537,86.94387626647949,21.212502,21.71904
185.24790954589844,85.80826473236084,15.764153,15.921827
186.66431713104248,85.81497621536255,15.168505,13.975505
188.48725271224976,85.24740982055664,15.628701,15.619007
189.45114421844482,84.84795093536377,17.063665,13.479364
195.82306385040283,74.21364688873291,19.073137,16.335142
221.9348006248474,99.86984443664551,13.437722,16.295315
222.11338138580322,99.18424606323242,12.40114,14.2369
223.1092438697815,99.54297971725464,10.82244,12.683339
222.54135417938232,100.093825340271,10.638609,12.428396
222.07140350341797,99.21726942062378,10.85817,12.244298
222.5264492034912,99.11165475845337,10,10.338588
223.10531997680664,99.18931770324707,10,11.72768
219.44854736328125,98.71563625335693,12.687286,12.60623
217.37194395065308,82.74857807159424,14.277669,13.633078
227.79866981506348,70.97523212432861,16.705551,14.525835
225.89905881881714,71.18954181671143,14.519067,17.393526
213.9957790374756,73.46379470825195,21.168358,16.844288
189.35842323303223,69.89955806732178,17.211256,16.963034
189.35427284240723,69.91253089904785,16.755125,19.336746
188.62019634246826,69.44692611694336,17.154919,19.884441
187.86979007720947,70.8396463394165,17.278725,20.306932
186.27330875396729,71.9438591003418,17.822304,20.211018
185.01903343200684,72.54667377471924,17.917654,20.352724
182.55713367462158,72.77298069000244,16.894478,20.824854
179.75769138336182,74.28757572174072,17.230774,20.086672
177.8145923614502,76.14349269866943,18.71427,19.701124
175.02123928070068,76.17323875427246,19.845356,21.255066
172.6726951599121,76.7428388595581,19.139788,20.502844
170.1320743560791,78.75148582458496,18.955015,19.579422
168.3527431488037,78.68861770629883,18.58682,19.18462
165.9308385848999,78.0900011062622,19.2151,19.539782
164.0996494293213,77.50572776794434,19.253042,20.653877
163.5223627090454,76.99477005004883,18.42279,20.323544
162.29003047943115,75.68531894683838,18.538074,20.890879
161.03347396850586,75.52676200866699,17.896372,20.36354
160.72617053985596,74.60497665405273,18.39293,20.535076
160.6221685409546,74.61223220825195,18.02444,20.686176
159.80559062957764,74.00812149047852,18.073643,21.21703
158.58020114898682,72.88012027740479,18.036606,20.729189
158.44772052764893,72.52516269683838,17.8498,21.60972
158.12249851226807,72.69406700134277,17.80214,21.257416
157.19677066802979,72.42881488800049,17.31942,20.99557
156.30630111694336,71.93589210510254,17.423532,20.970901
155.61677360534668,72.42681121826172,17.294584,21.047588
154.876877784729,72.28085136413574,17.388893,20.687714
152.97596740722656,72.49951267242432,17.662653,21.185442
152.28036403656006,73.16415977478027,17.605183,21.396118
150.11529636383057,74.91499710083008,17.710724,21.303692
148.83533573150635,75.13966178894043,17.843391,21.354286
147.0375051498413,76.46127891540527,17.57716,21.473679
145.09221172332764,78.00943183898926,17.874447,21.979286
142.74683570861816,79.88322734832764,18.844397,17.185461
141.57419300079346,81.53837871551514,18.50621,21.541044
139.26129531860352,83.31341075897217,18.409594,21.512518
137.40572929382324,85.12442016601562,18.659956,21.75314
135.20215225219727,88.42205238342285,18.823824,21.974533
133.92909240722656,91.93403339385986,19.168024,21.625856
132.11611080169678,96.17089366912842,19.359493,22.040045
130.08067798614502,101.05461883544922,19.561714,20.50584
128.4399290084839,104.29330730438232,19.201954,21.630781
127.5086030960083,107.26685619354248,19.097382,22.893751
126.28569507598877,110.95227527618408,19.36689,21.399134
126.24783897399902,113.61713886260986,19.184813,22.083124
124.2428560256958,115.93919944763184,18.332115,21.219246
123.57189178466797,118.96398830413818,18.52009,19.078985
122.39113140106201,120.54095077514648,19.729,21.033192
121.09391498565674,121.52759552001953,20.26307,20.98338
119.54186153411865,122.48458766937256,20.668652,20.546278
119.10239219665527,121.93028163909912,20.430593,22.744352
118.82395839691162,120.51110649108887,20.647991,22.96862
117.28411102294922,118.19716453552246,20.541857,23.198105
117.5753288269043,114.28915786743164,20.109735,22.518322
116.22170448303223,109.25698471069336,19.99716,23.045002
114.5806074142456,103.97194194793701,20.597256,23.340971
113.49013900756836,98.70026874542236,19.803446,23.102121
111.85481929779053,92.93546962738037,19.950787,22.63912
111.36073875427246,87.52433681488037,18.913694,22.96713
110.48913764953613,83.95168018341064,19.793829,20.914042
111.8522891998291,85.4308271408081,23.98789,18.960928
116.14956092834473,85.62644481658936,27.064932,16.179098
112.42092037200928,79.45655345916748,25.038555,18.989798
108.48786067962646,75.9256591796875,29.403896,19.794605
107.44743633270264,70.159010887146,19.55273,21.571249
106.60429382324219,68.43770980834961,20.596972,21.869503
105.48336887359619,68.8078441619873,18.705948,20.770714
104.43813419342041,68.31506061553955,19.259583,20.713137
102.79461669921875,68.20722579956055,19.328379,20.544498
101.91169929504395,68.05378341674805,19.435156,20.412296
100.52636623382568,67.29305267333984,19.212109,20.52177
98.32166290283203,67.12352085113525,19.341738,21.136019
96.9944019317627,66.27299499511719,19.42346,22.204662
95.90478992462158,65.80025482177734,17.882774,23.259785
93.90752029418945,65.58048343658447,19.321955,23.876413
89.64573764801025,57.11957263946533,18.701393,24.337778
81.8715991973877,63.631205558776855,18.464895,21.197332
89.23898506164551,65.3676061630249,23.410795,27.46504
97.38119173049927,64.07022762298584,15.887338,22.015928
93.0768632888794,64.3070125579834,19.825417,23.487556
92.98919486999512,65.15912628173828,20.56384,24.524479
94.01559638977051,65.75287437438965,20.818525,23.866142
94.43641185760498,65.65718936920166,21.272655,23.281473
95.3230390548706,65.35843467712402,21.226994,20.856232
97.36139297485352,65.33265590667725,21.66279,21.822447
99.76709842681885,66.0605115890503,21.345535,26.850973
101.90489292144775,66.53029537200928,21.438354,26.69573
103.41091728210449,65.79774856567383,21.376394,27.98357
106.13481616973877,65.16824626922607,21.803802,28.128523
107.34598541259766,64.45777130126953,21.813158,28.267872
109.9451322555542,63.45657444000244,22.120762,28.394785
111.4982852935791,63.272438049316406,21.946905,28.526226
113.84732723236084,62.907127380371094,22.385563,28.38065
114.94032573699951,62.903138160705566,22.627949,28.448717
118.64895820617676,64.14095973968506,22.600927,28.143705
121.43503475189209,65.05318832397461,23.370884,27.987438
124.52134227752686,67.4087381362915,23.34943,27.404314
127.15446853637695,69.41461944580078,23.879122,28.143452
130.95436477661133,73.56033325195312,23.940195,25.904598
134.4816837310791,76.84180068969727,23.906698,27.866894
136.59614849090576,81.16198539733887,24.895817,29.115791
138.1130828857422,85.07347011566162,26.200403,25.539274
141.0100860595703,89.67212390899658,25.751833,28.43976
142.09582614898682,94.47062587738037,27.093063,27.077284
145.41875457763672,98.95490837097168,27.704859,19.308174
147.03763103485107,102.38862800598145,22.77129,29.64457
150.15782737731934,106.66680240631104,28.889921,29.505121
150.06739616394043,111.88158130645752,30.585539,27.977549
152.22565746307373,115.2249641418457,28.263714,27.065525
152.60522556304932,117.32905006408691,30.148071,27.918076
152.12767791748047,119.47074031829834,29.037188,26.504225
152.51447010040283,119.79621315002441,27.952477,27.021263
151.49054050445557,119.46383380889893,29.12986,26.688074
150.3089475631714,120.30447578430176,28.64114,26.894012
150.94886112213135,117.45817184448242,28.165634,29.263103
147.96955013275146,113.73416137695312,29.256283,29.356548
146.48890781402588,109.31412887573242,26.502129,30.265804
144.04968738555908,103.30844688415527,25.929848,28.951126
140.25103664398193,97.14781856536865,24.391613,28.937498
137.6934356689453,90.19466018676758,23.71712,29.80257
131.4878911972046,83.93331718444824,24.582615,31.855873
128.38794422149658,79.4219160079956,24.75705,31.199018
124.98229312896729,74.64462184906006,22.422508,26.627974
119.14315795898438,70.48548698425293,28.485872,12.685791
117.40590381622314,68.3561954498291,25.28196,32.341972
114.93565654754639,66.32512283325195,25.626118,29.204021
113.70192813873291,64.99232006072998,25.807365,29.485708
111.39307975769043,62.917137145996094,25.847746,30.19511
110.59669208526611,61.96470546722412,25.973587,31.003431
108.3800458908081,61.21045684814453,26.624523,31.230114
107.11212348937988,61.19299030303955,26.888517,31.292444
105.37800407409668,60.31744956970215,26.73348,30.547684
104.50677871704102,59.64448547363281,26.95247,31.108356
103.70658016204834,59.6567497253418,27.327984,31.372929
102.82675457000732,58.64764213562012,27.313068,31.635658
102.20982837677002,58.08870315551758,26.978516,31.676388
101.37957286834717,57.99226379394531,26.884823,32.147213
99.54204845428467,57.37369728088379,26.971958,31.581337
97.5357837677002,56.88483715057373,27.430136,31.115103
95.83778285980225,57.28154754638672,27.879665,31.176067
93.96942043304443,57.82071018218994,27.812977,31.118982
92.57108306884766,59.28089618682861,28.088518,31.071268
89.91056537628174,61.54921340942383,27.93605,30.722866
88.8255786895752,65.07660102844238,27.734877,30.401665
85.8434476852417,68.15371417999268,28.105556,30.356943
83.55618381500244,72.10158348083496,28.54042,30.184624
81.36881446838379,74.94583892822266,28.98596,30.578114
78.19497203826904,78.5441198348999,31.020138,30.649595
74.94738101959229,82.53604888916016,31.141212,30.465252
71.44166374206543,85.66061401367188,30.45371,30.277676
68.92662143707275,88.51644897460938,30.000648,30.92033
65.70002269744873,91.8240385055542,32.35023,30.867712
63.07515621185303,94.15861320495605,32.416096,31.743011
60.127272605895996,96.71623516082764,34.691334,31.447577
59.42734241485596,99.10934829711914,32.796684,31.851368
58.72282600402832,100.416015625,30.060873,32.57725
62.38899803161621,112.6688642501831,26.951078,30.921255
89.4822301864624,137.25368118286133,32.05325,23.725529
92.11350536346436,149.19217109680176,36.34821,19.916084
102.96184253692627,151.29309749603271,34.909378,21.388487
110.7034559249878,149.09976959228516,35.112247,19.770016
109.77817058563232,138.12917041778564,33.172787,23.50889
117.77555751800537,132.39238357543945,29.976994,22.00681
126.12446212768555,122.36936569213867,27.503328,25.933018
128.49518871307373,120.69755172729492,27.696072,20.535824
145.8276710510254,117.5044412612915,19.677507,19.207293
145.43797492980957,113.52767276763916,20.935392,19.287325
141.34644889831543,107.88545036315918,21.743979,18.671638
146.4770164489746,106.53188610076904,18.237818,19.255415
145.5750503540039,106.05039024353027,21.039522,18.949234
142.88259506225586,98.83186721801758,23.6075,17.153385
142.01660251617432,99.50201988220215,23.564926,19.198853
143.28826713562012,98.4149980545044,21.95696,20.58858
144.22234725952148,99.94696807861328,18.220095,19.321545
146.87336826324463,101.88805198669434,19.099335,19.197731
148.11247539520264,105.89119243621826,20.598736,21.237288
145.82389068603516,95.81109619140625,22.91981,20.118755
152.50586795806885,106.97553062438965,25.824493,21.959312
140.391375541687,118.95955276489258,25.554485,24.355968
139.97229194641113,127.95859813690186,21.059553,21.686132
140.71619033813477,128.2734613418579,14.962381,19.92985
141.528178691864,130.2559118270874,15.678851,19.499151
144.22912216186523,133.41686820983887,17.875727,15.728279
125.86409902572632,136.15535736083984,14.715581,10.9314995
129.16243696212769,135.79864311218262,11.484738,11.064762
130.34106349945068,135.67532920837402,10.635149,10.860771
129.91580057144165,136.3658938407898,10.270156,10.233911
130.0967025756836,136.22959518432617,10,10
130.2554988861084,135.75496864318848,10,10
130.61011457443237,136.15724515914917,10.691567,10.681287
130.83986139297485,136.2524061203003,10.557124,10.596518
131.25751161575317,134.13574409484863,10.13095,10.989681
131.63891410827637,134.9612636566162,10,10
131.71395301818848,135.3989200592041,10,10
131.8548378944397,134.9321060180664,10.026526,10
132.1836452484131,133.55601167678833,13.593712,11.786464
131.36141729354858,131.5100965499878,14.473123,14.042997
131.25827884674072,129.86270093917847,14.758959,14.955712
130.92834091186523,131.0630602836609,15.423912,14.033479
131.018479347229,130.190851688385,14.55768,14.618693
131.58322668075562,129.74994945526123,15.160596,14.659964
