57.0,21.0,31,45
55.91708564758301,21.31171417236328,32.954754,43.055008
56.21194648742676,21.66471290588379,33.678234,43.169674
57.04715347290039,20.643718719482422,33.865944,43.773323
60.262962341308594,19.604663848876953,34.771072,44.54946
62.56471824645996,18.057849884033203,35.410954,44.98156
65.13749885559082,16.02560043334961,37.116222,45.745323
69.04655265808105,16.285572052001953,37.48328,46.866325
71.60694313049316,16.037343978881836,37.33636,47.51032
74.42477416992188,17.052427291870117,36.386444,46.63541
77.67612266540527,17.42301368713379,35.597828,45.240963
78.7188835144043,18.263717651367188,34.987007,44.15587
79.16790008544922,20.35750389099121,34.63765,42.93169
75.44880485534668,21.99397087097168,33.916935,41.67023
69.06210136413574,21.60933494567871,33.540592,41.57871
61.85993957519531,20.787704467773438,33.40428,41.92459
55.94657897949219,19.710304260253906,33.285828,41.475082
52.2104606628418,18.85415267944336,33.20791,42.125694
46.51977729797363,18.38453483581543,34.10655,42.09493
39.606746673583984,18.730436325073242,33.743828,43.382053
35.27543067932129,21.406206130981445,34.347515,42.438793
28.569124221801758,21.356719970703125,33.838497,42.48651
24.6127872467041,21.074155807495117,32.871975,41.428944
20.95879364013672,20.964143753051758,32.615845,41.03079
17.09648323059082,21.502595901489258,32.49577,40.82455
17.312665939331055,22.427228927612305,32.021183,40.856388
18.64173126220703,23.642353057861328,31.352707,40.021767
19.245481491088867,22.13588523864746,31.859333,39.437153
19.215335845947266,22.179580688476562,31.307472,39.125977
18.368006706237793,22.62109375,30.798532,38.362427
17.726404190063477,23.283180236816406,30.5975,38.541748
16.902411460876465,23.80342674255371,30.762163,37.281193
17.335777282714844,26.24342918395996,29.965744,36.96889
18.19796848297119,26.47553253173828,30.371656,35.911087
21.328638076782227,26.98965072631836,29.940105,35.029
21.955368995666504,27.346210479736328,29.427961,35.83442
22.36757755279541,27.777132034301758,28.353148,35.95509
23.54768943786621,27.022920608520508,29.49413,36.924282
28.04128074645996,28.882108688354492,29.88181,37.29183
31.130451202392578,28.42452049255371,31.250252,39.053074
34.6889591217041,30.247295379638672,32.73396,41.246574
38.07147979736328,32.48574256896973,33.86801,42.39523
40.943729400634766,32.502105712890625,34.37388,44.15892
42.297306060791016,34.38620948791504,35.33898,44.393658
42.7619686126709,35.97542190551758,35.46207,45.09379
42.69002151489258,37.62152671813965,36.621468,46.240086
42.737260818481445,36.85670280456543,37.251034,47.61568
43.54659080505371,36.12289047241211,38.72118,48.269585
44.91992950439453,32.899742126464844,37.857162,47.843567
46.49196434020996,27.908916473388672,37.30617,47.013435
48.22093200683594,21.99211883544922,36.046722,46.20282
49.34788131713867,20.369966506958008,35.425774,44.47665
50.77871322631836,18.851736068725586,33.799034,41.97498
52.274906158447266,17.482898712158203,33.361107,41.674187
54.77391815185547,17.37823486328125,31.387863,38.84294
57.63514709472656,19.179256439208984,29.911057,37.012947
59.615715980529785,22.953289031982422,27.811354,34.76864
61.26320552825928,25.967092514038086,26.023806,33.28043
63.37088966369629,27.331055641174316,24.764286,30.496557
64.64196681976318,27.041744232177734,23.222742,29.758179
66.38382911682129,28.41565704345703,22.449696,27.733696
68.48980045318604,28.17880916595459,21.963469,27.218966
69.90610122680664,28.134150505065918,22.135376,26.569414
71.05172348022461,27.482102394104004,21.996445,27.114698
71.74270248413086,27.61321258544922,21.944283,27.131767
71.22911357879639,27.99053955078125,21.707834,25.967926
68.8946008682251,27.72658920288086,22.037146,26.477112
66.5144910812378,28.480239868164062,21.969378,26.543526
62.92800235748291,28.85228443145752,21.720083,26.632193
60.052772521972656,29.583930015563965,21.892136,26.811563
60.16652774810791,30.513620376586914,21.808203,26.333263
60.36722373962402,29.66920566558838,21.700382,26.743917
60.98570537567139,30.294164657592773,21.809748,26.915531
62.045562744140625,30.537809371948242,22.060204,27.233585
62.43059730529785,30.341381072998047,22.071445,27.987885
63.18978786468506,30.5341215133667,23.031649,27.987848
62.25722312927246,29.593403816223145,22.951962,28.601698
62.04503917694092,30.726234436035156,22.852007,29.077278
60.453386306762695,29.840909957885742,23.285793,29.417637
58.600830078125,29.517178535461426,23.63266,30.744612
57.5541934967041,28.899807929992676,24.082958,31.675436
55.30667495727539,29.89350986480713,23.643814,31.201925
52.8984432220459,29.410383224487305,25.121593,32.70284
50.68062210083008,29.634835243225098,25.491081,31.287542
48.128807067871094,29.998705863952637,23.253891,31.769907
44.931297302246094,29.66509437561035,25.365486,33.462963
42.59779930114746,29.1308650970459,24.70325,33.340748
41.85644817352295,28.65074348449707,22.39834,34.583996
39.20169544219971,28.84101676940918,27.47988,34.538044
40.77434158325195,27.712444305419922,27.92308,34.498558
38.28863048553467,27.29559898376465,28.602709,34.198154
39.19564437866211,25.875009536743164,29.956482,34.31666
39.606858253479004,25.30722427368164,28.939825,34.53605
39.87201499938965,25.596338272094727,30.000835,33.68202
42.94587230682373,27.040462493896484,30.235796,32.437492
44.24920463562012,26.779638290405273,27.301731,30.41148
45.433868408203125,26.60808563232422,27.188942,28.71708
43.771907806396484,25.467924118041992,27.234123,29.861996
45.503854751586914,25.850919723510742,25.078434,27.509571
44.80184459686279,26.112059593200684,26.62514,29.656221
48.175846099853516,26.136737823486328,25.031265,29.584564
50.63803577423096,26.21614933013916,25.069296,27.845549
52.767775535583496,25.74398708343506,25.69584,29.101175
55.186092376708984,25.782465934753418,26.181625,29.703508
55.86744689941406,26.146693229675293,27.556229,27.924906
60.1757230758667,25.721670150756836,28.297976,27.138142
64.64734935760498,25.78927516937256,28.3957,24.768648
69.42854118347168,26.825844764709473,27.857998,28.645773
69.05838298797607,27.82818603515625,27.249102,32.06256
67.22485828399658,28.69710922241211,27.850203,33.660065
69.294358253479,27.5980281829834,25.5968,34.701466
67.95989322662354,28.213558197021484,26.874273,35.07074
72.37783527374268,28.201499938964844,23.704618,35.47551
65.69317245483398,27.841796875,26.458542,36.362946
63.18042469024658,27.60033416748047,26.273611,36.80986
60.02981662750244,26.810083389282227,28.249022,37.29015
58.93811321258545,26.655010223388672,29.644342,37.347473
59.92931365966797,26.458873748779297,29.8154,37.372147
61.24099159240723,26.50465965270996,29.112133,36.914898
63.7100305557251,26.806427001953125,27.656614,36.352684
63.63396072387695,26.535823822021484,28.673561,36.886032
65.2194128036499,26.605005264282227,28.180376,36.812824
59.31771183013916,25.01441192626953,28.926947,37.87525
56.103715896606445,24.896577835083008,28.989902,38.166874
53.60463809967041,24.02698516845703,29.335485,37.596565
52.34035682678223,23.277711868286133,29.834324,38.350407
51.99407768249512,22.270769119262695,30.080349,38.320698
50.33517837524414,20.863101959228516,31.18364,38.736496
50.2894926071167,19.085899353027344,31.29355,40.43551
49.812068939208984,23.228744506835938,32.28157,40.968483
49.19513702392578,26.800546646118164,33.159935,42.618504
49.819271087646484,29.191207885742188,33.099243,42.527397
50.865936279296875,31.555150985717773,32.397926,41.79141
51.84444236755371,32.68033218383789,32.162,42.969345
52.63077926635742,33.52757453918457,31.826996,42.739475
55.68724727630615,35.7189998626709,31.225046,41.269573
58.36337852478027,35.906476974487305,30.998348,40.27142
59.475022315979004,36.72878456115723,30.201208,39.40122
61.24956130981445,38.02753448486328,29.29683,38.919884
62.05293369293213,39.75530242919922,28.43427,37.12803
61.11759853363037,39.39152145385742,28.393793,36.995773
57.43257522583008,40.63165473937988,27.881454,35.913822
55.225361824035645,42.220577239990234,27.26039,35.59784
54.35382080078125,38.46005821228027,26.660637,35.23969
54.1788854598999,33.39837646484375,26.389467,35.40056
54.87828826904297,31.408004760742188,25.973206,34.2865
57.11380195617676,30.02518653869629,25.624119,34.069065
58.893171310424805,30.83993911743164,25.262417,33.893105
58.63328456878662,31.647449493408203,24.852335,33.27378
59.186296463012695,33.259756088256836,24.365833,32.096714
58.851768493652344,29.257637977600098,24.028976,31.533613
57.77845001220703,24.003625869750977,23.99759,32.151592
56.24634838104248,25.73318386077881,23.467272,31.527994
56.83897113800049,25.927221298217773,23.316748,31.54646
56.9648323059082,26.639628410339355,22.944992,30.73292
57.2342472076416,25.985158920288086,22.724682,29.581081
56.62044048309326,26.553593635559082,22.389566,29.225874
56.649213790893555,27.1773099899292,22.178715,28.37559
55.7259635925293,27.390344619750977,22.169502,28.587132
54.800275802612305,27.96788787841797,22.043941,28.462524
53.442973136901855,27.91487216949463,22.176676,28.182035
51.780592918395996,28.358641624450684,22.021921,28.09772
50.9173469543457,28.559324264526367,21.908592,27.643276
49.858171463012695,28.0258846282959,22.824215,28.043667
48.513427734375,27.68818187713623,22.053207,27.518206
47.08154296875,28.240641593933105,22.531487,27.769861
46.33623695373535,28.37962055206299,22.06525,27.340742
45.09409427642822,28.232890129089355,21.988447,27.239687
43.80953121185303,28.054948806762695,22.797396,27.059711
41.7180061340332,28.134220123291016,21.937103,26.311577
39.94404125213623,28.440162658691406,23.465853,26.433327
38.77131175994873,28.250106811523438,22.62842,26.06385
38.72847843170166,28.102246284484863,22.863997,26.73345
43.60491943359375,28.508434295654297,21.640274,26.112122
46.99924087524414,28.67006492614746,23.548424,25.869122
47.63060188293457,27.723580360412598,24.670513,26.338476
47.14742183685303,28.112553596496582,23.238955,25.676222
46.6572847366333,28.063157081604004,25.014898,26.08544
46.370330810546875,26.913917541503906,23.948174,26.359802
48.89303684234619,27.18302631378174,22.852743,28.2917
47.945359230041504,26.809513092041016,23.669882,29.63964
47.84106159210205,26.393667221069336,24.068518,29.605595
48.98885536193848,25.421088218688965,23.574772,29.365557
50.52216720581055,24.17215919494629,23.719536,27.022022
52.43253135681152,25.093570709228516,23.64133,29.652405
55.505393981933594,23.570995330810547,24.217178,30.25541
56.05213642120361,25.465805053710938,22.836798,26.765038
57.95610046386719,26.2823486328125,25.452011,30.253006
59.67625045776367,24.95015525817871,25.938263,30.164051
61.19000720977783,22.599578857421875,25.87715,31.699234
61.461435317993164,22.198430061340332,26.250484,30.97392
61.644235610961914,20.394007682800293,26.242336,31.4509
61.89275550842285,21.48752784729004,27.08437,32.34982
60.05751132965088,21.632543563842773,28.122679,32.121807
58.92967987060547,20.304489135742188,26.330132,31.979279
55.71307373046875,20.915478706359863,27.92012,30.659498
51.63415241241455,24.798511505126953,28.626616,31.787132
49.067548751831055,23.879756927490234,28.824291,33.430557
48.364898681640625,24.106775283813477,27.627983,32.68205
46.65534210205078,23.932077407836914,28.78276,32.280193
44.77755641937256,24.265758514404297,28.695002,32.482567
44.93965148925781,25.038198471069336,29.06034,32.096165
42.14468574523926,24.01429557800293,30.209072,34.705555
40.68165874481201,23.30034637451172,31.563715,36.063934
40.10388374328613,23.516338348388672,32.277447,35.31774
35.69570732116699,23.152406692504883,33.65102,38.500195
32.797019958496094,23.582199096679688,33.321472,40.05243
35.44601631164551,23.856130599975586,33.57252,37.542683
39.799232482910156,23.103517532348633,32.83539,38.668056
44.487958908081055,23.14545249938965,32.019276,39.13065
44.894052505493164,21.50263214111328,30.582226,37.89836
44.22174263000488,21.507535934448242,29.315594,39.217625
43.35602378845215,22.252775192260742,29.657246,38.0891
44.163567543029785,23.782651901245117,28.131712,36.302326
44.61900997161865,25.957901000976562,28.051012,35.84778
46.95532989501953,27.91407012939453,27.807693,35.634247
47.629018783569336,27.020410537719727,28.473759,37.679966
48.26444625854492,27.504560470581055,30.024498,37.59222
50.2363166809082,25.56111717224121,29.388771,37.204037
52.584954261779785,24.584165573120117,29.808805,36.200954
56.22119331359863,25.072566986083984,29.536968,36.712997
56.90218257904053,24.1210994720459,30.514177,39.837124
57.820576667785645,23.304061889648438,31.587805,37.04772
59.981401443481445,22.921405792236328,30.645687,39.36499
58.87645721435547,21.95414924621582,32.057495,38.637424
59.936771392822266,21.26486587524414,32.43348,39.757706
60.15434455871582,21.783428192138672,32.300198,37.091476
61.10748767852783,21.626977920532227,31.634115,42.18137
62.394691467285156,22.3583927154541,32.47751,39.63767
61.54305648803711,22.059595108032227,33.22065,39.80814
60.68402862548828,21.22638702392578,33.393158,41.249825
59.22179985046387,22.290693283081055,32.995335,41.516796
61.279008865356445,21.739994049072266,33.021725,38.380966
65.3239164352417,22.067913055419922,31.215494,38.056503
62.847554206848145,22.167125701904297,30.097418,35.916687
57.42338562011719,21.862285614013672,31.49759,35.319565
52.51223278045654,23.4233341217041,31.941477,34.63959
55.60764122009277,23.172069549560547,31.210896,31.005188
56.964887619018555,18.811123847961426,31.091503,28.261045
59.01748847961426,14.875044822692871,30.727596,31.832483
62.294939041137695,11.742712020874023,29.676586,34.963863
63.513895988464355,9.37185287475586,30.46107,35.34906
67.29450607299805,9.590229034423828,31.814156,36.751328
65.30137920379639,11.044303894042969,30.6923,37.018105
66.14151954650879,12.261484146118164,28.293148,35.805912
63.91657638549805,13.463785171508789,27.240952,34.90282
64.54784107208252,14.491640090942383,25.570478,33.780712
60.21560001373291,14.971977233886719,26.483137,34.727234
57.248887062072754,15.462696075439453,26.44325,33.5774
53.89161491394043,15.315692901611328,26.069256,33.13523
53.24843406677246,15.813908576965332,23.712063,31.399176
55.28030300140381,18.313096046447754,22.717714,30.159193
55.27501583099365,21.03363800048828,23.640963,30.271286
56.8398323059082,21.90133285522461,21.856544,29.457626
56.55306339263916,21.834315299987793,22.452124,29.114603
58.2706241607666,21.906222343444824,22.028706,29.29436
60.04222011566162,21.70921802520752,22.07516,28.487028
60.271803855895996,22.00066566467285,22.810213,29.04665
62.074607849121094,21.46774196624756,23.035828,28.788385
64.1622953414917,21.212924003601074,22.681643,28.760614
63.94216060638428,20.000398635864258,23.090456,28.960606
64.67050838470459,20.319510459899902,23.329813,29.30182
61.55026721954346,19.22116184234619,23.944738,29.906797
61.69277286529541,17.59368133544922,23.757345,30.296677
63.6341438293457,19.40467643737793,25.025673,30.344883
66.91156482696533,21.803388595581055,24.647131,30.526287
69.37145614624023,25.175321578979492,25.504936,31.68298
67.80447673797607,24.85482406616211,26.109774,32.63791
65.0002851486206,24.110673904418945,26.624033,33.818836
60.66451930999756,23.909528732299805,27.013216,34.969448
57.06662464141846,23.636558532714844,27.518957,34.915024
55.21412181854248,23.129117965698242,28.496454,36.02357
54.435484886169434,22.7003231048584,28.759012,36.444866
52.45158290863037,22.88107681274414,29.28927,36.315765
50.629892349243164,22.346025466918945,29.341236,36.38393
50.90738487243652,23.081838607788086,28.852947,36.06497
50.38011169433594,22.248716354370117,28.773796,36.15086
51.72564888000488,21.940725326538086,28.224506,36.534054
53.02566337585449,21.50082015991211,28.843044,36.052826
54.727627754211426,20.932964324951172,28.642363,36.814163
56.5640230178833,21.23213768005371,28.406004,36.067104
56.75281620025635,20.43355369567871,29.280157,36.181812
58.30426502227783,19.548545837402344,29.23744,36.394165
59.5759859085083,24.685028076171875,28.757399,36.412537
60.44733428955078,27.677032470703125,28.759789,36.46353
61.37779140472412,28.240793228149414,28.484385,35.91006
62.52324962615967,28.965410232543945,28.060534,35.19511
63.08843421936035,27.405237197875977,29.013386,35.923244
64.83483982086182,27.715225219726562,28.848608,35.432663
62.99323558807373,28.52911949157715,28.799906,34.91135
61.53155326843262,28.445913314819336,29.190388,35.342518
62.453917503356934,27.821475982666016,28.19864,34.94683
64.34179878234863,29.081323623657227,27.956448,33.95669
63.79638195037842,28.16924476623535,27.687899,33.842396
64.89819145202637,28.512956619262695,27.494564,33.77132
63.13059139251709,29.260311126708984,26.818888,33.785965
61.393863677978516,27.987430572509766,26.75869,33.72747
59.78762149810791,28.62236976623535,26.477041,33.62589
58.354347229003906,29.80608558654785,26.606827,33.464558
58.87404918670654,29.433677673339844,26.029085,32.87339
60.31023025512695,31.012250900268555,27.07222,32.785725
60.48304271697998,31.185941696166992,27.470362,32.218678
60.606635093688965,31.190221786499023,27.66157,32.486317
61.43951892852783,32.069990158081055,27.882132,32.037937
61.58042049407959,32.14622974395752,27.35843,31.891684
58.62093925476074,33.137088775634766,27.53764,31.779213
56.721590995788574,33.73725128173828,28.119913,31.053932
56.13124942779541,35.14114284515381,27.795454,30.486284
56.47694969177246,34.38610363006592,28.577106,29.417223
58.80007457733154,30.507132530212402,28.408205,29.92673
58.96841621398926,32.55712604522705,28.929653,29.625532
58.65027904510498,28.235626220703125,29.477694,30.77185
58.99207878112793,25.582977294921875,27.86517,29.804405
57.83477592468262,24.36291217803955,27.724865,30.28472
54.78329658508301,21.417014122009277,27.653202,31.117746
53.207518577575684,20.15217685699463,26.970362,31.848272
50.90587902069092,18.4382905960083,26.181887,31.653639
49.651817321777344,18.413114547729492,25.475143,31.375256
46.8410005569458,20.84329605102539,26.154211,31.191017
45.161627769470215,25.098228454589844,25.910799,30.38749
41.57605838775635,25.349431037902832,27.836172,30.406866
39.11146259307861,25.018972396850586,28.678274,31.230122
35.38585376739502,26.310508728027344,29.529394,31.447464
35.2454137802124,26.94291877746582,28.887316,30.389904
37.23804187774658,29.522263526916504,28.641989,29.518179
38.94657325744629,30.27006244659424,28.860561,30.216871
41.4503870010376,31.583799362182617,30.862661,29.977268
42.592169761657715,31.61017894744873,31.21123,30.927668
43.62290668487549,32.65506935119629,30.885962,29.85696
42.82376670837402,32.374755859375,30.992138,31.040558
43.71782207489014,31.82104206085205,29.413988,30.14868
43.37975597381592,31.731104850769043,31.149416,31.543444
47.73588752746582,26.935195922851562,29.239887,32.024628
50.03605079650879,25.57175064086914,29.147343,33.13353
52.98562717437744,25.503971099853516,28.458761,33.71402
56.03085994720459,24.983261108398438,28.721857,34.604507
57.58005428314209,25.30575180053711,28.410929,34.95253
58.04154968261719,24.59738540649414,28.400566,35.38012
58.20193004608154,24.04920768737793,29.21303,36.081127
58.41124248504639,23.527803421020508,29.472582,36.218388
58.28244400024414,22.80925750732422,29.336075,36.016273
57.8651180267334,21.6572208404541,29.25114,36.75783
56.56183624267578,20.982418060302734,29.680595,37.19716
54.33443355560303,20.7396240234375,29.986475,37.08071
51.07305335998535,18.27771759033203,29.767048,37.67237
47.514408111572266,17.13055992126465,29.043602,37.579082
42.80001449584961,17.23645782470703,29.494728,38.1307
37.185465812683105,16.295127868652344,30.58455,38.31945
31.028986930847168,18.734947204589844,31.165873,39.146095
27.420495986938477,17.694425582885742,31.07304,40.489223
26.685391426086426,17.573057174682617,31.285788,41.27171
25.482982635498047,16.679901123046875,32.41619,41.661705
27.240873336791992,16.347402572631836,33.28249,42.693676
29.52749252319336,18.48295783996582,32.688423,42.671223
29.82244110107422,19.195974349975586,32.790665,42.85992
28.85179901123047,18.543333053588867,33.33618,43.54243
28.80059814453125,17.964698791503906,34.217834,44.12919
29.643163681030273,19.167985916137695,35.920322,44.81238
31.85506248474121,17.9337158203125,36.524616,46.01124
32.38006782531738,18.16062355041504,37.245525,46.901905
35.17783164978027,16.922405242919922,36.013767,45.64717
36.055572509765625,17.265722274780273,34.94136,43.928814
36.65857124328613,15.939872741699219,33.73321,42.207542
36.69852066040039,15.808732986450195,31.974815,40.423923
37.596792221069336,16.231779098510742,31.342472,40.340374
40.24136829376221,17.833208084106445,31.408545,39.948
40.22633171081543,20.988475799560547,30.844181,40.11496
40.484089851379395,23.35817527770996,31.29769,39.205257
41.359235763549805,24.146589279174805,30.762943,39.806423
42.55556106567383,24.754962921142578,30.743675,39.770493
43.35049247741699,25.348304748535156,30.690418,39.72448
44.91342258453369,26.264530181884766,30.62213,40.147995
47.002702713012695,26.15542221069336,30.439419,40.27455
49.02666187286377,26.45828628540039,31.048803,40.413254
50.64381694793701,26.872514724731445,30.58314,39.90891
52.44389629364014,26.782398223876953,30.882639,39.638947
54.34778308868408,25.788774490356445,30.580175,39.783253
55.18340301513672,25.072874069213867,31.617462,40.29713
58.154741287231445,24.58512306213379,31.576427,41.003025
60.06441116333008,22.809288024902344,33.183754,42.651268
61.364402770996094,21.734710693359375,34.190994,43.128654
65.40806007385254,19.912702560424805,35.150906,45.164227
64.16978073120117,16.708805084228516,37.998024,47.219467
60.80807876586914,8.88775634765625,39.28965,48.503944
55.770694732666016,2.614482879638672,39.2703,48.52968
53.856319427490234,1.3517341613769531,37.35163,45.059265
51.84792900085449,1.4516677856445312,36.46088,44.834145
51.60833549499512,8.850130081176758,34.889896,43.770313
50.92157554626465,22.08647918701172,32.98557,42.418022
51.772132873535156,34.11000633239746,32.42479,41.15675
51.59902381896973,39.3754997253418,31.97131,40.188354
50.98194122314453,40.91680335998535,31.169128,39.64284
51.712525367736816,40.35294151306152,30.959425,39.180416
52.40188789367676,38.92685890197754,31.031567,39.08121
52.9545316696167,36.080284118652344,31.757257,39.65644
53.463396072387695,33.07850456237793,31.483883,40.29913
53.52750110626221,28.638090133666992,31.568853,40.88644
53.136220932006836,27.385746002197266,31.60033,40.515198
52.022390365600586,26.1591796875,30.905277,39.695107
50.49580478668213,25.90691375732422,31.17645,39.419685
49.16181945800781,26.713603973388672,30.553314,38.49289
49.39971160888672,26.953697204589844,30.560486,38.17704
49.3942346572876,26.654266357421875,30.292158,37.915062
48.540114402770996,26.87967872619629,29.803621,38.391926
49.09994029998779,28.287866592407227,30.276163,36.980488
49.13642501831055,27.791322708129883,29.477959,37.463963
49.12617778778076,28.92245101928711,29.491327,36.617355
48.76598358154297,28.380775451660156,29.102676,37.525642
48.62904453277588,27.865463256835938,29.223661,36.708916
48.44222545623779,28.760143280029297,28.740458,35.815933
48.62073612213135,29.23320198059082,28.742872,36.0918
48.89214611053467,28.74243927001953,28.153605,35.776375
48.13845348358154,29.199596405029297,28.724504,36.13864
47.490591049194336,28.94083595275879,28.509792,35.70415
47.37465763092041,28.992664337158203,28.166143,35.461227
47.533023834228516,29.460599899291992,28.166107,35.340084
47.33691120147705,29.549470901489258,27.696478,35.232197
47.12606143951416,29.138803482055664,27.927122,35.4864
47.34480571746826,29.091411590576172,28.195398,35.323425
46.713111877441406,28.86195945739746,29.262444,35.697033
46.70651149749756,29.169889450073242,28.671564,35.33462
47.87696647644043,29.966859817504883,27.007092,35.12911
50.20022010803223,29.100969314575195,26.142216,34.386066
51.30017280578613,29.564001083374023,24.863796,35.353184
51.66050434112549,29.62929916381836,24.240599,34.946533
52.36524963378906,29.16083335876465,23.836304,34.12103
53.40756893157959,28.613168716430664,23.055628,34.926952
56.013444900512695,28.443500518798828,21.692524,35.37181
55.04481601715088,27.679332733154297,23.200148,36.393814
54.43140125274658,27.706418991088867,24.512335,36.265324
56.25143241882324,27.238218307495117,23.425694,36.63943
55.165690422058105,26.438232421875,24.791254,36.89292
46.230112075805664,25.31769561767578,33.345867,38.056114
31.76090431213379,28.368854522705078,46.182407,60.89157
37.78883361816406,30.56822395324707,40.794548,60.449207
41.50176811218262,37.2279109954834,37.90005,55.51309
39.49229621887207,39.001848220825195,42.21715,55.376957
44.5135555267334,42.16408920288086,38.1571,53.833054
43.843984603881836,37.43022346496582,40.15707,50.717487
44.554948806762695,36.597700119018555,41.27579,51.487835
46.58378791809082,24.649337768554688,32.65169,34.797142
47.56596374511719,26.128141403198242,30.9721,36.59332
47.46577262878418,26.564456939697266,30.588085,38.502075
47.52692890167236,26.24631690979004,30.249144,39.285755
47.01454162597656,26.06119155883789,30.864113,39.14676
46.9132137298584,26.342182159423828,31.143505,39.560013
46.7454137802124,25.95968246459961,31.404428,39.572525
47.099483489990234,26.29624366760254,30.994247,39.935795
47.21580982208252,26.003887176513672,31.273191,39.823715
47.11556625366211,25.954294204711914,31.490494,40.33077
47.92933368682861,25.490161895751953,31.232466,39.72934
48.0015230178833,25.86769676208496,31.122541,38.350292
47.77851581573486,25.896427154541016,31.45564,34.385376
49.23408317565918,23.820579528808594,30.255398,31.805046
48.5395393371582,24.514843940734863,32.212296,30.767843
51.19386672973633,24.186012268066406,29.567184,29.841942
46.762874603271484,23.86832904815674,34.430595,31.874449
40.596168518066406,29.356203079223633,40.562057,62.568348
39.210025787353516,31.289947509765625,40.46543,56.52021
35.97910499572754,29.06022071838379,43.56367,57.3998
33.94968032836914,29.693395614624023,43.248955,54.698696
30.488704681396484,28.12311553955078,41.924232,52.676994
25.6586971282959,28.66864585876465,42.529575,54.140697
23.44512939453125,27.808002471923828,42.022995,53.045563
22.365924835205078,27.04483413696289,41.190804,51.87732
22.286731719970703,24.792011260986328,38.539375,51.131195
55.42036151885986,25.798168182373047,28.645483,39.72055
52.68511772155762,26.299970626831055,29.945087,39.96681
51.20002269744873,25.653453826904297,31.98002,40.85663
50.93984413146973,26.31032943725586,32.251995,39.74051
51.19979763031006,26.40435028076172,31.826708,40.23475
51.645973205566406,26.264497756958008,32.238403,40.604084
52.10007667541504,26.76321029663086,31.869305,40.8629
51.71840858459473,26.061878204345703,31.97839,41.31552
51.865549087524414,25.897573471069336,31.86259,41.576855
51.8889217376709,26.460224151611328,32.03658,41.22075
51.6195182800293,26.21063232421875,32.368385,42.063866
51.40338325500488,26.46249771118164,32.54382,41.537857
50.99075889587402,26.549596786499023,32.479588,41.82255
51.11002159118652,26.79230499267578,32.605335,41.55584
51.53293991088867,26.091278076171875,32.248512,41.174706
50.657958984375,25.93810272216797,32.414337,41.52648
50.68159103393555,26.443349838256836,32.901802,41.662563
50.0485782623291,26.00725746154785,32.918438,41.623966
50.235374450683594,26.550289154052734,32.96277,41.714645
50.33856201171875,26.045652389526367,32.92775,41.786083
50.38264083862305,26.691774368286133,32.494377,41.77872
49.857154846191406,25.925899505615234,32.318176,41.656418
49.54204177856445,26.510868072509766,32.384407,41.754562
49.398902893066406,26.70134162902832,32.71942,41.47579
49.44579887390137,26.731651306152344,32.779728,41.655724
49.857927322387695,25.8414306640625,32.90225,41.755318
50.096717834472656,26.41623878479004,32.71202,42.08878
50.314918518066406,26.206308364868164,33.02556,41.812656
50.924888610839844,25.73904800415039,33.01291,42.026077
51.35316276550293,25.813722610473633,33.0638,41.577473
51.696170806884766,26.001615524291992,32.660683,42.22433
51.443450927734375,25.458324432373047,32.44629,42.30667
51.921072006225586,26.462509155273438,32.623173,41.753304
52.04720115661621,26.732410430908203,32.628788,42.005127
