198.0,249.0,95,325
190.42210388183594,248.06016540527344,105.86734,315.32755
189.02035903930664,249.17886352539062,107.652885,314.58374
188.13976669311523,249.2088623046875,108.070015,315.3299
189.1973762512207,249.61044311523438,108.11208,315.60815
190.14790725708008,250.04873657226562,107.64327,316.95245
191.38560104370117,250.93055725097656,108.72776,319.60452
194.47073364257812,253.0330047607422,108.58038,325.13864
196.085205078125,253.96868896484375,110.73859,328.6499
196.82109832763672,252.13653564453125,112.06642,331.66602
197.56730270385742,250.25437927246094,113.6179,332.34396
201.11916732788086,250.49612426757812,113.63874,332.93872
204.31195449829102,251.5550994873047,111.24969,340.54013
205.73051071166992,254.27891540527344,111.39164,340.7532
208.46786499023438,257.3735046386719,110.63611,344.19818
209.24909210205078,259.7435760498047,111.889755,344.57077
211.72407913208008,256.5262451171875,109.80013,341.42517
213.74762344360352,253.7514190673828,111.61236,341.59885
217.35887908935547,249.04632568359375,111.72475,343.1018
216.85433959960938,244.7906036376953,112.02075,340.88358
213.88528442382812,238.4641571044922,111.55188,341.65256
205.2430534362793,231.41014099121094,114.144875,343.27097
203.4168930053711,226.20635986328125,112.82448,345.5481
200.63340377807617,223.73477172851562,112.34562,347.9931
196.25053024291992,222.06369018554688,112.66477,347.49524
196.39635467529297,219.578857421875,110.92525,343.6839
197.8125,215.97996520996094,110.33264,345.7009
198.66961669921875,211.0615692138672,110.68744,342.91055
201.46978378295898,209.29978942871094,112.85444,350.48154
208.33008193969727,216.8463592529297,113.05645,350.12564
211.6256866455078,226.00534057617188,110.49057,350.7602
211.5105209350586,234.12684631347656,111.03883,354.99564
207.21764755249023,235.70526123046875,114.60822,359.4837
208.12767028808594,236.87123107910156,114.2623,358.65683
206.8869743347168,238.14540100097656,116.5239,360.8876
204.4952049255371,240.55715942382812,119.83045,360.1541
202.44710159301758,242.9385986328125,121.31698,360.68427
199.57255172729492,240.41981506347656,122.1041,357.8939
196.05070114135742,234.34303283691406,123.36631,355.28677
194.49452590942383,229.30337524414062,125.20449,352.49872
193.17533111572266,223.52651977539062,126.068954,355.20013
197.08224868774414,220.629638671875,123.096794,352.6043
196.22060012817383,212.5933380126953,121.92275,346.39944
195.06209182739258,207.41526794433594,124.10494,341.87643
200.7955551147461,200.9247589111328,122.94844,340.5886
211.4203109741211,201.50582885742188,120.20906,342.60205
218.4721450805664,201.7115478515625,117.32286,341.68488
223.15747451782227,196.60992431640625,113.41717,340.15735
229.69237518310547,197.7563934326172,111.77382,337.91647
235.54506301879883,204.88986206054688,112.82247,338.21796
234.61324310302734,211.80709838867188,116.886,337.97003
228.36761093139648,209.920166015625,122.85444,336.6792
221.9466896057129,208.68116760253906,126.32586,333.9752
220.97479248046875,204.9177703857422,130.50232,338.34055
227.58861541748047,204.1987762451172,131.25264,337.50027
225.99813842773438,205.96432495117188,134.30328,337.8938
224.6921615600586,204.69886779785156,131.38918,333.89346
221.71710205078125,210.0277099609375,137.51062,330.76843
218.9384307861328,212.84202575683594,131.74759,331.93576
201.23060607910156,206.6034393310547,135.27109,333.33005
187.8789291381836,194.6088104248047,134.84328,333.22092
177.70942306518555,176.74435424804688,124.79618,337.2052
175.00857162475586,161.99879455566406,119.629585,339.92752
172.7152557373047,152.71463012695312,116.723724,336.1477
173.7954559326172,151.23666381835938,114.740875,338.38123
177.2423858642578,160.41226196289062,113.47824,338.63953
179.13304901123047,165.62887573242188,113.11403,335.41772
180.90359497070312,170.45413208007812,111.59552,333.47742
185.4227066040039,173.65463256835938,112.589035,333.14142
189.57915496826172,178.5923309326172,116.080215,330.9595
194.40830993652344,183.05242919921875,116.869354,328.37555
202.78258895874023,183.7008819580078,116.060005,325.96408
209.43330001831055,181.1022186279297,116.14756,326.23062
210.0296401977539,183.64950561523438,115.86296,326.25482
217.96460723876953,205.9829864501953,112.42992,325.3372
214.02407455444336,215.31399536132812,115.6515,325.0312
210.40140533447266,216.9233856201172,114.77788,327.24387
214.11899948120117,215.090087890625,110.50706,328.2077
212.02424240112305,209.65347290039062,109.084755,330.11835
210.02050018310547,198.59097290039062,108.64906,331.62
210.91559219360352,188.8691864013672,105.460625,331.68576
214.56044387817383,185.98684692382812,101.93374,325.4087
217.94048690795898,183.59854125976562,102.38111,320.43555
220.17367935180664,179.22195434570312,101.09264,321.33893
219.93184661865234,180.66163635253906,103.67714,324.3679
228.80414581298828,186.4742431640625,102.998276,324.03333
237.8223648071289,198.6874542236328,102.3239,326.47012
246.69015884399414,207.07913208007812,104.48565,326.6897
261.11402893066406,214.7224884033203,103.820404,329.64267
272.76111602783203,218.25926208496094,102.99431,330.54465
292.67945098876953,220.59478759765625,100.63536,331.29578
311.1629638671875,221.43475341796875,102.83801,330.05463
324.80653381347656,219.7435302734375,102.66025,330.3935
338.45408630371094,218.4706268310547,103.72061,330.9011
350.2278709411621,212.85354614257812,103.49232,330.85223
357.9819030761719,205.14817810058594,108.64838,328.33078
353.3285026550293,195.7378692626953,108.42289,326.59836
351.41057205200195,183.59735107421875,109.86007,324.5506
357.2635917663574,177.24765014648438,107.186806,325.9912
355.0939407348633,173.0687255859375,108.71318,324.39886
360.8355941772461,170.05975341796875,106.172806,327.0656
365.7240219116211,170.139892578125,108.90675,327.3634
357.4608497619629,167.32005310058594,115.941765,322.60007
342.8151092529297,162.22718811035156,132.4913,323.47696
341.81275177001953,172.35549926757812,134.79997,324.1344
345.6195526123047,178.3023681640625,130.29727,323.57123
346.9258346557617,184.5734100341797,130.17274,324.46768
349.5146789550781,192.6118621826172,127.24371,323.69278
356.618408203125,197.02389526367188,120.98358,326.29865
365.4240074157715,202.94415283203125,111.97962,331.68036
372.12535095214844,207.02085876464844,104.5665,335.18655
369.95659255981445,209.1213836669922,105.891136,333.47366
370.1619300842285,209.98654174804688,107.22436,332.92206
372.2145309448242,211.6241455078125,106.98573,333.83972
374.54756927490234,215.07847595214844,103.41145,335.10904
369.91527557373047,216.45278930664062,107.4828,332.07874
361.9616394042969,198.20201110839844,115.35724,336.025
355.74163818359375,180.70431518554688,118.8667,339.30762
346.4008560180664,174.21078491210938,125.74193,341.5821
342.3044967651367,178.35464477539062,131.14265,339.23456
332.46138763427734,186.17503356933594,133.43544,340.14493
324.2509231567383,196.93023681640625,139.23961,345.20605
316.6525573730469,208.29495239257812,140.69171,348.06458
307.87857818603516,205.41213989257812,140.72008,361.14087
298.88502502441406,214.95639038085938,139.64426,359.1855
294.4797134399414,222.12437438964844,141.7647,361.134
292.0681457519531,230.08233642578125,139.4325,365.4275
289.1299743652344,239.88218688964844,138.17706,355.46744
286.79685974121094,244.8710479736328,136.61496,354.54562
286.55445861816406,256.1253204345703,132.95145,349.84402
285.63771057128906,257.8074493408203,131.57578,347.62656
287.0357475280762,260.47401428222656,127.88712,343.93698
292.7672576904297,256.5206756591797,120.9996,343.9943
297.2152328491211,254.67832946777344,116.20894,343.02975
297.0497016906738,253.2210693359375,112.164085,342.05896
297.19111251831055,248.10865783691406,109.88145,340.23782
302.0789108276367,244.74563598632812,105.73811,339.63385
301.51062393188477,234.9690399169922,101.84667,334.86392
300.0750389099121,224.65403747558594,99.05183,335.2507
298.5582084655762,218.6356964111328,98.13596,335.18192
297.7081756591797,210.65293884277344,95.660126,333.21323
298.8869819641113,205.50106811523438,92.49447,332.02783
305.3027229309082,202.35150146484375,86.25094,330.62457
310.58779525756836,204.39158630371094,82.77863,330.58194
312.7040367126465,209.06668090820312,81.55335,331.08838
311.85327911376953,215.7271728515625,80.77489,329.01343
306.27834701538086,222.6573028564453,86.94703,324.99234
298.1707954406738,225.0045928955078,96.09499,326.90604
295.8373374938965,226.5652313232422,101.098274,325.69717
295.055233001709,229.12606811523438,105.78956,321.18164
301.99684143066406,235.81919860839844,103.42844,316.79556
305.2837905883789,238.60462951660156,107.75792,316.5295
309.0018539428711,241.18353271484375,105.72414,313.6673
308.81024169921875,243.21368408203125,104.329834,310.80377
313.9702682495117,241.76925659179688,100.30928,308.28046
314.8681755065918,236.59661865234375,99.64451,308.364
321.4859733581543,234.717529296875,92.43546,307.36176
318.3011245727539,230.82684326171875,92.010605,303.3888
312.5267562866211,224.0465087890625,91.886795,299.75012
310.5964050292969,216.15272521972656,90.61987,298.37003
310.88614654541016,214.9213409423828,89.31236,292.92514
310.7187690734863,215.89193725585938,87.20193,288.03973
310.2747688293457,216.24716186523438,81.52035,284.03552
306.26534271240234,214.48031616210938,76.02248,280.26544
303.165470123291,210.84666442871094,73.158806,277.8303
302.2868309020996,208.6845245361328,71.12098,274.43137
301.3125457763672,213.11517333984375,73.0159,269.1742
301.1757049560547,220.00111389160156,75.553375,268.02554
298.9359703063965,227.72061157226562,77.42689,265.92627
294.3592720031738,235.9349365234375,82.34414,264.30823
290.0374565124512,243.31625366210938,88.40855,261.8211
290.94134521484375,248.71768188476562,91.23706,259.95435
288.92581939697266,252.97579956054688,95.33977,258.28162
291.7847099304199,256.5951156616211,96.75504,255.88332
297.59326934814453,260.1398620605469,96.341354,254.76074
305.216739654541,263.28602600097656,93.86285,253.43167
308.6504592895508,260.05591583251953,93.27403,251.4669
315.5345001220703,260.9197998046875,95.155365,250.17487
310.97905349731445,261.36661529541016,102.57552,248.17815
327.7144660949707,261.7162551879883,85.79842,244.37785
319.5147819519043,259.3519592285156,91.3054,238.74878
326.2999038696289,252.2724380493164,82.683945,236.73479
329.76454162597656,245.5644760131836,76.54819,232.63893
327.0027847290039,242.15392303466797,77.95897,230.28554
322.46935653686523,240.14530181884766,83.11201,231.3225
331.46875,237.4038848876953,73.51636,228.45895
333.06676864624023,235.6765365600586,73.15742,227.91383
336.9063377380371,233.5739288330078,70.048775,230.9957
339.58197021484375,234.10645294189453,68.848816,231.06456
342.177791595459,238.71562957763672,69.56873,231.67018
342.63837814331055,244.92446899414062,70.3397,235.13593
342.40031814575195,250.87589263916016,71.59908,232.70427
343.0059509277344,254.90003967285156,71.276184,229.21451
341.33580017089844,258.44998931884766,74.62314,226.85826
338.2708854675293,260.84642028808594,77.97025,223.56094
312.8548355102539,263.09588623046875,105.55766,222.7138
323.6946830749512,267.2804946899414,95.829445,230.30467
335.02041244506836,269.9493942260742,83.67878,221.76143
336.5166549682617,272.1569595336914,81.17067,215.47801
332.54630279541016,273.01244354248047,81.60393,219.88399
328.15272521972656,273.27301025390625,80.686005,225.67346
324.82250213623047,272.74949645996094,68.24812,219.58347
317.5913887023926,268.08184814453125,67.62539,216.43433
319.7573356628418,262.4012451171875,49.465675,206.66852
317.44368743896484,255.7232437133789,50.234512,211.68672
316.5907325744629,250.76039123535156,51.864677,210.1972
315.3394260406494,247.7341766357422,51.28764,215.21661
316.47634506225586,248.3561248779297,47.646797,215.61145
316.36399841308594,247.72498321533203,50.618378,215.6808
318.5736503601074,245.765869140625,53.99711,214.11087
315.85555839538574,246.44693756103516,59.500126,210.6739
312.6970024108887,249.8566665649414,69.05985,209.25325
310.15162658691406,254.16514587402344,80.53659,208.82416
306.6981620788574,255.5951385498047,87.36747,206.67657
305.7255210876465,256.2378692626953,94.012764,204.62909
309.9240036010742,257.4082336425781,97.1924,204.82657
318.84835052490234,264.9627685546875,93.310684,202.00272
331.5972213745117,269.5727233886719,85.77321,205.60397
336.26004791259766,273.25494384765625,77.61986,207.29373
337.56822204589844,277.2123107910156,81.105804,207.54172
339.57648849487305,276.3656997680664,85.477455,214.2743
340.3462905883789,274.6821823120117,81.15837,219.8532
341.6088562011719,275.81878662109375,79.711914,214.67142
344.1618995666504,273.78783416748047,73.03814,213.95549
344.5740394592285,268.7618179321289,68.324455,212.84608
347.001220703125,260.66990661621094,65.30463,213.00696
348.40673637390137,256.49588775634766,62.838444,211.11043
353.55535316467285,252.9975814819336,62.106518,210.20293
358.96581268310547,250.50022888183594,63.268753,214.01593
360.4992389678955,248.87083435058594,62.915585,212.49585
361.31495475769043,241.6429672241211,63.672337,220.60832
364.3310070037842,235.5745620727539,63.759068,220.57326
371.85815048217773,232.68567657470703,57.15168,214.00246
376.6814250946045,235.39398956298828,58.148624,209.63673
379.96789741516113,240.28501892089844,56.654842,210.13617
382.30539321899414,244.1707000732422,54.704155,207.7201
382.21525382995605,243.7954559326172,53.995518,207.5979
382.1398620605469,245.66705322265625,53.384155,205.99173
382.25690841674805,248.5388412475586,54.92478,202.45726
379.0639362335205,253.83023834228516,57.50247,204.98311
377.62779235839844,259.4757766723633,58.432617,196.86336
376.5888557434082,263.05655670166016,55.70397,200.05861
372.91178131103516,262.77882385253906,57.488052,206.15082
366.27930450439453,259.52315521240234,60.297684,207.63866
360.10519790649414,258.8533630371094,61.299644,200.75992
353.4991931915283,255.08697509765625,61.092587,196.1102
346.90007400512695,253.88237762451172,62.736626,200.53313
339.72713470458984,252.1982879638672,63.745102,207.29187
331.07487869262695,246.36840057373047,67.602104,206.57011
321.75194549560547,239.32483673095703,73.25084,208.46712
312.6472816467285,234.82843017578125,77.3063,202.97775
316.12317657470703,229.38420867919922,70.12514,203.73051
315.86180114746094,228.92659759521484,68.20331,202.76292
317.97449493408203,233.02152252197266,68.2242,203.27724
314.75616455078125,233.31536865234375,69.30179,204.38535
314.49392318725586,229.99453735351562,68.20493,201.51651
298.8922538757324,223.25213623046875,83.811226,193.14926
301.47683334350586,221.1670913696289,85.61472,189.8896
308.8960990905762,221.90286254882812,83.53803,191.76987
315.0789222717285,225.56334686279297,82.90243,193.28404
319.9332580566406,230.92847442626953,83.31021,195.64827
328.4350471496582,239.87244415283203,80.71703,194.1067
337.17709732055664,243.82283782958984,79.42324,197.23021
343.74085235595703,247.56157684326172,76.69667,197.30632
351.55932998657227,250.7959442138672,73.54873,199.02124
361.89157485961914,254.9545440673828,67.09188,197.18384
369.8814125061035,259.6802978515625,64.04977,197.52737
375.710636138916,263.6770324707031,63.007652,198.54434
385.2021179199219,266.13624572753906,58.66342,199.06793
383.42333602905273,269.83021545410156,59.54191,198.1004
384.55051612854004,270.4906311035156,62.14564,207.55698
383.50668144226074,270.04254150390625,61.982273,199.82217
375.4031181335449,265.5858383178711,70.65278,196.54906
359.78045654296875,262.61277770996094,87.61264,197.79242
360.56371688842773,259.8672637939453,87.57578,202.60187
352.28682708740234,259.58099365234375,96.0302,201.45737
351.70084381103516,260.934814453125,95.37404,200.7883
349.05741119384766,259.1961135864258,96.70949,199.47011
350.44178009033203,259.6694869995117,94.18837,204.45189
352.06225967407227,259.6183319091797,91.580345,204.44672
352.75715255737305,259.47640228271484,90.755135,204.08311
353.38679122924805,256.7632141113281,88.47712,202.6694
349.298038482666,255.31033325195312,89.95193,203.43875
347.2614555358887,253.39629364013672,87.11512,204.8861
343.75002670288086,251.9954071044922,83.80857,204.4029
341.1070327758789,250.33489990234375,82.53853,206.0087
336.76411056518555,249.0770492553711,79.727486,206.69847
332.6430473327637,247.2444076538086,77.36115,208.12993
326.1707344055176,246.9622802734375,76.76391,209.91147
320.2472953796387,246.22164916992188,75.6294,211.36746
312.2896270751953,245.8495330810547,72.94342,212.11853
305.5457000732422,244.9554443359375,74.0,212.78256
297.1394500732422,243.5021743774414,74.19885,215.73177
288.53702545166016,243.8270721435547,75.845535,218.07318
281.0356025695801,244.15757751464844,74.00567,218.34192
270.59960174560547,244.2072525024414,76.62334,218.75557
262.9687843322754,243.58506774902344,73.9891,219.82031
255.3947410583496,245.0765151977539,72.49796,220.65181
246.35351181030273,247.0153579711914,71.504005,220.47316
239.78728103637695,247.9359893798828,69.42754,221.16058
231.85482025146484,249.05697631835938,69.796005,221.72464
226.03569412231445,251.69688415527344,68.72704,223.58655
220.50415802001953,256.35359954833984,66.98451,224.6154
216.2484645843506,259.0022735595703,63.562122,224.7771
204.83745193481445,253.48492431640625,69.733574,226.69553
201.79502868652344,247.9994888305664,65.91083,226.42213
199.01048469543457,244.9328155517578,63.017452,227.27399
193.23952865600586,243.44131469726562,65.3126,228.45987
185.05912017822266,242.3050537109375,70.90669,228.00516
178.21797943115234,240.32970428466797,70.96562,226.09038
176.77175903320312,236.73331451416016,71.07449,226.95619
170.0615234375,235.48375701904297,79.803375,226.10918
167.8621063232422,232.81320190429688,89.63513,225.91183
171.53829193115234,231.27838897705078,90.254074,226.51088
172.5705108642578,231.09268188476562,94.463196,226.77823
178.7481460571289,232.55030822753906,96.25624,227.58295
186.336181640625,239.1562042236328,98.00119,225.53534
197.35609436035156,241.9703140258789,97.752075,224.92714
207.70896530151367,245.09915924072266,97.61494,226.22688
219.68008422851562,249.4930419921875,95.80264,226.61508
231.00880432128906,252.98194122314453,94.82062,228.7021
245.36996841430664,253.75244140625,88.251976,230.1818
254.32445907592773,252.22296142578125,86.62815,232.69266
261.5237159729004,251.7108154296875,84.21615,231.17532
272.3163604736328,252.3856430053711,73.36395,233.92516
280.2156677246094,257.0431594848633,64.891266,236.95473
283.43248176574707,261.17786407470703,60.394222,230.64241
285.7711372375488,265.5942153930664,60.253227,230.88478
288.15694999694824,265.62483978271484,61.83652,236.03563
287.49267196655273,262.6929016113281,60.850624,250.96652
285.9495048522949,258.5085220336914,65.53083,229.55501
285.76459312438965,255.1203384399414,61.804096,230.8763
288.2167625427246,252.88954162597656,60.961403,249.0965
293.90564918518066,252.25955963134766,56.384655,249.88124
295.72386741638184,252.83661651611328,55.680958,244.06526
291.9832763671875,252.60130310058594,61.427155,237.63599
295.44011878967285,254.98822021484375,59.85966,233.46396
294.34864807128906,253.6016616821289,62.0119,227.82979
291.82712173461914,251.18870544433594,61.822655,223.85583
288.96667861938477,246.1006622314453,66.34585,226.80963
279.7505226135254,241.0933609008789,71.49294,239.62404
273.95162200927734,239.8941650390625,71.544235,225.87619
267.4458351135254,241.28112030029297,66.42452,236.1256
268.5574760437012,245.0495376586914,69.217354,244.86476
269.52080154418945,256.3189239501953,66.30181,250.01605
272.03577041625977,266.73597717285156,66.81869,259.20734
271.55860900878906,270.80631256103516,67.75726,248.29054
273.4967155456543,270.31439208984375,69.030464,247.3536
278.87784576416016,271.85196685791016,64.40492,235.8243
284.81621742248535,272.5773391723633,62.8997,226.72261
284.62450790405273,273.15122985839844,66.10514,220.31226
280.57793045043945,267.3454895019531,72.88976,205.83347
297.680700302124,265.41941833496094,60.86043,203.82928
300.3384475708008,259.9674606323242,65.51283,196.50786
312.39646339416504,259.01988983154297,61.378246,200.76115
324.267183303833,261.9317321777344,59.653896,189.78146
331.45273208618164,266.7301940917969,65.64028,185.13406
340.75697135925293,269.2177963256836,62.484867,194.34697
347.3764762878418,268.8651123046875,63.828133,184.59439
346.6993713378906,267.8061981201172,69.58609,165.53406
359.94276237487793,266.5323257446289,62.787632,166.39018
365.17567443847656,260.2729263305664,63.19754,179.73051
366.25294494628906,254.38853454589844,65.540436,186.33087
370.14098358154297,250.13976287841797,64.49965,184.66191
371.47704696655273,249.13185119628906,64.70344,190.3414
372.2968940734863,244.61884307861328,65.582664,190.31956
370.90866470336914,240.39918518066406,66.60192,199.08893
369.69340896606445,233.35028076171875,67.75826,196.46951
361.2558898925781,227.64044952392578,74.00702,191.51244
361.30229568481445,223.7162322998047,70.54421,206.8439
357.0852241516113,218.23274993896484,72.61385,204.77986
350.50757217407227,215.06671142578125,73.09466,199.12976
338.6488723754883,215.18903350830078,76.960495,203.01164
329.88293838500977,218.63381958007812,78.87902,218.92834
315.2343063354492,227.94491577148438,82.55379,192.7215
309.4009017944336,238.65351104736328,79.2057,179.13933
297.9969062805176,244.40560150146484,80.06121,179.71254
288.18953704833984,245.36648559570312,76.653885,196.3753
274.01884841918945,245.622314453125,78.3959,195.77264
259.43758392333984,248.06153106689453,80.93916,195.59471
245.74617767333984,249.08518981933594,82.26521,198.7858
233.81124877929688,248.8399200439453,83.82056,207.10226
226.24248504638672,247.2927474975586,76.139725,205.70485
219.21471786499023,244.90579986572266,71.53596,211.98204
209.91261291503906,239.39423370361328,71.79733,213.15422
204.29637145996094,233.2447052001953,68.55661,204.06577
198.7414894104004,229.1061248779297,67.06719,205.7615
193.33335494995117,229.92272186279297,67.221596,209.05977
189.86762619018555,231.74227142333984,65.7783,207.18251
185.63521766662598,233.27042388916016,63.901257,213.24065
181.1720142364502,235.32601165771484,63.54513,209.28267
176.7963981628418,235.85123443603516,63.69584,209.20201
170.97517204284668,237.099365234375,63.433872,213.46674
165.7741355895996,237.57525634765625,65.36872,213.8706
152.78404998779297,239.22464752197266,74.94136,217.90062
146.3411407470703,241.61884307861328,80.16257,216.21812
139.29090881347656,243.61785888671875,87.687775,217.0752
135.44792556762695,245.5992202758789,90.927635,217.91539
137.50697326660156,251.89490509033203,93.50394,217.04521
141.90655517578125,259.70172119140625,95.50488,217.78595
146.83415985107422,266.0857162475586,94.50966,219.61885
150.71326446533203,267.6925277709961,89.5869,222.13448
154.96146392822266,267.14337158203125,88.81712,222.42175
159.74485778808594,265.51546478271484,86.79843,222.09163
162.1576156616211,257.53653717041016,84.99519,223.81267
164.70666122436523,251.38507080078125,83.71308,221.87323
172.00349807739258,247.07659149169922,80.41378,223.68263
172.70690155029297,244.9573745727539,81.59328,227.32396
177.5371208190918,241.78874969482422,82.69352,226.72298
179.01367950439453,233.14319610595703,85.8914,234.59904
176.0295524597168,220.6630401611328,88.941505,230.28226
177.44272994995117,210.79340362548828,86.37064,226.22704
179.19607162475586,206.51410675048828,84.094246,222.57268
180.38504028320312,206.51984405517578,86.01001,221.59038
180.593994140625,209.5970687866211,87.56036,223.49605
178.97569274902344,216.21251678466797,88.478485,224.8171
178.22393798828125,219.86644744873047,88.31976,227.92598
178.36776733398438,223.46255493164062,87.630066,230.78424
177.15071868896484,224.9016342163086,84.109146,231.05208
178.32199478149414,226.9452896118164,83.25646,228.20976
178.35784912109375,228.1131820678711,81.83099,228.7784
177.36726760864258,228.81478118896484,80.34902,231.30495
176.5386962890625,231.49321746826172,79.09796,234.19917
175.0030174255371,232.19869995117188,78.13709,235.04779
171.55597305297852,232.5182647705078,78.49932,235.43082
170.30554580688477,232.03272247314453,76.326775,235.82939
167.40182876586914,230.44831085205078,75.76385,236.4785
164.0726089477539,222.91436767578125,75.125656,238.69641
158.4770278930664,214.0412368774414,75.023544,239.43895
156.12331008911133,207.73186492919922,76.238976,237.44514
155.43943786621094,205.0171356201172,78.10916,238.71902
155.73709869384766,205.26722717285156,80.32103,237.42844
153.98689651489258,198.97032928466797,79.94442,237.4872
153.66989517211914,192.22348022460938,82.59466,238.71698
154.22159957885742,189.5576629638672,81.10178,236.21182
154.94437408447266,190.6462631225586,84.75444,237.7665
156.78543853759766,195.83197021484375,85.72752,239.80743
156.0933723449707,203.67728424072266,88.180016,242.20897
157.5719451904297,209.46360778808594,86.14902,244.02359
158.77832794189453,213.95488739013672,85.32579,248.31404
158.51183319091797,217.5336456298828,88.30354,245.56369
159.59249877929688,219.8651885986328,84.40393,242.74612
160.75219345092773,225.49134826660156,89.1233,243.11832
160.88866424560547,228.48223876953125,85.221146,245.39618
160.5105438232422,231.50939178466797,87.11337,246.51588
159.77688598632812,233.926025390625,90.49408,249.91626
158.0771942138672,233.7508773803711,82.40744,251.47237
157.63667678833008,234.20578002929688,80.290794,251.91327
156.5713882446289,232.08248138427734,80.5244,253.7867
156.0407943725586,228.15020751953125,80.44478,253.2555
157.05259704589844,226.77354431152344,77.89084,254.14236
155.33578491210938,222.7905502319336,79.506775,255.49257
152.17921447753906,216.50213623046875,79.84921,256.50073
151.3065185546875,209.45671844482422,79.26666,255.9778
152.73885345458984,203.95343017578125,79.68562,256.93933
149.47079467773438,192.39071655273438,81.57556,257.82556
148.04088592529297,181.98373413085938,81.578384,258.2342
147.86178588867188,173.53448486328125,82.16919,257.01636
147.4977035522461,170.9036407470703,82.5132,255.37173
147.0745964050293,171.5416259765625,85.367165,256.39825
147.4344139099121,177.65191650390625,90.457405,257.78528
149.9286346435547,185.3380584716797,93.65439,257.4966
149.63383865356445,189.22364807128906,97.99239,258.19644
149.4953842163086,192.95201110839844,101.022415,257.79727
149.24444580078125,197.41688537597656,102.68329,258.10654
149.09936141967773,202.33871459960938,101.89887,258.7107
148.9954605102539,208.4852752685547,100.4456,258.20773
147.2066650390625,212.50633239746094,99.24872,258.1166
142.6087760925293,215.1327362060547,97.77903,259.40945
139.01394271850586,216.68946838378906,97.518745,259.27786
135.9628562927246,216.6959991455078,95.562996,257.9103
134.6654930114746,213.85342407226562,93.9784,257.82812
132.02388381958008,209.44662475585938,91.33236,257.8791
130.9013786315918,205.9584197998047,86.94932,257.23203
130.76338958740234,205.71719360351562,84.42445,258.94794
130.18848419189453,206.42506408691406,81.57976,258.79184
126.90959167480469,207.30718994140625,78.536285,258.96796
124.66067123413086,209.02796936035156,79.19245,259.2184
125.85780715942383,210.73455810546875,74.00765,258.88617
124.84952163696289,207.85299682617188,72.68542,261.90698
123.68935012817383,204.97024536132812,71.32546,263.32416
127.02268981933594,206.93409729003906,64.922455,262.27652
131.65624237060547,210.3490447998047,65.048904,263.26828
135.40260696411133,214.11155700683594,62.659996,262.53842
135.16783905029297,214.1017608642578,64.675,263.51816
134.36752700805664,214.89590454101562,68.402214,264.0553
135.96374893188477,215.88052368164062,73.59777,262.3388
134.6259307861328,217.4464111328125,90.19583,262.41394
134.3237533569336,219.43270874023438,96.10188,261.95337
134.4910125732422,221.2244110107422,97.2684,260.94003
134.2057991027832,223.04002380371094,96.19247,260.31955
134.6936798095703,224.48008728027344,96.146515,260.26633
132.2393684387207,224.78280639648438,96.6329,260.39703
131.6455078125,225.81576538085938,97.2619,260.0536
130.19703674316406,225.6885528564453,97.19003,259.6866
130.4923210144043,226.24461364746094,96.87736,260.92075
129.35474014282227,226.80169677734375,96.71465,261.8094
129.6759796142578,228.06358337402344,96.68094,262.3566
130.83645248413086,229.16180419921875,94.12739,262.03064
133.55081176757812,231.09877014160156,93.41974,261.82425
135.46817016601562,231.75091552734375,92.394775,262.23553
137.53336715698242,232.64834594726562,91.7241,261.79846
138.89403533935547,234.0809326171875,93.38057,261.81165
140.6408805847168,234.4168701171875,91.68339,260.23834
143.0128631591797,233.20547485351562,91.26492,261.5221
143.72538375854492,234.3538818359375,88.19553,261.01727
147.53540420532227,234.82949829101562,89.00268,260.69696
150.20412063598633,234.60610961914062,88.582726,261.55145
152.60304641723633,235.50413513183594,89.48971,261.04935
154.8754997253418,235.32476806640625,85.04795,260.93878
155.89386367797852,235.279296875,86.37914,260.12366
157.6365966796875,236.06085205078125,83.79169,259.9613
159.02249145507812,236.7637481689453,84.784424,259.8586
160.62158584594727,238.27969360351562,86.3883,260.53265
162.37989044189453,239.45997619628906,86.6259,259.21158
163.9149627685547,241.4713592529297,87.558624,260.17966
167.23505401611328,242.3621368408203,89.04692,258.87625
169.82549285888672,243.34774780273438,89.702774,257.89606
171.8959083557129,242.5623016357422,83.162834,257.25223
173.58649444580078,241.6932373046875,80.311325,255.25629
175.6485710144043,240.84164428710938,77.41697,256.49725
178.39494705200195,240.44705200195312,74.79073,255.28052
182.26610946655273,238.69001007080078,73.72205,254.31505
183.1628303527832,239.1627960205078,74.23849,255.52536
188.71010971069336,239.14308166503906,73.179695,256.08475
192.35760879516602,239.9724578857422,73.4992,254.91745
196.07175064086914,240.37552642822266,74.197685,255.06316
199.5684585571289,239.25160217285156,74.87871,254.54843
202.4980239868164,237.27873992919922,74.25127,254.3965
205.09920120239258,235.92164611816406,75.159996,253.6315
207.25824356079102,235.35790252685547,74.899345,251.98763
209.70977020263672,234.56096649169922,73.99037,249.4142
211.4868507385254,233.41671752929688,72.81487,249.2771
212.39163208007812,233.12085723876953,72.653625,246.88866
213.81813430786133,232.3514862060547,73.39504,246.83237
210.84529876708984,229.85984802246094,75.78206,247.9255
212.76562881469727,229.94133758544922,73.06365,246.62367
211.35158157348633,228.12512969970703,72.73159,246.09032
210.53264617919922,227.0973892211914,71.63057,245.8507
208.47806549072266,226.32170867919922,71.1862,243.70168
204.63681030273438,224.9210662841797,69.97119,240.37344
201.9165802001953,225.90117645263672,69.289215,237.24727
197.9469985961914,226.8074493408203,68.24492,236.35983
193.31335067749023,228.73220825195312,68.395515,236.34271
190.18645477294922,228.35147857666016,68.52327,235.67119
186.02445602416992,227.70655059814453,68.726845,235.04454
181.44884872436523,228.6369171142578,69.105965,233.79495
177.42384719848633,230.6524887084961,69.03469,232.43752
172.3757209777832,232.3960189819336,70.470116,231.82545
166.01395416259766,231.50730895996094,73.053085,230.40378
159.39644241333008,231.46869659423828,73.57784,230.31981
152.94154739379883,231.3990478515625,75.90426,227.20612
147.2470817565918,231.47987365722656,77.10667,228.25784
142.09418106079102,233.30282592773438,76.58044,226.06348
137.9940071105957,235.20303344726562,74.01644,225.94983
132.57911682128906,235.0706329345703,73.28946,225.4744
126.93195343017578,235.3909149169922,76.1328,226.28372
120.20598983764648,236.83699798583984,77.84309,225.42787
116.83564376831055,238.22284698486328,72.94633,223.65965
111.54579544067383,239.47998046875,70.51931,224.6593
106.3442497253418,241.61144256591797,75.56089,222.76973
103.6654167175293,241.46733856201172,74.2053,222.30135
100.01508712768555,240.826416015625,75.56382,221.65149
96.24678802490234,240.67618560791016,76.58736,221.46483
95.66032791137695,241.29267120361328,75.837,217.55858
94.26421737670898,242.45800018310547,77.79688,218.04555
93.20846939086914,241.83748626708984,75.98211,215.60567
92.4332504272461,240.98069763183594,75.99928,214.01852
91.35275268554688,241.57746124267578,75.7666,214.494
91.33831405639648,240.30296325683594,74.56867,214.45847
90.01610565185547,239.60089874267578,74.26509,214.42406
88.30710220336914,239.31635284423828,74.64013,214.1408
88.25267028808594,240.08045196533203,75.680695,213.07616
88.34917831420898,241.14159393310547,74.71198,212.79945
88.84796142578125,242.15850067138672,76.37439,212.43086
91.00947189331055,245.43115234375,75.573524,211.4873
92.9361801147461,247.03233337402344,74.98012,211.11618
95.92362594604492,245.77154541015625,73.47434,211.4516
98.20519256591797,245.66207122802734,72.793655,210.85439
101.29752349853516,245.71258544921875,71.695786,210.08087
102.73123168945312,245.4619598388672,71.94733,210.168
104.73616409301758,243.734130859375,71.19808,208.89923
105.84773254394531,241.8838348388672,70.700836,208.98099
106.78157043457031,241.33140563964844,70.04434,207.52536
108.21023559570312,241.88189697265625,69.148865,208.61829
108.75344467163086,242.4472427368164,67.74256,207.92332
107.60537338256836,242.99042510986328,66.43946,207.03154
105.62938690185547,241.38577270507812,66.17824,205.21857
101.39093780517578,240.94341278076172,67.13982,205.32436
100.01618576049805,240.5409698486328,66.475624,200.94003
96.83355331420898,239.8071517944336,67.782234,199.8686
95.24642181396484,239.05612182617188,68.10408,198.99786
93.74898147583008,239.6065216064453,70.46047,199.0054
92.35332870483398,240.7958526611328,72.59333,196.91507
90.27847671508789,238.4012451171875,68.20434,196.22528
86.93571853637695,235.03020477294922,67.17544,195.38857
84.56870651245117,232.8541488647461,66.24485,195.24605
83.40121078491211,232.28953552246094,69.48408,194.87863
84.23866653442383,231.9626235961914,69.349815,194.31175
85.20948791503906,234.3435516357422,69.4888,193.34549
85.9654541015625,235.7131805419922,64.59033,194.09634
85.63247299194336,236.78614807128906,63.818123,194.91342
86.58869552612305,237.8424301147461,67.21885,195.25496
88.08635330200195,240.73416900634766,68.82668,194.05833
92.12765502929688,243.28289794921875,68.33905,194.94293
94.20888900756836,246.1525421142578,69.446175,195.58524
98.51687240600586,249.53775787353516,71.79841,197.05284
102.67115783691406,254.20777130126953,72.75943,197.17729
104.86872863769531,256.73477935791016,65.301544,194.24467
107.67718124389648,256.11544036865234,61.483833,193.25154
110.65426826477051,253.92411041259766,58.43014,191.90675
112.5519905090332,251.4355010986328,54.883415,190.2168
115.8708381652832,253.76637268066406,51.60836,187.49207
118.03067970275879,256.66344451904297,51.624554,188.1858
120.38750839233398,260.62740325927734,47.6222,187.15263
122.3785457611084,262.8717041015625,46.46468,187.07019
122.37850189208984,263.0135955810547,47.92479,186.62653
120.501220703125,260.4911346435547,50.09958,187.6243
116.48230361938477,256.2034606933594,56.59237,187.99005
113.22974586486816,250.4117202758789,55.838696,186.85078
110.52559852600098,244.6642074584961,55.32069,187.01012
107.9752140045166,242.11603546142578,53.651897,184.03224
109.19832229614258,240.32782745361328,52.566643,186.48415
105.25308609008789,238.9506072998047,58.939293,184.56592
100.52447319030762,238.67705535888672,58.206364,184.30138
95.02774810791016,236.48004150390625,60.371475,184.41827
88.72249221801758,234.9981918334961,65.73769,183.71358
85.3707389831543,230.6817855834961,69.24033,184.10258
83.98474502563477,224.92852020263672,73.68975,184.7166
74.4079360961914,221.21544647216797,75.61546,181.18633
73.16255569458008,219.64248657226562,71.13827,181.43167
74.31260681152344,221.05775451660156,68.903534,177.5903
78.1776008605957,223.95142364501953,71.27349,180.83208
82.10833358764648,226.61945343017578,62.001076,184.81364
81.95454406738281,229.070068359375,56.3049,185.91763
79.22351455688477,232.2906951904297,55.141594,190.38904
77.32736778259277,235.4217758178711,55.637653,185.89958
76.17974853515625,237.17560577392578,55.266876,175.0023
73.10717964172363,236.59537506103516,54.681698,178.31267
68.64595413208008,234.0030975341797,54.787956,177.18552
65.22343063354492,233.96271514892578,52.976234,187.31526
65.14393997192383,237.65260314941406,54.613213,189.94232
66.02217483520508,242.82828521728516,54.145653,186.63115
68.01855659484863,248.93704223632812,53.33578,179.87674
65.65193939208984,250.369384765625,53.28929,174.39212
66.21306991577148,251.61659240722656,60.816536,163.99689
58.400177001953125,249.9083023071289,63.24872,165.38503
62.49206733703613,248.37592315673828,61.634457,160.36964
68.37254333496094,246.8812713623047,58.187958,164.63712
72.26140785217285,245.28550720214844,52.372692,173.68106
73.30887222290039,245.5596160888672,52.39852,185.16211
77.76331520080566,244.15677642822266,48.021404,179.9608
80.53613471984863,239.61901092529297,49.1264,177.60347
80.9134578704834,236.18193817138672,51.23235,179.1856
81.8340015411377,232.20706176757812,53.454067,184.35898
83.2647762298584,230.27880859375,55.90691,182.83154
89.16057395935059,232.137939453125,54.612385,194.9039
94.48937797546387,236.92861938476562,58.426334,189.15976
99.83032035827637,243.38841247558594,57.45609,196.27759
102.22765922546387,245.97659301757812,54.83301,194.37955
102.15169906616211,242.55152130126953,57.064552,202.01823
102.06523513793945,238.7894287109375,51.856316,199.40631
103.30513191223145,234.55917358398438,51.44293,185.72214
100.48171615600586,233.85580444335938,54.13337,189.5596
102.66299629211426,235.5946273803711,56.391476,198.60115
104.78048324584961,239.64411163330078,58.520454,193.47389
104.36048889160156,243.22156524658203,64.23819,207.87245
102.29603958129883,245.6664581298828,71.95846,204.10779
108.37974548339844,244.51907348632812,66.53256,210.21915
107.72513198852539,241.7623062133789,63.22869,224.1733
105.67325401306152,237.29837036132812,59.489857,227.92636
106.3210678100586,235.68370819091797,63.978287,222.0446
97.39219284057617,234.0792694091797,70.12626,203.83917
102.95381164550781,235.2996368408203,63.508514,214.98035
104.53388977050781,234.47323608398438,69.18735,213.34818
105.35701179504395,231.6726837158203,59.040737,203.96399
102.34865760803223,227.2034149169922,60.253246,209.13123
100.30134773254395,223.80106353759766,54.574734,207.02907
95.449951171875,222.25340270996094,56.537445,211.15887
90.25866317749023,224.57917022705078,57.19126,211.85182
83.99900436401367,223.527099609375,55.41517,211.8508
77.61723327636719,226.57068634033203,55.701294,216.11696
69.89080810546875,231.00064849853516,59.609833,218.21089
63.01968765258789,238.7132797241211,68.36471,217.62883
57.98713302612305,248.019287109375,67.43769,217.68369
54.703399658203125,253.9101104736328,67.56583,218.72302
52.3514289855957,254.53428649902344,86.67602,221.01874
47.10317611694336,254.98487854003906,88.46067,224.4002
45.942665100097656,260.95697021484375,97.54463,223.884
43.969573974609375,265.33959197998047,99.7435,223.6046
41.614627838134766,263.83304595947266,106.92312,222.60518
42.74294662475586,261.8287048339844,103.342995,229.62186
43.04138946533203,257.19126892089844,101.37862,234.29517
43.12868881225586,253.11150360107422,101.236305,229.71086
50.45890808105469,249.33120727539062,98.53717,229.3334
61.344703674316406,250.1464614868164,90.74495,232.34901
68.32073211669922,252.53700256347656,88.19078,235.26227
72.55638885498047,253.38770294189453,88.895676,235.63948
73.35357284545898,249.2163848876953,88.57377,241.63263
80.08468627929688,244.5574722290039,84.82547,244.3113
85.74199295043945,241.24910736083984,82.76531,250.93431
91.1624641418457,237.27764129638672,83.73284,248.50291
97.40610122680664,235.63616943359375,85.65884,250.01486
106.63070678710938,233.00547790527344,80.87344,250.58093
113.56159973144531,232.5518569946289,87.45502,248.24135
118.87022399902344,232.25135803222656,86.68713,241.85107
121.83295440673828,233.86736297607422,89.966385,243.37431
125.16300582885742,233.7918701171875,94.44465,243.19986
129.0869598388672,234.57662200927734,96.539246,246.106
132.93059158325195,236.94554901123047,97.68499,247.78728
135.67231369018555,240.0572967529297,101.582466,250.70935
132.00682830810547,241.15766143798828,103.467636,249.74532
132.9540252685547,239.74217224121094,103.08606,250.37048
134.40398788452148,238.89842987060547,102.143654,251.62737
133.72598266601562,240.2219009399414,103.19882,252.33919
142.07263565063477,240.9556884765625,103.389244,254.28836
140.90189361572266,242.10630798339844,102.37123,252.85864
132.74959182739258,242.0658416748047,120.20171,258.5349
140.2608528137207,245.24725341796875,118.91186,257.0931
150.31263732910156,243.5441436767578,106.16284,259.23535
151.0245132446289,243.77230834960938,116.57643,262.37607
156.40064239501953,244.1085662841797,109.46156,261.02954
162.6826286315918,244.35044860839844,106.21674,262.06635
163.61922073364258,244.64527893066406,104.133354,264.10718
170.1863555908203,244.88262939453125,93.27594,263.14597
173.42885208129883,244.95248413085938,96.0938,263.28116
172.37347793579102,243.46153259277344,92.6105,265.35162
170.78670120239258,243.1778106689453,94.26507,263.42883
169.89545822143555,240.392822265625,92.0337,264.371
168.73123168945312,239.59933471679688,94.15573,265.01108
167.5533905029297,236.89105224609375,91.74817,264.75333
166.62098693847656,234.28892517089844,92.9541,265.53296
168.16211318969727,231.74822998046875,90.16891,263.96164
169.54297256469727,230.45272827148438,91.45467,265.1389
168.4081802368164,229.95233154296875,94.28694,264.46896
173.02459716796875,230.54205322265625,89.54819,265.6545
172.2400779724121,229.75428771972656,91.32072,268.58978
177.5860595703125,229.54693603515625,89.37564,271.8123
177.393310546875,231.0091552734375,89.56424,275.3693
173.26242065429688,230.5990447998047,94.7543,279.22833
175.4901885986328,230.8596649169922,92.80371,280.06653
177.3628273010254,232.58804321289062,91.15316,276.249
173.2833595275879,233.36471557617188,94.12124,276.2806
172.09591674804688,234.6022491455078,92.246796,280.85327
171.90543365478516,233.02682495117188,90.15407,286.48532
169.71443557739258,232.8444366455078,91.55999,287.31653
167.27020645141602,231.8248748779297,93.3279,290.95905
167.0961036682129,231.74586486816406,97.197044,293.7597
168.04106903076172,231.16915893554688,93.59697,293.13974
165.6103286743164,231.73959350585938,95.05226,292.3469
166.70561981201172,230.71383666992188,97.730576,294.36887
166.95664596557617,229.7495880126953,94.714,296.8692
164.9570770263672,231.20462036132812,103.78595,298.25186
165.83706283569336,231.44244384765625,101.269264,298.52994
167.7817497253418,232.07093811035156,109.685555,299.69727
169.84017181396484,232.12905883789062,100.80687,301.13284
168.0577507019043,233.07640075683594,109.86225,298.656
172.4091682434082,231.54220581054688,105.28417,300.6213
172.43272018432617,231.90211486816406,110.52064,299.36053
173.81837463378906,230.2972869873047,104.79877,300.21283
178.75400924682617,232.0023193359375,106.45051,302.66434
177.5972900390625,231.28062438964844,108.46225,306.41174
180.79416275024414,230.1184844970703,109.386986,312.15497
179.9926300048828,228.6007843017578,108.51807,319.48572
181.06908798217773,228.99969482421875,106.821754,321.32376
182.56253814697266,227.66757202148438,109.428665,321.11075
184.22605895996094,226.95315551757812,107.7312,317.21036
182.25058364868164,226.94357299804688,105.11721,326.77884
182.69166946411133,226.58978271484375,110.80572,327.22153
181.51000213623047,224.72193908691406,106.334335,331.63562
178.4490203857422,224.19375610351562,109.54779,334.43484
176.7999496459961,222.6650390625,109.626816,337.00302
173.60417938232422,220.72186279296875,108.08751,339.28287
170.2531623840332,221.03208923339844,112.39855,340.21124
166.81610488891602,220.37393188476562,113.59365,340.5375
165.51334762573242,216.2834014892578,113.91163,338.2387
162.45261764526367,213.48236083984375,114.049934,338.3782
164.86112594604492,210.0546417236328,109.514595,339.67676
166.91277694702148,213.1306610107422,114.0485,339.85516
174.24927520751953,218.43319702148438,106.86989,340.16293
175.35430145263672,223.38470458984375,109.53557,339.21567
180.3076286315918,227.65431213378906,105.49445,337.49908
183.65269470214844,232.32601928710938,104.25763,337.8091
186.56244659423828,237.21200561523438,105.52272,334.18686
190.13733673095703,240.5769805908203,105.952774,331.07306
194.7439079284668,240.2255859375,102.11799,330.59836
198.06371307373047,236.28457641601562,105.03697,328.90506
199.84671783447266,231.985107421875,103.13374,328.0364
206.2980842590332,229.04534912109375,103.35259,326.78226
207.19988250732422,224.76034545898438,102.79271,327.9362
205.7634048461914,214.81298828125,107.781204,326.17508
205.09743118286133,208.3744659423828,105.48254,323.81647
205.9239959716797,201.59263610839844,104.002075,321.695
205.34559631347656,197.34420776367188,104.087036,320.38315
204.61907196044922,189.20872497558594,105.33269,319.63928
200.43877029418945,186.8070831298828,104.700554,315.71625
202.20715713500977,184.55410766601562,104.49996,315.84286
199.96252822875977,185.2926025390625,104.90926,314.27988
202.9959373474121,185.6989288330078,104.233376,313.54468
199.00515747070312,188.86923217773438,105.53256,313.94547
201.93960571289062,195.9586181640625,112.066315,313.02762
201.42303085327148,208.1907196044922,115.58012,310.66113
200.14556503295898,217.23007202148438,115.78336,310.17154
198.80401611328125,227.24220275878906,110.25418,306.55676
194.1510772705078,230.73341369628906,111.56647,309.05872
193.25205612182617,232.49925231933594,106.6872,307.33405
188.75908279418945,231.0213165283203,104.987175,306.43542
183.98797607421875,229.72293090820312,102.584015,304.67746
180.73670196533203,227.08279418945312,100.30739,304.0153
173.22909927368164,222.69528198242188,102.67007,302.87766
168.00355529785156,218.617919921875,101.12689,300.61288
165.70131301879883,214.13214111328125,102.6433,298.75052
165.3027229309082,206.0172882080078,99.32848,297.4212
159.76236724853516,200.89590454101562,100.92879,297.88168
155.7084503173828,200.46701049804688,98.40802,295.621
156.88507843017578,200.5743865966797,106.84163,294.1386
156.3483772277832,197.98179626464844,110.35381,292.8343
157.46952056884766,193.18429565429688,110.932205,292.24088
157.05067825317383,189.96282958984375,111.94103,290.92056
158.61097717285156,190.7528533935547,112.66644,289.542
160.95571899414062,193.1083526611328,113.58505,290.89044
156.7502784729004,198.3158721923828,117.47701,289.2005
150.80845260620117,201.50880432128906,125.32044,287.91016
146.5934295654297,204.20883178710938,131.37329,287.103
135.24758911132812,206.5472412109375,140.68729,286.73953
130.6699676513672,212.6862030029297,146.1062,283.27118
136.39704132080078,215.4062042236328,143.49562,284.0697
146.05400848388672,219.15869140625,137.74309,284.29843
155.96202087402344,222.19129943847656,130.36731,284.1186
152.77381134033203,219.67596435546875,135.96272,285.6843
164.58031463623047,223.9561767578125,126.629074,281.93942
133.2668914794922,222.0109100341797,161.99683,283.92126
131.47369384765625,223.45953369140625,161.95065,283.2897
145.58744049072266,217.84080505371094,148.75826,286.01263
152.33692169189453,216.83596801757812,139.87105,287.93924
165.11833953857422,218.22276306152344,129.41124,285.33862
176.5266342163086,212.69696044921875,121.07921,284.99112
179.82862091064453,204.16456604003906,120.631485,283.96814
180.85833740234375,195.99969482421875,121.626495,283.66147
185.15620040893555,189.77708435058594,120.59522,283.55072
188.13239288330078,189.2659912109375,121.32802,280.71213
189.1551399230957,190.5095977783203,125.22314,282.43585
192.88257217407227,194.4815216064453,125.85671,282.1349
192.23909759521484,194.6540069580078,129.23497,281.75696
189.5025405883789,195.63453674316406,133.24672,281.39435
184.38551330566406,195.83831787109375,138.55267,283.65335
180.59405517578125,197.99044799804688,144.8143,287.40604
176.66944122314453,201.85421752929688,149.08754,288.73056
170.9253921508789,206.9030303955078,154.81435,288.83282
165.34808349609375,215.37643432617188,157.98416,285.5709
162.1776351928711,219.74632263183594,157.9569,286.34418
161.22191619873047,221.36965942382812,153.70586,286.10672
158.8712158203125,224.3774871826172,154.05527,284.64655
159.98324584960938,226.5314178466797,151.03189,284.10168
163.8655776977539,225.88832092285156,145.46254,282.91388
169.05711364746094,224.91114807128906,139.07446,282.08496
172.49729919433594,225.95130920410156,136.03247,280.73022
178.81987762451172,225.6961212158203,131.4564,280.1551
184.36933135986328,228.27587890625,127.730484,277.848
186.87971115112305,226.42645263671875,127.29743,281.7675
185.9391632080078,227.3096160888672,127.93176,280.59875
186.97005462646484,223.60203552246094,128.11668,282.5354
186.34547424316406,223.02207946777344,129.1535,283.22504
185.3973159790039,225.28887939453125,129.34615,287.6642
186.07223510742188,227.01589965820312,129.98557,287.9274
185.76162719726562,227.8333282470703,129.13492,291.48053
180.48631286621094,227.4432373046875,135.17322,296.59964
171.84300994873047,226.4667205810547,141.71385,296.8316
165.12422943115234,224.8577117919922,146.36845,300.6053
155.94049072265625,222.91403198242188,154.23099,303.82797
146.05349731445312,224.4515838623047,160.59555,299.88824
133.9534454345703,224.34402465820312,168.86963,301.34427
130.0058135986328,220.92796325683594,168.38263,303.589
124.44829559326172,218.05625915527344,170.4832,306.4958
121.24211120605469,216.35743713378906,169.80298,309.15295
115.03234100341797,216.3681640625,174.26463,309.41788
122.40910339355469,215.24952697753906,164.03778,310.16437
124.64057159423828,214.94015502929688,160.5644,310.67148
128.52359008789062,214.83885192871094,154.43954,310.5832
138.25513458251953,215.00318908691406,142.81483,308.7989
134.15431213378906,214.5727081298828,145.13733,310.00958
130.8197784423828,215.03143310546875,146.1452,309.00204
132.43447875976562,213.1178436279297,141.3016,310.3615
125.08197021484375,212.4907989501953,147.01688,311.79346
124.12872314453125,213.32073974609375,145.3223,309.63437
121.27826690673828,211.21823120117188,149.86153,310.06418
121.50557708740234,210.51565551757812,150.7116,310.26236
119.9759750366211,210.0655517578125,149.11351,310.57584
120.37336730957031,209.6643524169922,148.89746,311.6709
114.87042236328125,209.83596801757812,152.06918,311.40317
124.45975494384766,209.8384246826172,143.92079,312.15027
110.12269592285156,208.59434509277344,156.74402,314.11127
102.62371826171875,211.5406951904297,166.48764,313.9981
93.7814712524414,211.2772216796875,172.86855,314.89902
84.92427825927734,207.1032257080078,185.575,321.60645
84.42418670654297,210.25389099121094,187.21678,320.11554
82.19941711425781,208.03684997558594,190.10901,323.17242
80.99482727050781,208.7764434814453,192.34741,321.11194
82.97344970703125,211.16900634765625,191.67178,321.18155
89.74791717529297,210.38937377929688,185.971,321.56784
92.98912811279297,211.1792755126953,184.57603,321.76428
100.93086242675781,210.567138671875,172.97394,321.38766
102.71572875976562,210.38807678222656,171.66617,319.38696
107.5005874633789,209.5066680908203,168.39449,322.34186
108.76342010498047,213.67132568359375,168.6071,319.76755
108.8948745727539,217.1873321533203,169.35701,315.71826
111.44218444824219,216.7982635498047,168.18756,314.98822
114.26494598388672,217.45587158203125,166.07439,313.04666
112.9771957397461,216.18128967285156,164.4323,314.93427
113.5235595703125,219.1748809814453,161.68869,314.37885
112.9997329711914,221.2259979248047,161.02327,315.3352
111.57300567626953,223.73155212402344,161.43953,313.71704
110.98944854736328,221.40855407714844,159.92348,316.02747
108.57133483886719,220.787109375,161.85785,315.8826
100.58921813964844,218.42153930664062,167.75854,317.14114
93.94078826904297,219.63648986816406,173.92058,316.4842
84.69190979003906,218.03782653808594,182.52295,316.82568
78.38578796386719,215.15614318847656,184.76971,321.24792
76.76564025878906,217.41468811035156,186.90771,320.06598
75.23316955566406,218.0961151123047,185.85687,319.2636
74.77613067626953,217.66249084472656,185.36409,317.59424
71.47694396972656,217.31300354003906,186.65295,316.43488
69.6171875,215.40377807617188,189.9603,318.90585
68.0506820678711,217.54444885253906,191.01176,320.66858
69.80011749267578,217.67344665527344,191.4493,320.3587
73.2427978515625,216.97874450683594,184.46402,319.19495
78.69981384277344,216.14479064941406,178.86469,319.20612
86.09241485595703,215.3431854248047,172.69875,318.09045
97.40106964111328,211.85699462890625,160.23543,320.07816
104.48443603515625,213.8491973876953,153.41818,317.03833
109.31529998779297,216.0240020751953,148.77776,316.5788
112.11689758300781,220.10247802734375,146.96393,315.4072
110.7999267578125,222.32858276367188,149.51682,317.03568
111.88532257080078,225.4547119140625,149.71297,317.2609
113.28359985351562,226.7449188232422,151.80081,318.59235
113.2834243774414,227.1580352783203,152.61555,317.72015
116.9955062866211,230.59568786621094,149.8344,318.04358
121.466552734375,236.266357421875,149.47104,318.3157
123.96721649169922,239.66722106933594,147.30553,318.69788
124.03565216064453,239.193115234375,150.1468,319.7377
125.97723388671875,236.84091186523438,148.3646,321.7897
129.38570404052734,237.9528350830078,145.1812,321.30847
126.1757583618164,236.83851623535156,150.88026,322.33752
127.11214447021484,236.4069061279297,149.51537,322.67053
123.83563232421875,232.2366180419922,152.23288,323.55334
122.71493530273438,226.64718627929688,151.4932,322.84573
125.72553253173828,218.9101104736328,147.68098,324.18103
129.22024536132812,210.47767639160156,145.2905,322.79767
123.97284698486328,201.2549285888672,148.52052,323.77716
123.13417053222656,197.1288299560547,148.95569,321.47015
125.3267593383789,194.4420623779297,148.41768,320.0993
130.4164276123047,192.09799194335938,144.29657,319.32883
130.6651382446289,186.3640594482422,146.94026,321.95343
129.35894012451172,181.43980407714844,147.145,320.9439
127.98562622070312,182.45602416992188,151.03336,317.55154
128.6872787475586,183.13172912597656,151.31755,315.80884
131.6852264404297,185.3722686767578,150.62592,312.2658
131.8355712890625,189.22181701660156,151.04922,307.60785
136.7602310180664,193.82672119140625,147.34999,301.56802
127.61985778808594,193.2067413330078,158.41486,298.41254
136.17224884033203,197.92691040039062,149.17671,290.27786
146.6605224609375,206.63174438476562,137.28171,282.25436
139.46001434326172,219.85130310058594,146.70439,275.8789
146.4604949951172,232.63641357421875,139.2998,267.71707
152.64625549316406,243.54518127441406,131.08002,259.28137
155.38880920410156,251.64305877685547,129.55548,253.16972
158.2386360168457,260.78907012939453,127.70495,245.78432
160.29484939575195,269.11881256103516,127.52276,240.30153
159.04436492919922,277.0813293457031,129.3029,235.54092
158.13845825195312,282.79598236083984,131.47269,231.24492
161.23602294921875,279.53330993652344,128.15738,233.6759
159.06832122802734,275.31646728515625,128.41222,234.8682
158.57113647460938,276.4331817626953,128.02127,231.63605
160.62810134887695,277.0440673828125,126.047295,231.83023
160.98581314086914,277.76832580566406,125.47292,233.88287
160.83272552490234,274.2831726074219,123.87877,237.12247
161.02145767211914,271.37296295166016,123.55874,241.6139
161.66953659057617,266.74329376220703,122.507515,246.38039
163.81007766723633,264.3360900878906,120.80749,251.03403
160.74730682373047,261.46814727783203,123.698654,254.53053
166.1240234375,257.06768798828125,118.983,260.71237
164.73200225830078,253.9369659423828,118.985245,265.48163
165.1523551940918,253.42327880859375,117.62989,271.2651
166.30012893676758,252.3392333984375,116.36065,277.49326
166.87046813964844,252.16961669921875,114.90387,283.35922
166.09343719482422,252.98199462890625,114.04985,287.85263
165.00176620483398,253.14651489257812,114.71549,291.35355
163.72591400146484,252.44451904296875,114.10765,294.45267
162.28923416137695,249.71417236328125,114.27349,298.00394
162.03051376342773,247.6107635498047,112.75901,302.88873
161.8833122253418,248.0818328857422,114.163216,305.77026
159.70210647583008,248.89979553222656,109.4118,307.09106
157.67139434814453,246.45816040039062,108.09596,309.81693
155.61982345581055,242.98550415039062,107.957405,309.8633
153.05508422851562,240.97952270507812,112.14865,310.62332
147.53289031982422,240.41525268554688,112.96544,309.79373
145.74425888061523,242.3863525390625,118.07218,309.64078
145.75026321411133,245.57351684570312,122.278435,307.04526
145.98216247558594,243.65072631835938,124.01257,303.76926
143.0155029296875,243.07008361816406,134.71927,301.85858
138.74591827392578,245.29759216308594,141.07002,300.02374
135.8727264404297,249.38046264648438,147.06006,297.85904
131.4915771484375,252.99143981933594,153.35367,294.7981
121.51244354248047,253.69871520996094,163.92546,292.149
112.95806121826172,254.38609313964844,175.85283,291.12744
102.22332000732422,250.69735717773438,186.08714,289.46756
92.68135833740234,250.3353729248047,194.6671,283.67023
80.67598724365234,251.94082641601562,205.92668,279.5399
74.67393493652344,254.69091796875,211.02838,281.32492
68.7759780883789,259.38629150390625,217.24452,280.03116
66.1629867553711,264.2491912841797,220.42174,277.297
65.30305480957031,264.7726593017578,222.92322,278.44366
63.69091033935547,268.2918701171875,225.97154,276.98904
61.15576934814453,269.06488037109375,229.12141,277.86874
59.452064514160156,270.11338806152344,232.0168,277.721
58.09819030761719,270.20301818847656,228.88263,276.98322
59.21382141113281,266.1226806640625,233.12958,279.3544
57.15104675292969,264.1869812011719,233.57458,279.28513
60.437705993652344,263.4679718017578,228.1231,280.0558
64.84416198730469,264.1796569824219,219.37976,281.80527
69.44295501708984,264.0132293701172,217.22649,285.43335
69.87214660644531,262.3226013183594,216.82996,287.03958
70.94442749023438,258.9438934326172,213.7706,289.44128
73.03191375732422,256.9535369873047,209.18565,291.70508
74.0051040649414,255.9584197998047,206.09767,297.52728
80.58279418945312,257.4908905029297,196.0458,300.04272
83.34503173828125,257.1830749511719,188.97806,304.30667
89.08261108398438,260.3647766113281,180.00723,305.0651
96.74873352050781,260.3532409667969,169.39502,309.7153
99.3813247680664,258.52899169921875,162.826,309.00076
98.24081420898438,256.53981018066406,156.48215,310.4214
99.28752899169922,253.0087127685547,154.54521,314.04028
99.18286895751953,253.11358642578125,150.37611,316.694
98.63694763183594,257.05421447753906,149.15985,315.91602
100.90724182128906,256.70672607421875,143.90948,317.06284
100.83611297607422,252.37745666503906,142.09941,321.08173
102.7546157836914,249.6132354736328,139.69618,320.52765
103.96397399902344,246.1846923828125,142.83551,323.66696
107.08170318603516,242.7744140625,141.41396,325.15793
106.10865783691406,243.2434844970703,142.09595,323.70776
108.44052124023438,239.3309783935547,139.81973,326.2802
110.4323959350586,238.881103515625,137.8665,326.99734
111.43159484863281,237.00906372070312,137.15613,329.21518
112.5386962890625,237.23294067382812,136.04996,329.3763
116.19520568847656,236.35491943359375,135.11292,328.00223
119.1307373046875,240.02120971679688,134.00815,321.93222
123.2012939453125,243.08004760742188,134.84103,320.38712
127.63517761230469,245.0869140625,137.60376,320.12155
129.79879760742188,246.7873077392578,140.93399,319.96027
128.89010620117188,249.6233673095703,147.27396,317.57837
134.59418487548828,254.89918518066406,148.81276,312.88824
134.8556137084961,258.5022888183594,155.04839,310.74344
136.4397735595703,256.5419616699219,162.24261,310.38467
134.67993927001953,256.05230712890625,168.7834,308.57797
139.02986907958984,257.0798034667969,170.77153,305.4556
139.5925750732422,256.62481689453125,174.65497,303.0524
137.29816436767578,254.8233184814453,181.29549,303.50653
137.03026580810547,255.17881774902344,185.04143,300.51953
132.59918212890625,254.33950805664062,192.2045,298.42673
129.8235321044922,253.04803466796875,197.00684,296.098
128.52761840820312,252.92764282226562,198.04343,293.9487
126.51966857910156,252.48300170898438,200.04254,293.58817
124.57327270507812,252.1549530029297,200.58096,292.35077
123.36335754394531,249.9019317626953,198.65125,294.7541
118.96038818359375,246.52906799316406,200.28177,294.42853
114.36659240722656,246.25119018554688,200.39069,294.36246
111.16938781738281,247.0436248779297,198.729,293.48108
107.29950714111328,248.8892364501953,198.05452,294.14185
104.71827697753906,253.4323272705078,195.4057,292.80627
102.8326644897461,255.5919952392578,193.19792,294.10504
100.01416015625,258.84312438964844,190.9252,290.36993
95.56434631347656,258.5429229736328,189.14093,292.417
91.82405090332031,263.14874267578125,189.4273,288.42142
89.15448760986328,266.4241485595703,190.26704,288.755
85.52080535888672,268.3736114501953,191.87914,287.7334
82.63041687011719,270.5976104736328,192.69806,285.4884
80.63519287109375,272.11399841308594,194.26926,284.29352
77.97727966308594,271.55665588378906,192.4505,282.14642
75.34379577636719,270.7312316894531,192.67383,278.54672
72.63973236083984,270.49566650390625,194.59264,278.4783
78.15148162841797,273.64678955078125,188.62077,278.25345
77.03596496582031,275.3032684326172,188.42035,276.14948
73.76844024658203,276.91900634765625,191.8871,273.34714
71.23773193359375,275.568359375,191.80814,273.0764
66.2320327758789,276.6925964355469,194.38277,271.89072
59.68959045410156,276.87005615234375,196.54767,271.43912
53.31641387939453,277.18896484375,200.45107,271.421
45.449913024902344,277.7658386230469,201.083,270.77725
32.770843505859375,277.4075012207031,204.64664,268.96298
21.41370391845703,273.58226013183594,206.19063,267.9516
13.410369873046875,269.0350036621094,203.08182,268.86288
4.034233093261719,264.56483459472656,202.6917,271.53644
4.1351776123046875,262.940673828125,194.21039,274.2819
2.4645309448242188,259.10911560058594,188.52354,279.02515
2.189910888671875,254.19647216796875,175.90616,281.51645
0.432373046875,250.0000762939453,173.46127,284.0335
0.7056961059570312,245.0587158203125,168.3431,286.92966
0.7597808837890625,241.29898071289062,164.66638,288.71506
8.376960754394531,236.72605895996094,152.4897,292.91748
11.066749572753906,233.3984832763672,148.2751,296.97784
20.920623779296875,233.0475616455078,134.58896,296.7155
30.498409271240234,228.38882446289062,125.947365,304.31845
39.23209762573242,226.00103759765625,116.811104,310.3608
51.62362289428711,223.97215270996094,103.02305,309.54498
55.850887298583984,223.10980224609375,107.21873,309.41013
60.550235748291016,222.9077606201172,116.20046,311.48834
63.2955207824707,222.4569091796875,119.69787,307.9913
69.21813201904297,226.09671020507812,110.26732,308.59604
70.34689331054688,228.34954833984375,118.93936,306.74777
71.74861907958984,230.78607177734375,133.09001,307.29007
74.45675659179688,232.67227172851562,144.69516,304.65732
75.54856872558594,232.76429748535156,154.00757,303.13312
77.1143569946289,234.7996826171875,159.7964,302.89426
78.44254302978516,240.36134338378906,166.8951,300.6784
80.06828308105469,245.11978149414062,173.29395,299.87936
82.85367584228516,250.76025390625,172.55684,299.50815
93.27449035644531,253.50531005859375,168.87671,301.21042
103.4291763305664,260.41932678222656,172.67805,300.32477
107.23250579833984,267.4119567871094,177.5158,300.75925
113.98760223388672,271.65443420410156,172.84392,299.6452
126.69058227539062,272.5823059082031,160.31314,299.98996
128.61341094970703,271.07273864746094,154.71138,297.54095
142.55957794189453,266.179931640625,143.50783,301.46347
152.5856170654297,261.2725372314453,133.80682,303.65857
161.4457778930664,258.4026336669922,123.55873,303.24
175.1016387939453,256.8958740234375,106.17023,316.77225
186.466552734375,257.6367492675781,91.31119,305.8571
194.16348266601562,260.66294860839844,84.042206,306.76965
