111.0,98.0,25,101
110.54731464385986,100.78176498413086,26.611273,97.80956
110.1038007736206,103.21517944335938,27.036798,97.95561
110.45516872406006,104.40876388549805,26.566439,98.973015
107.5209093093872,103.73626327514648,28.815313,100.924706
106.78225326538086,105.76312255859375,30.94796,101.85109
101.93597793579102,107.88058090209961,34.466316,103.408104
98.10900497436523,111.04521179199219,37.149284,103.42534
95.70678329467773,112.30078506469727,35.66079,100.71537
94.32364845275879,113.51416778564453,33.273952,99.28604
94.01884460449219,115.88993835449219,30.58693,98.69359
92.65461730957031,115.97261810302734,28.211105,99.4299
90.24381637573242,113.18180465698242,28.32212,103.0415
87.39728927612305,110.5733757019043,30.325874,105.0169
85.5975112915039,109.07984161376953,29.886734,105.880005
87.28451633453369,109.07247543334961,30.757963,104.17931
87.61599922180176,108.8923110961914,30.266842,104.32205
87.76258850097656,109.6146011352539,29.644012,101.157196
89.66820049285889,109.62693405151367,28.133753,99.69869
90.73578643798828,110.3097152709961,29.025955,98.33803
91.60622119903564,109.6524772644043,30.161688,98.91827
93.64118671417236,106.76612091064453,30.30947,100.69502
96.07792663574219,105.46577072143555,32.703995,103.60807
95.09136390686035,104.94626998901367,36.135677,104.153114
93.91026878356934,105.75728988647461,38.563847,103.93992
92.31089973449707,107.20693588256836,39.948437,103.533424
94.05599212646484,110.01623153686523,37.592407,101.0478
97.1622428894043,109.45240020751953,34.67382,99.928085
101.26359176635742,106.09138870239258,32.490593,100.175316
103.50728702545166,100.85884094238281,30.742308,101.677124
103.0567684173584,97.91104888916016,31.662815,104.28435
101.73418235778809,96.62294387817383,32.89841,106.796776
100.72674751281738,97.06962585449219,33.898113,106.62677
100.89889144897461,97.56292343139648,33.938316,106.8444
103.05704116821289,99.38201522827148,33.07807,107.781166
103.25867176055908,99.04964447021484,31.880651,103.429306
102.93104934692383,100.37592315673828,30.673927,101.12895
102.61474800109863,98.5855941772461,31.202984,101.227554
99.67303276062012,96.71987533569336,33.134785,101.307045
99.01912307739258,94.8380241394043,34.73243,103.53886
97.74834823608398,93.88640213012695,36.8106,104.9862
94.89717483520508,92.68209457397461,38.980446,105.316505
93.53682518005371,94.07783126831055,40.359562,106.28855
91.54891586303711,96.69981384277344,41.421898,104.76926
89.22843170166016,96.27778625488281,38.38336,102.54108
88.1868839263916,95.84724044799805,37.377346,101.00715
84.4411563873291,96.8211669921875,34.24087,101.013916
80.42873764038086,93.63782119750977,33.9685,102.83007
77.6505355834961,89.87961959838867,32.690826,105.68702
76.47226142883301,90.50079727172852,34.066235,107.813866
76.28355598449707,92.44636535644531,33.96858,109.19055
77.19738960266113,95.50672149658203,33.52342,108.94789
78.27770805358887,98.90572738647461,33.563282,108.90156
79.88671016693115,103.9658088684082,31.5011,104.79409
79.27850437164307,103.15835571289062,29.94679,102.93164
81.95944404602051,100.31632614135742,30.115307,103.461555
85.12612056732178,100.48752975463867,30.148989,103.79377
90.95954704284668,96.26091003417969,30.98299,106.384674
93.56850814819336,93.38468933105469,33.786522,109.52051
96.03813362121582,92.18709182739258,36.552837,109.134544
95.08923149108887,94.09854125976562,39.42803,108.22412
96.48656272888184,95.48582458496094,37.504276,107.63049
97.30400276184082,97.23801803588867,34.903362,104.7136
101.31454658508301,95.7436408996582,32.0128,103.24621
105.3606538772583,95.40115356445312,30.387411,102.608185
108.93603515625,92.42349243164062,32.40779,104.11926
108.72388076782227,91.34589004516602,29.339241,107.47051
110.51044845581055,89.11188888549805,27.589989,112.00999
110.96324443817139,89.9732666015625,24.314615,100.888916
108.17723655700684,102.51253509521484,23.697361,85.45833
107.38743686676025,107.5489387512207,22.891798,77.485054
104.94174575805664,106.64379119873047,23.401619,77.424255
99.7624340057373,105.50008392333984,25.007359,72.17029
97.97400283813477,104.16957092285156,22.951027,73.59946
94.14836025238037,105.55079650878906,23.474443,69.369675
92.85839653015137,102.52920150756836,22.7934,67.72257
129.4468355178833,91.8753890991211,23.069098,110.630585
126.53010177612305,95.84467697143555,25.591469,109.7239
108.77891063690186,99.95772933959961,28.769678,110.29763
105.11416530609131,102.14905548095703,30.681017,108.992096
103.80935573577881,101.32294464111328,31.614885,106.77829
98.2644271850586,98.5280647277832,34.179993,106.441475
96.88128089904785,94.99072265625,35.70355,107.02742
96.7366828918457,91.55816650390625,36.107674,107.72826
98.51619529724121,87.97919464111328,34.828495,113.43283
101.04150772094727,87.47359085083008,35.594093,112.782875
103.73857498168945,86.65890884399414,36.276283,111.99357
106.40716171264648,86.94192886352539,36.32409,111.30512
110.73138999938965,88.74173355102539,33.114994,112.388985
113.39509773254395,91.21842956542969,31.517284,107.51045
116.5035924911499,90.72028350830078,31.472414,107.40079
122.12117671966553,89.28215408325195,31.622438,106.51072
125.66597366333008,88.28293991088867,30.36393,108.00173
126.32922554016113,87.11974716186523,32.16676,111.64544
123.57494735717773,89.18791961669922,38.675865,111.76959
120.92874526977539,90.77349853515625,43.876472,113.1176
116.97548866271973,93.42647933959961,45.178555,111.93493
113.24261283874512,95.63625717163086,45.227467,110.49258
115.29561996459961,95.59819412231445,43.024986,108.75492
118.07335090637207,95.24012756347656,37.229595,108.23396
121.50750541687012,92.39261627197266,32.674946,109.2966
120.96436595916748,88.40543365478516,30.686426,112.43204
119.55980777740479,85.37805557250977,30.757963,116.67033
119.38201713562012,83.77712631225586,31.989399,117.572044
120.1484375,84.00709915161133,33.420395,116.09824
119.63485336303711,85.06908416748047,33.240562,116.01105
121.46854591369629,85.5063362121582,32.729763,115.46937
118.14844703674316,83.39761352539062,32.079678,111.88545
115.71905040740967,80.46417236328125,30.078333,108.81145
115.77970027923584,77.7502670288086,30.496767,107.32095
113.65033531188965,75.59066009521484,31.59235,109.856384
108.86378479003906,70.64181137084961,35.377945,111.975914
100.92559051513672,67.09115219116211,42.025208,113.96386
95.4323616027832,67.11577987670898,45.23954,113.883995
89.48439979553223,73.87746810913086,43.484432,112.87084
88.3366756439209,80.14451217651367,41.31989,110.04687
90.37209129333496,82.59537887573242,37.27994,108.91747
92.9376392364502,84.7239875793457,32.76112,108.203316
91.26912689208984,88.77333450317383,30.563934,109.90876
89.45072937011719,89.09800720214844,30.483414,112.41426
92.35775089263916,89.46221542358398,31.257078,115.0769
97.3440351486206,88.33437728881836,31.724207,115.28835
97.07186317443848,90.88817977905273,35.067287,114.527916
100.70732688903809,92.28120803833008,33.589207,112.93525
105.76657962799072,94.28402709960938,30.124784,110.66609
108.6906099319458,93.91395568847656,30.206076,109.47673
113.04704856872559,96.05923461914062,28.872135,108.18495
114.79741191864014,96.68887329101562,30.145609,110.56615
115.76624488830566,94.07211303710938,32.36392,113.793625
115.41376304626465,94.13732528686523,39.618015,113.36758
113.23893547058105,96.42189025878906,44.962086,114.135544
111.16582870483398,100.15605926513672,49.073875,114.500824
110.03610038757324,100.79437637329102,47.25292,115.896706
112.85169792175293,103.76418685913086,42.71816,112.65685
116.41656875610352,107.79081726074219,39.493507,111.38866
120.51313400268555,110.60338973999023,34.62127,112.30425
127.07149505615234,113.76957321166992,31.414642,114.056175
127.31068897247314,111.82995986938477,30.951391,118.73197
125.72087383270264,111.60165405273438,31.941294,119.522995
124.8808650970459,111.9713020324707,32.221317,118.27479
123.21158027648926,115.24642181396484,34.422832,119.1767
123.98022270202637,117.11592864990234,33.409565,116.87463
125.68717956542969,118.79824829101562,31.428818,114.89836
125.12441635131836,116.87231826782227,31.450005,112.610054
127.0483341217041,115.4984245300293,32.151913,112.17379
126.33458137512207,114.61133193969727,32.28822,113.67582
123.26709747314453,112.54884719848633,36.39081,115.89677
122.29484367370605,108.26304244995117,43.865253,117.21822
118.30598258972168,107.6767349243164,50.280994,117.941895
116.83978652954102,108.28980255126953,49.449287,117.58957
115.62277603149414,108.7857894897461,46.875404,115.9314
120.34693336486816,105.92784118652344,41.725765,113.02278
125.15517234802246,102.89754486083984,36.668552,112.76578
129.75766944885254,99.70154571533203,31.364742,115.638214
129.11758518218994,95.71390914916992,29.844038,117.66442
126.09794235229492,93.78616714477539,30.647972,120.42371
126.25475788116455,90.33652877807617,31.819082,120.79629
124.7220573425293,87.71318435668945,33.83126,119.78553
123.17172431945801,89.46376037597656,34.384624,119.14766
123.40673065185547,93.3895149230957,32.22757,116.34443
124.93167114257812,95.75363540649414,32.191055,113.6565
129.88079166412354,95.1937370300293,31.964262,113.58117
134.71203708648682,94.751708984375,31.129316,114.70567
135.76386642456055,91.9175796508789,32.797173,117.48013
133.02606391906738,91.31568908691406,39.035015,117.97334
129.48188591003418,91.67972183227539,45.341053,119.52384
125.74756050109863,92.42318344116211,48.35774,120.184685
124.61620330810547,95.3809585571289,48.114258,118.28189
125.70947265625,97.99741744995117,44.03746,115.79504
130.32818603515625,102.1850814819336,40.749924,113.28223
133.8618621826172,103.51130676269531,34.71074,114.178024
134.40662956237793,103.42835235595703,33.591785,115.598816
132.76054573059082,101.11416625976562,34.964306,119.71971
130.40784645080566,97.91240310668945,35.136837,120.22886
127.99219703674316,99.66773986816406,34.81616,119.13054
126.41777801513672,102.3909683227539,34.891632,119.670685
128.69528579711914,104.5584716796875,32.751717,120.77513
127.94532203674316,107.20005798339844,32.165157,116.09602
125.65532493591309,107.53714370727539,32.330997,113.72849
127.68169403076172,105.99413681030273,32.00592,115.417076
128.17506790161133,105.42641067504883,32.25718,116.16578
127.21026611328125,102.7081069946289,34.979263,118.02875
123.7360610961914,101.20123291015625,42.09131,120.31517
114.50963020324707,101.4061050415039,47.23988,121.07245
103.19979286193848,104.83335494995117,48.899837,120.56963
104.27240943908691,105.4351577758789,47.901943,120.52081
100.57931137084961,102.77750778198242,45.71325,117.80599
102.99090576171875,101.27349472045898,41.329056,115.3529
106.40090751647949,99.88236236572266,36.318592,117.84732
107.16450881958008,96.97127532958984,34.80671,121.44162
107.6198787689209,93.74786376953125,36.90488,123.119064
111.17680358886719,89.56743621826172,36.57637,122.75311
114.6796703338623,91.30115127563477,38.599476,122.23972
115.03994178771973,95.29903030395508,38.13235,122.69337
120.0387020111084,98.68085861206055,36.83353,120.24239
126.60224342346191,100.2431869506836,32.417873,118.25882
130.0007495880127,98.41304397583008,32.023296,117.24229
132.18570709228516,93.93963241577148,32.33725,118.28094
130.86280822753906,91.9254379272461,35.360916,120.750336
124.1573486328125,88.50002670288086,43.64653,122.65612
118.83747482299805,89.00086975097656,51.015587,123.51457
116.30780220031738,94.5202522277832,55.857616,123.96848
120.70230674743652,98.0457763671875,53.347233,123.19426
124.73421669006348,102.38296127319336,50.248013,119.76745
127.97160720825195,103.5413818359375,44.613625,118.110825
135.30109786987305,104.34743118286133,37.772087,118.1244
140.47365951538086,104.42166137695312,33.15197,119.78755
139.50297927856445,103.27120208740234,32.283943,124.108246
139.09751319885254,106.26209259033203,34.50735,124.85901
139.29752159118652,108.90967559814453,36.40433,125.31442
140.8273468017578,110.11358261108398,38.62477,125.077324
145.5919952392578,111.22568893432617,34.69664,124.33932
143.02964210510254,115.73077011108398,33.120296,122.24023
143.17117500305176,117.85691452026367,32.188793,119.33285
141.24103927612305,119.73072052001953,33.303307,118.97574
136.24989128112793,122.2485237121582,34.621967,120.41166
128.82708168029785,124.11103820800781,41.07983,123.21648
121.79875564575195,124.69110107421875,48.87159,123.310745
112.01246452331543,126.44799041748047,54.42287,124.726776
109.03501510620117,130.15534591674805,54.589012,124.12679
107.31171989440918,133.43925857543945,52.57506,123.20673
111.34621810913086,131.43972778320312,47.322502,122.11253
113.16582298278809,129.85099411010742,43.770176,119.8283
119.08542251586914,126.67855834960938,36.86036,120.57292
119.96162796020508,120.64506530761719,31.8787,124.30022
118.11749839782715,117.58480834960938,34.16556,126.28639
113.31622123718262,112.48361206054688,36.230152,128.03822
108.41271018981934,108.69136428833008,40.277775,126.86347
108.79910278320312,110.99847030639648,39.461044,127.09872
109.78363990783691,111.56394577026367,35.251247,126.5476
112.05653190612793,110.89140701293945,32.3803,124.73109
108.20710754394531,110.25459289550781,32.19835,122.66289
108.93214797973633,108.40070724487305,32.38291,123.89199
106.56692504882812,105.3703727722168,35.998795,125.1628
102.77835464477539,102.13037872314453,42.878426,128.39792
93.68805122375488,98.5422477722168,52.16276,127.35186
84.66049003601074,93.43003845214844,55.469288,129.40813
81.00550651550293,88.62002563476562,53.435413,128.34239
84.97171020507812,88.57418060302734,49.646072,125.637054
96.26872444152832,93.96683120727539,45.388927,122.77491
104.49732780456543,95.01051330566406,38.6104,123.59886
115.24284553527832,96.74918365478516,34.90379,125.6669
116.66659355163574,95.28314971923828,37.60268,129.85968
114.71166610717773,94.47125244140625,38.94741,129.91917
112.67238235473633,94.84664154052734,41.58204,130.34036
111.01136589050293,95.51150512695312,44.19692,129.04625
111.67455673217773,96.10478973388672,40.642174,129.0968
116.80769920349121,97.98163604736328,37.44489,126.76843
119.0007438659668,101.11742782592773,34.182243,124.63976
123.00406837463379,104.79495239257812,33.962856,124.620316
122.46438407897949,106.02040481567383,36.96831,126.43064
120.81993675231934,106.05370330810547,42.8053,127.9877
120.98721694946289,107.4537353515625,50.4694,127.926285
116.92833518981934,109.00332641601562,58.364933,129.08293
113.51476097106934,111.87818908691406,59.28104,129.3561
111.09735679626465,112.32544326782227,56.497746,127.68247
115.63484001159668,115.17111587524414,51.491474,124.894875
120.76341438293457,116.864501953125,45.796,122.49379
129.25481414794922,117.81351852416992,38.847046,124.29977
134.75845336914062,119.53661346435547,36.412704,125.84958
134.5285930633545,120.663330078125,36.775105,130.93129
131.78675651550293,122.05516815185547,39.87923,131.49127
131.81510162353516,123.0235824584961,42.3071,130.21579
124.70486259460449,124.2480239868164,45.27315,130.92844
117.39080810546875,128.6873779296875,41.952255,129.74583
118.06765556335449,131.26494979858398,36.581165,127.30068
121.02990913391113,133.15415954589844,34.68791,125.63753
117.77589225769043,130.02666091918945,37.001575,126.150185
113.69713401794434,125.22613525390625,42.56818,129.25609
108.95721626281738,123.2720718383789,48.84132,131.10461
102.13301658630371,122.51277923583984,56.77164,132.46112
97.58022689819336,119.51826477050781,61.78997,133.53307
97.3212890625,117.89860534667969,59.98262,131.71846
98.31036186218262,119.29958724975586,55.935993,127.325584
100.28018379211426,119.07156753540039,50.75111,126.91175
103.04244422912598,117.64968872070312,41.53793,126.66875
108.62537956237793,118.38874816894531,36.269917,128.23357
107.04557991027832,116.44745635986328,36.52168,133.6088
103.9022216796875,116.95112609863281,39.16591,134.35472
98.87112617492676,115.44707489013672,46.686413,132.28152
95.05110931396484,116.96028137207031,48.449493,134.52263
95.74301147460938,120.6790542602539,47.41652,132.0448
102.39011001586914,124.80243301391602,43.42887,127.3386
104.5770378112793,123.76978302001953,40.861107,128.76495
106.01874923706055,122.52778625488281,39.811394,128.33174
102.26759338378906,120.3541259765625,46.904892,130.25826
100.79442977905273,118.98286437988281,53.2734,132.81236
96.72520065307617,121.39067840576172,62.342705,133.84164
91.65744018554688,121.26557922363281,63.449722,134.25551
92.4400463104248,122.55412292480469,60.395496,132.68205
92.9636116027832,124.38538360595703,57.12504,132.79211
97.34591674804688,126.4430160522461,51.50273,131.4631
103.59383583068848,126.195068359375,44.652615,130.24318
107.36421966552734,126.98290252685547,39.50528,131.2872
109.10465240478516,126.76176452636719,36.028046,134.04594
105.13398551940918,126.52676391601562,36.369038,138.68724
104.22452354431152,128.38064575195312,38.646214,137.41722
105.25970077514648,128.98430633544922,41.60183,138.63455
106.20606422424316,129.3322525024414,41.303097,137.16711
107.20684051513672,131.47488403320312,39.50302,136.9789
107.03036880493164,132.89844512939453,36.12525,133.60559
105.92228507995605,129.09585571289062,36.690907,130.69734
103.98292541503906,123.05514526367188,37.331863,132.07463
100.7714900970459,120.63379669189453,39.80579,133.31088
94.14017868041992,118.73143768310547,45.7463,136.03174
86.7924575805664,116.12737274169922,54.260956,137.76974
76.87946510314941,115.14540100097656,58.606075,137.07524
