136.0,35.0,52,182
123.96992492675781,29.95642852783203,57.0968,186.37148
113.74843406677246,40.022132873535156,62.72127,173.48051
114.0148754119873,40.32366180419922,62.469364,163.14891
105.79480743408203,37.56909942626953,67.377426,157.72572
102.8667221069336,40.764373779296875,66.67171,149.90341
99.12671279907227,45.620750427246094,67.954704,138.18163
104.57607460021973,16.6689453125,60.96623,164.39194
96.67581558227539,-3.4368438720703125,70.616875,178.26324
94.71320343017578,0.38410186767578125,81.94597,156.25227
104.43048095703125,15.483551025390625,75.32745,140.21747
117.00316619873047,45.571441650390625,63.645737,107.9776
121.67779731750488,49.06468200683594,59.546566,93.05429
123.85521507263184,51.15243911743164,58.31731,80.09582
125.29622840881348,54.240238189697266,59.574444,108.58135
131.01199531555176,58.990699768066406,55.732174,89.935165
135.40046882629395,61.167789459228516,51.46658,72.429405
135.92660522460938,59.85750961303711,51.590714,64.90482
142.14857482910156,64.79693031311035,46.152435,58.12031
143.88328170776367,66.58963966369629,45.60697,56.693737
149.34103775024414,55.7659854888916,38.14965,63.974407
153.98867797851562,56.17315483093262,36.617706,60.766438
156.56736183166504,51.419071197509766,36.38722,62.76249
158.7527084350586,46.830474853515625,35.466644,67.456314
159.91128540039062,41.35722732543945,35.677673,71.362404
160.7563819885254,38.67507553100586,36.1959,70.29719
162.72509956359863,39.719608306884766,34.62054,66.62795
163.08434295654297,33.50661087036133,34.971817,68.36787
163.79107475280762,28.121517181396484,35.64034,72.54116
163.9628505706787,22.883869171142578,37.41527,77.24398
160.9675636291504,21.684261322021484,42.032936,74.9732
153.33501052856445,24.85995101928711,52.64495,72.17011
153.27449989318848,30.23589324951172,54.14802,67.66844
158.5641746520996,31.787416458129883,50.06759,62.721874
153.34925270080566,33.54718017578125,57.43652,58.715652
152.51581954956055,35.683223724365234,60.7349,53.949654
154.03464698791504,38.38483238220215,61.240047,47.07845
154.03857231140137,42.217254638671875,61.78803,38.30345
157.68444061279297,45.499332427978516,61.331223,33.119576
160.75759315490723,47.41846561431885,59.798077,31.157072
162.91560554504395,46.4952449798584,57.619183,32.80617
160.72701263427734,45.3980655670166,59.917343,36.055614
160.02787971496582,45.822669982910156,61.337185,38.28656
160.27716636657715,46.01821327209473,60.40479,42.63441
166.46592330932617,45.17433166503906,54.56362,48.04901
171.01532173156738,43.28929901123047,51.800014,52.623978
172.78334999084473,41.927711486816406,50.621166,57.16324
174.34946250915527,41.50996971130371,49.35256,60.34215
176.04816246032715,41.295888900756836,48.423847,63.64185
178.1995906829834,40.58597183227539,46.661198,67.59522
178.70190238952637,41.60364532470703,46.2943,70.84503
180.28991889953613,43.07533264160156,44.43153,71.3363
182.15880012512207,42.9072265625,42.323956,74.70694
183.81219291687012,42.39426040649414,39.360416,79.53225
185.89432907104492,46.4580078125,36.47155,78.79892
186.36352348327637,53.85546112060547,33.589207,74.29755
187.81360340118408,62.80559539794922,30.413519,70.272125
187.20008373260498,74.39511489868164,31.166056,65.44993
185.42187309265137,82.15323257446289,34.314503,64.19186
184.21461868286133,92.89400672912598,28.023857,59.63058
182.98458766937256,102.72053146362305,29.578371,56.55358
179.72731590270996,111.194580078125,46.64934,57.14659
177.0576171875,119.31088829040527,52.55948,50.87476
175.2488899230957,127.8511962890625,55.78901,43.93747
174.1476993560791,134.62560272216797,52.427013,41.158783
174.09498596191406,141.67881202697754,52.422012,35.829967
175.47960090637207,147.1764669418335,54.858105,31.788393
184.4767303466797,153.10172080993652,44.29686,50.393085
185.56451988220215,161.00348472595215,42.365833,42.2329
184.7280731201172,165.307373046875,42.35051,40.809082
187.90686416625977,168.68768310546875,21.979317,39.068054
194.002769947052,173.0190944671631,15.655692,37.21149
197.36762523651123,177.66232872009277,17.795702,34.036655
198.70294284820557,178.5262851715088,15.908903,31.050602
199.48138523101807,171.2435703277588,21.120275,33.303394
202.52770328521729,166.7812900543213,22.130278,34.353245
203.407488822937,164.49256324768066,24.64136,33.62399
205.00991439819336,161.29753875732422,26.236618,31.618202
206.721116065979,157.06060218811035,22.905706,30.69727
208.30596923828125,151.85389614105225,23.49318,29.727884
207.35984325408936,146.97054386138916,30.948671,29.663832
202.37371063232422,143.6366319656372,36.149773,28.52355
215.84604835510254,139.32816886901855,41.520405,31.209835
212.00808143615723,136.9903383255005,49.964344,29.689985
210.06253051757812,134.22742557525635,50.232292,27.378439
209.32296562194824,130.02527618408203,46.974743,28.113182
209.24739837646484,127.66633892059326,48.316963,28.37369
216.95517349243164,129.32947063446045,44.517853,26.253359
203.33411598205566,127.15287113189697,53.369877,26.846731
200.05068588256836,125.89591884613037,58.742844,27.76571
199.8798770904541,123.4772310256958,59.10738,28.758299
204.08280754089355,123.08677959442139,58.84506,31.12111
205.61835098266602,120.96588897705078,58.236664,35.081657
216.60625648498535,117.35021018981934,51.743122,38.896008
209.02148246765137,115.42556381225586,61.674923,42.814026
223.22482872009277,108.26882553100586,48.68893,47.004623
212.54903411865234,106.95777320861816,59.41944,50.09627
217.31176376342773,104.62339401245117,56.394974,53.51779
223.79081535339355,101.97664833068848,50.814312,55.14139
218.36828994750977,99.44272041320801,57.275497,59.492313
216.63738632202148,95.22855377197266,56.385315,66.96885
230.8322811126709,94.22904205322266,39.777874,71.96479
230.4418544769287,92.17038345336914,40.63412,73.516525
232.08286476135254,89.72412490844727,38.524952,73.24834
233.86605072021484,87.73907470703125,37.56495,77.22097
232.31682777404785,85.64217376708984,39.180683,80.80256
220.35781288146973,82.20076751708984,52.603413,82.13752
218.22222328186035,81.76168060302734,55.228077,85.17567
218.78155708312988,80.68896102905273,53.89481,86.91571
221.66935920715332,79.44867324829102,58.402103,88.27608
221.31775665283203,77.5961799621582,54.056145,89.1703
219.43821144104004,77.0065689086914,55.274525,88.360054
220.4102325439453,77.73089218139648,63.987038,89.09799
220.20999908447266,77.4908561706543,59.80816,91.55847
219.4791717529297,77.24538803100586,64.108955,92.32037
219.75940322875977,77.41094589233398,61.24524,92.876465
219.48951721191406,77.65114974975586,65.05192,93.64795
220.167085647583,77.21022415161133,62.306675,94.02089
221.16962814331055,78.02322769165039,64.66206,93.507
219.4639549255371,76.81706619262695,65.838974,94.43123
221.14371490478516,76.97137069702148,65.84359,94.60019
220.69517135620117,77.12424087524414,65.95122,93.77501
