256.0,152.0,73,210
255.50197219848633,147.77960968017578,74.50735,210.05302
256.72522735595703,149.34957885742188,72.59227,208.68658
255.81039428710938,148.38897705078125,74.031555,209.19
255.97232055664062,148.45263671875,73.30145,209.61383
256.1374855041504,148.2529067993164,73.5512,209.38841
256.61073303222656,148.90548706054688,72.85416,209.2522
255.7797737121582,148.00370025634766,74.19619,209.6599
256.5596618652344,149.43617248535156,72.80188,208.97714
256.2678337097168,149.2113494873047,73.228004,209.37973
256.0871887207031,149.17979431152344,73.62433,209.30295
256.058406829834,149.44535064697266,73.53681,209.16978
255.7438850402832,148.42974853515625,74.16201,209.46246
255.96745681762695,148.58206939697266,73.38308,209.29088
255.6505470275879,148.66822814941406,73.613335,209.29062
255.27945709228516,149.08289337158203,74.018845,209.14983
255.9035415649414,148.9196548461914,73.523056,209.07353
255.6676139831543,149.12039947509766,73.89213,209.0178
255.34331893920898,148.9928970336914,74.21119,209.5186
255.24395370483398,148.84368133544922,73.97999,209.75246
255.18095016479492,149.17361450195312,73.569496,209.28442
256.0603370666504,149.1676483154297,72.809685,209.42917
255.79563903808594,148.99039459228516,73.73123,209.32408
254.93453216552734,148.62061309814453,74.18996,209.44823
254.9704132080078,148.7115020751953,73.79739,209.34018
255.8328514099121,149.29094696044922,72.70301,209.69942
255.63432693481445,149.08350372314453,73.64327,209.59459
255.96445846557617,149.00022888183594,73.59153,209.51224
255.26837921142578,148.50786590576172,73.605515,209.64925
255.78843307495117,149.109130859375,73.13499,209.55414
255.2550277709961,149.7254867553711,73.73604,209.14851
254.5496711730957,148.8319320678711,74.80404,209.75563
255.82700729370117,148.97917938232422,72.82322,209.72658
255.59498596191406,149.1281280517578,73.75693,209.49002
255.7189178466797,149.4768524169922,73.84537,209.0007
255.18713760375977,149.3810577392578,74.16296,209.68857
254.95415878295898,148.5919189453125,74.365364,209.81818
255.4893569946289,148.63578033447266,73.81334,209.4262
255.92784118652344,149.0342254638672,72.936676,209.75204
255.02122497558594,149.51544952392578,74.47403,209.19969
254.52200317382812,148.25621032714844,75.05768,209.99832
255.45590591430664,149.43394470214844,73.75622,209.20761
254.68653106689453,148.4033432006836,74.966354,209.73805
254.79604721069336,148.51395416259766,74.22523,209.80016
255.7594108581543,148.93978118896484,72.978004,209.3174
255.35042572021484,148.23594665527344,74.019,210.19662
255.65612411499023,149.16941833496094,73.60029,209.56265
255.57775115966797,149.32823944091797,73.9518,209.17561
254.77122116088867,148.3905258178711,74.09019,210.16292
255.26035690307617,149.5185317993164,73.66251,209.42375
255.35129928588867,149.42408752441406,74.23887,209.35721
254.9564437866211,147.81201934814453,74.785965,210.64348
255.64399337768555,149.11833953857422,74.19541,209.74055
255.38733291625977,148.9496307373047,74.35619,210.41019
255.1178207397461,148.1760025024414,74.5807,210.38622
255.19580841064453,148.79110717773438,74.42583,209.79053
255.57316207885742,148.6180648803711,74.47245,209.89973
255.07116317749023,148.34518432617188,74.46772,209.78058
255.75540161132812,148.91829681396484,73.69531,209.83565
254.6045799255371,148.21721649169922,74.750374,210.17415
255.61465072631836,148.5747528076172,73.837166,209.93008
255.35200881958008,148.6797637939453,73.88381,209.86526
254.57041549682617,148.63925170898438,74.99558,210.13702
255.02652740478516,148.27851104736328,74.668015,209.92271
255.01663208007812,148.3126678466797,74.31665,209.88199
255.6146011352539,149.2931900024414,73.68657,209.25743
254.68939590454102,149.31784057617188,74.86645,209.61377
255.28407287597656,149.19198608398438,74.34561,209.65582
254.8711395263672,148.34391021728516,75.02103,210.2603
255.72935485839844,149.92118072509766,74.05228,209.07219
254.73582077026367,149.28042602539062,74.7971,209.85925
254.53437423706055,148.44522857666016,75.22184,210.22246
255.2237205505371,148.52285766601562,74.4253,209.63745
255.86137008666992,149.1699447631836,73.8256,209.47853
254.77914428710938,148.46952056884766,74.80322,210.00664
254.90427017211914,148.58295440673828,74.38006,210.09825
255.17441177368164,148.64923095703125,74.56072,209.55719
255.8996696472168,149.51980590820312,73.87748,209.1878
254.75872421264648,148.77295684814453,74.78309,209.81102
255.16864395141602,148.6204605102539,73.705986,210.08714
254.8547134399414,148.93661499023438,74.053024,209.6684
255.65452575683594,148.78890991210938,73.44528,209.99634
255.66370391845703,148.96507263183594,73.51036,209.44351
254.96553802490234,149.00579071044922,74.12947,209.7834
254.5052604675293,148.92483520507812,74.095436,210.45837
255.17924880981445,148.94097900390625,73.645164,209.30774
254.76025772094727,149.16073608398438,73.71642,209.60077
254.68342971801758,149.0823211669922,73.86605,209.71133
255.39216995239258,149.34435272216797,73.35177,209.48958
254.48459243774414,148.53020477294922,74.829216,209.8539
255.39634323120117,148.77415466308594,74.42808,209.88351
254.8648223876953,148.4119644165039,74.07297,209.96727
255.46796417236328,149.38697052001953,73.11473,209.24498
255.19318008422852,149.26152801513672,73.66485,209.28737
254.71562957763672,149.39627838134766,73.85188,209.31407
255.08123397827148,149.23779296875,73.08228,209.2785
254.9209442138672,148.97975158691406,73.61618,209.10233
255.63792037963867,149.0604705810547,72.86057,208.89749
254.63783645629883,148.9350357055664,73.99105,209.23668
254.62786102294922,148.3785400390625,74.17061,209.40668
255.6071891784668,148.26953887939453,73.054665,209.27287
255.59786987304688,149.07574462890625,72.78125,208.94757
255.75768280029297,149.7118148803711,73.4388,208.57283
254.9170913696289,149.53141021728516,74.57402,209.47075
255.41353607177734,149.5667953491211,74.69948,209.07112
255.1915626525879,148.35857391357422,75.308464,209.51204
255.50315856933594,147.97722625732422,74.49509,209.52089
254.07861709594727,147.9973373413086,75.33196,209.62733
255.60036849975586,149.36234283447266,73.18226,208.4926
254.35768508911133,149.14542388916016,74.58999,208.41942
254.89894104003906,149.33917999267578,73.48544,208.59203
254.63875198364258,149.12388610839844,73.904076,207.8901
255.23101043701172,148.92664337158203,73.17763,208.00291
254.77422332763672,149.0727996826172,73.298294,207.83847
255.69019317626953,149.20606994628906,73.00322,207.358
255.08551025390625,148.55264282226562,73.46887,207.8197
254.45309448242188,149.51482391357422,74.03827,207.27242
255.82025146484375,149.61014556884766,73.14337,207.10942
255.14654922485352,149.6308135986328,73.98632,206.93576
254.31226348876953,148.50740814208984,74.688156,207.9222
255.05095672607422,148.69915008544922,73.76515,208.07442
255.3165740966797,149.3585968017578,73.868195,207.26883
255.3768424987793,149.4705810546875,73.336525,207.18231
254.10238647460938,149.075927734375,74.278015,207.56909
254.76143646240234,149.76113891601562,73.40755,206.94904
255.83611297607422,149.89361572265625,73.605545,206.95532
254.53348922729492,149.15467071533203,74.8101,208.31175
255.1070785522461,149.64517974853516,73.59627,208.49425
255.01889419555664,149.58936309814453,73.538506,208.45653
255.78289794921875,150.2943572998047,72.37726,207.35
255.8892707824707,150.51902770996094,73.16311,207.71024
254.67053604125977,150.17044830322266,74.790825,207.58537
254.92789840698242,149.85277557373047,74.56394,208.41335
254.24126434326172,148.81936645507812,75.27632,208.9057
255.32196044921875,149.42955780029297,73.73102,208.60847
255.1103858947754,149.6819076538086,74.48699,208.0895
254.94995880126953,149.75650787353516,74.176926,208.43144
254.5357208251953,149.83116149902344,74.25021,208.61191
255.15331268310547,149.2681884765625,73.9698,208.19543
255.60152435302734,150.09751892089844,73.014725,207.69937
254.42024612426758,149.74423217773438,74.48275,208.32306
255.45309829711914,150.20989990234375,73.780815,207.73297
254.4782485961914,149.462158203125,75.67717,207.98462
254.8588981628418,149.39935302734375,74.63621,208.49432
255.30956649780273,148.80857849121094,74.20399,208.80484
255.7153091430664,149.9119415283203,74.13487,208.07492
254.44005584716797,149.38780212402344,74.89467,208.69742
255.3906364440918,149.98596954345703,73.98765,208.07542
255.05204391479492,149.66775512695312,75.03959,208.45288
254.95147323608398,149.55455780029297,74.77955,208.85939
255.0321159362793,150.42457580566406,74.28953,207.92184
255.21224212646484,149.89443969726562,74.25905,208.6784
254.4811553955078,148.69689178466797,75.1586,209.09785
255.55760955810547,149.67779541015625,73.24733,208.32605
254.66736602783203,149.5500717163086,74.5645,208.51979
254.8763427734375,149.6074981689453,74.60553,208.18283
254.57247161865234,150.02442932128906,74.57301,207.92868
255.52684783935547,150.24313354492188,73.88655,207.8169
254.27711868286133,149.34374237060547,76.0942,208.3882
254.89008712768555,149.39797973632812,74.28013,208.982
255.14155197143555,149.64879608154297,74.03794,208.52534
254.37443923950195,149.91413116455078,75.05019,208.62523
255.17835998535156,149.93766021728516,74.59982,207.62822
255.23151016235352,149.19482421875,75.011284,208.75653
255.17133712768555,149.2259521484375,74.73307,208.93768
254.9763069152832,149.8076171875,74.66598,208.25073
254.7303009033203,149.4227294921875,74.67386,209.06317
254.49181365966797,150.16362762451172,74.586624,208.3857
255.08710861206055,149.48897552490234,74.32725,208.06721
255.02582168579102,149.23499298095703,74.98693,208.14726
254.50896835327148,148.98828887939453,74.23823,208.9804
255.0295753479004,149.6880645751953,73.606804,208.3898
255.50225448608398,149.93616485595703,73.854744,207.95494
254.9102020263672,149.96695709228516,74.70688,208.22386
254.4569435119629,149.0271224975586,75.073906,208.33583
255.44095993041992,149.73139190673828,73.35563,207.85265
255.0852165222168,149.35126495361328,74.3574,208.24937
254.7244758605957,149.00405883789062,74.66201,208.77374
255.59553909301758,149.71273040771484,73.14645,208.23378
255.36017227172852,149.89402770996094,74.21368,207.57907
255.0541763305664,149.8871307373047,74.06511,207.89474
254.681396484375,150.03514099121094,73.87128,207.79617
255.39325332641602,150.0096893310547,73.20782,207.7695
255.54634475708008,150.3869857788086,73.923546,207.3141
254.43124389648438,149.55037689208984,74.75293,208.2765
254.75146102905273,149.4252700805664,74.77967,208.46288
255.1300048828125,149.25373077392578,74.408936,208.43669
254.5705337524414,149.85093688964844,75.18547,207.7067
254.61427688598633,150.07831573486328,74.22146,207.96758
254.7866325378418,149.80947875976562,73.9968,208.11627
254.9048080444336,149.6075439453125,73.86061,208.40887
254.91958236694336,149.93488311767578,73.6999,207.79308
254.75897979736328,149.65541076660156,73.87279,208.1459
254.96360397338867,149.54066467285156,73.51133,208.15933
255.52459335327148,150.59024047851562,72.80488,206.91705
255.02981567382812,149.81039428710938,74.29889,207.35925
254.65921783447266,149.74404907226562,73.57225,207.89581
255.38526916503906,149.36919403076172,73.73929,208.06172
254.44810104370117,149.71887969970703,74.18827,207.8126
254.31953811645508,149.6710968017578,74.28445,207.92313
255.38459014892578,148.9716796875,73.69609,208.44598
255.5922737121582,150.3225326538086,73.08175,207.30544
255.36113357543945,150.64305877685547,73.937096,207.0132
254.59492874145508,150.37783813476562,74.91238,207.20032
254.95568084716797,149.98165130615234,74.249405,207.62746
254.24573135375977,150.08946228027344,74.48327,207.73349
255.81342315673828,149.91577911376953,73.72807,207.67778
254.2050323486328,149.70266723632812,75.16873,207.36493
255.28672790527344,149.6201171875,73.72995,207.82245
254.63526153564453,149.68187713623047,73.87993,208.1075
255.2537841796875,150.35823822021484,72.86743,207.29604
254.78227996826172,150.49668884277344,73.713394,207.1802
254.9910774230957,149.58588409423828,74.11733,208.02464
255.24744415283203,149.5352554321289,73.081345,208.64183
255.28987503051758,150.25138092041016,72.72323,208.02574
255.13726043701172,149.59698486328125,73.147964,208.5133
255.68280410766602,150.3432159423828,72.59905,207.70285
255.28209686279297,150.3599853515625,73.31331,207.59613
255.5977325439453,150.07976531982422,73.101166,207.43538
255.21466064453125,149.93560028076172,72.36328,207.59218
255.30886840820312,150.57488250732422,71.67029,207.06331
255.10716247558594,149.6517562866211,70.78146,207.26894
255.77631759643555,149.34654235839844,70.31095,207.00449
256.179874420166,160.6407241821289,70.61883,194.42143
256.03792572021484,155.5861358642578,71.40584,200.56522
254.56809616088867,151.89230346679688,72.19602,203.8692
255.55411529541016,151.0829315185547,70.957565,205.12082
255.54967498779297,150.45409393310547,71.34126,206.06013
256.09865951538086,150.43441009521484,71.33875,207.0035
255.75960159301758,150.0529327392578,71.38387,206.68704
255.81502151489258,150.78033447265625,71.71499,206.16058
255.6738739013672,151.23993682861328,71.2836,205.59068
255.38906860351562,150.4969482421875,71.13782,205.7793
256.3427276611328,150.7951431274414,70.92905,205.87578
255.9790153503418,151.50328063964844,71.44187,205.09714
255.80913543701172,151.1721954345703,70.97133,205.48209
255.80350875854492,151.90232849121094,71.12711,204.60513
254.8056640625,151.6524429321289,71.79846,204.69737
255.41912078857422,152.57698822021484,71.44856,204.47176
255.05336380004883,152.11814880371094,71.671165,204.76096
254.78350830078125,161.00982666015625,72.47827,196.3388
255.1981430053711,150.4019317626953,72.56978,207.95352
256.24957275390625,151.5341567993164,72.26135,206.28874
254.86541748046875,152.1708755493164,74.552185,205.17467
254.90570831298828,151.87359619140625,73.284164,204.88501
255.26325607299805,152.3015594482422,72.50065,204.18289
255.3892822265625,151.01280975341797,72.90094,205.29762
255.6211395263672,151.29584503173828,72.49466,204.24455
256.2858772277832,151.57939910888672,72.29403,204.42073
255.68545150756836,152.08446502685547,71.764046,203.85219
255.1708221435547,150.40021514892578,72.73099,205.07072
256.31481552124023,150.47191619873047,71.12214,205.89198
256.55961990356445,151.0496368408203,71.991905,204.60971
255.93486404418945,150.9886245727539,71.63961,204.77379
255.76995086669922,150.01593017578125,71.178604,206.53467
256.09912109375,152.2284164428711,71.192566,203.35378
256.0804901123047,151.38023376464844,71.42398,205.02853
255.0903549194336,150.9518814086914,72.67757,205.0526
255.92298889160156,151.35678100585938,71.75455,204.01245
255.7974395751953,150.876708984375,72.02609,204.26514
255.15143203735352,151.29925537109375,73.22204,203.82434
255.11071395874023,150.82559967041016,73.45002,204.49815
255.34550857543945,150.7021713256836,72.45565,204.63954
255.16400909423828,150.83238220214844,72.66496,204.13834
255.66102981567383,150.66375732421875,72.221825,205.0893
255.24713516235352,151.37796783447266,73.142204,204.0949
254.93870544433594,151.52271270751953,73.37973,204.24968
255.62958145141602,151.37866973876953,72.71636,203.90453
256.024658203125,151.16598510742188,72.75037,203.96289
255.4369239807129,150.55738830566406,72.589165,204.22696
255.90247344970703,150.8692626953125,72.73955,204.46509
255.31535720825195,151.62984466552734,73.31002,203.46327
256.1964416503906,150.1382827758789,71.99603,205.3159
255.5849723815918,153.3907470703125,72.440834,201.22089
255.5172348022461,156.29593658447266,72.69331,198.02446
255.5915184020996,155.98799896240234,72.58265,199.02504
255.21043395996094,149.7731704711914,72.13913,206.06627
254.96656036376953,150.67363739013672,73.84764,204.31026
254.07648086547852,150.34789276123047,73.94665,204.55385
254.48324584960938,150.27313232421875,72.87738,204.66101
255.76130294799805,151.4627914428711,72.24741,203.43275
255.71691131591797,150.71746826171875,72.14851,204.15637
254.82207107543945,150.4770278930664,72.50344,204.1696
254.92108535766602,150.2739028930664,72.067924,204.53728
256.0723991394043,151.9722671508789,71.51603,202.42943
255.51425552368164,151.0541534423828,72.05816,203.4125
255.61850357055664,153.17752838134766,71.75579,201.50774
256.195369720459,153.14842224121094,70.969734,201.02408
254.41386032104492,152.65375518798828,72.17405,201.5283
255.41117477416992,154.79045867919922,71.45353,199.23476
254.69153594970703,153.00271606445312,71.2874,201.20276
255.19698333740234,154.63079833984375,70.80641,199.6435
255.30666732788086,153.9693374633789,70.92585,200.20622
255.1683578491211,154.2241439819336,70.819534,200.27943
255.33414459228516,154.30990600585938,70.61607,200.59491
254.8816795349121,154.2649154663086,70.71674,199.60158
255.56979751586914,154.97620391845703,71.45678,199.53453
254.68397521972656,154.81483459472656,71.67313,199.43863
254.49596405029297,154.7557373046875,70.8846,199.0553
255.08347702026367,158.31935119628906,71.433754,196.10886
255.0904083251953,159.02293395996094,71.93558,195.3497
255.07353591918945,159.926025390625,71.644005,193.95178
254.98300170898438,160.82530212402344,72.48547,194.16318
254.77365112304688,159.48275756835938,71.90289,195.59119
255.02539443969727,161.8043441772461,72.7553,192.29787
255.95287704467773,161.62883758544922,72.06312,192.2422
255.79894638061523,161.90030670166016,72.1493,192.18706
256.03475189208984,163.0986099243164,71.78511,191.29326
255.69845581054688,161.76799774169922,71.328186,191.99068
255.39598846435547,164.88145446777344,71.278336,188.3732
254.94110488891602,166.89696502685547,70.300224,185.89406
254.24330520629883,167.48969268798828,70.90197,185.51756
254.85496520996094,165.8631591796875,70.39679,187.57162
253.24457550048828,165.37052154541016,70.777115,188.07051
252.36641693115234,165.89644622802734,70.59337,188.24413
252.3852767944336,163.91387939453125,71.21947,189.95688
252.59983444213867,165.35338592529297,70.28541,186.67924
252.37434768676758,165.6120147705078,70.19567,185.04947
252.0824317932129,162.2361297607422,70.445,187.33936
252.20042419433594,161.8333969116211,70.37399,185.90926
251.37138748168945,159.32897186279297,70.24743,186.72087
251.65203857421875,157.30406951904297,70.47638,184.2794
250.90850448608398,156.0341567993164,71.28248,184.03477
250.9340705871582,152.64320373535156,69.91326,181.80893
250.67300033569336,148.5147933959961,68.664955,184.9297
249.18114852905273,144.32144927978516,68.09467,186.76814
248.7352752685547,141.08545684814453,67.240265,183.71642
247.26416397094727,136.1935272216797,67.78585,185.13586
245.53828811645508,131.5299530029297,68.59884,180.62802
242.50735473632812,132.79942321777344,71.23059,174.00858
240.2689666748047,128.1862030029297,73.40091,171.83215
238.74301147460938,122.34374237060547,73.89038,170.47514
234.36090469360352,120.07316589355469,74.7011,164.39807
232.30974578857422,119.19271087646484,71.758316,162.82167
127.4707145690918,172.51609802246094,85.77659,188.75607
224.63819122314453,113.87953186035156,69.22423,160.71924
128.9269905090332,170.40531158447266,86.553246,190.10335
133.43337631225586,176.42086029052734,85.2895,185.97478
132.49978637695312,176.2452392578125,86.32196,184.09903
132.28922653198242,179.5495147705078,85.73722,182.19684
133.02608489990234,178.94384002685547,84.96199,182.50664
133.6597442626953,178.79117584228516,83.76633,181.2848
133.80989837646484,180.0910186767578,83.31679,181.7248
134.25383377075195,179.73140716552734,83.607445,181.5338
134.30001831054688,180.49830627441406,84.226685,182.9367
135.90783309936523,181.08702850341797,83.2212,179.408
136.07928466796875,183.28717041015625,82.91193,176.72385
136.30033493041992,182.2032699584961,83.10343,178.78264
136.00856399536133,180.84520721435547,85.54488,180.40428
136.38602828979492,180.80049896240234,86.33988,179.07011
135.53417205810547,179.7397689819336,87.051956,180.29008
136.02992248535156,180.68894958496094,87.84146,178.95026
137.01032638549805,181.5417709350586,86.25272,177.911
136.25616836547852,177.282470703125,84.6361,182.49722
135.64223861694336,177.1010971069336,86.30396,181.80852
136.04463577270508,176.71614837646484,86.0281,183.6483
135.30947494506836,175.00650787353516,84.261665,183.48982
135.77164459228516,178.72821807861328,84.44859,182.63094
135.2863883972168,181.24309539794922,85.78715,178.02129
134.8636817932129,179.49610900878906,84.73522,179.57288
133.4341812133789,177.22779846191406,85.27025,182.47552
132.94195175170898,177.30623626708984,85.647224,182.6746
132.28842163085938,178.33856964111328,86.73724,181.47871
131.87731170654297,178.9783706665039,87.67311,180.8821
134.124267578125,178.5986557006836,85.89899,181.3557
134.38572692871094,178.69184112548828,85.34,181.5768
136.08504486083984,178.59027862548828,83.86171,181.22102
136.64899063110352,177.58346557617188,83.014946,182.53543
136.35354232788086,176.2254180908203,83.621284,183.47827
135.00692749023438,175.6152801513672,85.576965,185.10345
135.54133224487305,176.0845947265625,85.84391,183.06808
134.88957977294922,176.34398651123047,85.894424,185.11748
135.89160919189453,177.91155242919922,85.10387,182.7105
136.01596450805664,177.42596435546875,84.96514,181.02829
135.53993225097656,176.74728393554688,84.676544,183.20743
135.0587043762207,176.56262969970703,85.54647,182.80647
134.166748046875,176.21712493896484,85.24396,183.74846
132.86293029785156,176.08847045898438,86.2258,184.25418
134.39995956420898,177.28943634033203,84.76569,183.77467
132.8127899169922,177.18682098388672,85.97897,183.83055
133.77776336669922,177.0487823486328,84.83742,183.83752
129.10165405273438,175.9290542602539,89.169495,186.1941
130.37167739868164,175.14047241210938,87.78228,186.4786
128.3497314453125,172.98011779785156,91.26233,189.84412
129.80392837524414,173.99138641357422,88.45959,187.50005
130.09955215454102,177.336669921875,86.02984,183.7778
134.63693618774414,176.01544189453125,82.483025,183.89511
135.57213592529297,177.0716552734375,82.31978,182.83975
136.96044921875,178.27731323242188,81.54602,181.13303
136.31137466430664,177.79021453857422,82.48467,182.51653
136.2503547668457,177.97272491455078,82.928795,181.20491
136.51075744628906,179.3435516357422,82.300446,180.70038
136.7051010131836,179.22327423095703,81.92622,179.90114
136.69883728027344,178.58075714111328,81.83896,179.8625
136.94612503051758,179.14556121826172,81.47048,179.90288
136.54324340820312,178.63096618652344,80.96594,180.24854
136.4674301147461,179.17138671875,80.73042,179.66049
135.97070693969727,178.90349578857422,81.2329,181.13817
135.3087043762207,179.02674102783203,81.53829,181.91402
135.20182037353516,178.24981689453125,82.07353,182.06522
135.51380920410156,178.30093383789062,82.1741,181.40549
135.3989143371582,179.16468048095703,81.87551,180.65071
136.4191780090332,179.80213165283203,81.906334,180.48952
135.49811935424805,178.15444946289062,82.82749,181.9473
135.1294174194336,177.13573455810547,83.80269,183.16032
132.15617752075195,177.29619598388672,85.773094,183.16612
131.3776741027832,175.66493225097656,86.76003,184.8172
131.57320022583008,175.01781463623047,87.712364,184.95396
130.88444137573242,173.58911895751953,92.14286,186.01979
134.39752960205078,169.4029998779297,92.11717,190.94006
134.5458755493164,176.8999481201172,84.21922,183.87811
131.72525024414062,177.19515991210938,87.961426,182.48172
131.65514755249023,172.7369155883789,88.28181,187.39308
132.5593490600586,173.53987884521484,86.444046,187.59746
132.83332443237305,174.68651580810547,87.50858,186.37193
129.42950439453125,169.70635986328125,88.77966,194.92722
131.4716339111328,171.94410705566406,86.08884,193.4989
130.3097038269043,173.0218048095703,87.35923,193.83356
104.68188858032227,166.50662231445312,114.21075,212.77414
66.25992584228516,102.50761413574219,149.21147,279.41058
75.06342315673828,93.79171752929688,139.94133,289.2244
85.34028625488281,89.66038513183594,130.45175,291.44196
93.99358367919922,99.8111572265625,123.12721,281.43765
104.03646469116211,96.12722778320312,114.09742,283.20956
112.62571334838867,85.50135803222656,115.85612,292.0409
126.3629150390625,99.69032287597656,108.51404,277.5681
136.0527687072754,115.04086303710938,107.73882,259.44382
138.46582794189453,111.5902099609375,113.59154,258.33768
137.86103439331055,114.71977996826172,123.26768,251.55107
137.5753173828125,120.35626983642578,130.7992,243.31532
136.40550994873047,112.41412353515625,140.30995,247.57773
152.64903259277344,117.64881896972656,133.8497,240.31604
188.55925750732422,117.93604278564453,104.13246,239.5815
201.83734512329102,120.29235076904297,99.73144,238.27226
215.64371871948242,114.74458312988281,93.972694,239.90167
222.92077255249023,124.49075317382812,94.900276,228.17093
229.66452407836914,131.02639770507812,88.74401,218.75296
233.8072967529297,133.59256744384766,82.863434,216.15773
240.9310188293457,134.21058654785156,77.91915,213.01892
244.45598220825195,141.23336029052734,76.25503,205.63408
244.404296875,142.8932876586914,77.20032,208.08699
248.12598419189453,145.11617279052734,75.06242,198.79149
247.92183303833008,147.58992767333984,74.6379,199.76091
249.15829849243164,149.607421875,74.498405,197.37119
251.6562271118164,150.85177612304688,72.76189,197.28647
252.50893783569336,152.87947845458984,72.69898,193.96666
253.37821197509766,155.13977813720703,71.87291,191.06587
253.36309432983398,156.53856658935547,71.89234,189.13225
253.63959503173828,158.80960083007812,71.1638,187.26541
252.21313858032227,160.78108978271484,70.190575,184.56828
253.3120880126953,163.05213165283203,69.06644,182.32054
253.48212051391602,164.4339141845703,68.357506,179.23175
252.19285202026367,166.98544311523438,68.53736,175.98965
253.1336441040039,166.61260986328125,69.12944,176.39151
253.00067138671875,165.12654876708984,69.21182,178.12251
254.03567504882812,165.88585662841797,69.38522,176.5605
253.6805648803711,164.25660705566406,69.909836,178.64362
253.65963745117188,163.47756958007812,69.05005,178.65063
254.01528930664062,163.51464080810547,70.20715,178.36012
253.6791000366211,162.1565933227539,70.215866,180.18901
254.23590850830078,161.15077209472656,69.643845,180.84583
253.63602828979492,152.77410888671875,69.31962,188.71982
254.60862350463867,151.32283782958984,71.09049,190.27751
254.3161964416504,148.74331665039062,69.01739,193.23624
254.22104263305664,147.76482391357422,68.82696,194.03514
255.26397705078125,146.54415130615234,67.549805,195.77647
254.78666305541992,148.14743041992188,68.1475,194.47617
254.7057876586914,146.61885833740234,69.51103,194.98387
254.19585418701172,147.34092712402344,68.725235,193.67053
254.09870147705078,146.8670883178711,69.235886,195.12236
253.9816436767578,148.08688354492188,68.8237,195.01651
254.06671142578125,146.43976593017578,69.841125,195.95522
255.05417251586914,147.07363891601562,68.811455,195.13419
254.87252807617188,146.23098754882812,69.07501,195.85147
254.55864715576172,147.1733856201172,69.26198,195.24487
253.79499053955078,147.52166748046875,69.06383,194.66068
254.0089874267578,146.7675552368164,69.25168,195.71974
253.49046325683594,146.1283187866211,69.96347,196.02965
254.63053131103516,146.42371368408203,68.74913,195.98964
253.8325424194336,146.78284454345703,68.90108,195.22646
254.7183723449707,147.3673553466797,69.08547,195.58612
253.5760612487793,146.08414459228516,69.61637,196.02773
254.3342514038086,146.7517547607422,69.16023,194.70245
254.69108200073242,145.51178741455078,68.756874,196.0475
253.67180252075195,146.49757385253906,68.827965,196.34534
254.17253494262695,146.22969818115234,70.17483,195.72057
254.29190063476562,146.88019561767578,69.444885,195.51302
254.0359992980957,146.2759017944336,69.88241,195.70872
254.7426414489746,146.78416442871094,69.4112,195.17719
254.38203048706055,146.89736938476562,69.06205,195.25418
253.86059951782227,145.98258209228516,70.14391,196.05324
254.1961784362793,147.02980041503906,69.43601,195.68243
254.33045196533203,146.95144653320312,69.45317,195.47324
254.23455810546875,146.29164123535156,69.63263,196.03552
254.35091018676758,147.14716339111328,68.786156,195.37544
254.27000427246094,146.35775756835938,69.16104,196.37961
255.43634033203125,146.90403747558594,67.86078,196.62988
254.42065048217773,145.79496002197266,69.27778,197.9391
253.56575393676758,146.73998260498047,70.36312,197.7531
254.55252075195312,146.0447998046875,69.78247,200.04562
255.04314422607422,146.40774536132812,68.93318,200.04141
217.1724510192871,134.61557006835938,107.94761,212.83987
192.17133331298828,117.11164855957031,129.53358,231.15363
206.96343994140625,111.5522232055664,117.766205,237.07393
220.32306289672852,125.84693145751953,104.65487,224.60066
234.99142837524414,102.13398742675781,94.930504,246.72052
252.21329498291016,108.42992401123047,92.52632,241.56853
256.80130767822266,136.4322738647461,111.70546,211.57231
255.52542114257812,117.35620880126953,158.21841,225.96211
257.7218017578125,124.95984649658203,167.43845,219.92793
253.49175643920898,145.80043029785156,71.47343,197.88275
254.148193359375,145.87989044189453,71.11972,199.15974
253.49725341796875,146.2399139404297,71.83981,200.23157
254.20413208007812,146.33566284179688,73.47879,199.75363
253.8539276123047,145.42691802978516,73.239136,200.01387
254.81098556518555,145.30323028564453,72.92591,200.00545
254.29971313476562,145.92845916748047,72.44968,198.95683
254.04413604736328,145.02132415771484,72.864944,199.4442
254.44083404541016,144.68390655517578,72.359085,199.8462
253.45703506469727,144.75491333007812,72.22634,199.43655
254.2944221496582,145.42440795898438,72.43688,198.84286
253.5876579284668,145.1805191040039,72.07502,198.99178
253.76091384887695,145.2998504638672,71.51415,199.08307
254.04599380493164,145.91466522216797,71.130455,199.00194
253.2896270751953,145.8846893310547,72.27252,199.04974
254.7773666381836,145.93421936035156,70.95378,199.09381
254.0458641052246,145.91720581054688,71.24119,199.49039
254.47225189208984,146.2514190673828,71.48332,198.73077
254.76178741455078,145.97662353515625,71.39937,198.40323
253.63516235351562,148.48340606689453,71.64285,195.83705
254.14207077026367,145.1844711303711,71.038216,200.14616
253.82568359375,145.74439239501953,71.76102,199.19173
253.86955642700195,146.02926635742188,71.49584,199.42825
253.7945556640625,145.33173370361328,71.954865,198.9316
253.85154724121094,145.38794708251953,71.75513,199.03682
254.21404647827148,145.93831634521484,72.41978,199.27654
254.015380859375,145.7107391357422,70.92374,199.36719
254.57929229736328,145.98876190185547,70.97139,199.24413
254.05855178833008,145.2122802734375,72.0205,199.53726
253.89096069335938,145.9558563232422,70.857025,198.85272
254.13335418701172,145.64767456054688,71.655014,199.1802
254.49836349487305,145.96607208251953,72.43549,198.45168
253.8712158203125,145.64369201660156,71.13388,199.40735
253.99186325073242,145.44473266601562,71.125496,199.55655
254.052490234375,145.30966186523438,70.591644,199.8591
253.95978927612305,145.62281036376953,71.08289,199.20955
253.42751693725586,145.79061889648438,69.99326,199.16483
254.35105895996094,146.11270904541016,71.026306,198.72029
254.39350509643555,146.3187713623047,69.756966,198.2287
254.41726303100586,146.52379608154297,69.45335,198.38908
253.69783401489258,146.20024871826172,71.19695,198.45665
254.1371955871582,146.39208984375,69.679375,198.01675
254.47905349731445,145.9437026977539,70.0816,197.8448
253.108154296875,146.82791900634766,70.12973,196.91853
253.87729263305664,146.58678436279297,70.88497,197.80516
253.73640060424805,146.78073120117188,70.76063,197.90353
253.58789443969727,146.87482452392578,70.39095,197.6797
254.13645553588867,146.3036117553711,70.89704,197.52837
254.0837059020996,145.71446990966797,71.28507,198.19951
253.98388671875,145.82948303222656,71.09848,198.50482
253.9480857849121,145.48963165283203,71.299416,198.35634
253.79642486572266,146.24415588378906,70.28688,197.72156
253.4279022216797,152.18123626708984,70.20581,191.09221
254.4687614440918,145.28797912597656,70.02393,198.638
254.53381729125977,143.97583770751953,69.68209,200.16457
254.0413055419922,146.03565979003906,69.79608,197.72797
255.3084487915039,145.87128448486328,69.002396,198.54128
254.27184677124023,145.70699310302734,70.90098,197.95714
253.94075393676758,145.91282653808594,70.90948,197.81842
253.79065322875977,145.71985626220703,69.920616,198.1772
253.44444274902344,145.90274047851562,70.172,198.09421
253.20391845703125,145.93209838867188,69.98825,197.8854
253.90822982788086,146.52162170410156,69.46317,197.419
254.37611770629883,145.55645751953125,70.29363,198.04367
253.84827423095703,145.43679809570312,69.57869,197.8876
254.8248405456543,145.48902893066406,69.320076,198.15698
254.37313079833984,144.92465209960938,69.51146,199.08646
254.03382873535156,146.40808868408203,69.55133,197.47664
254.18125915527344,146.65451049804688,69.9234,197.44534
253.8612403869629,146.9042205810547,70.64358,197.60266
253.89713287353516,145.31094360351562,70.26875,198.99576
253.82473373413086,145.4150848388672,69.32694,198.9212
254.51471710205078,145.79087829589844,70.05098,198.74481
254.10501861572266,145.52445220947266,69.259964,198.70338
254.0803337097168,146.22042846679688,68.97773,198.25076
254.05634307861328,146.24571990966797,69.145645,198.65166
254.65671920776367,145.11809539794922,69.40595,199.60362
254.27302169799805,145.6473388671875,69.373116,198.85709
253.79952239990234,146.55228424072266,70.03679,198.3849
253.57515335083008,145.3805389404297,71.079216,199.43707
253.24933242797852,145.98916625976562,70.38766,198.37448
253.99275588989258,146.47445678710938,70.579704,197.71274
254.2152976989746,146.33543395996094,70.30137,198.4513
253.59225463867188,146.3011703491211,71.417816,198.23424
253.4696273803711,146.54522705078125,72.592575,197.63242
253.21172714233398,146.95954132080078,72.27329,197.63448
254.32281112670898,145.55452728271484,71.14402,198.72203
254.02117919921875,146.49553680419922,71.66196,197.7257
254.5648536682129,145.51150512695312,71.086815,198.54019
253.7069320678711,149.62289428710938,69.50975,194.35
255.1388702392578,144.00843048095703,70.38263,200.83492
254.4743995666504,146.17478942871094,70.19009,198.38599
254.39256286621094,145.5212173461914,70.00067,198.35548
253.96557235717773,153.8089828491211,70.37553,188.97722
253.33105850219727,154.10994720458984,72.87765,189.1007
253.58367156982422,160.30684661865234,72.31633,182.72813
256.43946838378906,146.590576171875,68.5025,197.41028
258.2784423828125,144.92850494384766,65.40781,198.39159
254.51361465454102,143.83032989501953,68.308495,199.09428
253.12004470825195,145.45904541015625,68.86425,199.11548
252.7978286743164,143.5034942626953,70.55226,199.79892
254.40354919433594,146.97008514404297,68.638306,197.10823
254.0742301940918,145.06114959716797,69.41053,199.55067
254.12035369873047,145.98672485351562,70.436935,197.77332
254.10306930541992,152.4144058227539,69.391304,191.01024
253.87744522094727,151.40250396728516,71.41634,192.79112
253.26774978637695,152.3600311279297,71.16204,191.32986
253.06744003295898,154.98928833007812,72.72544,187.57495
253.17820358276367,144.6260757446289,71.02906,198.56221
253.37803649902344,147.11783599853516,70.286865,195.48994
252.73044204711914,146.87684631347656,71.097435,194.94128
252.92442321777344,146.7139663696289,69.71399,194.7997
253.6904411315918,147.1507568359375,69.41688,193.67001
254.2710838317871,147.3526840209961,68.41251,194.56572
254.41731643676758,146.6070327758789,68.90252,194.08632
253.19705963134766,147.17256927490234,69.344864,194.37914
254.5591812133789,146.5677719116211,68.882645,194.50365
252.84691619873047,148.3341522216797,68.96782,193.67926
253.61223220825195,146.4976043701172,70.67541,194.90796
253.9111442565918,147.53571319580078,69.15131,194.50276
253.6911506652832,147.1363525390625,68.82787,194.53952
254.17197036743164,147.3636474609375,68.10677,194.76987
253.6836280822754,146.8790740966797,68.47091,195.01184
254.6800994873047,150.39977264404297,67.843445,190.48418
253.72291564941406,149.48391723632812,69.45569,193.39346
254.21280670166016,145.2032699584961,69.74049,198.55235
253.92579650878906,146.69696044921875,69.63788,197.40854
253.31215286254883,148.3651123046875,68.79333,196.30832
253.11412048339844,144.7655258178711,70.06879,199.6679
253.5085105895996,147.07242584228516,69.15623,196.01503
253.70566940307617,146.80934143066406,69.79542,195.78198
253.92799758911133,147.31773376464844,69.07897,195.34583
253.77693939208984,147.2810516357422,69.15947,195.66577
253.19221878051758,146.04935455322266,69.892265,196.52644
253.1275177001953,147.35374450683594,68.664,195.36108
253.4660987854004,146.3885955810547,71.538414,196.61658
253.91780471801758,146.5384063720703,68.727715,195.89752
253.8828468322754,146.67132568359375,68.27041,196.0546
253.4455451965332,146.44414520263672,70.21166,195.97453
252.72242736816406,147.43144989013672,69.096436,196.09673
253.4295196533203,146.92420959472656,70.57977,196.23999
253.46007919311523,145.76272583007812,69.78098,196.51761
253.97793579101562,146.7786102294922,68.754425,195.58643
253.82541275024414,146.1241226196289,70.36263,195.99239
253.7707061767578,146.72360229492188,68.98505,195.64175
253.41945266723633,146.4949951171875,69.08105,195.85031
253.45940399169922,147.55723571777344,69.17992,195.03564
253.28075790405273,147.00611877441406,71.16752,195.4837
253.70877838134766,147.52394104003906,69.79567,195.38062
252.71596145629883,147.3216552734375,70.276726,195.54446
253.2552261352539,146.1323013305664,71.43526,196.17702
254.06929397583008,146.68480682373047,69.35235,195.70848
253.0509490966797,147.00791931152344,69.92566,194.8407
252.97879791259766,146.95425415039062,69.49544,195.14761
253.29212188720703,146.3313446044922,70.348404,195.9682
253.95184707641602,147.02483367919922,70.065636,195.796
254.19834899902344,147.64407348632812,69.15552,195.1655
253.24366760253906,146.74278259277344,69.64148,195.84271
253.31177139282227,146.95130157470703,68.68386,195.36525
253.15435791015625,145.7208023071289,69.877655,196.18489
253.66456985473633,146.5603790283203,69.4511,195.50256
253.9637680053711,147.10582733154297,69.06499,195.62083
253.76637268066406,147.50657653808594,68.73688,195.31146
253.54467391967773,146.97100830078125,70.768166,195.28006
253.44158172607422,146.62054443359375,69.9478,195.43747
253.79358673095703,146.65653228759766,69.28212,195.3495
253.77491760253906,146.82992553710938,69.07941,195.6489
253.63688278198242,147.12353515625,68.49415,195.77634
253.1786117553711,146.64894104003906,70.29961,196.04199
253.37960052490234,146.44190216064453,70.56444,196.39497
253.02008056640625,146.76070404052734,69.06662,195.8795
253.0987205505371,145.93968200683594,70.75596,196.88367
253.91394805908203,146.9579620361328,68.71864,196.45099
254.01062774658203,146.84272003173828,70.7151,196.8885
252.8864860534668,147.80657196044922,70.302864,195.53355
252.86958694458008,146.72930145263672,69.70147,197.09325
253.3633041381836,146.66413116455078,70.781296,196.51753
253.04159545898438,147.37581634521484,69.56766,196.4907
252.6991958618164,146.24919891357422,71.240616,197.25047
253.5237922668457,147.78512573242188,70.18835,196.3187
253.44234466552734,147.74195861816406,70.32384,196.23022
253.5221176147461,147.23809051513672,71.099594,196.23015
253.69465255737305,147.96311950683594,70.1446,195.92682
253.5297622680664,146.39130401611328,70.581985,196.66805
253.39492797851562,147.3981475830078,69.56082,195.92639
253.21821212768555,146.85240173339844,70.831245,196.61377
253.52101516723633,147.45441436767578,71.207146,195.46364
252.96310806274414,147.06240844726562,71.18343,196.3569
253.2789649963379,146.80493927001953,71.98238,196.1263
254.0839500427246,146.9258575439453,70.181984,196.64716
253.5018196105957,146.35830688476562,70.32128,197.30893
253.46724700927734,146.13898468017578,71.27336,196.81227
254.08442306518555,146.80597686767578,70.02589,196.59645
253.03960800170898,146.60787200927734,70.98057,196.91216
253.29659271240234,147.22157287597656,69.99718,196.307
253.81550216674805,146.84500885009766,71.45356,197.09816
253.27604293823242,147.06879425048828,71.56129,196.70277
253.5428810119629,147.49190521240234,70.596886,196.8275
253.69854354858398,147.19759368896484,71.33781,196.79521
254.02237701416016,145.93609619140625,71.48677,197.68997
253.59122467041016,146.26016235351562,71.02083,197.69742
253.5298728942871,145.65660095214844,71.58781,198.46985
254.15903854370117,146.51490020751953,70.531746,197.93037
252.98076248168945,157.0887222290039,72.593864,186.7129
253.14210510253906,152.22313690185547,73.06506,191.44987
254.07046127319336,148.2732391357422,71.723,196.3974
253.72534942626953,146.2232208251953,72.087234,199.01666
253.3922119140625,146.25907135009766,71.42105,197.70027
253.8766860961914,146.93792724609375,70.93086,197.08463
254.00785064697266,147.07454681396484,70.365616,198.60667
253.69242477416992,147.18021392822266,69.827705,198.4916
253.52835845947266,147.84024047851562,70.18593,198.77396
253.9195671081543,149.70577239990234,70.22547,197.34111
254.68858528137207,156.74654388427734,61.565,189.35954
253.06233596801758,164.3547821044922,56.21218,180.1571
256.92774200439453,175.02155303955078,86.33577,223.21791
449.89560317993164,164.15221405029297,73.20748,171.0709
451.5638122558594,160.71676635742188,74.91702,175.43115
451.45040130615234,161.21644592285156,75.93233,175.54791
451.318660736084,161.66529083251953,76.71552,174.39021
450.48380279541016,162.56896209716797,78.323715,172.803
453.6568908691406,158.6175308227539,80.984314,175.77873
450.8915328979492,157.94544219970703,82.42781,177.01173
262.80527114868164,144.32350158691406,74.00085,202.22864
253.7887191772461,144.29205322265625,68.55983,203.0812
250.64131546020508,144.30142974853516,71.675804,203.69502
254.93460845947266,143.734619140625,68.92992,204.20505
254.72837448120117,146.64346313476562,68.628944,199.2875
254.2405128479004,144.73834991455078,68.17333,201.05006
254.31916046142578,147.00458526611328,69.25896,198.88594
254.50049591064453,146.5069351196289,69.278305,199.65437
253.96259307861328,145.9568862915039,69.94267,198.88264
254.31350708007812,146.82262420654297,70.615845,196.81352
254.51669311523438,147.07847595214844,69.86621,196.94641
254.87198638916016,145.68920135498047,68.958664,198.6032
254.89592742919922,145.71473693847656,68.01082,198.94934
254.7896957397461,145.88685607910156,69.396866,197.74341
255.18791580200195,146.77263641357422,68.25619,196.99913
254.5263557434082,147.6301040649414,69.43685,195.9626
253.76338577270508,147.3288116455078,69.19015,196.35522
253.5978240966797,147.12413787841797,70.02524,196.45097
253.99219131469727,147.3927001953125,69.44488,196.10025
254.25555038452148,146.99037170410156,69.474434,196.36896
254.49905395507812,146.90017700195312,69.83008,196.36765
254.58992385864258,147.62100982666016,69.743065,196.19362
254.73587799072266,146.15412139892578,70.56944,197.84315
254.23595809936523,145.71024322509766,69.054756,197.8149
255.0780906677246,145.57112884521484,68.160225,198.20879
254.80622100830078,144.60232543945312,68.93834,198.73984
254.34000396728516,145.8060760498047,69.27104,199.18817
254.3826026916504,147.51661682128906,68.95043,197.4942
254.32738876342773,145.58885192871094,69.70484,199.8274
253.8381462097168,146.45447540283203,70.14304,198.99202
253.46468353271484,145.65502166748047,71.3979,199.10204
252.91344833374023,146.94437408447266,70.3061,198.46071
252.89760971069336,145.93193817138672,70.53614,200.0512
250.48388671875,146.7000274658203,71.42627,201.94366
253.13320922851562,143.29805755615234,69.76105,204.88121
256.2763214111328,147.28314208984375,66.52646,202.02744
259.95005798339844,149.9104766845703,64.14902,200.6839
250.6565933227539,154.15560150146484,73.31877,199.17973
230.54875946044922,158.13705444335938,93.00691,203.38559
453.50415802001953,163.09906005859375,73.57146,170.75363
452.23669815063477,161.11014556884766,75.608086,175.37929
451.37942123413086,162.3816146850586,75.79597,173.69145
451.1427459716797,163.0414581298828,76.769196,172.15775
449.9122505187988,161.3781967163086,79.980705,173.50847
261.39050674438477,144.38961029052734,111.43191,202.22005
253.88193130493164,145.771240234375,66.31875,199.08368
253.79812622070312,148.20005798339844,70.468475,198.0021
253.0374412536621,146.5958251953125,70.49833,198.54535
253.6924591064453,145.24334716796875,70.43646,200.44006
253.40659713745117,145.65836334228516,71.005745,200.67113
253.66834259033203,146.6166000366211,71.25142,198.99788
253.68118286132812,146.2735137939453,72.388275,198.68515
253.7666015625,145.32437896728516,72.147,198.75926
253.8431854248047,144.96588897705078,70.64703,199.43156
253.50709915161133,145.6330337524414,71.825615,198.90794
253.40143966674805,145.7985610961914,72.07636,198.90813
254.03852081298828,146.07093048095703,70.52821,199.26024
253.83554458618164,145.93082427978516,70.37179,198.83366
253.73208618164062,145.99342346191406,69.57333,198.52975
253.1070899963379,146.22063446044922,69.78103,198.55861
253.76815795898438,147.05496978759766,69.55228,197.7368
253.06493377685547,145.88916778564453,70.44322,198.66447
253.94732666015625,146.3478546142578,69.886566,198.63736
253.62240982055664,146.69456481933594,70.05135,198.4996
253.3487091064453,146.9861068725586,69.8725,198.6111
253.16804885864258,145.97493743896484,69.9417,198.86769
252.9849624633789,146.49747467041016,69.362564,199.02898
252.7867317199707,145.51375579833984,69.57781,200.58223
252.7168083190918,145.78750610351562,69.42011,199.7384
253.55799102783203,145.8241729736328,69.6371,199.39645
253.28396224975586,145.30965423583984,70.11997,199.85042
253.52924728393555,146.43022918701172,69.21876,198.83308
252.91906356811523,145.61028289794922,69.92033,199.03291
253.0286636352539,146.09640502929688,68.731766,198.232
252.8035659790039,145.80286407470703,69.56929,198.04033
253.32989501953125,146.91077423095703,69.14896,197.1577
253.23844528198242,146.29541015625,68.88386,198.67926
253.14928436279297,146.10250091552734,69.247055,198.72127
252.90179824829102,146.54534912109375,68.75405,198.10529
252.4590072631836,145.8785400390625,69.544235,198.26569
252.58702850341797,145.1585464477539,69.62999,198.71642
253.64835739135742,145.90176391601562,68.996895,197.17535
253.771728515625,146.5671844482422,68.2518,198.67245
253.03813552856445,146.68016052246094,69.55468,197.52219
252.94533157348633,146.51245880126953,68.83166,198.05815
252.64978790283203,145.7341537475586,69.78212,198.83717
253.0976791381836,145.7845916748047,69.3051,198.67636
252.9716567993164,146.11621856689453,68.936966,198.78868
252.93808364868164,145.8734893798828,69.541954,198.10593
253.51295471191406,146.37837982177734,68.98016,198.62764
252.63780975341797,146.47806549072266,69.04796,198.71434
252.5001335144043,146.0725860595703,69.62092,198.93576
252.59751892089844,145.92549896240234,69.6806,199.05238
252.62582397460938,145.7910919189453,69.94351,198.63596
253.17724609375,144.94082641601562,69.35831,199.62561
253.02321243286133,145.43436431884766,69.0407,200.1234
252.95887756347656,146.25458526611328,69.0694,200.14207
253.904541015625,146.5672607421875,70.021576,199.95642
253.36408615112305,145.4103012084961,70.442635,199.50587
253.25185775756836,146.16895294189453,69.34782,198.8217
253.42625427246094,144.94243621826172,69.38684,199.39052
253.7337532043457,146.43961334228516,68.84441,198.70354
252.98327255249023,146.77430725097656,69.68955,197.55386
253.1556053161621,145.6847381591797,70.61729,197.44284
254.53995895385742,146.2938690185547,68.40766,197.70212
253.4008026123047,147.0227279663086,69.55853,196.542
253.53395080566406,146.88018035888672,69.85004,196.81538
253.11600875854492,146.47589111328125,69.26356,196.42871
253.21820831298828,146.72063446044922,69.925674,197.80898
252.62990951538086,145.70164489746094,69.30039,200.4462
252.6308822631836,145.68211364746094,70.17619,199.72372
253.34585189819336,145.38109588623047,71.078285,198.46132
254.67078018188477,146.9394302368164,68.48141,195.75902
253.8266487121582,146.78146362304688,68.73406,195.23486
254.09600448608398,148.9570541381836,69.48258,193.11024
253.75540924072266,149.4134063720703,70.04787,192.26974
253.93666076660156,151.86194610595703,69.50598,189.50102
253.33834075927734,155.42508697509766,70.36656,185.40935
252.8386688232422,158.62635040283203,70.72052,183.10942
253.62051391601562,162.7514877319336,70.396484,179.24501
252.98924255371094,163.68299102783203,70.51837,178.90324
253.00550079345703,164.74951171875,70.39702,177.66196
253.55958557128906,164.13870239257812,69.725464,178.51157
253.48951721191406,165.2613296508789,70.21109,177.01262
253.50801849365234,165.09007263183594,70.22041,177.5528
253.5404510498047,166.86199951171875,69.74591,176.13297
254.43388748168945,166.86678314208984,70.149345,176.97618
254.6042709350586,167.3003158569336,70.37355,178.34038
255.8587760925293,159.20494842529297,70.67283,191.29115
258.67516708374023,154.26256561279297,72.22712,199.90077
265.73369216918945,154.61101531982422,72.052086,209.17372
272.1480140686035,154.13848114013672,73.91979,217.85457
282.82905197143555,158.03246307373047,73.39408,221.52687
294.5182418823242,158.8963623046875,77.37428,225.2854
307.6405906677246,161.44417572021484,83.24897,224.75044
321.0627861022949,157.25515747070312,89.57682,233.7923
337.0874214172363,148.68898010253906,93.791954,246.42758
351.7236022949219,162.87991333007812,86.68036,233.47137
361.26769256591797,174.53704833984375,98.25246,217.8471
390.8151626586914,160.15762329101562,133.77165,234.4386
405.85987091064453,163.73148345947266,121.12016,233.35435
416.89044189453125,172.38521575927734,110.63507,226.58418
439.42892837524414,183.54452514648438,90.095085,218.0553
448.4664001464844,180.97045135498047,86.03662,222.16042
450.3259391784668,180.84402465820312,93.2512,221.8482
452.3238868713379,191.46868896484375,92.163445,209.64496
453.754638671875,184.55692291259766,92.33722,219.78941
452.95103454589844,196.01070404052734,95.78073,207.3849
454.1838150024414,196.76345825195312,96.43443,207.30164
453.7250289916992,200.54349517822266,97.40309,204.0819
452.24456787109375,198.11498260498047,99.760925,204.26735
451.9354553222656,188.46207427978516,98.22992,215.30919
452.80671310424805,183.05897521972656,99.33024,220.53561
454.44631576538086,164.0505828857422,102.1067,241.29099
454.2433052062988,161.70799255371094,101.126915,242.64365
455.32168197631836,162.30604553222656,100.69599,240.1069
454.0594482421875,164.44154357910156,101.78137,238.6893
455.22509384155273,163.91650390625,99.4737,239.83466
454.6498222351074,165.0374298095703,100.16746,239.14047
454.8748664855957,166.1222686767578,100.34884,237.67014
454.02527618408203,169.37840270996094,100.29814,234.20236
454.34499740600586,169.8674545288086,98.65919,233.6443
455.0867691040039,169.88087463378906,102.44914,233.17264
454.2579536437988,169.76416015625,101.310875,234.17224
455.15772247314453,171.29999542236328,99.56456,232.61137
455.3318290710449,172.71621704101562,103.70945,230.88959
454.75939178466797,171.82443237304688,103.22371,232.40845
454.38378524780273,171.8909912109375,102.502266,231.02136
456.94530868530273,172.80045318603516,101.02766,230.43193
460.78411865234375,168.4647979736328,97.26538,234.66885
460.35597229003906,167.06588745117188,97.15799,235.24774
463.3108444213867,167.8653793334961,93.55641,234.7217
464.2553062438965,169.49657440185547,94.20893,232.68098
464.85783767700195,169.47284698486328,94.75277,232.44933
465.17284774780273,170.33236694335938,94.24854,231.39923
465.0019721984863,168.38516998291016,93.39425,233.58122
465.0333671569824,169.196533203125,92.81919,234.04846
465.16094970703125,170.76144409179688,93.10077,231.77765
464.8620147705078,170.34522247314453,92.37521,232.48332
463.9665336608887,168.54815673828125,92.61649,233.7005
464.5862808227539,169.90766143798828,92.86235,233.53514
464.2287902832031,170.13267517089844,93.46698,232.27872
464.0712127685547,170.42731475830078,94.34946,232.52348
464.33214569091797,170.44586181640625,93.34511,232.59454
464.19739532470703,170.54619598388672,92.88432,232.52425
464.44998931884766,171.13697814941406,92.73869,232.42545
464.39685821533203,171.0906753540039,92.87572,232.80412
464.8628578186035,170.99122619628906,93.80486,233.26248
464.54578399658203,170.74424743652344,93.73485,233.34988
465.6347465515137,170.9991226196289,93.94218,233.19066
464.542423248291,169.55308532714844,94.67913,233.88773
464.9432029724121,171.2275161743164,94.161446,232.06212
464.41999435424805,172.75831604003906,95.061745,230.88193
464.12147521972656,170.56896209716797,95.73477,233.24379
464.91738510131836,172.0433578491211,95.012215,231.98866
464.5793571472168,171.83393096923828,94.17661,232.44267
464.64046478271484,170.2348861694336,93.45058,232.75471
464.2863006591797,170.13504028320312,93.65921,231.60052
463.77696990966797,170.58788299560547,94.02571,230.4131
464.6605453491211,170.8968734741211,93.032364,230.4474
464.2200126647949,170.41683197021484,92.738625,230.42787
464.27072525024414,170.15094757080078,92.89495,230.74126
464.68524169921875,170.89459228515625,92.9483,230.48865
464.0748291015625,170.23797607421875,92.769714,231.07721
463.8040199279785,170.43109130859375,93.32409,231.09259
464.37426376342773,170.70408630371094,93.183235,231.34598
464.76630783081055,169.58041381835938,92.85514,233.11438
464.8971748352051,169.53534698486328,93.9186,233.18144
464.9692573547363,169.98090362548828,93.38961,231.88408
466.3175392150879,169.8233871459961,95.30456,233.15321
466.3318748474121,169.67162322998047,93.8368,232.63484
465.0449752807617,169.74468231201172,93.83913,232.35255
466.3140678405762,170.70789337158203,93.19633,231.94304
466.4315299987793,170.49850463867188,93.27738,231.88751
465.6756362915039,170.6303253173828,92.4539,232.42538
465.79230880737305,170.99945831298828,92.56077,231.21233
464.97584533691406,170.7088165283203,93.58945,231.85623
465.0575141906738,171.16233825683594,93.3879,231.07114
464.90317153930664,171.10418701171875,93.49041,230.9754
465.20720291137695,170.95211791992188,94.19521,230.79773
467.9820747375488,170.79197692871094,96.03292,231.20926
466.06713485717773,170.97547912597656,95.30152,232.3978
465.32861328125,170.7281494140625,93.36609,232.3617
464.648193359375,170.73373413085938,92.97174,231.96918
465.3022117614746,170.32855987548828,92.4062,232.10405
465.13389587402344,170.5967025756836,92.44095,231.62929
465.28675842285156,171.1348419189453,92.8555,231.38986
464.7071533203125,170.54570770263672,93.111145,231.17207
464.9541130065918,170.7173614501953,93.166664,231.38223
465.0490264892578,170.73316192626953,92.83505,231.08195
465.4810218811035,170.9459686279297,93.177605,231.4642
464.65792083740234,171.09717559814453,93.0887,231.24187
465.5778694152832,170.8768539428711,92.56521,231.05525
465.4807243347168,170.19316864013672,92.518105,231.64967
464.53030014038086,170.24368286132812,93.64649,231.40472
464.798526763916,170.33334350585938,93.09313,231.31348
464.74123764038086,170.74707794189453,93.58143,231.54118
464.8263282775879,170.23870849609375,93.00628,231.75385
464.68123626708984,170.55337524414062,93.11586,231.09607
464.7177047729492,170.7236328125,93.220535,231.07898
464.9677276611328,170.97340393066406,92.99417,230.93344
465.08398818969727,171.21014404296875,93.28814,230.92761
465.4383125305176,170.48406982421875,92.57986,231.19952
465.25643157958984,170.48633575439453,93.03529,230.91154
464.8979911804199,170.6938705444336,92.79752,230.93251
464.71604919433594,170.6988983154297,92.83481,231.01505
464.89248275756836,170.88677215576172,93.187874,231.2458
464.99328231811523,170.98133850097656,93.013435,231.24594
465.50241470336914,170.3997802734375,92.60284,231.02753
465.812313079834,171.24459838867188,92.433784,230.43933
465.42552947998047,171.01456451416016,92.528824,230.6862
464.9485626220703,171.11902618408203,92.872406,230.65825
464.6003875732422,170.63420867919922,93.40115,231.58644
464.57689666748047,170.6674346923828,93.3622,231.97562
465.4057197570801,170.28955841064453,92.90322,231.98149
464.7659492492676,170.71575164794922,92.82296,231.34254
464.69414138793945,171.01810455322266,93.25167,230.94981
464.82365798950195,170.76079559326172,93.71102,231.34407
464.88037872314453,170.74921417236328,92.92369,232.27013
465.66871643066406,170.0403289794922,92.17258,231.80869
465.2491455078125,169.87415313720703,92.288086,232.19646
465.59326553344727,170.70638275146484,92.45434,231.84102
465.74498748779297,170.16119384765625,91.48396,231.74945
465.55928802490234,168.7770004272461,92.944595,233.45229
464.24438095092773,169.22098541259766,92.74549,233.18547
464.2167778015137,169.30455017089844,92.717384,232.66544
464.4164352416992,169.1498565673828,93.07283,232.92648
464.61995697021484,169.85748291015625,93.2646,232.23975
464.7859916687012,170.96946716308594,93.169655,230.85263
465.244140625,170.15271759033203,95.24963,232.0678
466.1243019104004,169.24263763427734,93.184135,233.08632
464.2055549621582,168.3694839477539,92.90499,233.7885
464.2896156311035,167.05862426757812,92.79217,234.58447
464.40099716186523,169.31539154052734,91.483345,232.69289
464.16846466064453,169.1299819946289,91.5717,232.13817
464.9391403198242,171.1467056274414,90.90547,230.86961
463.86102294921875,171.89347076416016,91.0824,231.02165
464.772762298584,173.3249053955078,89.87098,229.10068
463.852596282959,169.38570404052734,91.15858,232.60854
464.1850929260254,168.96680450439453,90.701225,233.02959
463.9095115661621,169.21942901611328,91.16181,232.36119
464.12085342407227,169.3212432861328,90.861015,232.2272
464.2936820983887,169.9126205444336,90.33585,231.89906
464.80761337280273,170.22341918945312,90.36677,231.6051
464.17103576660156,170.04620361328125,90.710236,231.98096
463.9314994812012,169.42171478271484,91.05088,232.57668
464.13660430908203,169.81251525878906,90.80205,232.41196
464.0925827026367,169.15367126464844,91.06325,233.65292
464.7695198059082,176.95829010009766,90.302574,226.71617
464.5481948852539,168.7381820678711,91.00316,233.95357
463.5945930480957,169.27890014648438,91.5079,232.52155
464.1656837463379,168.94391632080078,90.902885,232.5601
464.0551948547363,168.98733520507812,91.65865,232.9226
464.0334701538086,169.01883697509766,92.2776,233.20128
463.1331977844238,169.0591583251953,92.37911,233.50491
463.3512077331543,168.51044464111328,92.13529,234.26079
463.7851028442383,168.9319610595703,91.96153,233.45572
463.5868263244629,169.20360565185547,91.64843,232.9059
463.8246612548828,169.48152923583984,91.1868,232.4446
463.9005012512207,169.7514419555664,91.12478,232.45091
464.03830337524414,169.71336364746094,91.057915,232.45767
464.0276565551758,169.97427368164062,91.21416,232.3479
464.10428619384766,169.57904815673828,90.63463,232.49504
464.28371810913086,169.88987731933594,90.763435,231.60031
463.3841743469238,169.99897003173828,90.94265,231.39189
464.4922752380371,169.79562377929688,90.39826,232.71356
463.27922439575195,169.46721649169922,91.675865,233.14186
463.3779411315918,169.5792999267578,90.745094,233.0007
463.6021270751953,169.72441864013672,91.354706,232.65718
464.0292282104492,169.68573760986328,91.22121,232.4268
463.8024024963379,169.7330551147461,91.28063,232.47786
463.91294860839844,169.8923797607422,90.78592,232.17862
464.3091239929199,169.42108154296875,90.90922,232.81885
464.5439338684082,169.69295501708984,91.22927,232.99867
463.7151336669922,169.6756134033203,91.38565,232.74527
464.0134048461914,169.6386260986328,91.04808,232.71188
464.1684379577637,169.85431671142578,90.61198,233.1522
463.8553771972656,169.9368896484375,90.721985,233.1156
463.69234466552734,169.9027557373047,90.81441,232.55295
463.79430389404297,170.1348648071289,91.04396,232.18181
464.02545166015625,169.9515609741211,90.87024,232.13643
464.55549240112305,169.3428497314453,90.95121,232.97397
463.7039108276367,170.00934600830078,91.31447,232.63109
464.4530601501465,169.2065658569336,90.73969,234.13686
464.5398635864258,169.53981018066406,90.62669,233.73276
463.7420349121094,169.6151885986328,91.29193,233.85214
464.5817108154297,169.33999633789062,90.38724,234.19885
464.8932647705078,169.20809173583984,91.15292,234.91377
465.6454963684082,169.63729858398438,91.36642,234.17682
464.9063301086426,170.27545166015625,91.03298,233.1521
465.36840438842773,170.52411651611328,91.94758,233.01231
464.95386505126953,170.31431579589844,90.85985,232.60446
463.9160575866699,170.3519744873047,91.0413,232.24106
465.1739311218262,170.0178451538086,89.55631,232.0475
464.3870315551758,169.0620880126953,90.99193,231.80606
464.9747009277344,169.5054931640625,90.15747,232.11682
464.4177932739258,169.31732177734375,90.278854,231.79736
463.59908294677734,169.4958953857422,90.76869,231.63382
464.9891891479492,169.62503051757812,89.82063,231.24689
464.29369354248047,169.30044555664062,89.83919,231.89612
465.24659729003906,168.7039031982422,88.69052,231.7966
464.16936111450195,168.6143035888672,89.80776,231.9407
465.1090431213379,169.61561584472656,89.30218,231.78079
464.1558494567871,170.19168090820312,90.64857,231.3064
465.62224197387695,174.66575622558594,89.62228,227.07419
463.8071098327637,180.0248031616211,91.927895,222.5547
465.10422134399414,189.5366668701172,89.36779,214.49673
465.26717376708984,196.0896759033203,88.79402,208.51498
464.5030975341797,196.56134796142578,90.43503,210.5866
464.62743377685547,193.71270751953125,91.951126,216.17474
460.5349426269531,171.98282623291016,95.94757,239.6588
454.2470932006836,178.37464904785156,96.51039,236.18436
446.58963775634766,188.7490234375,98.171005,231.83368
425.63376235961914,188.9120330810547,112.83068,241.80869
424.63107681274414,184.40565490722656,110.38781,255.5455
417.47532653808594,182.38113403320312,107.75656,265.39252
393.52492904663086,163.3418731689453,119.07734,291.58786
364.34204864501953,118.53750610351562,130.25243,338.29053
359.8915023803711,102.34603881835938,108.07027,353.52765
343.9665718078613,117.63931274414062,116.09115,328.65454
315.3188781738281,183.69290161132812,144.3457,255.97467
292.3570556640625,185.28060150146484,151.49896,239.38234
344.382625579834,188.51290893554688,101.336006,202.94757
263.6632537841797,150.87102508544922,85.105194,238.71657
251.14615631103516,123.63330841064453,89.61766,254.30394
246.94489669799805,135.1335220336914,88.314125,227.42827
250.5165023803711,122.69808197021484,82.80159,224.09889
252.42230224609375,121.55108642578125,83.46802,217.35406
249.01936721801758,137.53585815429688,82.215416,198.42023
247.23036575317383,141.86983489990234,82.462425,192.87575
242.46762466430664,145.16162109375,86.08904,194.86963
247.50965118408203,137.37371063232422,77.00664,201.30922
248.13088607788086,137.60765075683594,75.76728,193.51895
251.4268035888672,136.19493103027344,74.155,188.18643
250.37033081054688,157.00836944580078,73.37683,164.7769
250.47940826416016,159.32542419433594,70.25169,161.72336
249.25004959106445,155.36167907714844,69.55224,166.23282
248.9605827331543,147.76990509033203,68.39179,173.5035
249.04979705810547,156.29761505126953,70.30385,164.15968
249.4417266845703,157.53677368164062,68.87219,165.18689
249.24713897705078,149.60397338867188,68.51384,174.69269
247.82311248779297,149.56835174560547,71.190475,173.34264
251.3177833557129,135.63495635986328,64.385216,187.44432
246.96765899658203,138.1010513305664,69.47859,185.16496
247.5844497680664,141.51688385009766,69.26091,182.09267
247.3849220275879,137.51690673828125,69.78365,185.31561
249.1426887512207,139.8204116821289,68.8485,185.84026
246.56886291503906,137.7523193359375,70.383514,186.03116
246.92020797729492,137.5233917236328,70.74561,188.5708
246.7901496887207,137.58594512939453,69.962395,186.79646
247.51617431640625,138.93402099609375,69.12979,187.63168
246.86867904663086,136.20526123046875,69.626686,187.23383
247.15494918823242,135.6378173828125,68.86097,189.65259
250.1451301574707,136.2304916381836,66.5241,187.91609
248.74293518066406,134.9485855102539,67.931,187.37904
249.29939651489258,137.8145980834961,67.923515,184.54655
249.30071258544922,135.68775939941406,67.75481,186.143
250.00534439086914,136.11404418945312,67.27096,184.71503
249.24398040771484,137.15560913085938,67.28722,184.08301
249.6673698425293,139.9558334350586,68.30338,180.27333
249.67156600952148,137.4441909790039,68.5326,182.61052
249.96799850463867,136.56133270263672,67.50892,184.27827
248.9712371826172,136.25106048583984,67.78931,184.55266
250.27802276611328,135.56451416015625,66.241776,184.55994
250.2244644165039,133.8585968017578,65.95564,184.80289
250.31426239013672,135.1576385498047,64.57625,183.85834
251.82593154907227,136.007080078125,64.060356,183.02277
250.9613914489746,134.74182891845703,64.90406,183.3456
251.28869247436523,138.9824676513672,66.209145,181.42679
249.9684066772461,138.9213409423828,67.79329,181.51468
250.79179763793945,136.1686782836914,65.251274,184.64809
251.33953094482422,137.4567642211914,66.0901,182.83467
250.17467880249023,139.97887420654297,67.98643,179.5865
249.6261863708496,140.0371322631836,68.07395,180.37813
250.1951446533203,138.41897583007812,68.61603,181.8807
249.95733642578125,137.3301544189453,68.00012,183.33154
250.35791778564453,138.06072235107422,68.00774,183.34001
249.6613311767578,139.32699584960938,67.579956,181.84344
249.97259902954102,136.51842498779297,67.94811,184.52101
250.22206115722656,137.49639129638672,67.98047,183.77296
250.16249084472656,138.82472229003906,67.827545,182.62625
249.53033828735352,140.53005981445312,67.414024,180.47147
250.09857177734375,139.6544189453125,67.07443,181.05762
249.72784805297852,140.43900299072266,68.36425,180.76494
250.32108688354492,137.71417236328125,67.32075,183.98474
250.2107696533203,136.93748474121094,68.67041,184.62152
250.12518692016602,137.82962036132812,67.50735,183.4317
249.68229293823242,136.09210968017578,69.76411,185.04872
249.85189056396484,137.69132232666016,67.99742,183.15459
249.85070037841797,138.16588592529297,69.271774,183.28862
249.78984832763672,138.36852264404297,67.601395,183.3007
249.46934509277344,137.97987365722656,68.802826,183.59842
250.0610237121582,138.3966064453125,68.85906,183.05496
250.50168228149414,138.86127471923828,69.03869,183.01091
250.53539276123047,139.13150024414062,67.3398,183.04196
249.92323303222656,138.43482208251953,67.88159,183.40318
250.85719299316406,136.62387084960938,67.54135,184.78094
250.3656883239746,137.08922576904297,67.222084,183.90923
250.29135131835938,137.38741302490234,67.46619,183.99855
250.24784088134766,136.96965789794922,66.95244,184.8141
250.18532180786133,137.83036041259766,68.33599,183.96638
250.30632781982422,137.82906341552734,67.23003,184.16725
250.92919158935547,139.07726287841797,67.728226,182.96492
250.45038604736328,138.87222290039062,66.40004,182.52493
250.25678253173828,139.76685333251953,66.862015,182.18651
250.22932815551758,140.15460968017578,66.64953,181.27837
249.6706199645996,143.6584243774414,67.77412,177.4181
249.58184051513672,151.30039978027344,65.91612,168.76727
248.3433837890625,143.34693908691406,64.84186,177.58783
250.80603408813477,162.94263458251953,92.584465,216.88747
238.52610778808594,168.26893615722656,80.2446,203.16528
218.6457977294922,159.29434967041016,96.84885,198.02419
204.31040573120117,150.8526153564453,114.984474,195.04254
191.31126403808594,141.5241470336914,126.051544,191.67268
251.47850799560547,142.0363311767578,67.96773,180.28333
247.9270782470703,137.86886596679688,69.16754,183.40854
248.6805534362793,138.91709899902344,67.486855,181.55826
249.49016571044922,138.18315887451172,68.29201,181.19371
249.4553985595703,139.62158966064453,67.340546,179.71208
250.15256881713867,139.6661605834961,66.65156,179.31187
250.08563995361328,139.1719207763672,67.386246,179.50674
248.81016540527344,138.96812438964844,67.62872,179.79858
249.88099670410156,139.3266143798828,66.90341,179.4032
249.94049453735352,139.1522979736328,66.72518,179.08438
250.31455993652344,138.82012176513672,66.67377,178.95345
249.39759826660156,139.9263153076172,66.94119,179.06393
250.163330078125,138.41207122802734,66.46127,180.77281
249.8708267211914,139.0716323852539,67.125565,179.36281
249.75702667236328,139.79698944091797,67.36772,178.55293
250.98956680297852,139.39891815185547,66.45464,179.02284
250.93020629882812,138.90977478027344,65.62869,179.80807
250.63764572143555,139.33477783203125,66.573494,179.68845
250.68519973754883,139.52261352539062,66.78423,180.1076
250.37290573120117,139.3103256225586,65.91917,179.85826
250.8070411682129,138.82855224609375,66.87182,180.20712
250.27284622192383,139.34342193603516,66.75466,180.39198
250.26043701171875,138.9907684326172,66.68918,180.48093
250.0969123840332,138.83251953125,66.82018,180.53653
249.7398681640625,138.86246490478516,67.583954,180.90285
249.77287673950195,139.2125015258789,67.010735,180.75499
250.5024642944336,138.85301971435547,67.56883,180.56142
250.06859970092773,139.0643539428711,67.1294,180.35094
250.44482803344727,139.2632293701172,66.777306,180.2391
249.9700927734375,140.2009506225586,67.08682,179.71404
249.65151596069336,139.30280303955078,66.933205,180.09373
250.56462478637695,138.76888275146484,66.933525,180.66057
250.46374130249023,138.08084869384766,66.24311,180.29689
250.53430938720703,139.2595443725586,67.08113,178.91301
250.74359512329102,138.6982421875,65.71258,179.17105
250.00569915771484,139.32164001464844,66.62529,179.10382
250.78421783447266,138.58704376220703,67.09413,179.49214
250.48499298095703,139.0810317993164,66.20326,178.40596
250.3725242614746,139.4453582763672,66.903786,178.44635
250.47953033447266,140.04900360107422,66.84883,177.93633
250.30607223510742,139.56236267089844,65.975136,178.35489
250.32231521606445,140.03057098388672,66.75115,178.48659
250.6587905883789,139.4754867553711,66.48122,179.00816
250.6512336730957,139.82526397705078,66.678246,179.25069
250.31932067871094,139.57945251464844,66.03876,180.32855
249.42016220092773,139.17583465576172,67.11701,181.54945
249.4630012512207,137.92919158935547,67.17202,182.83424
249.5965690612793,138.91150665283203,66.740944,184.69774
168.23345184326172,157.87223052978516,148.29338,191.10631
167.61305618286133,160.4061737060547,66.08019,161.51901
159.59860229492188,157.0437774658203,74.89145,165.77176
251.33978652954102,139.31968688964844,65.733665,181.22604
249.78531646728516,139.12175750732422,67.3163,183.36159
249.0980224609375,138.11758422851562,68.46991,184.04025
249.20004653930664,137.9422836303711,68.21151,183.24745
249.58359146118164,137.9468765258789,67.2011,183.49605
249.75021362304688,137.56128692626953,67.75391,183.27449
249.04521942138672,138.4440155029297,67.76723,182.82907
249.99807739257812,138.0165557861328,68.3685,183.36267
249.75587844848633,137.42220306396484,67.20025,183.9706
250.02262496948242,137.6131820678711,68.03397,184.63914
249.15641403198242,137.92264556884766,67.17249,184.99919
248.5177459716797,137.38289642333984,68.82028,185.61314
249.57151412963867,137.38426208496094,67.47614,184.71658
249.2598419189453,136.97445678710938,68.44577,185.33191
249.75364685058594,137.5498046875,67.46484,184.00717
249.09357452392578,137.6778564453125,68.29634,185.1026
248.59277725219727,137.1605987548828,67.83538,185.17154
248.92166137695312,136.9898452758789,67.86789,184.6139
249.28706741333008,136.98890686035156,68.00158,185.16885
249.5745735168457,136.0785903930664,67.94567,185.4887
249.99748992919922,136.67125701904297,68.01619,186.1379
249.24549102783203,136.70848846435547,67.00853,184.29375
250.04793167114258,137.91360473632812,66.86443,183.18759
250.24935150146484,136.51316833496094,67.523544,183.81439
249.1796112060547,137.63529205322266,67.17258,183.3957
249.64727401733398,137.7472381591797,67.990395,182.66711
248.95427322387695,138.56867218017578,67.82662,182.96626
248.5157814025879,138.1084213256836,68.60262,183.04314
248.53216171264648,137.37992095947266,68.87052,183.71742
249.74057388305664,137.93204498291016,68.7904,183.52022
248.7324333190918,138.39026641845703,68.21339,183.93773
248.86367416381836,138.44951629638672,70.05186,183.58952
248.88351821899414,138.23255157470703,67.58004,183.34596
248.8572120666504,138.37407684326172,68.99142,183.2234
248.61574935913086,137.6439971923828,68.04865,184.68332
248.56749725341797,137.50299835205078,67.37248,184.96346
249.30677032470703,138.23723602294922,67.21617,184.12141
249.83683395385742,136.1991195678711,68.06815,185.05849
249.0366554260254,136.52557373046875,67.589806,184.93936
249.99015045166016,137.10389709472656,67.680984,183.96918
250.00418853759766,136.95220184326172,67.008286,184.06361
249.31278228759766,136.66006469726562,67.948074,184.96774
250.53911972045898,136.7970733642578,67.256905,184.79062
250.14722061157227,137.21082305908203,66.884636,185.49666
250.09440994262695,139.01979064941406,67.49642,183.50174
249.52325820922852,139.89759826660156,67.42739,182.49301
250.53473663330078,152.07176971435547,68.47899,169.45079
250.72626876831055,136.22626495361328,66.35734,182.00893
169.3192596435547,156.60607147216797,74.86188,166.73479
169.10637664794922,145.02013397216797,140.78758,180.05107
168.14237213134766,140.391357421875,148.64998,246.65256
249.25807189941406,140.84075927734375,67.824524,186.39334
250.13116455078125,138.93601989746094,65.37161,181.70395
249.6317253112793,138.8669662475586,66.75053,181.56126
248.84149932861328,138.8133316040039,67.35899,181.94908
249.85954666137695,139.02984619140625,67.276726,180.68488
250.72915267944336,138.84307861328125,66.460335,180.26456
249.8276596069336,139.06024932861328,66.42253,179.80037
249.53893280029297,139.73160552978516,67.04933,178.89394
250.1770362854004,138.53531646728516,67.58361,179.60484
250.22504043579102,138.6968994140625,67.42919,179.49524
250.21887588500977,139.91446685791016,66.540794,178.70811
250.6581916809082,139.02392578125,66.61587,179.06891
250.20209503173828,138.5838165283203,66.67857,179.26456
249.70270156860352,139.65245819091797,66.853264,178.78053
250.34854888916016,138.65643310546875,67.04326,179.66312
250.2255973815918,139.11856842041016,66.79929,179.78984
250.59954071044922,139.09544372558594,66.96977,178.72607
250.3048095703125,139.807861328125,66.36841,178.63983
250.73802947998047,139.6725311279297,66.56444,178.09329
249.84337997436523,138.77108764648438,66.18537,178.82059
249.75890350341797,139.43399810791016,66.63966,178.53935
249.39857482910156,139.43807220458984,67.32843,178.273
250.10162353515625,138.80406951904297,67.32376,178.2866
249.69037246704102,139.42668914794922,66.73278,178.39366
249.00688552856445,139.81036376953125,68.066826,179.06064
248.6095733642578,138.14840698242188,67.68408,181.66632
248.07352828979492,139.14419555664062,69.54215,182.54486
249.2445297241211,139.24829864501953,67.23976,184.05528
244.3814239501953,140.9476776123047,73.53381,184.38336
224.37178802490234,161.89834594726562,93.472305,196.25821
249.82489776611328,146.63639068603516,139.91893,205.98567
250.2097396850586,135.30905151367188,141.20741,213.88675
250.5545768737793,141.0930633544922,68.41624,179.31909
250.66664123535156,138.23081970214844,66.58005,182.55176
250.52245712280273,137.3401641845703,67.32639,183.2992
249.95151901245117,137.53135681152344,67.459206,183.66306
249.6700439453125,137.92657470703125,67.076324,182.93317
250.3799591064453,138.41606903076172,67.21292,182.7654
250.29682159423828,137.3177490234375,66.9583,183.18738
249.93529510498047,137.52005767822266,67.39876,183.33784
249.70266723632812,137.82521057128906,67.495636,183.06345
249.89332962036133,137.38772583007812,68.369255,183.13754
249.70486450195312,137.25665283203125,67.2294,183.75797
249.42184829711914,148.97708129882812,68.97558,171.3855
250.96814346313477,137.6490249633789,66.354576,183.51295
250.2828712463379,137.41329193115234,67.24355,183.70586
249.73307037353516,140.39671325683594,68.42168,180.33978
248.96735000610352,146.43106079101562,68.639885,173.63062
249.97446060180664,137.53296661376953,67.06948,182.91096
249.65007400512695,137.9263153076172,68.36315,182.4224
249.73323440551758,138.26226806640625,68.37432,182.15576
250.73008346557617,137.65882873535156,67.952705,182.40915
250.4057388305664,137.23326110839844,68.1888,183.43564
250.39683532714844,137.65277862548828,68.2605,183.26567
250.48270416259766,137.71361541748047,68.1635,182.56728
249.87856674194336,138.0438003540039,67.83939,182.23473
250.0550308227539,138.2184829711914,69.04341,182.44667
250.74639892578125,137.92533111572266,68.13037,182.52766
250.15753555297852,137.77529907226562,68.23763,183.19528
250.76330947875977,137.48686981201172,67.880394,183.70491
251.02533340454102,138.49152374267578,68.388115,182.84688
250.77706909179688,139.1756362915039,65.83136,182.50029
250.65507888793945,155.95655822753906,66.13711,164.5556
252.02431297302246,162.72293090820312,51.169666,159.18637
249.57634353637695,161.3947296142578,86.64535,172.86392
246.49577713012695,149.98169708251953,81.35354,220.34685
221.87074279785156,135.22740173339844,89.80026,202.8179
238.94871139526367,146.20464324951172,78.33762,179.11989
249.4161491394043,141.74305725097656,68.162636,183.1278
250.35004806518555,136.94438934326172,66.86405,185.70546
248.7965850830078,138.42644500732422,68.84082,184.21742
248.98854064941406,137.86480712890625,68.35196,181.78662
249.77982330322266,138.34744262695312,66.63667,182.15128
250.34484481811523,138.4692840576172,66.1883,181.39441
250.07422637939453,138.40383911132812,66.75398,180.79071
250.09399032592773,138.81499481201172,66.406746,179.78734
249.8884506225586,139.30532836914062,66.54146,178.76328
249.65997695922852,139.1380844116211,67.0154,179.15099
249.89763641357422,138.86145782470703,66.054855,179.2743
250.84751510620117,137.66266632080078,67.04694,180.38628
249.68342971801758,139.49175262451172,66.99825,178.78328
250.44834899902344,140.23755645751953,66.2587,178.02968
249.66913223266602,137.04896545410156,66.93368,181.41232
249.36732864379883,140.05174255371094,66.31155,178.63132
248.5572052001953,143.75051879882812,68.316925,174.86533
249.96942138671875,137.75623321533203,67.30136,181.69807
249.86364364624023,143.49420166015625,66.03446,175.17389
250.51913452148438,137.2650146484375,66.83945,181.23825
250.30303955078125,142.44637298583984,66.09354,176.127
249.76850128173828,136.96126556396484,66.0681,182.0276
250.17844009399414,135.33815002441406,65.94729,183.41653
250.34099960327148,135.24352264404297,65.115456,183.2632
251.23435592651367,137.12480926513672,64.92835,182.04411
251.2921600341797,135.95794677734375,65.54129,182.79669
252.37564849853516,136.98876953125,64.531784,180.82214
254.6078872680664,135.7830581665039,64.2773,183.269
255.75291061401367,136.64209747314453,65.00419,184.15544
257.9358596801758,133.12151336669922,64.05678,189.01164
259.9193649291992,128.04015350341797,65.111496,195.9464
262.6900749206543,137.85468292236328,65.74348,185.97932
266.04551696777344,136.40638732910156,65.72421,186.893
269.0106391906738,126.3167953491211,66.53246,187.81566
272.6702766418457,106.14215087890625,66.68371,207.97198
276.01779556274414,105.12686157226562,68.20486,208.97064
277.61861419677734,114.00529479980469,69.38469,200.41275
280.39645767211914,101.73198699951172,69.64834,212.0652
281.9872512817383,110.55200958251953,70.235794,204.12474
283.5411796569824,101.63337707519531,71.00831,216.17148
280.37939071655273,127.77305603027344,75.14359,192.07986
275.906192779541,134.36239624023438,81.268394,188.12671
270.67970275878906,140.30315399169922,86.05121,180.61433
273.70609283447266,136.96835327148438,77.38478,186.73541
272.9523811340332,139.1943588256836,76.41094,187.91957
269.91106033325195,144.55343627929688,80.06835,186.73999
382.9938049316406,152.1993865966797,67.53342,161.35739
381.20061111450195,154.74773406982422,68.59319,160.04802
381.3937110900879,154.8543472290039,69.23556,158.31993
380.29468154907227,153.6526107788086,69.00976,160.61409
380.3449401855469,154.10016632080078,69.32764,160.17458
381.216121673584,154.50212860107422,68.54502,160.13783
380.1988067626953,154.35646057128906,70.218506,159.53888
378.1970634460449,152.7500457763672,72.60844,160.59006
252.28886795043945,138.51535034179688,79.244865,197.6326
382.1421089172363,157.6688003540039,66.62255,156.39973
380.54687881469727,153.78417205810547,68.79171,160.14857
379.9149589538574,153.73888397216797,71.63044,160.13316
376.9401664733887,152.69174194335938,74.56599,160.345
379.26378631591797,155.35114288330078,70.42018,158.29994
380.90556716918945,153.18545532226562,70.75707,161.29248
381.01751708984375,153.96188354492188,68.550964,160.99088
380.1084671020508,156.41177368164062,71.66832,158.19843
377.7605895996094,152.6791000366211,73.45923,159.53307
257.6026840209961,143.18568420410156,79.694305,188.7172
256.9260368347168,141.08170318603516,77.83929,187.27574
258.984073638916,142.44585418701172,71.378914,181.6385
260.6571922302246,126.97447967529297,66.84585,190.33803
258.9000129699707,125.88578033447266,71.076515,186.37111
259.57436752319336,132.1512908935547,73.18136,175.45471
260.8086624145508,124.3967056274414,77.327576,180.06047
263.0924758911133,122.27046203613281,75.35962,183.49075
262.32129669189453,106.72819519042969,72.52655,196.55637
263.100830078125,117.68866729736328,70.24501,185.11504
261.48534774780273,119.76236724853516,70.98394,179.78514
261.12075424194336,121.01551818847656,70.48846,177.40204
259.5795555114746,123.57929229736328,74.74889,172.97285
258.7143440246582,122.09339904785156,76.51142,171.98993
254.89189529418945,114.16600036621094,79.54896,179.32828
258.38254165649414,121.92897033691406,82.126076,172.49692
260.5234260559082,119.04009246826172,76.88926,174.6154
262.3702850341797,115.58302307128906,76.67421,184.9396
260.89459228515625,117.1488265991211,78.76195,181.024
262.0147819519043,121.94237518310547,76.625084,176.93507
268.5818061828613,123.58697509765625,73.401436,177.4125
268.53035736083984,117.6225814819336,78.59372,187.15047
271.5002250671387,132.68206787109375,77.81274,169.24182
274.75370025634766,133.85962677001953,69.27899,166.81639
272.7880401611328,134.2981719970703,73.672714,168.45435
265.7809143066406,132.21712493896484,81.629684,173.17534
266.2732925415039,135.26166534423828,79.499176,172.5879
269.6156463623047,135.04120635986328,68.90044,171.48546
268.15316009521484,133.5297088623047,74.4892,179.44788
377.9444770812988,151.6681137084961,69.84077,161.39781
382.1465072631836,153.2393035888672,68.223206,161.80835
379.67113494873047,151.37542724609375,70.782074,161.53464
376.91890716552734,152.96595001220703,73.78418,160.7454
379.40070724487305,154.007080078125,71.43725,160.13416
261.4014778137207,135.43014526367188,81.10714,191.56186
261.0603485107422,136.6374282836914,85.53403,190.7787
261.56282806396484,136.680908203125,85.36018,187.72519
380.8950653076172,152.95217895507812,68.423615,160.28506
266.8702278137207,140.89292907714844,70.84991,182.52243
265.8054656982422,141.77355194091797,78.1575,181.08592
268.14217376708984,140.69612884521484,75.77925,180.13695
269.9171333312988,139.79996490478516,67.43075,171.80998
268.8919334411621,138.75169372558594,65.18067,165.98914
265.47790145874023,139.23965454101562,67.23228,163.34732
264.40809631347656,142.375,68.51199,159.76077
264.26404571533203,141.43630981445312,68.04393,161.80219
264.6917266845703,144.58023834228516,67.87796,164.93333
265.1459655761719,142.3268814086914,69.234344,171.45189
266.2410202026367,141.2763900756836,68.18248,176.20842
267.390811920166,146.9267120361328,68.37716,170.39886
267.38493728637695,149.833740234375,68.12206,168.42838
270.6140670776367,148.4705352783203,68.29854,171.01663
272.6051025390625,148.88783264160156,69.004456,171.6272
277.4423027038574,150.0676498413086,66.875465,169.64735
280.7079277038574,152.0598373413086,66.50181,167.87929
283.8790512084961,153.5889663696289,64.49986,166.8474
285.75933837890625,156.95742797851562,62.603943,161.74268
287.6309700012207,158.92220306396484,62.26577,159.93175
288.7724323272705,160.66034698486328,62.183773,157.85661
288.93995666503906,157.21466064453125,61.79135,161.7688
287.8932914733887,140.8343505859375,61.339424,178.82202
287.1467056274414,139.00505828857422,61.37755,179.8054
286.52542877197266,146.23538970947266,63.353043,171.69395
287.03719329833984,136.73172760009766,62.948227,181.76439
287.07076263427734,138.0347137451172,61.7256,180.00516
287.4555835723877,138.83404541015625,62.051388,178.75381
287.53438568115234,139.96533203125,62.2502,178.41373
286.87822341918945,138.01114654541016,62.859245,178.99022
287.3505859375,138.84286499023438,62.34848,178.00711
286.8762855529785,139.32671356201172,62.23342,178.98695
286.75901985168457,138.26766967773438,62.734432,178.63043
286.2874221801758,139.71812438964844,62.36174,178.17065
286.4584770202637,139.26593017578125,62.72239,178.66797
286.7915802001953,138.61080169677734,62.43875,179.08623
286.0000190734863,138.56110382080078,62.231743,178.74684
287.00244522094727,138.5733413696289,62.37014,179.68779
287.3941650390625,138.77532958984375,62.19284,179.88538
287.7020149230957,137.8735122680664,62.040947,180.39717
287.2042827606201,138.76473999023438,61.52573,180.14731
287.1973934173584,140.88358306884766,61.44753,179.80003
287.8052806854248,138.2002716064453,62.617374,183.45312
287.8195323944092,158.57514190673828,63.905613,163.64159
380.2182807922363,169.92303466796875,69.56045,145.2149
381.49721908569336,155.4469757080078,68.81715,158.66837
286.1225337982178,155.7512969970703,52.83016,164.98941
286.85019302368164,146.16082763671875,61.170433,174.65442
288.65565299987793,138.64060974121094,62.08704,181.18161
287.0988349914551,141.41718292236328,61.95446,177.55324
287.116605758667,136.88043975830078,61.513767,182.3348
287.97714042663574,139.00563049316406,61.275394,179.75055
287.1552619934082,139.18814086914062,61.442528,179.86243
287.7824306488037,138.43598175048828,61.63033,180.7849
287.62963676452637,140.74359893798828,62.053715,178.38579
287.3435935974121,148.06635284423828,60.229256,172.4363
285.80965423583984,154.15155029296875,52.674088,165.59213
279.77379989624023,161.10169219970703,82.47907,173.85878
379.4284858703613,154.9723129272461,69.64669,159.02998
287.6803321838379,150.87972259521484,61.634575,173.55553
288.4105224609375,139.75728607177734,61.741394,183.96571
285.6551342010498,138.47513580322266,63.735477,181.19691
286.10189628601074,141.25774383544922,61.77811,177.89671
287.00230979919434,139.16482543945312,62.883564,178.89005
286.0363025665283,139.18631744384766,63.303066,178.21428
285.9136657714844,140.09181213378906,62.637726,177.28928
285.77146339416504,138.75269317626953,62.8838,178.36742
286.0147399902344,140.31103515625,62.0271,178.14734
285.46354484558105,139.72378540039062,63.583378,177.77835
285.4573726654053,140.6978302001953,63.154377,176.4595
285.0506954193115,140.50259399414062,63.360554,177.63724
285.48631858825684,140.14922332763672,63.19707,177.64787
285.1678047180176,139.64794921875,64.030235,177.62811
285.3017120361328,140.5047378540039,63.335358,176.37578
285.86005783081055,140.02722930908203,62.8823,176.68977
285.5827121734619,140.36810302734375,62.759808,177.32404
284.9969539642334,139.85865783691406,63.843555,177.45038
286.6686496734619,138.7793960571289,61.88194,178.82945
285.64902114868164,138.34980010986328,63.22747,179.76427
285.88086700439453,140.18412017822266,62.923264,178.10204
286.406343460083,137.50568389892578,62.897,181.23323
285.9077320098877,141.51097106933594,62.514248,176.63602
286.3872928619385,138.09506225585938,63.530254,180.08868
285.4546318054199,136.48636627197266,62.13041,181.64531
285.56355476379395,139.86569213867188,63.880917,178.95355
285.31362533569336,137.8961639404297,63.841408,181.42218
289.17300033569336,139.3206024169922,65.63978,179.48929
291.1036682128906,134.58558654785156,68.51669,186.01752
291.6070861816406,134.52864837646484,73.68564,189.71535
292.48230361938477,145.67764282226562,79.26827,185.82556
295.18381118774414,148.68006896972656,80.36672,191.4772
294.7429084777832,145.377685546875,81.67681,210.23938
295.0107231140137,150.24298858642578,76.62568,210.34856
380.6168327331543,156.3074188232422,71.147896,158.52817
379.96971893310547,155.326171875,70.156235,158.60239
381.13922119140625,155.5117645263672,69.46689,159.66422
382.088321685791,154.7946319580078,68.50158,160.3151
381.68509674072266,153.05615997314453,68.51021,161.91463
375.7213439941406,158.65250396728516,74.07678,152.19817
371.2453193664551,153.92719268798828,77.48473,159.97914
213.2697410583496,150.500244140625,89.06838,246.6766
196.71992111206055,93.51695251464844,93.61602,301.76672
190.3476791381836,106.06564331054688,89.55148,278.6107
177.2917594909668,123.27450561523438,101.190056,238.52219
165.49101638793945,136.3365249633789,111.69279,214.32271
156.0569725036621,124.2814712524414,125.96822,215.56606
151.48693466186523,117.18331146240234,100.057335,215.86638
146.11355590820312,133.41111755371094,115.38435,196.039
146.20877075195312,122.73396301269531,96.41713,204.07965
145.65623092651367,118.91543579101562,106.60619,206.22128
145.73388671875,117.68811798095703,99.0298,207.6324
143.23928451538086,118.99601745605469,96.00082,206.67603
137.52592086791992,117.20150756835938,96.652214,209.22336
138.03031158447266,119.20519256591797,100.864136,209.14885
142.71417617797852,124.14385986328125,87.3205,205.21854
142.07578659057617,128.92739868164062,83.303276,199.53506
142.55283737182617,130.76473236083984,84.64434,197.705
145.9824104309082,135.21339416503906,82.44193,190.9314
140.1876564025879,135.01707458496094,91.80744,189.06921
145.0595932006836,130.81185913085938,84.77493,192.74118
142.80838775634766,129.70982360839844,86.97058,195.08282
135.24807357788086,136.91969299316406,94.85787,187.82733
134.98139190673828,131.2276840209961,101.15442,193.98943
141.12140655517578,137.33614349365234,85.19263,185.85173
144.5708465576172,136.66356658935547,86.226,187.45433
143.2476692199707,139.2307357788086,92.999,185.42741
138.90198516845703,138.93043518066406,98.7569,185.46222
137.91214752197266,137.99845123291016,90.52222,184.27992
140.90002822875977,137.42493438720703,88.25819,186.1935
145.84198760986328,136.71813201904297,85.23944,185.666
137.7389678955078,138.97691345214844,90.36919,186.40222
139.61238861083984,136.8490753173828,88.82211,186.9707
146.0266990661621,138.07527923583984,82.12014,185.03612
145.83788299560547,139.22354125976562,78.9628,185.96701
147.12734603881836,138.03585052490234,79.67318,186.09465
144.31795120239258,137.9658966064453,82.04496,187.69678
147.39799880981445,137.78720092773438,79.44157,183.9542
147.81753540039062,139.0247802734375,76.853836,182.44925
150.35343170166016,139.19391632080078,73.29431,181.13771
149.2045783996582,140.34479522705078,74.42805,180.64641
150.3647689819336,139.66448974609375,75.052795,182.45044
150.07635498046875,139.14512634277344,74.447525,183.10104
151.21430206298828,138.85208129882812,74.61487,183.43372
151.17624282836914,139.42864227294922,73.74726,184.54152
151.9327163696289,138.54678344726562,71.73712,186.1416
150.51177215576172,137.8202362060547,72.88605,186.21402
157.73244857788086,151.25936889648438,68.82775,173.58649
186.61296463012695,153.7922821044922,95.51771,172.17188
164.95210647583008,134.34261322021484,101.15879,187.3709
153.02082061767578,142.58997344970703,65.13684,176.25844
149.9377670288086,139.21623992919922,76.416046,182.47173
151.3053741455078,137.48489379882812,73.25877,185.24478
151.99053955078125,137.59707641601562,73.11751,184.71152
150.99577713012695,137.79108428955078,73.095406,184.94643
151.34972763061523,137.32217407226562,74.01983,184.61862
150.23461151123047,137.341064453125,74.084595,184.83438
151.8117561340332,137.52051544189453,73.1399,183.82307
150.16796875,138.3262710571289,74.76756,183.80183
149.7839698791504,138.1752471923828,74.9694,184.19525
151.46042251586914,137.7088851928711,74.49009,183.94731
150.69473266601562,138.19371032714844,73.897964,183.94379
150.00236129760742,138.38739013671875,73.21392,183.49057
151.78235626220703,137.63800811767578,72.04956,184.34383
152.39830780029297,138.33141326904297,72.344025,183.6053
150.90225219726562,138.39873504638672,72.5807,183.44371
150.0590591430664,137.96440887451172,73.07657,183.2423
151.92965698242188,137.9003677368164,72.5504,183.89061
150.5003890991211,138.3133316040039,72.94217,184.03142
151.76901245117188,138.23133087158203,72.392044,184.46437
151.1002311706543,137.80237579345703,74.358025,185.15459
151.4468002319336,138.00958251953125,73.02493,184.61188
150.55110549926758,138.574951171875,73.258705,183.86316
149.69598007202148,139.19567108154297,74.41985,182.55458
149.15714263916016,139.27239990234375,73.44742,182.49146
148.0759735107422,139.3382339477539,73.22691,182.07863
148.32997512817383,138.81114959716797,73.01237,182.87053
148.06169509887695,139.23242950439453,73.814705,183.01506
148.70724487304688,138.57483673095703,73.52165,183.52727
148.34846115112305,138.2381591796875,74.3326,184.30554
147.7329216003418,139.41741943359375,74.94619,183.46948
147.54066467285156,138.14508819580078,75.416824,184.18724
148.45223236083984,138.79605865478516,74.54413,183.75273
148.04205322265625,138.66969299316406,74.99797,183.81216
147.45037078857422,138.0212860107422,74.489685,184.1661
147.87232208251953,138.71156311035156,74.52255,183.71152
147.6233367919922,138.58094787597656,75.42616,183.89816
147.90367889404297,138.1378631591797,75.41193,183.89737
148.6205825805664,138.0202178955078,74.85263,183.87332
148.12708282470703,138.46717071533203,74.60544,184.15001
148.73780822753906,137.64017486572266,75.41792,183.90404
148.27142333984375,139.08780670166016,74.560776,183.27647
147.9167594909668,138.55321502685547,75.09731,182.79448
148.61709594726562,139.06098175048828,75.17253,182.62752
148.27214813232422,139.4047088623047,74.97296,183.23651
148.26361846923828,137.76236724853516,76.309906,184.12633
147.9077491760254,138.00141143798828,76.47343,183.4793
147.00148391723633,138.76895904541016,74.908455,183.20909
147.80325317382812,138.3453826904297,76.44676,182.71371
146.65909957885742,143.31897735595703,76.09121,178.44054
149.98033905029297,165.55558013916016,74.54663,155.80974
150.87884902954102,150.85299682617188,72.99381,171.95383
150.11375427246094,151.08416748046875,74.11214,171.5588
151.0218162536621,153.4783706665039,73.57574,168.26622
150.28736877441406,144.01803588867188,74.69783,178.68243
149.0602684020996,145.18517303466797,73.962364,177.51225
148.4829444885254,150.23926544189453,73.191475,172.38115
147.57398986816406,151.32167053222656,72.961624,173.10483
146.9162940979004,147.59359741210938,72.8874,178.23279
147.80913925170898,153.43746185302734,72.13174,172.37965
147.59416580200195,149.74462890625,72.00202,176.21783
146.72239685058594,152.53317260742188,73.65053,175.05081
146.94542694091797,149.1874008178711,71.914825,178.98387
147.91128158569336,150.35346221923828,71.887474,177.67732
147.07309341430664,150.33000946044922,72.32618,177.72072
146.81309127807617,148.3143081665039,72.498405,178.83812
146.78594589233398,140.44911193847656,73.03692,187.93668
147.89174270629883,140.7218780517578,72.95551,187.14536
147.81193161010742,141.57679748535156,72.29171,185.62149
147.9293556213379,152.61295318603516,72.91935,174.77068
148.2065887451172,142.85031127929688,70.454636,185.84833
147.31084823608398,147.6864776611328,69.75848,180.49606
145.8214111328125,141.55297088623047,71.61372,187.90782
146.37689971923828,138.7872314453125,71.66687,189.96518
145.51421737670898,139.73955535888672,71.904564,188.10472
146.5524787902832,138.9817657470703,73.485634,187.24329
146.2224998474121,139.03852081298828,73.3301,186.45033
146.01564025878906,139.6051254272461,73.04033,186.40752
146.1856803894043,139.93154907226562,72.72668,186.21713
145.62076950073242,139.42135620117188,72.93267,186.52182
145.5498390197754,139.6370849609375,73.06599,186.47964
145.72116088867188,139.6228256225586,73.00148,186.60844
146.13958740234375,138.92415618896484,74.48512,186.98082
146.06947326660156,138.70094299316406,72.649216,187.5144
146.22171783447266,139.10338592529297,72.57831,187.21965
145.52550506591797,138.83584594726562,73.44235,187.0134
145.9988899230957,139.25870513916016,73.1724,186.79396
145.8722686767578,139.1316375732422,72.297165,186.53387
146.04752349853516,139.59638214111328,73.141846,186.65804
145.5693130493164,138.75779724121094,72.43085,187.19165
146.01819610595703,139.188232421875,73.12366,186.74203
145.475830078125,138.86367797851562,73.58565,186.6647
145.6129608154297,138.65973663330078,73.35326,186.97713
145.80184936523438,138.8530731201172,73.44844,186.69116
145.7971420288086,138.32980346679688,73.716705,187.21164
145.8997917175293,139.15126037597656,73.373344,186.69556
146.09191131591797,138.8942642211914,73.54477,186.98872
146.4908790588379,138.67166137695312,73.73829,187.10953
146.7596778869629,139.97811126708984,72.55311,186.28325
145.95611953735352,139.34813690185547,73.00471,186.56279
146.61671829223633,138.2422332763672,73.81339,187.18646
145.66661834716797,138.9623031616211,73.19437,186.85692
146.52273178100586,140.05667114257812,73.19735,186.043
145.50757598876953,138.74176788330078,73.592224,186.8962
145.63351821899414,138.7588119506836,73.23579,186.97923
145.9178924560547,139.12030792236328,72.93114,186.66127
146.41931915283203,139.77771759033203,74.35358,186.36629
145.78522872924805,138.8979721069336,73.78539,187.24394
145.78216552734375,139.17224884033203,72.79091,186.45442
145.73004531860352,139.14667510986328,73.92335,186.722
145.9411163330078,139.17520904541016,72.69145,186.52425
146.13848876953125,138.91903686523438,72.513016,186.95706
146.10082244873047,138.83082580566406,72.81961,186.97522
145.80377578735352,139.55787658691406,73.46381,186.60852
146.3001365661621,139.54695892333984,72.629295,186.7401
146.20893478393555,139.40052795410156,73.57897,186.74835
146.69439697265625,139.6341552734375,72.12746,186.74063
146.01873779296875,139.41289520263672,73.12471,186.32237
146.09917831420898,138.8796844482422,73.48037,186.79962
146.5863380432129,139.08493041992188,73.348885,186.58798
146.40897750854492,139.42620849609375,72.85717,186.89291
146.07323837280273,139.04986572265625,73.26882,186.76999
146.0609130859375,140.01271057128906,73.26668,186.48846
145.7168731689453,140.01239013671875,72.995285,186.52017
145.08415985107422,139.269775390625,73.62167,186.53049
147.04754638671875,139.2588348388672,72.9305,187.14923
146.22407150268555,139.59254455566406,73.6007,187.0086
146.19044494628906,139.43236541748047,73.68089,186.57133
145.89353942871094,138.89862060546875,72.56157,187.02982
146.51143646240234,139.09436798095703,73.6611,187.09584
146.49111938476562,138.80400848388672,73.41939,186.79308
145.78741455078125,139.59652709960938,73.68941,186.60489
145.56798934936523,141.34334564208984,73.8265,185.67235
