117.0,68.0,122,125
108.1653823852539,63.09082794189453,122.74068,120.79109
103.78734588623047,57.352203369140625,121.122055,119.23816
101.61349868774414,48.147823333740234,120.16076,106.920265
99.04639434814453,36.51072311401367,119.13051,110.98014
97.86660385131836,28.394256591796875,119.13947,111.06268
101.22283172607422,21.079456329345703,120.51097,120.126915
106.63460540771484,15.336246490478516,123.21272,121.148766
111.71038436889648,9.935600280761719,125.93232,121.91237
119.44453430175781,7.647041320800781,117.25833,118.17662
126.71072006225586,5.381793975830078,112.180244,113.10256
134.00212478637695,5.691764831542969,113.427055,111.94704
142.28440856933594,7.298015594482422,112.24957,107.35227
151.36262893676758,12.760299682617188,112.4808,104.24344
160.74822616577148,17.928550720214844,110.67426,106.00426
167.21661376953125,24.306427001953125,112.74448,106.171906
174.20358657836914,30.44457244873047,112.8959,106.291885
180.9420280456543,38.40658187866211,107.7028,106.847084
189.57090377807617,47.652374267578125,113.76072,105.48511
196.2368927001953,55.54761505126953,113.33789,108.732895
198.87250518798828,62.7335090637207,102.86879,119.567406
198.1267852783203,67.38845443725586,128.08405,114.9596
197.8142547607422,72.95349884033203,129.41278,108.17586
199.6914939880371,78.17948532104492,102.18934,109.68629
198.6528434753418,83.447998046875,102.43046,108.573425
196.19425582885742,93.28841781616211,104.944466,104.1872
192.7583770751953,99.17583847045898,101.23016,101.49763
188.9092903137207,105.11803817749023,108.15722,100.14982
189.20252990722656,103.71110153198242,97.18277,103.15891
185.90825271606445,90.0999984741211,97.67745,124.70949
184.22033309936523,113.17063903808594,89.731575,102.41791
182.26067733764648,121.76213455200195,85.58512,95.58474
180.39151000976562,129.54410552978516,85.902374,87.4547
179.1147918701172,111.93374633789062,84.6637,105.71637
182.48502731323242,111.20146179199219,80.21064,104.28775
179.4338836669922,118.37891006469727,79.885254,97.621635
182.71279525756836,120.45674896240234,77.39344,94.85713
185.47693634033203,125.95077514648438,76.128525,88.54822
186.11191177368164,129.42407989501953,83.47765,84.48784
185.44378662109375,131.23495864868164,78.84845,85.25204
185.23238372802734,136.89942169189453,74.84828,86.02428
187.36417770385742,140.32670974731445,71.3686,75.77819
189.91843795776367,140.0896339416504,68.064125,72.622
190.7745132446289,138.41798782348633,72.71001,73.543785
189.22683715820312,139.32025909423828,72.27911,74.37752
190.1663055419922,139.39216232299805,78.660706,78.79896
191.26259231567383,146.01102447509766,85.764854,79.554276
191.3102569580078,153.88897705078125,79.9039,80.46619
188.32794189453125,164.56020736694336,145.7651,79.06129
191.65860748291016,146.00534057617188,131.4792,105.38388
194.3907241821289,177.78581619262695,114.87587,79.288994
200.66663360595703,187.0158348083496,101.216415,75.456856
203.90708923339844,189.82218170166016,95.78339,78.20528
209.78607559204102,194.0424919128418,94.18481,81.88294
214.93891525268555,197.98186111450195,94.8484,84.57021
220.39970779418945,204.0789451599121,92.11111,85.4123
224.2779197692871,210.38905334472656,91.43284,84.866974
231.1895751953125,215.1544075012207,89.64432,83.93386
237.24704360961914,219.8006134033203,89.28884,84.46124
244.56959915161133,222.24922943115234,89.27355,85.59035
252.13584899902344,220.38848495483398,89.368774,89.41932
260.34190368652344,218.73752975463867,91.987885,91.798134
270.0386047363281,215.1687469482422,91.63687,97.19406
279.8258514404297,213.9408302307129,89.0217,98.093834
291.54119873046875,212.54512405395508,83.18411,95.95931
299.3479232788086,206.6479263305664,110.48598,94.90303
307.69633865356445,198.9668312072754,88.57995,93.6177
302.78724670410156,188.05542755126953,105.559235,90.880875
316.1531448364258,177.4904327392578,100.49251,85.16037
321.9349021911621,145.26653289794922,106.18473,98.80284
321.4556198120117,136.03777694702148,117.72722,91.3126
334.28882217407227,110.68315124511719,85.0158,103.378235
340.83086013793945,86.55806350708008,102.99682,113.106804
341.24246978759766,70.08872604370117,136.14781,113.30979
345.0008316040039,44.779205322265625,133.0897,130.20963
344.2901496887207,40.54277038574219,123.66146,125.86957
351.66156005859375,52.367279052734375,122.9389,87.28586
363.5568542480469,10.165351867675781,135.13815,123.851974
358.7494659423828,1.4076766967773438,114.7077,137.73616
362.89649200439453,2.0549087524414062,153.72462,132.8694
359.59188079833984,-0.18611907958984375,169.30083,138.04579
398.82332611083984,-2.2425765991210938,126.30882,145.8769
397.3266372680664,0.3093605041503906,124.65675,107.950584
385.45934677124023,-1.0634880065917969,126.47019,112.200676
375.13323974609375,-0.39936065673828125,126.23743,114.812546
367.75173568725586,-0.102783203125,123.54569,120.401276
357.9103775024414,-0.9561996459960938,122.983505,126.30327
346.6648826599121,0.095947265625,122.37171,128.2225
335.2103958129883,1.5439300537109375,120.92763,129.93045
322.9209861755371,7.457122802734375,119.94056,129.01843
311.0389976501465,13.707710266113281,119.77332,126.53856
297.7336883544922,17.91360092163086,118.417755,127.15012
283.3944892883301,23.47579574584961,117.981316,127.36225
268.7821502685547,29.70111846923828,114.86755,124.8156
257.7549514770508,33.01311492919922,109.45546,122.02467
249.81388473510742,36.667388916015625,109.28315,121.47916
241.4571876525879,38.416725158691406,111.64535,120.60545
233.55340576171875,38.506324768066406,116.12506,115.13924
225.34243392944336,38.05966567993164,120.18302,112.48559
220.67016983032227,38.086578369140625,122.460625,107.09668
217.55686950683594,39.20417022705078,124.02905,103.11101
210.9859161376953,38.7071533203125,126.22003,99.87793
206.9969711303711,38.423770904541016,126.068436,100.2051
202.76198196411133,37.57835388183594,127.00332,102.10315
198.79015731811523,38.15359878540039,126.56016,103.80752
195.07573318481445,40.037384033203125,123.85967,106.10257
190.65167236328125,39.3977165222168,122.00043,110.2869
183.23875045776367,43.3835334777832,122.41529,109.28057
173.05421447753906,46.912254333496094,123.64505,109.291245
162.1117401123047,50.69465255737305,128.51685,111.30537
151.38455200195312,56.0107421875,130.93652,104.15848
141.86103057861328,63.39677047729492,131.90166,87.44169
129.07933044433594,71.33729553222656,133.39563,72.71164
151.33062362670898,85.03485870361328,103.17454,91.6743
137.93883895874023,92.4249382019043,104.29569,104.24018
144.0203971862793,94.43053436279297,84.060585,112.50264
127.61234664916992,101.1968879699707,91.90702,112.49279
75.73902130126953,105.1703872680664,128.76869,114.05919
45.06758117675781,109.78815460205078,138.73178,121.93184
58.880489349365234,128.19329071044922,119.01917,140.08794
51.88145446777344,123.45259857177734,122.284424,132.83336
54.89324951171875,123.28972625732422,112.07483,121.41472
49.2880859375,125.8860969543457,114.9899,124.16045
35.544044494628906,142.04362106323242,127.928085,111.10749
44.3770751953125,153.15134811401367,120.82553,98.64936
64.36238861083984,158.1969451904297,98.32106,84.616
68.78725814819336,149.93997192382812,96.847084,83.47226
76.41830444335938,135.7628517150879,95.083435,88.61532
81.91438293457031,129.83805084228516,96.34143,86.0576
87.18732833862305,114.30257415771484,99.3657,92.85176
96.7379035949707,109.3807487487793,98.34786,91.65363
107.85472106933594,97.68058395385742,98.36432,94.235664
115.92670440673828,85.6717643737793,98.3062,99.95533
123.94528198242188,74.96816635131836,98.966125,102.00562
130.76897811889648,63.05677032470703,102.56983,110.244125
144.79566955566406,55.78352355957031,97.69336,114.13629
152.51002502441406,50.458717346191406,99.12204,119.615524
156.1449737548828,43.707054138183594,98.88925,127.67851
155.76384353637695,36.48063659667969,100.65383,136.37692
161.83315658569336,64.25777053833008,94.22501,114.79574
190.13313674926758,105.03775787353516,67.94927,76.72493
207.81187629699707,115.94618225097656,52.387478,70.86905
206.5681037902832,114.43619918823242,56.24038,79.37701
206.0257682800293,120.82176971435547,58.666878,78.71927
207.41344451904297,130.01511001586914,56.638016,72.527626
213.38199996948242,145.36039543151855,49.406044,58.60216
208.63261222839355,145.09783554077148,49.2943,59.97634
208.6986598968506,148.69049644470215,49.277943,61.26914
208.9643383026123,149.48968887329102,49.611652,67.337425
210.28818893432617,145.859619140625,51.2109,78.509674
213.84341621398926,148.62188339233398,49.934277,80.08097
215.01444816589355,153.07236862182617,50.44869,80.96339
215.43131637573242,156.53466415405273,50.65249,78.48704
213.7980442047119,160.94769287109375,52.183437,78.20169
212.15170097351074,166.4598617553711,53.454395,73.87013
213.26133346557617,179.46403694152832,53.27572,63.61053
215.60843658447266,164.2596092224121,54.66028,81.50739
219.24969482421875,165.03094863891602,55.100723,83.017815
221.92144966125488,166.53318405151367,57.190838,83.02836
223.4978904724121,173.80629348754883,56.19039,75.86663
222.90334701538086,186.2053737640381,56.904747,60.722767
221.23613357543945,184.6928768157959,58.25979,59.680927
222.6669101715088,183.35869026184082,59.004986,59.463314
226.4879665374756,183.50346565246582,59.16721,58.026943
