319.0,185.0,67,56
316.6925735473633,184.34989547729492,66.87512,53.481316
312.9963264465332,183.5542869567871,68.64823,53.93569
311.44749450683594,181.72694778442383,68.25406,54.350395
309.5654296875,180.91263389587402,67.556564,54.567295
307.4662895202637,179.496826171875,67.00243,54.710114
304.70478439331055,178.7203483581543,69.05346,54.58381
301.931453704834,175.58096313476562,69.29615,56.20317
300.65488052368164,175.31976509094238,67.5837,56.08639
299.15174102783203,174.29852104187012,66.96321,55.66692
297.59771728515625,172.3446922302246,67.90669,56.813896
295.2351188659668,170.92389488220215,67.783104,57.900593
294.28979110717773,169.82071685791016,66.584724,57.83467
292.80559158325195,168.2764434814453,66.11146,58.31526
290.85240936279297,166.9846363067627,67.304184,59.987682
288.8602523803711,164.52575874328613,67.273865,60.435116
288.33349227905273,162.444673538208,66.15775,62.20988
286.8143310546875,160.05340957641602,66.985565,62.742302
284.5971488952637,159.5689868927002,68.315346,62.82635
282.3441390991211,160.14809799194336,68.51463,61.8733
281.53811264038086,156.7072811126709,67.29929,63.562428
280.8693656921387,154.36382675170898,66.5561,65.46198
279.6221122741699,152.4836769104004,66.73554,65.671135
277.4837226867676,151.12223434448242,67.5696,66.20432
276.4488410949707,148.6666603088379,66.8666,67.4999
276.4336814880371,150.40647506713867,65.80494,65.78571
275.5008430480957,146.10219955444336,66.886925,67.80067
276.58231353759766,143.7016944885254,65.30727,67.907555
273.1562309265137,142.76777267456055,67.83909,66.67994
273.1179428100586,139.45880508422852,66.59148,69.56072
270.82384490966797,138.84865951538086,69.17058,68.7241
269.345760345459,135.55583953857422,71.299324,68.83095
267.2990951538086,134.88343048095703,77.069565,68.05037
267.04376220703125,132.79111099243164,71.10004,66.46822
266.7054786682129,130.24242782592773,74.89263,65.142555
266.69288635253906,128.31587028503418,72.88956,63.305058
265.6848602294922,127.10242652893066,73.606995,59.985577
264.7998733520508,125.11476135253906,74.48122,56.24652
265.23316192626953,123.51035118103027,72.384995,57.12737
264.990421295166,121.56350517272949,75.40835,62.66184
263.9331474304199,119.57050323486328,75.84443,58.6624
263.4275360107422,118.28059959411621,75.741455,62.460987
266.16565322875977,116.32015228271484,73.75213,58.87529
266.23490142822266,115.06724548339844,73.16969,60.857452
269.0792579650879,112.68337059020996,71.77795,62.197895
271.3893699645996,111.77036476135254,70.57206,61.343243
269.7596130371094,110.4984302520752,72.79898,60.74377
276.018611907959,108.44540596008301,65.90681,60.76608
293.52333641052246,107.40340805053711,50.269825,57.698265
295.9512348175049,105.22233772277832,48.024456,54.927044
296.3099956512451,104.31544494628906,47.708927,52.89975
296.42616081237793,103.33632469177246,47.085377,57.620502
297.48630714416504,101.18684959411621,47.23701,58.546345
283.83922386169434,101.69280052185059,61.108936,57.21033
275.0791244506836,100.95274543762207,70.892624,57.771008
284.09596824645996,99.43282508850098,62.894062,60.790035
291.35743141174316,98.68375015258789,56.74522,58.182106
272.66098403930664,98.44344520568848,74.72428,55.525967
271.79205322265625,99.23463821411133,76.795,50.501564
279.87952041625977,97.76558685302734,69.66929,48.108246
272.3193359375,97.60321998596191,78.64906,56.446636
297.45745849609375,96.82251167297363,53.580887,62.38696
295.77485275268555,96.37960624694824,56.613106,60.7255
297.8583526611328,95.55939102172852,53.342392,61.21134
297.7281494140625,94.9678726196289,52.098892,60.88263
298.61963653564453,95.04746055603027,51.515427,59.9688
298.571813583374,94.42472648620605,53.233738,59.922947
298.9137439727783,94.64768600463867,52.42895,59.00634
299.43688201904297,93.67518043518066,52.67363,59.739407
295.3994827270508,92.62796401977539,56.621445,60.06289
295.3361530303955,92.86235809326172,57.774136,59.612732
299.35887336730957,91.32922554016113,54.1732,60.012676
288.55002212524414,91.88815879821777,65.13398,59.616215
292.6117877960205,91.36278915405273,61.737957,57.749977
292.73741722106934,91.09469985961914,61.929478,56.96978
294.06424140930176,90.66454124450684,61.641384,57.98543
295.5559024810791,89.54484558105469,60.591366,59.166855
297.8227767944336,87.7630615234375,59.285767,59.595154
298.48796463012695,87.67165565490723,58.464317,59.100903
300.3637104034424,86.82957458496094,57.862896,58.297348
301.8550262451172,86.5087661743164,57.1541,56.99994
304.5361557006836,86.15422821044922,55.28772,56.989746
304.87281036376953,85.09382438659668,54.53534,56.19623
305.0655059814453,84.25515747070312,54.80867,55.17067
306.2791557312012,84.30561828613281,54.495354,55.053482
305.4388065338135,83.20270538330078,55.988323,56.61348
305.5459442138672,81.69237518310547,56.87024,57.711563
307.22126388549805,81.37449264526367,55.866066,56.333168
307.9957866668701,80.9787769317627,55.419437,57.408962
309.1768455505371,80.27967834472656,55.336205,57.641846
308.5574016571045,79.29490661621094,58.94231,59.018417
307.77021408081055,78.83477401733398,61.644997,58.68389
309.90719985961914,79.22785377502441,55.120872,57.407574
312.98193550109863,79.33756637573242,50.60612,50.79122
315.49621772766113,78.30116271972656,49.48338,45.9765
319.14512634277344,78.43645477294922,45.311157,47.007523
315.6730785369873,77.85077476501465,48.352894,49.869633
320.49502182006836,76.91571807861328,43.008095,48.055893
323.1592903137207,76.9164924621582,40.407936,48.36596
323.9749183654785,76.91689109802246,39.81597,48.27219
328.96189308166504,77.37944030761719,34.31979,43.7621
323.81372261047363,76.80208778381348,39.181637,44.35792
322.54075050354004,77.3476676940918,39.823833,47.494728
326.2974224090576,76.34331130981445,36.27683,47.20655
326.00010871887207,76.43167686462402,36.824947,48.34531
316.4004707336426,76.74116325378418,46.52523,59.438007
312.12108612060547,77.21732139587402,50.657806,59.37517
311.96339225769043,76.34861183166504,50.300358,59.89976
310.453088760376,77.15610313415527,51.90388,63.040363
310.31269454956055,76.80615615844727,52.89318,63.182182
319.5210704803467,77.58314514160156,43.122105,59.634308
318.7366943359375,77.20376586914062,44.15596,57.88919
318.708345413208,77.46484375,45.033504,58.142807
318.71031951904297,77.90804100036621,45.62056,60.764698
321.65697479248047,78.8840274810791,42.4657,61.157986
323.65026473999023,78.76781272888184,40.614265,62.625233
325.5837287902832,78.62247848510742,36.967995,61.453377
329.0949230194092,79.17233657836914,34.99857,61.40026
328.1635932922363,78.97429466247559,36.284386,60.70856
318.5442180633545,78.18889236450195,44.877216,59.28704
315.7795925140381,79.34953308105469,48.515217,63.52713
323.67417907714844,79.60244750976562,40.903244,60.909683
319.4601573944092,80.43292427062988,45.415943,56.93321
322.0244331359863,80.78756713867188,42.111824,56.31552
322.27255058288574,81.3185920715332,41.341145,56.784035
321.7581443786621,81.22591400146484,41.053307,57.91533
321.9993362426758,81.46664428710938,40.41649,58.57927
322.33735847473145,82.9308032989502,39.621975,59.323864
320.8567352294922,82.45452880859375,41.722565,58.26494
321.3600730895996,84.02254676818848,40.901756,61.26315
320.2328472137451,84.57020568847656,41.324146,59.651062
319.6510581970215,85.85138130187988,43.28988,56.625317
318.80333709716797,86.66069793701172,41.66394,54.143845
318.84410285949707,87.60612487792969,41.427746,58.435577
319.21435356140137,88.4187240600586,40.567112,58.291
317.1792163848877,87.91828155517578,41.707012,61.207962
315.301721572876,89.33160591125488,42.450176,59.990032
313.9616641998291,89.0405330657959,45.810772,62.29508
313.3913097381592,89.87900352478027,47.43912,61.78809
315.1748962402344,89.76332664489746,42.424667,62.1863
314.0791244506836,89.49078750610352,42.879578,63.006615
309.2159843444824,90.44223213195801,46.577904,62.04643
310.2872123718262,90.44483757019043,45.4215,61.606373
309.37857246398926,89.90850257873535,46.180843,62.710262
300.42242431640625,90.29195213317871,54.044617,62.86556
301.2559223175049,91.64527130126953,51.54713,63.691757
299.7218952178955,91.9834976196289,53.551647,63.76454
305.3211498260498,91.7561264038086,49.212208,63.44017
295.2869358062744,91.7474308013916,60.02174,63.98779
305.2890281677246,92.04137229919434,49.64585,60.648563
301.3087730407715,93.86561012268066,51.768517,62.435528
306.31324005126953,93.96500778198242,45.10495,62.837776
308.72525787353516,94.27201843261719,40.91301,62.70294
310.5592784881592,94.6408462524414,38.632618,63.01114
310.62483406066895,95.93985176086426,37.49441,63.704403
310.1921806335449,96.59539794921875,39.67257,63.721985
305.7705879211426,97.341796875,47.20513,63.270264
292.9221534729004,97.20752334594727,64.95881,64.31339
291.26398849487305,97.82201766967773,68.413414,64.14254
297.4954528808594,97.9369125366211,60.55275,64.04645
301.87143898010254,99.93771743774414,53.165432,63.013954
302.20331954956055,101.66777610778809,53.448326,59.510853
302.7295036315918,102.14847755432129,56.14579,63.45753
300.94092750549316,103.37663650512695,56.994854,64.28976
300.7556838989258,104.22547340393066,57.866974,59.92654
297.87001609802246,104.75342178344727,58.28136,60.675575
303.6462287902832,105.85751724243164,45.403526,59.36875
300.6471176147461,107.72246551513672,46.269485,58.31891
301.9237804412842,108.61397552490234,48.08106,58.273148
300.84941482543945,108.86859321594238,50.158257,58.124554
297.68161392211914,109.98125267028809,48.615715,58.53771
298.73109245300293,111.60830307006836,44.97452,57.938545
297.94361686706543,111.82585906982422,45.40653,58.507156
294.7386932373047,112.64694595336914,48.708572,58.25106
295.31239318847656,114.22394371032715,47.26291,59.188847
295.9295997619629,113.89184951782227,46.483437,59.805412
296.0347309112549,113.84421730041504,47.381954,60.564266
296.8603820800781,114.55269622802734,46.024277,60.034943
295.9509029388428,115.38909149169922,48.15166,59.29799
292.2480583190918,116.95357131958008,54.40548,57.847923
293.9752883911133,117.15179061889648,50.941315,59.06736
287.05169105529785,118.76056861877441,57.491756,57.4689
286.1614418029785,119.46585464477539,59.984077,57.40374
289.71853828430176,119.80822944641113,52.775967,57.18086
283.5953788757324,120.48317337036133,60.136803,58.03454
279.3048324584961,120.85258483886719,68.80014,59.32498
274.59289169311523,121.04373931884766,78.36538,67.79518
277.0524673461914,122.06625747680664,76.30762,66.5704
276.6425666809082,123.69541549682617,77.00288,64.64811
272.9825859069824,124.55462265014648,79.30715,63.322273
275.5511283874512,126.55473136901855,76.68206,63.505375
281.0839653015137,128.00945472717285,67.3113,60.97047
283.4485397338867,129.7821922302246,66.42755,61.567543
283.9786911010742,130.458984375,64.80185,61.966553
286.9598789215088,131.75418090820312,61.357906,62.200165
286.2477741241455,132.60174751281738,58.953976,62.745144
285.01939964294434,134.0085506439209,45.543583,61.35892
285.667423248291,136.47669982910156,44.22149,61.318985
283.41026878356934,139.08823585510254,44.363728,59.030712
281.2980766296387,140.17760467529297,46.581535,55.410522
280.4303436279297,143.3655490875244,45.39856,54.39958
279.30174255371094,145.68673133850098,46.028687,53.844326
278.77371406555176,147.36956024169922,46.243084,57.739426
278.5204257965088,149.26749801635742,50.976055,57.719215
274.52657890319824,150.93232917785645,59.663593,58.878628
261.4427490234375,146.95505332946777,73.79904,60.703495
264.3702087402344,146.23112869262695,66.69437,67.897316
271.3446235656738,157.22761154174805,65.24651,61.52648
276.9608688354492,162.09368133544922,64.136246,59.43921
270.1786346435547,161.28828239440918,71.10512,63.67365
272.86322021484375,161.8660373687744,67.4059,59.60066
277.2796459197998,164.05894470214844,61.040943,58.70926
276.8993606567383,165.7599868774414,61.40085,56.769592
274.5592575073242,167.93797302246094,62.413162,55.196213
274.87364768981934,169.1030502319336,60.679676,53.58571
274.9917812347412,170.50824356079102,59.823414,52.30857
274.39503479003906,170.59389686584473,57.467743,52.21449
274.84363555908203,173.85070991516113,58.28517,50.16171
274.5602035522461,173.91667366027832,59.030426,50.32432
273.4865245819092,174.43428230285645,59.465626,49.791424
273.66503524780273,174.8969955444336,59.44262,50.46695
270.33959579467773,174.9935531616211,61.92022,50.362274
272.9172878265381,176.52715873718262,60.681232,49.078403
266.4787063598633,175.5692195892334,64.900986,49.2674
268.2646484375,176.02618026733398,64.20996,50.624916
268.46413230895996,176.46419525146484,63.381306,50.354218
265.9543914794922,176.7247085571289,56.789,50.727783
267.0868396759033,176.72834014892578,63.0646,50.97696
