347.0,58.0,103,251
342.33155059814453,58.46952819824219,103.53148,244.3577
339.3814582824707,58.64136505126953,103.33791,242.7241
335.1232719421387,59.309547424316406,102.17008,240.7235
331.89434814453125,59.65496826171875,99.68121,240.169
326.90967559814453,60.970001220703125,97.28441,237.75732
319.23889923095703,62.30347442626953,97.91063,237.06126
310.84675216674805,66.47579956054688,97.26029,232.2442
304.58289337158203,69.96144104003906,100.16368,228.34818
299.6131935119629,73.63093566894531,99.82018,222.21713
292.44433975219727,74.93572235107422,105.460625,222.0821
287.4642906188965,79.57050323486328,100.90217,218.4741
282.3216133117676,86.42594146728516,95.17788,212.25194
271.2544059753418,83.89409637451172,99.7974,215.34102
267.84823989868164,85.59270477294922,97.644646,214.61324
264.40889739990234,82.09214782714844,107.00728,219.13895
267.3884735107422,79.40303039550781,103.78702,219.82297
267.49626541137695,81.96439361572266,105.59676,216.10411
281.90727615356445,74.9412841796875,94.80929,153.63373
292.04369354248047,74.79239654541016,84.66615,137.17247
279.68335342407227,76.38997650146484,93.82961,137.90303
228.05386352539062,85.7125473022461,128.27673,206.21095
189.1869773864746,55.278564453125,122.59736,242.36334
186.4398956298828,57.167945861816406,135.11081,242.4641
208.66859436035156,101.26358795166016,144.44437,207.14336
215.1290054321289,96.1569595336914,145.25945,211.62053
210.1442642211914,94.0236587524414,156.8159,213.71788
219.6459503173828,84.96601104736328,157.94766,221.73271
289.41448974609375,64.97298431396484,137.79474,240.94484
295.6725082397461,60.25891876220703,133.23097,244.34196
281.49082946777344,59.82373809814453,149.40665,240.85484
273.1003189086914,65.34290313720703,152.11058,235.8532
201.2503433227539,69.6927261352539,181.99858,214.17363
232.77490234375,56.7373046875,167.19275,220.55548
220.80506896972656,66.90790557861328,159.85062,213.25047
251.386962890625,62.46965026855469,147.03406,228.3555
255.76559448242188,67.51129150390625,145.09888,227.74066
238.1942024230957,64.79749298095703,123.488976,230.82597
262.58246994018555,97.47089385986328,116.70945,200.54155
259.80442810058594,104.97611999511719,132.54318,193.53006
246.04691314697266,123.9488296508789,117.67192,173.3062
240.06633758544922,115.06838989257812,125.70894,183.53772
241.10232543945312,106.95645904541016,156.40057,190.13414
306.4491958618164,88.80718994140625,146.60674,200.25641
339.0533638000488,85.49893188476562,122.16634,202.08209
330.8291244506836,79.43839263916016,129.5301,210.2335
338.7780342102051,81.1213607788086,117.28127,210.65034
334.24939346313477,81.17369079589844,118.30175,211.99295
304.6113739013672,79.53105163574219,125.19394,213.46231
329.9047050476074,77.9686508178711,97.13792,215.34785
332.23233795166016,67.07317352294922,91.30998,225.6396
334.7628746032715,65.55198669433594,94.04505,227.70456
329.65274810791016,64.91870880126953,103.62395,228.01823
336.25675201416016,62.66688537597656,101.57262,229.3417
344.2739486694336,65.42711639404297,93.29805,225.5959
348.09041595458984,67.13601684570312,93.72572,223.53534
338.5386543273926,67.76239013671875,109.00387,223.55872
338.4075012207031,66.1372299194336,111.77344,225.49129
339.93822479248047,69.82170867919922,116.3763,221.46455
340.58312225341797,67.15213775634766,120.67964,224.27312
343.3563423156738,67.93310546875,122.78182,222.37543
350.2345962524414,65.15077209472656,113.95744,225.48831
349.7972106933594,59.63103485107422,114.306885,229.79683
350.51134872436523,56.130348205566406,110.8108,233.13286
349.6935615539551,50.13447570800781,114.125206,239.22177
350.23340606689453,48.831565856933594,105.22099,241.23433
343.2992935180664,42.702415466308594,93.43474,244.25655
340.4267120361328,40.51573944091797,82.954926,246.62508
333.13316345214844,37.801513671875,71.42343,251.66125
327.31685638427734,40.84111785888672,72.550674,249.20332
316.3940658569336,40.320411682128906,76.32979,248.08873
301.20792388916016,44.223419189453125,88.61034,244.05438
287.1347465515137,48.033775329589844,97.99192,241.89943
291.2259635925293,53.419212341308594,94.51365,237.2259
213.7297134399414,62.03645324707031,166.921,225.65738
209.28724670410156,65.90502166748047,171.25778,222.149
201.04096221923828,71.98280334472656,174.52519,213.29349
200.3410415649414,70.79959869384766,172.47441,215.11058
204.84139251708984,74.10478210449219,161.57668,212.06442
204.4459228515625,74.23123931884766,160.09875,210.67326
249.1561622619629,74.04727935791016,121.639336,213.0825
262.2781105041504,70.37448120117188,111.15655,218.8421
261.77046966552734,59.89324951171875,119.87184,232.40924
261.6253967285156,54.16693878173828,121.31464,237.66057
267.6906852722168,48.745826721191406,117.166664,242.24486
277.22216033935547,50.120086669921875,115.34938,239.2428
264.1645202636719,47.153564453125,123.16345,243.72357
267.94944763183594,54.930763244628906,129.55984,238.2658
267.2701644897461,62.04759979248047,162.89583,230.24239
268.3353042602539,68.13687133789062,166.97337,224.74023
269.6553421020508,75.48651885986328,172.1201,217.57933
271.5911331176758,82.99800872802734,176.33537,210.29634
271.3556137084961,92.0260238647461,186.55916,201.83821
271.1998825073242,92.94535827636719,190.94069,201.88577
272.4253158569336,98.95370483398438,197.6736,195.63031
273.3218460083008,102.79959869384766,201.66466,192.6768
272.34024810791016,103.6946029663086,201.14604,194.11159
271.0374298095703,97.86327362060547,198.20505,198.82222
268.3428192138672,98.46822357177734,193.55942,197.44234
268.56495666503906,95.96821594238281,191.59335,199.75272
266.8502960205078,91.64607238769531,188.7338,201.7687
264.5327606201172,89.33846282958984,186.81332,202.753
260.6343688964844,84.74179077148438,178.77875,205.27765
281.6337585449219,88.34893035888672,147.21417,200.09816
277.67921447753906,85.40158081054688,126.98428,202.15857
271.0581855773926,72.99705505371094,121.086754,213.52469
266.4241027832031,69.32180786132812,112.806274,216.91089
258.9615135192871,62.686737060546875,116.3238,224.96045
253.4678611755371,54.80133819580078,112.8805,235.56505
259.6952438354492,59.924224853515625,106.93056,228.2511
262.71527099609375,58.80729675292969,101.2912,224.46701
265.9192352294922,59.83123779296875,94.96536,224.37952
275.7184524536133,57.06431579589844,78.046005,226.80826
277.90597915649414,59.05579376220703,73.87487,224.36919
282.9968547821045,62.263092041015625,61.17493,219.0758
285.4470615386963,62.78565979003906,59.823772,219.13998
290.87500762939453,63.222129821777344,58.604294,215.56197
286.02544021606445,62.52870178222656,64.74685,215.68393
289.2131996154785,63.825042724609375,67.133415,214.53217
295.4180221557617,63.49474334716797,64.55098,216.16127
298.56482696533203,62.05450439453125,70.570724,218.41388
294.8851661682129,59.70558166503906,81.14019,222.72879
304.3320770263672,51.63404846191406,80.096466,230.55118
308.0852241516113,50.610511779785156,84.52297,231.33
309.2196617126465,47.073341369628906,95.18598,235.57396
311.2989158630371,49.34931182861328,96.90699,234.50945
312.55509185791016,52.61073303222656,101.92107,233.7958
315.34024810791016,53.89568328857422,97.88634,232.73286
318.3887634277344,62.563682556152344,92.76697,225.9864
317.34754180908203,59.215614318847656,93.372665,229.5045
314.7682456970215,64.201416015625,94.24244,223.2782
316.571346282959,63.53374481201172,92.09217,226.38124
314.4327812194824,64.25792694091797,93.697426,221.61806
315.8920707702637,62.29034423828125,94.10142,220.82977
312.386287689209,59.49669647216797,105.736336,219.2292
309.1106834411621,55.23302459716797,108.21009,224.68282
307.5309753417969,47.16039276123047,105.67963,228.46992
312.7313995361328,38.72044372558594,96.92325,235.52713
311.8984146118164,34.2733154296875,87.96666,242.82385
316.5002136230469,36.820579528808594,77.913025,237.11586
308.03319931030273,43.487518310546875,74.98359,244.7414
310.3301887512207,44.80615234375,74.66091,242.25763
311.9409866333008,51.148345947265625,72.33403,235.8122
308.17160415649414,54.779884338378906,75.984184,230.87584
304.06959533691406,54.07024383544922,82.89188,230.97633
304.48640060424805,51.93669128417969,87.603615,230.4473
285.8734588623047,42.54689025878906,112.248505,237.42215
279.5010871887207,37.481773376464844,117.24813,238.36794
272.70195388793945,32.369407653808594,117.576744,234.4728
281.17963790893555,34.76765441894531,111.473305,211.09702
272.4285430908203,38.20643615722656,84.27316,238.84323
271.9189109802246,44.345130920410156,85.28431,233.44896
278.110538482666,64.0833740234375,80.17571,209.19006
282.7683753967285,78.01498413085938,69.54229,195.1933
281.88727951049805,65.94354248046875,68.45231,186.06802
283.45256423950195,93.86203002929688,66.77938,170.6766
283.5481147766113,91.0257568359375,70.160545,174.44525
283.08509063720703,89.50127410888672,69.66029,177.2635
290.83177947998047,83.65657043457031,64.78862,173.01328
295.97949600219727,72.07169342041016,64.18926,179.95497
303.02502059936523,66.85833740234375,71.71003,180.30347
300.09878158569336,49.65696716308594,77.9087,207.28232
299.67508697509766,49.990570068359375,67.79857,211.72833
301.43151473999023,35.34453582763672,75.25849,226.97755
300.5223503112793,37.577659606933594,70.53245,222.6999
306.3001823425293,32.92106628417969,73.99943,226.66537
320.735652923584,40.767311096191406,82.66053,215.31712
322.4803924560547,43.985816955566406,87.42642,211.4995
331.41748428344727,100.78361511230469,101.10638,188.38803
346.3039207458496,96.5219955444336,94.50501,187.29543
338.4329719543457,60.86670684814453,79.60616,194.55345
333.74705505371094,62.414459228515625,81.39664,192.48401
344.45597076416016,71.16436767578125,74.55412,183.22772
344.0294990539551,69.13968658447266,82.340904,181.07799
336.5228042602539,49.46399688720703,87.53636,194.03874
336.39473724365234,58.050010681152344,86.535355,197.18044
340.5195732116699,49.057395935058594,77.75425,203.41725
348.81623458862305,49.136436462402344,74.70469,203.55031
349.47822189331055,59.49855041503906,99.1497,188.84952
350.37047576904297,67.9919204711914,93.921524,182.37633
350.28314208984375,62.37250518798828,84.52643,190.07353
358.7610168457031,55.704750061035156,64.65576,170.95189
364.9856948852539,68.98943328857422,66.73909,162.62679
365.30300521850586,74.02299499511719,85.97349,171.96323
359.7839698791504,66.6629409790039,96.896385,180.82222
358.18819427490234,66.66151428222656,105.42174,172.07336
357.9821090698242,64.895751953125,106.514084,172.93729
357.3782196044922,65.8612060546875,73.38074,170.40903
363.2035140991211,74.71641540527344,84.80211,159.13614
357.75476455688477,65.79066467285156,71.448784,162.1101
357.38109970092773,69.5069808959961,66.74674,155.36888
353.30393981933594,63.27586364746094,64.08267,161.21814
354.2351875305176,64.33331298828125,62.895287,164.77557
357.2662353515625,64.0675048828125,60.08551,166.47488
354.31800842285156,64.93707275390625,63.81784,166.80002
355.5342254638672,65.16040802001953,64.78021,165.95082
355.5881652832031,63.59046173095703,64.83264,166.7997
345.59922790527344,59.914527893066406,74.89349,166.59038
327.9066352844238,55.86216735839844,92.12243,170.17209
324.5165481567383,54.77911376953125,95.28206,173.31293
319.88177490234375,52.34925079345703,96.98959,177.31792
317.7531280517578,57.99785614013672,99.08612,177.02168
315.49633026123047,60.74553680419922,103.227036,176.7723
315.5874900817871,64.07974243164062,106.26481,176.77148
319.89527893066406,65.77676391601562,102.44336,177.07379
316.7242317199707,65.52416229248047,106.78332,178.83028
315.500186920166,67.11138916015625,109.38772,178.39905
312.36661529541016,65.87023162841797,115.131546,179.67982
315.09947967529297,63.854095458984375,111.108444,181.39447
314.406925201416,59.27833557128906,112.84017,186.91806
309.78296661376953,57.62750244140625,119.37038,189.09222
312.5674514770508,54.77056121826172,116.18141,192.3094
301.57299041748047,55.12879943847656,123.82994,190.444
300.06947326660156,55.008636474609375,111.90985,191.05511
304.15715408325195,55.74848937988281,108.98968,191.39798
311.7776298522949,57.477210998535156,105.4734,193.07909
310.4666061401367,62.43714904785156,108.215805,188.65738
318.9184761047363,69.81171417236328,103.406364,183.91045
316.16938400268555,70.65253448486328,106.35737,184.00786
313.4062728881836,74.75485229492188,109.22746,180.62402
311.04501724243164,77.36734771728516,111.08108,177.50731
313.6394729614258,81.2017822265625,108.26094,171.94397
317.8146553039551,82.19923400878906,104.17492,170.52365
322.4443778991699,86.61285400390625,100.58741,164.31073
321.9301643371582,88.30986785888672,102.24334,160.30629
325.7590637207031,90.83747863769531,101.624664,156.19339
324.9413719177246,90.53498840332031,104.59904,154.81711
331.17736434936523,90.22625732421875,106.5084,152.67065
331.94529724121094,89.06336212158203,108.95068,154.39629
342.07758712768555,87.48833465576172,99.85737,159.83846
348.757755279541,83.04319763183594,94.29305,164.65903
345.4919204711914,79.96102905273438,90.16716,164.0299
347.0501594543457,79.4872055053711,84.730644,161.21873
347.24694061279297,78.33004760742188,75.24065,153.79874
339.6715774536133,76.42488098144531,77.495804,156.344
336.0007209777832,73.95203399658203,79.88,160.97527
337.1310691833496,74.83384704589844,86.422554,161.34589
343.28955078125,78.8430404663086,89.71921,156.64384
347.7714309692383,77.74313354492188,79.78273,157.40845
349.2354507446289,79.3990249633789,60.3813,158.57976
346.65419006347656,80.88428497314453,64.483215,156.75514
346.13647842407227,81.88976287841797,59.63085,153.69673
344.96849250793457,79.5949935913086,57.82104,154.24724
337.98026847839355,79.42841339111328,61.370975,153.31627
332.5833930969238,78.38053894042969,63.69433,155.39969
320.67847061157227,77.96595764160156,69.16747,155.14615
320.8173828125,77.47793579101562,66.21503,153.93317
317.6096305847168,79.11752319335938,74.36433,153.11783
325.1221351623535,78.7380142211914,67.63879,154.38814
322.7508087158203,82.28323364257812,54.6817,153.88739
320.3381996154785,83.1919174194336,56.89193,153.82866
317.8368148803711,86.1541748046875,64.20088,152.78534
323.3005542755127,85.86591339111328,56.225857,152.4056
316.5119915008545,81.54769134521484,55.138584,157.25755
310.33880043029785,78.2592544555664,61.983837,160.6667
311.377384185791,85.24835205078125,69.043236,152.28348
312.8652877807617,81.53577423095703,67.41316,145.26582
307.85498809814453,78.14814758300781,65.27034,135.43054
305.61605072021484,80.87002563476562,67.84358,152.68433
313.6096305847168,88.75288391113281,85.217476,153.96878
312.97315216064453,90.21446228027344,90.37691,145.37973
291.7375030517578,83.89846801757812,101.400604,155.44257
290.17800521850586,87.84355163574219,94.09568,155.33035
295.85174560546875,88.73628997802734,70.47821,156.85448
294.5016174316406,88.55321502685547,64.57092,156.21672
273.356258392334,87.94808959960938,84.40766,158.09558
254.23051071166992,88.14942932128906,105.16416,157.7001
228.71982192993164,83.68309020996094,125.11208,164.80197
215.92168426513672,99.39453125,141.07982,149.16028
202.9724578857422,88.96172332763672,145.72644,160.61147
196.03834533691406,94.02375030517578,160.20374,156.79185
185.22977447509766,106.49403381347656,172.6717,144.29697
182.28485107421875,98.44439697265625,178.02994,154.26672
179.69757080078125,101.42186737060547,166.0723,151.26814
178.78611755371094,99.77516174316406,167.10876,153.72775
186.1998519897461,98.52051544189453,143.4713,155.72472
192.52994537353516,101.31455993652344,128.01393,154.11777
232.376708984375,95.15251922607422,80.18674,165.00832
248.09967041015625,90.99101257324219,79.91623,167.07135
245.73076248168945,88.09368896484375,81.34579,171.3197
243.0315055847168,90.4398193359375,81.95219,170.74219
241.83744430541992,102.86393737792969,82.27946,159.0734
243.62090301513672,103.70903015136719,85.46098,156.67749
246.6412467956543,105.48440551757812,90.123085,155.06949
247.3238983154297,107.02729797363281,91.88577,154.25092
240.4473114013672,115.96849060058594,145.87607,144.99133
239.40290069580078,109.04215240478516,147.98717,151.5013
239.6822509765625,105.95991516113281,144.0014,151.16974
241.20045471191406,106.15583801269531,136.08975,151.02655
250.5368766784668,102.89866638183594,118.779884,152.55078
262.28531646728516,103.2012939453125,107.81438,154.1105
303.26001358032227,99.4259033203125,62.665825,155.7507
306.04949378967285,97.50861358642578,56.23039,159.24724
306.37235832214355,91.34310150146484,57.701786,164.28706
307.0527400970459,87.55865478515625,57.117176,167.60043
303.68226623535156,81.33501434326172,58.437836,173.76524
307.1790370941162,80.82687377929688,57.163776,174.56708
307.9286479949951,79.70500946044922,57.883244,175.27965
311.4319667816162,80.22842407226562,54.696125,176.50018
309.7928829193115,81.89369201660156,55.306904,178.94324
307.4711666107178,85.5677490234375,57.35198,176.43762
286.49592208862305,98.80170440673828,75.16749,163.85628
286.6636428833008,102.57141876220703,84.88939,159.97221
285.65536880493164,118.85924530029297,89.29946,143.40886
276.58414459228516,123.41110229492188,98.843796,139.7746
260.4221382141113,116.32766723632812,113.68786,149.9255
254.20608520507812,116.28263854980469,122.20877,151.81647
245.33753967285156,114.22815704345703,137.31927,153.90218
241.79640197753906,114.14212036132812,139.857,153.15598
236.22975540161133,110.82259368896484,118.48754,155.26805
233.52780151367188,108.06507110595703,123.92667,157.72835
227.61750030517578,102.00933837890625,133.39479,166.2468
227.23777770996094,104.44634246826172,129.50372,162.21208
227.0835418701172,101.82067108154297,113.526794,168.34117
227.6136817932129,98.87970733642578,101.86782,170.93806
230.98531341552734,95.10221099853516,102.95738,174.71992
236.90489196777344,92.72066497802734,100.46106,174.63152
242.04489517211914,91.45906066894531,100.61361,176.94745
237.3050193786621,90.80636596679688,100.61491,177.83969
226.24634170532227,100.31648254394531,111.41964,166.09485
226.24503707885742,107.1864013671875,114.24305,158.71921
228.84637069702148,99.82994842529297,115.429665,165.06444
230.9781379699707,100.83195495605469,117.05755,157.76154
243.14388275146484,96.13492584228516,107.47917,162.5779
250.19044876098633,96.0467758178711,103.0487,162.25383
257.8417510986328,93.48180389404297,83.36951,166.90807
264.41072845458984,87.95675659179688,80.62746,178.9285
274.4483528137207,71.50236511230469,74.448204,194.30237
288.80137062072754,78.03655242919922,60.31193,187.95439
292.4254035949707,71.31440734863281,64.05108,193.29483
293.0741996765137,76.90401458740234,70.76032,188.3633
295.3055839538574,70.92552185058594,76.39454,191.22247
291.6544494628906,80.58858489990234,79.79782,176.79662
289.65436935424805,76.50176239013672,89.35554,180.31343
293.02988052368164,78.70957946777344,86.0527,184.52426
296.45943450927734,89.7520980834961,94.279465,176.57307
298.4285469055176,89.24673461914062,100.8178,176.88538
295.63923263549805,97.21375274658203,111.52509,171.20372
298.8942337036133,100.06222534179688,115.33736,169.34424
298.4528465270996,100.71129608154297,115.0731,166.04256
299.1574401855469,97.76374816894531,107.16055,166.5646
290.97261810302734,109.40291595458984,129.39592,131.80824
287.7692451477051,103.63420104980469,115.440056,143.3367
280.6457748413086,101.14215850830078,111.56862,144.45732
270.26860427856445,102.5411605834961,95.89858,161.50813
264.63434982299805,96.9813232421875,90.7844,178.25146
266.62328720092773,92.85556030273438,84.68134,178.39886
263.77979278564453,93.67256927490234,86.95598,183.4499
237.89534759521484,102.33370208740234,124.18532,167.79286
226.08831787109375,104.78070068359375,135.35498,174.63818
206.79515075683594,101.13218688964844,152.18478,181.93137
203.89519500732422,105.8721923828125,149.11745,181.23846
198.5481414794922,102.19304656982422,157.88052,185.9977
195.38477325439453,104.41866302490234,162.2006,182.7519
191.42071533203125,108.92082977294922,176.02039,182.69075
192.34275817871094,113.35977172851562,157.2443,179.81134
194.97591400146484,104.69572448730469,142.19661,183.11868
194.5964584350586,103.54230499267578,144.03426,183.24199
195.1695327758789,92.11913299560547,130.62584,190.66054
197.79264068603516,84.70530700683594,120.89714,198.42612
207.13687133789062,75.93032836914062,109.86853,205.97083
211.83861923217773,71.9714584350586,91.92683,214.21669
223.9311408996582,67.54288482666016,90.457115,225.42674
220.06381607055664,65.82577514648438,88.15887,225.19916
216.97137451171875,66.51880645751953,104.03253,228.60466
179.76973724365234,67.08172607421875,150.62184,228.76373
217.11527633666992,72.24816131591797,118.38816,224.16035
233.83723068237305,77.3681411743164,109.374916,219.04039
227.42877960205078,79.95388793945312,119.10503,217.32294
228.43384552001953,81.58283996582031,119.11113,214.56393
224.89325332641602,83.08766174316406,122.92565,212.3248
227.35168838500977,79.77522277832031,121.768974,214.08945
235.81484985351562,82.93731689453125,131.69446,213.32819
237.8773651123047,83.38975524902344,133.86356,214.76523
254.68072891235352,83.25662994384766,125.93279,214.77232
270.61931228637695,84.45951843261719,117.49343,214.48862
281.2922172546387,73.21287536621094,104.72788,224.9498
297.7346992492676,69.84029388427734,88.01339,226.40334
308.6592903137207,66.58013153076172,82.16775,231.40352
287.0914077758789,69.18582153320312,109.18346,229.79547
315.6044502258301,70.08875274658203,88.636986,228.72246
312.6577262878418,72.99323272705078,99.512245,228.53642
323.0139350891113,75.4809341430664,90.03158,225.27818
329.39205169677734,78.95816802978516,86.40407,223.02959
317.4129524230957,76.39283752441406,106.479454,225.45895
312.12703704833984,73.70755767822266,135.01546,226.91917
284.06465911865234,69.34733581542969,195.14375,229.55008
280.34513092041016,66.64060974121094,220.29668,228.82278
303.7941360473633,59.893653869628906,151.0512,234.18102
315.267391204834,58.72156524658203,103.90052,234.04515
314.5627670288086,41.877777099609375,80.394424,246.96698
301.0849800109863,53.01024627685547,94.54537,235.46968
286.4629554748535,56.62571716308594,103.10247,231.51254
282.6103515625,68.2905044555664,104.02026,220.60631
273.80588150024414,53.926658630371094,107.9511,231.44478
272.04433822631836,60.906166076660156,105.09931,226.25224
267.1600227355957,35.33526611328125,102.65951,249.18353
263.74523162841797,36.97917938232422,107.53859,246.89876
254.33670806884766,34.87395477294922,137.67912,248.84181
256.0971908569336,35.74626922607422,118.07527,244.7964
259.08187103271484,34.9161376953125,93.10426,243.8186
258.01101303100586,37.80964660644531,91.703255,242.44986
266.9019203186035,37.22515869140625,84.42144,244.54547
253.99699020385742,36.952117919921875,102.82407,243.32764
251.6338119506836,34.455352783203125,114.56789,245.68188
251.5045928955078,33.24250793457031,120.505646,249.23825
260.7640075683594,39.86400604248047,124.20343,239.6562
264.185791015625,42.40148162841797,118.82532,237.69215
273.2072219848633,51.80924987792969,89.37309,226.58365
274.8008346557617,59.509132385253906,78.60506,219.20036
223.57217407226562,67.44129180908203,142.04626,211.23344
213.89041137695312,70.36052703857422,157.39331,209.25264
193.50692749023438,74.14765930175781,181.1275,206.17978
183.3541030883789,74.86515808105469,187.3463,202.6163
181.72669982910156,70.97074127197266,180.69406,206.25957
180.49951934814453,72.22248077392578,194.29521,207.56987
174.52684783935547,65.9908218383789,199.79817,213.02043
181.24358367919922,58.610496520996094,192.7762,220.86073
191.09024810791016,51.38035583496094,156.8701,227.4216
191.8871612548828,35.485870361328125,167.074,244.17444
204.42404174804688,37.31432342529297,113.63696,248.78712
199.8253631591797,51.58488464355469,131.60031,236.43631
204.40911865234375,26.811935424804688,91.96802,262.5571
206.73402786254883,24.98040771484375,84.51992,263.35596
204.40697479248047,66.13304901123047,87.2314,222.50032
197.96238327026367,64.12679290771484,99.24546,224.51595
183.1850814819336,51.93260192871094,155.6216,237.72946
167.02670288085938,51.90556335449219,147.17285,236.55539
150.60987091064453,47.343170166015625,157.54222,237.41302
139.32978057861328,62.749916076660156,162.87682,224.03246
105.367431640625,71.59085083007812,201.20673,219.92108
102.96906280517578,75.2383804321289,217.3521,213.596
103.55876922607422,80.14756774902344,210.87679,208.78946
98.09073638916016,81.79702758789062,234.94273,206.34277
104.04293060302734,91.07833862304688,234.23091,197.13605
107.71455383300781,89.82179260253906,224.24466,197.26486
118.26842498779297,89.11334991455078,201.94649,200.05449
127.05624389648438,88.10123443603516,196.91522,199.49046
142.41146087646484,79.61363220214844,150.93135,207.6583
182.3658218383789,75.37212371826172,120.412704,213.85011
208.28118515014648,72.61177825927734,99.70515,214.11348
210.88016510009766,72.9278564453125,109.59599,213.79694
186.4540023803711,78.5218276977539,144.74312,207.44347
214.41931915283203,81.51543426513672,122.048996,205.86794
218.71229553222656,94.16590881347656,107.004974,192.1589
204.11032104492188,96.93622589111328,123.58844,190.2257
212.1288948059082,104.62051391601562,122.34554,182.04004
215.31154251098633,106.78258514404297,114.55245,180.00423
207.79224014282227,108.20001983642578,121.37078,178.79771
203.2180633544922,104.44650268554688,131.87802,184.02393
190.75643157958984,106.9581527709961,131.38075,181.51332
181.8884735107422,108.80634307861328,141.35696,179.6934
168.76150512695312,109.8736572265625,157.56885,178.46063
168.28144073486328,107.52011108398438,154.77654,181.08032
160.96488189697266,107.23625183105469,166.78874,182.81894
160.23613739013672,109.89273071289062,173.48048,182.06342
161.33623504638672,110.4326171875,167.68764,181.51593
162.8233871459961,116.84893798828125,159.69154,177.54413
169.23400115966797,131.5601348876953,135.71852,164.98001
171.19908905029297,127.18224334716797,152.56044,171.25117
177.81585693359375,96.61022186279297,164.1593,203.50056
183.99888610839844,83.83760070800781,146.03531,213.79434
197.09974670410156,79.30175018310547,122.43088,217.20723
204.77340698242188,83.33116149902344,110.76428,210.67252
223.39302825927734,72.69013214111328,113.699234,225.79588
230.12848281860352,73.1890869140625,109.08019,226.64209
242.21213150024414,75.5297622680664,98.15868,225.81023
245.9394187927246,84.49048614501953,97.10218,219.9334
250.83264923095703,89.50839233398438,85.287766,218.08069
251.9576416015625,90.86575317382812,88.1936,218.5116
253.72126007080078,93.72630310058594,91.64189,218.39468
254.56031799316406,92.72483825683594,92.21689,220.04434
261.0008125305176,90.4577865600586,93.74868,225.08601
