16.0,88.0,19,51
17.055633544921875,88.04554557800293,19.35614,51.62972
18.674145698547363,88.17399978637695,20.059088,52.1399
20.384024620056152,87.91814422607422,19.68558,51.258026
20.98738193511963,88.2800407409668,21.191313,51.1267
22.680938720703125,88.35442161560059,21.872925,52.473988
24.12887191772461,87.84887886047363,22.49659,55.110806
25.34978675842285,88.03401565551758,23.386059,54.943214
25.787405014038086,87.67487525939941,23.754704,54.751614
25.84894561767578,88.45476722717285,27.211258,53.11407
27.956172943115234,88.95634651184082,27.761711,51.793392
28.700407028198242,89.59258842468262,25.210484,49.521824
30.46058177947998,90.53547286987305,24.832926,49.951485
34.22714900970459,90.77929306030273,22.737291,48.933815
35.9326286315918,91.19353866577148,21.708855,52.248238
36.79700756072998,91.03334999084473,22.539637,53.56634
37.74403667449951,91.20395469665527,22.029184,53.928974
40.92653179168701,91.06369400024414,21.151194,53.36387
41.51152324676514,90.93109130859375,21.729883,53.440887
43.29529666900635,90.80402374267578,21.310469,54.299545
45.4614200592041,90.50961112976074,20.960766,54.394184
47.379913330078125,91.07422065734863,21.2715,54.46223
47.62273406982422,90.81759643554688,23.092743,54.579575
48.80599308013916,91.26614952087402,24.60481,53.899464
48.51583194732666,91.26696968078613,27.062376,53.550106
49.29089832305908,91.33654594421387,28.756521,52.84389
53.69205665588379,90.91903686523438,25.441784,51.248383
58.32307720184326,90.36887168884277,22.736322,51.09403
60.01057720184326,91.20684814453125,20.802332,50.825638
62.46344184875488,90.6765079498291,19.711208,51.773174
64.10001754760742,90.06779670715332,19.77874,51.670513
65.30351638793945,89.87722396850586,20.00515,52.564583
67.10070419311523,89.96072196960449,21.31147,52.525166
68.12470722198486,90.09428405761719,21.70696,52.99695
69.33217430114746,89.2119369506836,19.509846,54.6615
70.54339981079102,89.51763343811035,20.70179,54.549877
72.37286376953125,89.45110321044922,21.93834,53.678177
72.23886775970459,89.72639465332031,20.90819,53.338135
73.90447425842285,89.48731422424316,21.121517,53.17494
77.39411926269531,90.01168632507324,18.921112,54.092762
79.00574779510498,91.30286598205566,20.20518,56.169018
80.54985046386719,90.06901741027832,22.011963,55.268887
80.6627197265625,90.32743835449219,23.077484,55.901367
81.73935317993164,89.18461418151855,24.2351,56.018116
85.65853118896484,88.95235443115234,20.7733,55.793365
88.20136451721191,89.35392761230469,20.558086,55.83055
89.49126625061035,88.4178638458252,20.948833,57.13206
91.1788215637207,89.69248008728027,23.317955,56.651432
89.45382499694824,88.37275505065918,28.06258,56.623493
92.89643096923828,89.27591514587402,24.531693,55.332554
93.9222822189331,88.73632431030273,22.922327,56.838707
95.16181468963623,88.8542423248291,24.33874,56.582897
95.78501224517822,87.87174606323242,24.89462,56.56495
100.79593849182129,88.68952369689941,22.664516,52.97749
103.95169448852539,88.89385223388672,21.165657,52.234848
106.32859516143799,88.28843879699707,19.778814,52.76211
108.11666011810303,88.49773216247559,19.44916,52.9238
110.18733024597168,88.78519058227539,19.759296,53.135475
111.09306335449219,88.18265724182129,19.906097,53.059307
113.3818531036377,87.71734619140625,19.444057,52.303864
114.60934352874756,87.26652717590332,20.462145,53.109463
115.55756187438965,87.10462379455566,20.017551,54.165478
117.21190166473389,87.02919578552246,20.10708,54.627445
118.82746982574463,87.74307441711426,20.247114,55.865673
120.68830394744873,88.02422332763672,20.643152,54.59973
120.93485641479492,88.37572479248047,21.777596,53.358185
124.04748630523682,88.12557983398438,21.309233,53.858337
126.45077228546143,88.49133110046387,19.50208,53.798145
127.75766944885254,88.89494323730469,18.952938,54.33423
129.35394477844238,88.74407005310059,20.429317,54.110096
131.37069988250732,89.06438446044922,19.174128,54.070724
133.69161796569824,88.84152603149414,18.284595,54.256187
134.5998182296753,89.46508026123047,18.652582,54.166122
135.26410961151123,88.22810745239258,20.229425,54.56971
136.96639251708984,89.22112274169922,22.339554,53.657974
137.97530555725098,87.90657424926758,21.284908,54.34127
139.26123523712158,90.30660057067871,21.578543,52.788807
139.97387790679932,89.48763847351074,21.94473,53.35947
141.9458236694336,88.61080169677734,23.027817,52.635315
142.19049453735352,88.54014778137207,24.95501,52.73437
142.66028118133545,88.72618865966797,25.572931,52.51358
147.88551712036133,89.30330467224121,22.145912,52.083927
151.7904176712036,88.13222312927246,19.855978,52.40102
154.0196008682251,88.34608459472656,18.338789,52.273117
156.1424379348755,88.45612335205078,18.234762,52.599365
156.90896129608154,88.1771411895752,17.951593,52.583294
157.8071584701538,88.33172225952148,18.779146,52.275246
159.14711093902588,87.99691009521484,18.567305,53.19191
160.95647525787354,87.17852973937988,18.486616,54.43539
162.04332542419434,87.95369529724121,18.465275,54.643894
162.326810836792,87.39214515686035,20.123814,54.49278
163.99581813812256,87.25521659851074,21.954363,53.982044
166.6986837387085,86.72042655944824,20.797945,50.754154
168.55370330810547,87.45963478088379,20.186218,48.239635
170.10674381256104,87.32898139953613,18.872389,39.18713
171.47481060028076,89.35192489624023,18.78943,46.34826
172.83718872070312,88.4586009979248,20.029427,53.885944
173.0716495513916,88.19091415405273,20.304996,54.639046
175.97997665405273,86.6130142211914,18.763046,55.052658
178.24432849884033,87.43848037719727,18.302351,55.106224
179.86258125305176,87.60000991821289,18.4464,55.539604
181.47417163848877,87.9545726776123,19.595884,55.18665
183.47198104858398,87.70500755310059,19.16217,54.09914
184.1361379623413,88.37358665466309,19.386591,53.7271
185.62344551086426,88.55693244934082,21.51624,53.05055
186.85260009765625,89.1235408782959,23.063057,52.751774
188.10261726379395,88.94681358337402,24.561726,52.673435
190.52932453155518,88.31977272033691,23.291227,51.67529
193.3766393661499,87.784912109375,21.310602,50.567444
196.05308151245117,87.37924766540527,19.557495,50.105427
197.93731021881104,88.2188606262207,19.176962,49.83825
199.65439414978027,87.72163772583008,18.09953,49.29148
201.27036476135254,87.0900936126709,17.371998,50.075626
203.05132389068604,86.32812690734863,17.120352,49.684307
203.34094619750977,86.45442008972168,18.003555,51.70815
205.53908920288086,86.72539520263672,18.382034,52.582184
205.81471347808838,86.0976505279541,19.04479,52.909924
208.0485076904297,85.09649848937988,18.685509,53.957043
209.07663440704346,86.15038871765137,20.105146,53.12221
208.81020069122314,86.29011154174805,22.683958,52.124977
211.8278226852417,86.37462043762207,22.663927,53.297832
214.34752082824707,85.47219467163086,22.221561,53.888283
216.8091688156128,85.63519859313965,21.074327,54.54198
218.6696548461914,86.80723762512207,20.199974,53.35307
220.16097736358643,87.1382064819336,18.986494,53.10904
221.95646572113037,87.33545875549316,18.775736,53.250774
222.79668712615967,87.52815818786621,18.940966,53.37334
223.5112657546997,86.86160278320312,19.417494,53.0596
225.75236701965332,86.83076095581055,18.61739,53.324013
227.83723545074463,87.01751327514648,19.86173,53.94288
229.25225162506104,86.39666366577148,20.570242,53.549644
230.29625988006592,86.31882095336914,21.787706,52.940697
232.0913896560669,87.06460952758789,22.356794,51.39431
234.26603031158447,87.02684211730957,22.785162,50.5258
235.7201099395752,87.11606407165527,22.760777,50.970478
236.21863460540771,86.92744827270508,22.87948,50.986946
240.23119640350342,86.6992015838623,20.352297,50.879765
242.06621170043945,86.46600914001465,19.64743,50.76299
243.81913566589355,86.11043739318848,19.195385,51.815792
244.96833992004395,84.76826477050781,18.242023,52.05159
246.32545375823975,84.95779228210449,17.88,52.599857
248.32258224487305,84.65849494934082,17.766052,51.828472
250.2034683227539,84.37065696716309,18.441185,54.23261
251.8485221862793,85.06808662414551,18.997742,53.886486
252.3781032562256,84.41218185424805,20.836514,54.334663
253.37465476989746,84.2327766418457,21.837368,54.46575
254.45846271514893,85.36905288696289,23.309797,53.88108
255.26015758514404,85.82145690917969,24.481981,53.403976
260.2740421295166,86.54995346069336,21.502293,52.401833
263.5510206222534,86.19608306884766,19.319674,52.692703
266.44625663757324,85.85419654846191,16.89143,53.581112
268.2812843322754,86.27895164489746,16.797745,53.45258
268.83674240112305,85.5716323852539,17.788147,53.762817
270.2140111923218,85.99372291564941,17.72198,53.520473
271.1639595031738,85.73332023620605,17.532532,53.840824
273.718186378479,85.66497993469238,17.987478,53.32333
274.0497646331787,85.5532283782959,19.469158,53.473637
274.53379344940186,86.06558609008789,21.202974,52.702354
276.635214805603,85.9762077331543,21.807886,52.521187
278.29346466064453,86.12101554870605,22.478981,51.526234
281.86437225341797,86.58664894104004,21.530785,50.774837
283.94511795043945,87.12441444396973,21.01413,50.5256
286.9700412750244,86.69672012329102,19.624287,50.812828
289.0049686431885,86.83580780029297,17.345158,50.31685
290.06732749938965,86.71099853515625,17.295849,50.051025
291.9189453125,86.8785400390625,18.168785,50.548645
293.3961534500122,86.3049144744873,17.404158,50.215626
294.4874620437622,86.7795238494873,18.536345,49.831623
296.4236545562744,86.19942092895508,18.06377,51.05361
297.97883224487305,86.15878486633301,18.114029,51.09419
298.3901128768921,86.12851524353027,19.03718,52.15436
299.778507232666,85.29045486450195,20.666275,53.7622
299.79423809051514,85.25798416137695,22.282228,53.693443
301.62389755249023,85.73583984375,23.345581,53.293015
305.2588310241699,87.39953804016113,21.3573,52.555187
