282.0,104.0,67,84
289.83127212524414,105.96318817138672,66.3048,81.33653
298.77855682373047,109.07533264160156,65.68904,82.99432
305.1050834655762,111.70120239257812,64.585945,81.98917
309.98837661743164,115.1108627319336,65.4645,80.363815
315.8304023742676,115.84721374511719,66.163445,78.83801
319.3576011657715,114.06568908691406,65.43943,77.6983
318.6959342956543,111.32502746582031,65.37925,79.32034
311.4267692565918,106.73834609985352,67.46024,82.22665
301.7843589782715,101.7624397277832,68.31739,83.43023
292.22938537597656,94.20251083374023,68.92352,86.88044
279.0271110534668,89.26189041137695,69.9799,87.706566
265.4261054992676,83.59046936035156,70.37447,89.5618
254.7181739807129,83.26071166992188,70.105125,87.44653
243.82763290405273,83.0478515625,69.73795,86.37128
231.33139419555664,83.16674041748047,72.70962,86.808
219.70244598388672,84.06035995483398,78.87938,110.4224
210.84654998779297,86.91863250732422,78.597946,99.35304
204.00814056396484,88.43906784057617,78.56041,93.496925
221.60063934326172,93.78255844116211,66.68483,90.753944
232.87638473510742,98.30127716064453,66.976295,85.1031
246.2521457672119,103.24774551391602,63.57017,81.964836
258.7184257507324,106.6702651977539,65.99015,85.39195
270.5569953918457,109.85493469238281,65.9696,82.83203
278.7996940612793,110.14060592651367,66.22871,79.954475
288.5053596496582,112.34801864624023,68.06106,83.57255
297.1129493713379,110.93915557861328,67.8912,82.76338
304.22665786743164,110.08992385864258,66.779015,83.432274
305.4052391052246,106.47811508178711,67.29063,86.541756
302.6437759399414,109.21635437011719,69.530716,85.994385
295.78052139282227,111.3383560180664,74.7069,86.42232
291.86720275878906,110.4761962890625,74.803955,87.1806
284.8007164001465,108.91080093383789,74.82838,89.14037
275.605037689209,106.3044662475586,83.71479,91.36684
263.55669021606445,102.41234588623047,94.45678,92.20613
253.19412994384766,95.10944366455078,98.39009,97.65575
247.32875442504883,86.50265121459961,97.105125,97.78443
244.34039688110352,77.12367248535156,91.13113,100.513855
245.67084503173828,70.80550384521484,87.82185,100.19859
258.76639556884766,65.08246994018555,80.27922,101.364815
266.8089065551758,71.95056533813477,91.4756,94.493004
296.09197998046875,71.10055923461914,82.32303,94.033134
322.70960998535156,73.19213104248047,74.242096,90.13451
339.9886131286621,75.54378128051758,74.01005,87.305046
350.9672164916992,78.30044174194336,72.29262,85.05204
354.1571922302246,82.35938262939453,70.252205,84.997116
345.5320816040039,87.7786865234375,69.58049,82.982544
332.32448959350586,93.10632705688477,68.24769,84.88198
315.0060234069824,101.0947380065918,66.47187,80.456276
292.137638092041,105.91656112670898,66.810646,82.95429
268.0016174316406,108.6679458618164,65.73489,81.528366
243.98610496520996,110.62499618530273,63.156498,84.88032
226.96986770629883,109.74911117553711,63.79191,79.42478
202.0448341369629,110.9433822631836,69.680534,89.13524
186.19248580932617,110.65335083007812,72.69425,87.94046
181.62916564941406,106.35693359375,71.44806,91.65225
176.24594497680664,100.1995849609375,76.06844,87.802124
174.31977462768555,90.48445129394531,77.53913,88.11127
183.57528686523438,77.30501174926758,85.27014,80.64254
202.4059829711914,62.342041015625,84.18413,83.68237
225.0801887512207,48.04031753540039,81.21554,92.758385
248.65235900878906,44.5076904296875,80.316376,95.80505
266.6085205078125,44.75442123413086,91.42334,87.6392
291.4228744506836,45.435508728027344,91.66899,91.39839
301.2807960510254,47.9063606262207,87.571526,95.083855
296.925350189209,48.94646453857422,90.46058,128.35094
291.8574562072754,52.49175262451172,102.90264,109.956375
295.9761085510254,62.45683288574219,108.14013,109.915955
310.8110008239746,69.35940933227539,104.219124,107.155235
330.2984809875488,71.43176651000977,94.67916,100.31692
349.7121467590332,69.03775024414062,92.68966,101.40732
364.4110679626465,61.9835090637207,93.90391,107.259056
378.99277114868164,50.32103729248047,92.17339,110.61305
379.17903900146484,44.3824577331543,99.77434,116.105965
364.7259330749512,37.46520233154297,102.40516,111.222824
347.9146957397461,35.43891143798828,116.16539,114.772934
321.7167282104492,44.75068283081055,134.2838,116.16749
295.34632873535156,49.19412612915039,135.50769,107.53091
271.8728561401367,51.795413970947266,142.58144,111.47863
256.76168060302734,55.70425796508789,128.39708,114.69695
237.84125900268555,62.214698791503906,124.422676,107.75966
223.80062866210938,66.05362319946289,121.16553,109.0252
210.45685958862305,68.16447448730469,112.0557,106.56833
196.19404220581055,68.82455444335938,112.27589,114.92609
184.74161529541016,68.79837417602539,108.120316,113.58004
171.61845016479492,66.79843521118164,106.41032,101.8662
164.4907455444336,62.437435150146484,112.11549,117.93653
141.69300079345703,58.827003479003906,117.25395,106.388016
158.71035385131836,63.03160095214844,114.05329,121.553345
113.91766357421875,53.04645919799805,111.25995,103.81876
106.03415298461914,53.708404541015625,93.024956,101.39929
105.43265914916992,58.91212463378906,97.93659,101.68472
112.54977798461914,64.17936325073242,94.18804,101.372444
126.4631118774414,67.43316650390625,97.42308,97.13376
135.54899978637695,71.78527069091797,101.80834,92.723526
150.60183715820312,77.62548828125,132.46033,100.96921
162.21482849121094,83.42621231079102,128.14642,108.98156
174.95561981201172,87.70904541015625,128.56383,107.857025
179.06378173828125,92.16337966918945,121.56149,103.22314
179.15655899047852,96.14312744140625,120.773796,99.463135
177.00685119628906,98.00225067138672,116.24271,99.219284
176.0252685546875,99.64453125,109.628204,94.74777
175.93861389160156,100.47587203979492,95.170746,95.41474
187.00130081176758,100.46346282958984,81.210045,93.59746
202.40232467651367,102.01632690429688,66.16334,84.090515
219.75265884399414,102.80331039428711,60.139427,83.820076
238.11115646362305,104.22164154052734,60.573494,79.82921
251.9605598449707,105.03057861328125,61.137627,79.82321
274.61265754699707,105.68070602416992,59.949154,78.79856
291.7505474090576,104.77371978759766,62.69852,77.12138
307.33776473999023,104.68286514282227,66.70887,72.48327
324.13078689575195,102.29052352905273,70.10903,72.059944
340.13121032714844,98.45801544189453,67.42667,69.609695
352.52392196655273,96.90713500976562,70.97581,66.88504
360.5838050842285,95.73075866699219,70.8666,70.727875
365.0740547180176,96.56957244873047,65.76476,69.91057
366.63011169433594,98.15145111083984,64.58356,71.98793
365.16026496887207,101.06654357910156,60.036007,74.233185
363.0328598022461,103.04069900512695,60.9796,75.725426
359.9634017944336,103.41645812988281,65.74159,77.59393
361.5064392089844,98.10857009887695,67.56094,81.81866
364.6855926513672,90.45071792602539,72.508545,85.13961
365.52721405029297,81.45059585571289,73.744736,85.62939
354.7683296203613,73.18437194824219,82.65627,89.668884
340.2776336669922,66.66738891601562,89.26703,91.84274
325.6031379699707,64.35348892211914,93.61379,95.03713
302.9101028442383,62.18883514404297,103.0385,102.89778
292.5661926269531,64.71609497070312,104.15817,108.32846
250.41915130615234,67.21755981445312,126.73085,105.843414
241.7085418701172,67.75482940673828,113.328094,107.70332
216.71885299682617,71.94193267822266,118.636086,104.65007
201.6016616821289,80.06987380981445,120.86821,119.87557
186.56531524658203,84.86029052734375,117.61693,115.39072
173.88180541992188,88.10498046875,113.249146,112.26291
162.09439849853516,89.51622009277344,106.989,100.53937
149.8598747253418,88.62997055053711,91.05091,91.672646
137.55536651611328,88.29000854492188,87.20256,87.21564
123.95094680786133,87.65506362915039,85.442955,89.35061
112.28548431396484,88.14048385620117,83.094345,90.13105
105.52023315429688,86.93654251098633,83.69586,92.31661
106.46139907836914,84.8886489868164,78.06652,95.72237
109.69686126708984,86.40667343139648,82.63536,92.99375
121.24998474121094,86.04896926879883,83.44345,93.73107
138.3281478881836,84.64834976196289,86.464005,86.82006
155.37421035766602,85.57511138916016,86.5949,88.58919
166.61162948608398,85.77906799316406,96.65107,98.1297
194.72426223754883,83.98620223999023,92.23571,95.72309
221.5222053527832,81.04825973510742,86.52038,101.7725
243.31074142456055,75.5276985168457,83.442604,101.462
262.1829071044922,65.69813537597656,85.175964,102.51843
282.6372184753418,57.69765853881836,85.58866,102.172066
302.8527641296387,50.99717712402344,85.989876,97.43265
318.6226234436035,44.84423828125,85.905876,142.36258
328.5791893005371,38.78010177612305,85.112495,100.91178
323.14505767822266,37.307823181152344,94.26784,110.99016
318.87952041625977,36.82012176513672,95.24575,106.10643
308.31176376342773,40.609493255615234,92.09632,105.82511
294.3704261779785,40.974334716796875,90.9522,102.81537
284.3470344543457,51.15114212036133,111.805046,127.726524
271.84324645996094,46.94158935546875,112.04932,117.55133
260.2904243469238,64.12765121459961,111.54406,107.65302
247.77768325805664,67.31017303466797,111.6675,105.774124
242.71739959716797,77.16704940795898,109.196,102.28669
216.13943481445312,79.42409133911133,122.51108,103.044
194.24032974243164,80.55591201782227,127.92278,111.253624
177.12963104248047,79.01563262939453,125.92784,112.75835
159.86842346191406,76.08301544189453,100.40469,89.00758
150.21338653564453,73.93134689331055,93.161575,91.90391
152.1935691833496,74.3343276977539,87.85447,93.8123
153.25853729248047,75.52814483642578,82.44423,90.26787
153.32983016967773,77.62982177734375,83.880226,89.76523
159.72344207763672,78.65190887451172,85.001755,86.29857
176.77091598510742,81.67889022827148,86.002266,78.08796
198.63555145263672,79.94627380371094,87.83894,77.76318
226.4636573791504,75.1889419555664,83.8919,72.54268
248.92656326293945,67.7846794128418,84.554375,92.80808
258.51544189453125,56.36805725097656,84.38907,100.26291
246.29088592529297,55.40034866333008,88.816055,95.292595
228.45230102539062,55.08980941772461,87.02829,99.13169
216.9679298400879,53.8530158996582,86.94277,98.93917
214.7590446472168,47.69954299926758,88.70368,95.66372
227.0844612121582,42.60126876831055,88.75625,95.72401
246.8130226135254,39.83719253540039,85.25359,96.18444
256.3160820007324,44.07940673828125,82.50907,95.811005
264.1263618469238,58.94940185546875,83.10973,101.63437
267.52985763549805,77.10783767700195,78.2721,93.12859
263.4845199584961,86.58385467529297,75.5031,91.48146
264.6536407470703,94.10923385620117,66.87244,87.12681
272.1353874206543,97.05001831054688,62.615974,84.298584
279.38037872314453,94.0267448425293,65.63158,82.51658
285.2385597229004,88.83403015136719,69.41088,83.50577
291.58015060424805,82.98196411132812,70.12476,85.19327
280.80445098876953,73.48775100708008,73.19057,91.22567
267.1289482116699,70.36326217651367,78.43601,91.89469
263.44651794433594,60.91112518310547,85.79178,96.28908
262.71619033813477,52.59524917602539,89.62618,95.89672
247.84107971191406,52.75130081176758,93.81256,117.56115
226.53909301757812,50.55746841430664,102.34488,91.83132
216.1451644897461,60.321922302246094,116.69124,108.748825
222.00054550170898,72.62422561645508,100.04804,98.63744
229.40063095092773,77.77703857421875,83.321754,100.28577
241.98450469970703,72.25835418701172,75.498276,97.70024
245.1642303466797,65.61028671264648,74.14227,88.42408
242.04927444458008,62.51243209838867,72.932976,86.44367
232.6697006225586,61.74689865112305,75.52611,81.837074
230.40729904174805,66.27559661865234,66.396706,73.989395
203.2769889831543,72.19085693359375,85.69865,74.180664
192.95790481567383,85.53079986572266,87.77294,91.3015
208.41979598999023,100.33249282836914,96.948586,100.02654
224.6746826171875,100.0042953491211,95.73282,97.160934
245.84958267211914,96.43276596069336,89.03817,99.54459
261.8977584838867,86.24320220947266,86.20433,101.322525
278.06518173217773,69.05877685546875,85.87391,110.34802
290.12339782714844,57.91248321533203,91.82687,104.190475
305.3811454772949,46.43010330200195,89.65983,101.01064
327.23437118530273,44.42672348022461,79.11021,96.353096
330.32545471191406,45.64023971557617,81.37619,98.53657
319.0612373352051,57.91248321533203,81.92278,100.504654
297.34067153930664,73.34542465209961,102.184166,103.97108
278.85010528564453,85.7662467956543,104.97551,99.79276
258.988525390625,90.22464752197266,99.81662,95.667496
246.75185012817383,85.39828872680664,97.575615,96.18194
247.66334533691406,79.42117309570312,81.976105,93.14786
257.83106994628906,75.3942756652832,76.51993,85.46798
267.14450454711914,76.44318771362305,73.835686,88.93113
269.5820083618164,84.39069747924805,71.01967,89.2808
264.99702072143555,88.5152473449707,71.452675,89.03768
253.89973831176758,90.13459777832031,78.16369,88.7702
226.99045181274414,90.26742172241211,87.061,89.78297
200.5116310119629,92.28030776977539,97.566,98.562096
180.5687141418457,97.66726303100586,107.48177,110.06333
174.68854904174805,98.33440017700195,107.45432,108.31368
188.09828567504883,95.40956497192383,94.932,99.54656
206.75128173828125,87.93070983886719,88.84836,101.80682
241.68004989624023,80.04045104980469,75.62504,89.50061
266.6058921813965,76.60334396362305,74.68006,87.58573
283.66332626342773,76.9310417175293,75.467476,91.79612
301.86021423339844,83.01227951049805,73.56949,90.69459
312.67211532592773,87.55233383178711,68.99796,88.6724
309.02502822875977,92.3428955078125,67.41137,84.41565
294.6355209350586,98.93289184570312,65.45741,82.162445
275.2622528076172,105.76604080200195,63.244995,81.18438
253.55179595947266,113.3118782043457,60.200592,80.346214
237.6433162689209,118.23264694213867,62.35065,80.524574
233.2801170349121,115.39591979980469,57.12014,81.32651
230.34515571594238,108.97800064086914,55.756817,80.32934
223.32983589172363,100.81694793701172,63.09019,84.281815
231.55083847045898,95.57601165771484,66.884056,88.87276
249.6473274230957,88.013427734375,66.49372,67.03958
267.52490234375,78.90517807006836,74.583206,77.06565
286.72264862060547,68.1672592163086,77.35327,87.81877
300.8646240234375,60.205814361572266,73.75099,85.237785
294.0159912109375,57.47908401489258,76.58165,87.11178
288.3166046142578,57.994956970214844,72.67232,89.51399
288.0013847351074,63.425846099853516,73.22027,89.43456
297.7669486999512,69.48263168334961,72.41039,87.00294
307.04162216186523,72.52674865722656,75.11462,85.85596
316.1663627624512,67.36953735351562,76.81484,88.799835
323.48167419433594,55.022483825683594,76.19066,90.4413
326.34710693359375,44.56312942504883,73.30153,86.04284
324.259765625,40.236507415771484,75.40056,86.448616
326.00492095947266,45.1938362121582,73.22919,84.3529
326.0504837036133,51.923828125,74.34485,83.42407
325.16588592529297,57.57533264160156,75.23334,84.28259
325.86120986938477,64.51012802124023,71.34266,80.39448
316.76319122314453,67.08815002441406,70.703156,82.69763
316.28258514404297,67.8631591796875,70.32666,83.36719
315.40961837768555,63.80244827270508,71.004845,83.650505
315.10925674438477,51.913909912109375,76.4654,89.974915
321.110408782959,34.50934600830078,76.82842,97.02211
325.5226135253906,23.305530548095703,78.89632,93.85342
327.45149993896484,9.517555236816406,80.49255,93.59819
319.35913848876953,1.5886917114257812,86.28171,92.44234
312.3506393432617,0.93597412109375,90.03186,97.56238
304.13440322875977,2.8827590942382812,90.76173,124.18953
299.0619697570801,8.802322387695312,86.0185,102.46921
296.69664001464844,25.61174774169922,82.43706,118.42537
293.13400650024414,42.663021087646484,80.25407,109.5489
288.26747131347656,56.761878967285156,77.910904,102.693924
285.8151092529297,68.69509506225586,74.2838,96.440315
284.42839431762695,75.8720474243164,70.68885,93.1801
277.7390022277832,84.13059616088867,68.68037,90.265205
266.19086837768555,88.66888046264648,69.78747,88.60761
253.70854568481445,91.83674240112305,71.32035,87.45731
237.80937576293945,92.35244369506836,78.09022,89.205055
212.2249641418457,89.62703323364258,94.84528,99.13018
189.85042572021484,81.78484344482422,97.81256,105.96446
189.34709930419922,72.0390396118164,103.94107,85.24852
200.6065788269043,64.2142105102539,98.29952,97.5681
210.70351028442383,60.84086990356445,102.44819,109.24087
219.4352798461914,53.75516891479492,100.68082,99.56684
234.6501121520996,55.093963623046875,96.18478,98.76276
233.74337005615234,62.5628776550293,101.77985,100.07035
261.6146659851074,108.72952651977539,85.30651,90.47976
275.8851661682129,106.20651245117188,72.83344,84.25983
277.5990219116211,107.0280532836914,67.741,84.05525
242.00374603271484,109.5926513671875,89.15349,85.50122
231.79920196533203,116.89382934570312,88.76442,84.45538
230.30196380615234,34.74905776977539,92.062,107.52691
228.90139770507812,32.43619155883789,91.43414,106.015526
210.27299880981445,38.413047790527344,99.91421,99.3271
196.1913070678711,90.70978927612305,93.686295,108.77067
216.46291732788086,93.12202835083008,77.146126,119.83752
153.9957275390625,73.04371643066406,110.97458,104.73099
162.4548454284668,82.253173828125,124.642586,108.17557
183.54878997802734,87.23675918579102,141.08104,106.6816
220.6249656677246,93.55168914794922,127.90354,101.48146
251.99330520629883,93.27149200439453,107.7839,95.65129
281.40584564208984,93.050048828125,82.01683,91.28613
296.64113998413086,93.9735221862793,68.96613,89.305855
288.99988555908203,98.4389419555664,65.159134,83.519394
275.02842712402344,106.83545303344727,62.246796,81.78237
254.97188568115234,119.89649200439453,64.09427,83.94862
236.65045547485352,129.89914321899414,70.23032,75.142204
237.0168342590332,143.36536026000977,67.288155,80.4902
242.0965461730957,129.8906364440918,69.7971,74.507515
251.74724197387695,106.19504165649414,80.55012,96.954216
278.13439559936523,74.53073501586914,78.15545,99.707695
291.53141021728516,48.965782165527344,85.49844,141.10582
304.6965522766113,27.548004150390625,85.45057,139.98553
286.18545150756836,16.214866638183594,112.35363,135.47835
263.8438835144043,24.621055603027344,125.29357,110.06477
248.74810791015625,32.049072265625,136.88359,104.04147
240.5512237548828,31.713459014892578,97.55223,102.12624
246.07400512695312,31.10204315185547,83.08751,98.38066
251.68841171264648,36.55233383178711,78.615685,99.476906
248.0499382019043,55.48556900024414,81.504814,99.409355
241.16215133666992,73.03669738769531,79.91451,101.46594
238.16482543945312,90.19199752807617,70.99974,93.694405
241.17043685913086,100.2658462524414,68.39898,88.09889
232.5606460571289,99.18378829956055,90.15616,92.53019
251.24411392211914,97.44025039672852,81.22175,82.418205
267.9717559814453,94.86337280273438,76.84166,76.7233
260.6576232910156,84.7201042175293,76.89223,73.267006
225.56641387939453,78.37348175048828,80.303314,81.672104
186.56462860107422,82.2536735534668,101.19641,90.70368
166.2309684753418,92.41830444335938,97.80645,99.939606
159.99939346313477,105.5572509765625,98.04612,89.01114
162.79686737060547,120.71109390258789,100.432526,80.45666
187.22612380981445,125.27825546264648,84.14622,85.62034
202.3139190673828,123.88130569458008,62.884598,78.90487
214.38892555236816,122.5722427368164,56.214565,79.25218
212.96653938293457,120.92723083496094,62.86082,79.424805
193.31015396118164,115.39675903320312,82.424995,82.69696
178.9967155456543,113.07812118530273,87.515465,84.97849
160.56361389160156,103.3149185180664,85.07301,81.49809
151.74983596801758,92.06400299072266,84.60288,72.449936
152.59803771972656,77.37296295166016,78.441666,80.73915
97.74979019165039,72.32699584960938,98.63113,85.750885
