32.0,60.0,68,78
36.80359649658203,65.71581649780273,67.30788,72.13239
42.26767349243164,72.51671600341797,66.70809,70.76085
48.053340911865234,79.58674240112305,66.827156,69.977974
58.140869140625,80.59173965454102,67.34296,76.609886
70.72832679748535,83.31118392944336,63.519848,75.199684
80.97955322265625,86.55365371704102,63.67218,74.87145
89.96605682373047,89.1549301147461,63.04271,73.33223
95.28181076049805,92.0235366821289,66.0369,73.03789
107.82773208618164,95.88571166992188,62.59179,72.3074
116.7919921875,97.29683303833008,62.422546,71.602196
124.32325172424316,98.89103317260742,62.785625,68.70878
133.9504737854004,99.0811538696289,59.046776,66.05379
138.95805740356445,93.213623046875,59.091667,69.538956
143.34219551086426,90.80187606811523,58.282192,67.97785
148.3341121673584,86.9835433959961,58.513477,68.01242
153.36821746826172,86.52159118652344,59.19188,66.89166
159.4855670928955,81.57332611083984,58.939663,67.6066
168.78296279907227,79.3682975769043,59.231194,67.06484
182.50406646728516,79.29048919677734,58.539536,63.017548
199.13715744018555,78.60725021362305,59.589363,65.107796
216.60823822021484,77.5491943359375,56.916977,64.51233
232.22182083129883,77.31527328491211,58.690117,67.04488
247.9619369506836,78.29666137695312,59.539444,66.40924
262.8044834136963,76.58725357055664,62.295513,68.57531
277.410099029541,77.6120834350586,59.26864,67.26201
287.7900810241699,74.79707717895508,59.69761,69.689125
295.78994941711426,73.51850128173828,59.68063,68.210846
299.0543022155762,72.23818969726562,58.482643,68.52458
298.3187561035156,70.68990707397461,59.06964,68.557304
292.37193298339844,71.77639770507812,59.70137,67.76387
281.250244140625,70.27600479125977,59.85849,67.07871
267.783483505249,72.00280380249023,58.348423,65.639885
253.94586944580078,69.8693618774414,60.079056,66.13454
238.730863571167,69.4441032409668,61.910328,67.32397
222.43528175354004,70.64570617675781,62.115963,66.4962
206.37773895263672,72.26364326477051,62.395172,63.190716
186.22592163085938,77.37620162963867,68.08098,66.13784
177.67179489135742,81.9783821105957,64.325096,67.166664
169.30567169189453,84.19163131713867,60.595993,64.59057
162.6328639984131,91.0424575805664,60.01749,92.60248
153.8451328277588,90.96641159057617,61.22845,101.60204
145.2446174621582,92.38057708740234,61.34144,99.96594
136.21660614013672,99.21345138549805,64.96985,89.90722
130.40854263305664,93.80809783935547,64.25797,93.74222
125.39763259887695,95.53577423095703,65.8975,101.16208
121.23999404907227,95.16493225097656,65.097694,79.7856
117.87033462524414,93.14540481567383,64.79899,67.32816
114.83639526367188,92.60738754272461,65.61922,68.99212
111.57425308227539,90.0223617553711,69.07856,69.038025
109.64619445800781,90.46910095214844,68.3553,70.56441
112.24547576904297,92.84818649291992,70.52246,81.901726
120.88391876220703,92.85577011108398,67.48181,71.73693
138.7716522216797,92.26575088500977,61.623825,68.307106
154.4863166809082,90.9768180847168,63.913277,67.18954
176.0738525390625,89.8130111694336,60.838455,65.4928
196.38310432434082,86.96084213256836,58.32951,65.44276
215.13183403015137,86.09880828857422,57.294575,62.92
232.27191543579102,84.46910858154297,57.277687,65.249405
249.6777229309082,84.5646743774414,58.24842,66.61662
263.86804962158203,82.94153213500977,58.40619,68.15626
274.21133613586426,79.77571868896484,62.172955,83.74985
283.0527572631836,75.1005973815918,67.71277,113.791435
291.4528007507324,71.19139862060547,69.37621,132.99448
292.83220291137695,68.91963195800781,76.44227,134.8438
301.47736740112305,65.0141372680664,71.48101,138.2127
304.2342834472656,64.1559066772461,71.307205,134.95236
297.0883445739746,63.43305206298828,76.35116,134.34027
291.9527168273926,66.9771957397461,74.132545,141.0314
284.27320098876953,70.31924438476562,69.39041,129.20421
266.72040939331055,76.46607971191406,71.47274,122.15526
243.37712860107422,82.30953598022461,74.60721,86.16543
219.9949722290039,86.08790969848633,79.37927,73.33527
196.72232818603516,90.29114151000977,80.49933,68.50349
174.69205856323242,92.04582977294922,79.411934,76.83728
149.23363494873047,89.2256965637207,82.7126,84.24439
125.73564529418945,86.27765655517578,84.04577,84.947754
102.79800796508789,79.99442291259766,87.50457,90.5849
84.48213958740234,74.86007690429688,88.47862,93.06535
69.61860275268555,68.23411560058594,91.69715,91.23711
43.84281539916992,66.08883285522461,94.943184,102.48138
26.65502166748047,65.71898651123047,101.40379,102.53525
1.7578201293945312,73.8399887084961,90.56343,82.57068
1.4733505249023438,78.35749053955078,67.00621,83.96802
1.2747364044189453,76.80865859985352,60.363583,76.722664
1.7135124206542969,79.8780746459961,57.197487,70.88016
1.5914077758789062,80.84156036376953,56.110138,71.35214
0.9334583282470703,79.0745735168457,56.282497,70.09873
1.169607162475586,78.97216796875,58.95989,73.823074
2.564319610595703,81.04360961914062,66.93725,69.29085
1.5742912292480469,80.40779495239258,70.518105,75.932045
4.725982666015625,75.83121490478516,77.388,74.7894
4.295207977294922,78.92241287231445,82.915474,70.87168
2.130096435546875,77.90264511108398,82.12622,76.15838
5.428119659423828,80.96160888671875,86.98861,76.60179
19.85816192626953,84.06985473632812,81.813034,72.21666
33.795928955078125,86.02421569824219,76.81952,73.02754
36.2856330871582,88.31219863891602,81.83123,76.847115
63.790435791015625,88.43342208862305,66.114136,82.632774
72.86495208740234,90.88136672973633,70.20683,86.46494
80.96141815185547,91.94215774536133,76.37169,88.30421
99.97302627563477,94.1116943359375,71.768394,87.66225
113.61516571044922,96.659912109375,77.30763,86.95424
137.71294784545898,100.20182037353516,74.205055,84.760284
159.1565933227539,102.3731460571289,72.39821,81.775635
179.02925872802734,104.37472534179688,73.58693,72.37773
198.6174430847168,106.04546737670898,83.46293,57.58294
230.14500045776367,109.77413940429688,65.24546,81.2209
252.78106689453125,110.91363143920898,68.62912,84.34356
274.4996528625488,112.12654113769531,72.921776,82.932236
298.9321975708008,111.13467025756836,71.178696,83.168816
318.20812606811523,109.51845169067383,72.96653,78.942726
334.7672462463379,109.01556777954102,71.38058,75.00782
347.6344413757324,106.2322883605957,72.57432,73.58875
355.5101203918457,102.99328994750977,69.286674,75.33402
357.09747314453125,94.94827270507812,71.720825,81.1555
357.31637954711914,89.23922729492188,74.1097,84.23726
348.6628761291504,84.04909133911133,76.0595,88.775795
334.40021896362305,78.24544525146484,81.5637,86.5838
317.5248260498047,73.23330688476562,86.77066,87.79985
300.70599365234375,67.90660095214844,89.262115,93.63399
283.55312728881836,66.49897003173828,88.87205,91.555145
272.0107765197754,68.65928268432617,94.10839,97.20373
265.5210952758789,75.53477096557617,101.28584,127.585014
261.2228660583496,86.90064239501953,98.5561,130.58115
254.2928695678711,90.58037185668945,102.09389,124.5738
250.79951095581055,91.08795547485352,87.944954,95.53794
249.20524978637695,85.3150405883789,87.92849,103.03653
243.21601486206055,86.22782897949219,99.00898,131.96523
230.62017059326172,85.08439636230469,109.866165,127.79979
211.74460220336914,81.26459503173828,96.15249,79.68973
194.9668426513672,77.98747634887695,84.8562,80.57444
178.25432205200195,74.12872314453125,90.0335,85.55931
171.26063537597656,73.86711883544922,94.77252,81.42963
157.0146598815918,75.70601654052734,89.06568,82.68771
160.69864654541016,78.39168167114258,90.91252,84.33921
172.11502075195312,79.7908935546875,95.82916,85.41112
190.59046936035156,85.47423934936523,92.393616,78.460045
214.0130615234375,88.70958709716797,83.63074,69.61365
231.25054168701172,94.80618095397949,72.70906,60.761677
244.55910110473633,98.7453498840332,76.04101,66.8213
252.08368301391602,98.1854476928711,73.11944,85.77777
254.99434661865234,97.52793502807617,71.14461,78.38323
253.2798080444336,99.90504837036133,72.30885,80.66117
252.10490036010742,101.6511001586914,69.23728,79.67505
249.8232421875,105.96536636352539,64.238495,76.866554
243.97983169555664,107.46957397460938,62.96618,73.86702
240.0019702911377,108.05384826660156,60.935665,69.623
235.0287322998047,107.60150909423828,61.477997,67.65042
225.76610565185547,100.77593612670898,63.2968,63.1538
224.87392616271973,93.71714401245117,61.797695,64.560844
235.75555610656738,89.8849105834961,59.919537,66.017
252.05179595947266,89.36238098144531,54.187378,67.59621
266.4422302246094,86.99252319335938,56.42665,70.207214
279.4952049255371,87.69036865234375,62.286278,110.13046
291.42456436157227,84.8744010925293,63.531532,114.51252
290.4448928833008,79.24434661865234,73.79407,128.14394
296.32998275756836,73.83432006835938,75.09655,128.84262
307.7972717285156,69.68523406982422,65.77617,128.97173
299.222599029541,67.9953384399414,75.42997,141.13728
294.77747344970703,66.5163803100586,78.32651,137.7675
290.60074615478516,68.22106170654297,77.604095,137.83028
292.56193923950195,73.22542190551758,70.31315,127.904076
287.3970718383789,82.98591995239258,71.10196,116.130394
278.31147384643555,95.71918487548828,71.96929,118.401566
274.2832717895508,103.29322814941406,69.54965,111.427704
268.8519058227539,101.09644317626953,70.6579,113.41145
265.92974853515625,97.1473617553711,73.59059,90.45253
250.281494140625,92.91800689697266,95.37715,123.386215
237.51254653930664,84.94535827636719,111.795784,128.67609
226.71775817871094,81.88805770874023,115.5139,124.8314
217.2135887145996,77.74681091308594,116.60677,128.64343
215.6213607788086,87.61785888671875,123.616974,130.9833
203.80516815185547,66.9778823852539,89.64053,84.170425
208.06929779052734,71.07078170776367,90.24515,79.944466
201.41180038452148,72.2592658996582,91.59405,79.34399
180.11671447753906,75.58541870117188,101.326645,82.59738
168.9045066833496,79.34056091308594,101.542534,95.19293
151.4348258972168,88.5052490234375,97.294426,88.3764
151.23122024536133,94.62200164794922,93.179146,84.72926
159.86091995239258,96.06903839111328,89.78535,83.65669
164.81735229492188,92.2377700805664,89.57466,83.1537
165.53076934814453,90.97482299804688,85.90402,80.77338
168.07647705078125,88.93608474731445,81.24727,81.234184
184.84410858154297,92.7168083190918,74.36682,76.739235
197.8160285949707,97.57893753051758,68.490364,67.27236
202.59616470336914,93.4214096069336,74.24363,65.809006
206.93733596801758,90.07579803466797,70.64988,66.83989
209.9356689453125,85.31362915039062,70.57597,69.363525
217.1567611694336,82.26308822631836,68.040985,69.68476
219.31926727294922,76.09034729003906,70.66196,70.60025
220.54173278808594,73.8886947631836,65.5013,61.055008
219.7131118774414,71.78968620300293,66.97504,61.060917
219.668607711792,73.23604965209961,62.44515,67.52973
219.65478515625,72.56572341918945,68.05473,72.47707
221.12770080566406,75.27172470092773,72.23921,73.05442
220.89287567138672,78.0011978149414,73.09622,73.6823
217.00144577026367,77.36818313598633,76.4992,75.55361
214.13388442993164,78.3070068359375,77.806465,74.12137
218.3174934387207,76.10791397094727,77.69645,77.103966
222.4978904724121,74.04243469238281,81.77288,78.716064
233.53733444213867,72.21808242797852,81.31841,82.048
247.3480453491211,72.78518295288086,81.83649,83.94639
269.2831344604492,72.11771011352539,80.57895,96.84194
277.2446708679199,69.17242813110352,79.379875,120.80447
259.7654151916504,69.02029037475586,86.01823,88.623695
248.45412063598633,67.78813934326172,90.61997,90.38194
231.4779052734375,70.97032165527344,91.701035,89.64459
230.28051376342773,75.15892028808594,88.72982,91.11536
236.19053649902344,80.0270004272461,107.89482,122.45201
240.5845069885254,82.53046417236328,92.94639,133.42268
238.2550811767578,87.45385360717773,80.984695,92.367134
221.1662368774414,85.5726203918457,85.62213,93.19314
204.78102111816406,86.29170608520508,85.1021,75.58538
186.34900283813477,88.24876403808594,81.16541,74.932434
170.45810317993164,90.11585998535156,80.42048,82.88565
156.42784881591797,95.3264274597168,78.44446,86.684395
147.86590194702148,100.431884765625,74.197105,96.10547
150.08186721801758,107.90926361083984,71.12559,88.41786
156.22276306152344,110.99576187133789,71.429855,81.48409
164.73891067504883,105.02062606811523,70.302315,80.52619
174.61951446533203,97.66142654418945,70.39676,78.66091
183.53384017944336,91.27124404907227,66.47396,73.29073
193.44207191467285,79.77523422241211,63.435482,76.58091
200.7579574584961,66.56403350830078,65.97751,82.56468
215.84066009521484,61.93804168701172,66.16046,81.19264
230.57486724853516,58.43052291870117,64.7493,78.41935
239.4150733947754,60.15834426879883,65.16328,74.95644
244.3218536376953,63.13518524169922,65.574875,74.58769
244.47036361694336,68.72452545166016,67.28545,75.30867
236.5238151550293,72.0066146850586,72.08837,75.62331
226.33506774902344,76.55693054199219,70.69231,70.64331
209.01896286010742,78.8203353881836,83.92681,76.24162
192.2248306274414,86.24967575073242,91.9133,78.70136
180.12411499023438,95.276611328125,86.16203,78.3136
173.25923538208008,103.59994125366211,87.67652,79.68116
178.18096923828125,106.75281524658203,80.884384,76.2047
182.21436309814453,105.7979621887207,83.30585,78.44872
186.38315200805664,100.61207580566406,82.13615,75.089966
194.7209129333496,93.07216262817383,85.62728,74.66045
203.37437057495117,86.033935546875,83.162834,73.87787
217.5281982421875,80.84512710571289,80.308914,81.01476
221.77228927612305,81.95636749267578,78.03814,82.895676
227.01866149902344,81.9619140625,77.32738,69.413635
230.50128936767578,83.83599090576172,80.41165,101.859116
237.32983016967773,87.31487655639648,80.9847,116.503
241.1463737487793,90.81783676147461,78.12423,110.86329
242.32823944091797,92.44384002685547,77.035645,112.65813
240.98878479003906,92.75855255126953,75.7643,110.689255
228.24316024780273,93.64201354980469,82.77148,106.58951
217.9197540283203,93.97013473510742,66.43187,75.80537
213.51589965820312,98.05904006958008,75.69972,62.290184
207.1667022705078,103.75960159301758,69.433426,55.50759
205.77176666259766,109.93272972106934,61.85254,51.978565
203.22818756103516,117.0106430053711,59.971893,46.663376
203.28558540344238,117.9756088256836,62.680126,49.655594
205.61907577514648,117.03059387207031,69.83941,74.773285
211.59957885742188,109.76131629943848,67.49776,54.502026
219.3148422241211,102.07991027832031,72.67264,61.39247
226.13274765014648,98.85663604736328,76.348045,82.516266
229.5078353881836,95.84041213989258,78.991425,97.59647
224.43033981323242,95.44501876831055,82.89883,98.8037
217.82039642333984,93.73175811767578,80.59598,98.088104
209.5417022705078,89.9157485961914,81.08116,105.35849
198.46974182128906,89.29905319213867,83.131485,108.509575
190.01861953735352,85.14921569824219,84.73463,122.43358
186.5429229736328,79.91352844238281,95.98912,132.46089
190.16199493408203,63.941673278808594,98.52945,113.81015
194.5395622253418,67.42934036254883,100.419914,127.503334
198.14813995361328,65.31534957885742,97.884674,122.97393
192.50581741333008,59.244903564453125,104.84287,129.66054
188.7877426147461,61.557228088378906,112.40555,133.9075
186.93619537353516,60.92901611328125,118.22882,134.66359
179.83216094970703,60.99414825439453,119.7363,139.08127
174.30665969848633,62.76853942871094,121.97144,136.55763
163.4236831665039,64.94122314453125,124.327545,127.53374
151.6427459716797,66.24739456176758,135.72893,122.588326
140.0189323425293,68.88074493408203,108.1968,94.39542
128.59965133666992,71.23353958129883,102.18313,99.02415
124.56845474243164,71.88162994384766,99.05546,101.056885
123.90510940551758,70.95940399169922,100.39262,98.03635
122.36328887939453,63.62029266357422,102.99536,99.89148
130.8091812133789,55.92760467529297,104.312195,100.932465
151.70475387573242,57.799964904785156,119.01534,103.32703
179.51615142822266,58.28632736206055,111.438995,105.18282
197.64069366455078,59.2950553894043,112.48306,126.23275
219.50211334228516,67.45148468017578,96.51553,100.79523
246.47760391235352,78.04225540161133,83.70161,94.59217
262.14189529418945,81.70833969116211,84.37574,105.145775
269.94544219970703,79.94654083251953,86.580536,107.90704
264.8085632324219,77.6002426147461,83.879074,99.68927
255.36503219604492,75.52401351928711,82.62423,80.70318
246.94649124145508,79.54468154907227,94.56913,95.76972
243.34405136108398,82.64909744262695,109.81155,127.57282
241.47709274291992,81.13713836669922,107.327324,131.01181
243.01342010498047,74.25819778442383,90.15552,125.31614
241.89036560058594,77.88359069824219,116.13655,129.56093
235.81044006347656,78.74201583862305,113.15712,124.62997
221.70615005493164,77.25888442993164,97.20344,110.54987
214.15872955322266,75.97859573364258,90.38492,89.71928
204.13211059570312,78.0517463684082,83.41051,77.92704
201.10802841186523,82.50207138061523,80.82552,76.306145
204.84671783447266,87.51807403564453,92.97003,93.97763
222.02813720703125,90.33731460571289,77.68236,93.65046
238.82295989990234,94.5200080871582,70.8808,92.27967
246.29667282104492,97.27058792114258,75.54369,96.62058
249.32870483398438,97.68970489501953,81.12956,96.1998
251.3666114807129,92.23052978515625,76.48185,94.20451
246.67073440551758,86.97416305541992,77.85453,92.11962
245.80373764038086,85.26832580566406,78.42861,93.14354
244.79131317138672,85.42327117919922,80.79224,96.86893
244.81347274780273,82.81177139282227,78.32842,96.596565
230.2003936767578,76.85662460327148,85.23976,70.071465
184.62593460083008,73.98239135742188,98.36161,84.62706
163.27701568603516,73.06047439575195,93.98685,92.14829
151.52915954589844,76.17935943603516,98.91969,93.38373
147.39480590820312,74.93087768554688,99.43526,94.13841
166.9987564086914,74.10400009155273,100.66382,93.36071
190.91798782348633,69.27624893188477,99.27091,85.21644
231.6821174621582,66.12908554077148,91.57743,95.058464
271.31170654296875,62.703670501708984,96.37361,100.28945
287.58506774902344,61.00731658935547,95.35545,97.63992
289.79234313964844,54.96587371826172,91.46364,93.63141
262.8724060058594,57.034019470214844,88.81932,138.41992
215.2606086730957,58.824485778808594,122.71708,129.21176
185.5698699951172,75.69158172607422,119.990005,127.40158
170.05659866333008,92.53418731689453,107.5268,98.99133
164.91435623168945,103.70698165893555,99.35963,81.283104
168.87589645385742,109.17240905761719,99.835655,79.62401
191.9128303527832,106.29931640625,87.418465,101.202286
205.1520004272461,96.04122924804688,79.4346,112.00087
217.78224563598633,87.21737289428711,77.3415,123.688896
237.16522979736328,76.9967269897461,70.78284,92.24115
245.9033432006836,74.32514190673828,68.027985,118.92639
222.80243301391602,81.21677017211914,97.022896,115.37
203.68588256835938,93.62343215942383,104.024155,101.61283
195.7417221069336,100.48809051513672,94.965576,97.80148
193.92882919311523,105.0113296508789,89.06933,93.53415
220.57641220092773,114.24141693115234,69.455986,100.47055
244.48699951171875,119.46427917480469,65.21086,83.878525
266.55857849121094,117.7724380493164,72.88371,79.61667
287.3714027404785,104.83970260620117,90.91758,104.01769
293.66882705688477,91.43552780151367,114.038246,117.1379
326.2114372253418,78.36307907104492,87.9118,93.23403
313.5948791503906,65.1097297668457,76.72206,84.369576
280.3118324279785,66.6865119934082,78.854195,122.95045
244.46406173706055,68.77513122558594,89.4526,104.38771
210.6993865966797,75.27486038208008,99.960526,102.29157
176.7855339050293,81.91166305541992,98.45202,85.641136
149.81898880004883,85.9854736328125,97.49824,87.75148
129.56219100952148,91.50570297241211,81.3785,86.339195
129.21048736572266,99.40705108642578,91.6207,85.50693
137.887451171875,108.0953369140625,84.229904,84.107254
161.76253128051758,123.24188232421875,97.4094,76.87193
197.77726364135742,131.28002166748047,72.980736,74.51541
210.85089492797852,123.83300399780273,61.856087,77.56542
216.01020431518555,110.34745407104492,60.52825,83.20196
188.6035385131836,91.08237075805664,74.847885,78.175606
163.0923080444336,91.04793930053711,76.861404,75.35067
140.2693977355957,89.53746795654297,79.56197,78.54358
124.69580078125,93.00665664672852,83.56726,80.88056
118.23824691772461,98.44445419311523,78.11704,79.1979
123.91748809814453,98.40262985229492,76.92284,80.892204
139.90723419189453,90.3316650390625,75.90221,83.527695
159.09921264648438,80.679443359375,76.44925,85.24654
