146.0,54.0,68,101
127.00760650634766,79.04395484924316,108.269455,54.3437
129.3637237548828,79.97435760498047,106.50467,54.36949
130.22550582885742,80.05408668518066,106.65092,54.527264
132.413330078125,78.85187911987305,106.816986,55.06263
133.63771438598633,79.39750862121582,107.01586,54.10226
134.33111190795898,77.44209671020508,107.08485,55.250694
134.29074096679688,78.51214981079102,109.80707,53.30712
134.4961929321289,78.80951118469238,111.08684,54.120235
137.2203140258789,78.07415580749512,108.43858,55.44025
141.25528717041016,80.15070533752441,107.68245,51.852215
140.4662628173828,81.31725311279297,106.1431,50.728134
143.43002319335938,84.14968872070312,103.06674,49.098267
147.2425079345703,86.45536422729492,99.77347,47.58381
148.686767578125,82.52806282043457,97.74396,51.795162
150.2356071472168,86.61282348632812,101.59611,45.204437
154.33784103393555,87.4576644897461,99.133095,47.39769
159.9911651611328,88.95047378540039,94.45712,47.2358
168.67637252807617,89.92890739440918,90.20423,44.340733
171.24258041381836,90.75814628601074,89.86396,41.446262
173.3057518005371,85.98491287231445,88.03803,43.111626
176.03071212768555,82.57193946838379,86.49946,44.512035
180.4842643737793,82.32485771179199,81.628334,44.28757
184.40258407592773,82.43402862548828,80.293434,44.521255
185.21501541137695,85.74409866333008,79.666756,44.193398
184.5136489868164,91.26306343078613,81.93063,38.576122
187.58329391479492,90.87924575805664,77.85276,44.575386
185.30056381225586,93.89365196228027,77.469536,39.786823
182.1951560974121,95.25825309753418,79.71314,39.87038
184.2883186340332,95.7556266784668,75.63639,42.025764
176.87115478515625,96.30807495117188,79.20885,38.80478
175.76983642578125,95.50440788269043,75.85417,38.223835
169.17682266235352,93.87789535522461,78.70365,40.341698
165.50299453735352,92.54823303222656,79.579216,38.28987
162.9498176574707,88.95877647399902,75.54148,45.084644
156.00601196289062,88.64772415161133,77.89041,43.253334
155.91927337646484,87.73608207702637,74.63338,44.616215
147.9189338684082,85.9698257446289,79.7633,47.91356
140.65756225585938,84.79140853881836,83.20065,48.101707
140.6181640625,85.12493515014648,82.39087,43.78002
138.9994659423828,86.27633666992188,84.49156,42.91362
139.40786361694336,87.99337768554688,83.36065,41.97682
138.7900505065918,89.59022521972656,83.85,42.083786
137.1918830871582,90.22707557678223,85.12177,42.176846
138.46953582763672,88.58685493469238,81.16127,45.227077
136.14157104492188,89.88717842102051,80.25038,43.6965
135.80907821655273,90.39126777648926,77.099525,43.939205
135.4001579284668,88.80997467041016,76.60784,45.318954
136.03907012939453,90.54052352905273,78.383286,42.94732
134.67673110961914,89.54055595397949,83.00144,44.920948
136.0318832397461,87.96100044250488,72.6947,43.987316
137.48760986328125,88.68272590637207,71.84602,44.135967
136.97583389282227,89.2607536315918,73.75022,43.19967
139.09806442260742,90.20505332946777,72.56074,41.998707
141.52794647216797,91.00655746459961,69.3347,42.974297
142.2203712463379,94.23724555969238,66.434044,42.036816
142.56803131103516,95.59959983825684,67.51845,43.43546
142.4749412536621,97.6917495727539,67.26455,42.464447
142.5300750732422,100.54554748535156,68.92061,40.54242
141.92346572875977,100.71742820739746,70.4333,39.23731
142.37550354003906,99.20215797424316,76.35123,37.27113
146.8272247314453,94.36657333374023,71.74094,39.38851
148.76797103881836,90.5409107208252,71.16474,41.130474
151.1231689453125,89.1385726928711,74.510925,40.588135
153.02867126464844,86.50836563110352,75.80934,41.325737
155.90771865844727,84.72289276123047,76.53033,39.456818
156.3561248779297,82.43571472167969,79.918976,39.60057
159.6264419555664,83.39262390136719,79.20207,41.86476
160.44802474975586,84.0776309967041,78.35178,43.109356
161.68116760253906,86.52901268005371,80.902405,43.265476
163.26168823242188,88.2903003692627,81.32158,42.222225
167.56969451904297,89.72626876831055,79.04048,44.662056
167.7941665649414,91.32291412353516,81.35976,38.57756
172.7439727783203,89.96114921569824,76.042694,41.745975
172.33015060424805,90.94873809814453,78.12963,40.074646
174.73523330688477,91.72887420654297,77.836815,39.363266
173.2641944885254,90.07117652893066,77.157585,40.060696
169.1325569152832,89.1676254272461,80.85548,37.50737
172.65746688842773,87.93362045288086,77.12942,37.12658
173.91943359375,87.54665946960449,72.18695,38.558796
170.11586380004883,89.28020477294922,72.06493,38.831894
168.4735450744629,90.78278732299805,72.5469,39.505714
167.47658157348633,92.50610733032227,72.76882,36.68499
163.9526023864746,92.01311874389648,73.44396,37.74511
161.50466537475586,90.5571174621582,74.261284,39.189735
160.54909896850586,90.31788444519043,73.063255,40.097248
159.2689323425293,89.296142578125,70.58639,42.184967
158.9899024963379,87.75824546813965,74.96555,40.831104
159.30072021484375,87.44123458862305,73.47072,40.21093
155.70077896118164,84.08318710327148,75.531975,42.3944
155.95018768310547,84.22270774841309,74.59537,37.217396
150.63289642333984,83.25964546203613,76.04846,37.196667
147.1820945739746,82.92402648925781,75.46841,38.70114
145.74171829223633,80.25738906860352,75.76864,38.339287
147.65479278564453,82.86865615844727,73.33809,40.42907
148.43733978271484,90.07382774353027,73.5152,36.26836
141.97635650634766,91.61854362487793,79.55472,37.829044
145.87594604492188,93.70439338684082,74.42201,38.247295
144.9114227294922,94.12615203857422,73.850006,38.662323
140.94973373413086,94.81016159057617,75.07305,38.572243
143.09922790527344,96.16598701477051,74.152374,37.908916
147.83173751831055,95.40321350097656,69.75532,39.15944
149.61966705322266,93.97154808044434,65.891525,39.7457
149.75091934204102,92.26700019836426,66.81162,39.274426
151.834228515625,92.5938949584961,66.728836,38.53212
153.18178939819336,92.51343727111816,68.457634,37.46406
153.26070022583008,92.04974937438965,70.67498,37.19457
159.07666397094727,93.16540145874023,70.13053,36.705025
162.34554290771484,94.92606735229492,71.073944,36.408897
164.5100555419922,95.01836013793945,70.66325,37.19062
165.82533264160156,93.63100624084473,72.28415,39.034298
164.52872467041016,92.74379920959473,74.10141,42.17033
164.82030487060547,95.03861236572266,74.97481,36.30548
166.2334327697754,92.85529136657715,70.25625,38.47774
165.02751922607422,91.22870254516602,76.22363,41.34028
167.63394927978516,90.96023368835449,75.00661,41.541126
169.1816177368164,91.37085914611816,75.91609,42.058285
173.50124740600586,93.65299797058105,78.42002,35.994663
178.52366638183594,90.82676124572754,72.010315,42.76936
178.7815055847168,88.74267387390137,70.47057,39.699024
182.08483505249023,88.94167518615723,68.5086,44.298443
182.88565826416016,90.77956008911133,68.562195,41.100777
183.38650131225586,93.48148727416992,68.38175,45.351234
184.4833984375,95.77051162719727,67.671234,44.500633
184.94708251953125,98.28345680236816,69.906296,39.778362
175.31027603149414,100.10564994812012,79.72636,37.66271
177.9000701904297,102.62533378601074,84.69325,36.74332
174.94549179077148,94.1031379699707,73.68185,39.013664
180.96816635131836,91.15922927856445,67.77239,43.345924
176.73863220214844,90.43438911437988,70.41548,42.211514
169.70132446289062,86.28655052185059,73.689926,40.808155
169.80017852783203,83.25067329406738,73.9964,41.2525
168.34711837768555,84.3399429321289,75.8386,39.02478
165.74330139160156,85.37725448608398,76.77043,37.9289
162.88601684570312,88.02851295471191,74.86856,40.128628
156.02297973632812,89.1037425994873,77.3544,37.667942
153.84708404541016,90.3206844329834,75.8757,35.37586
152.688232421875,89.67267036437988,75.11302,37.508373
148.09744262695312,90.46802711486816,76.33806,34.292507
148.15288162231445,88.50803756713867,74.97289,39.03457
148.71722793579102,86.6531982421875,75.96096,36.34639
151.07738876342773,87.06027412414551,71.90049,36.049847
143.60672760009766,88.5613603591919,79.74483,31.319265
147.50928115844727,89.37770175933838,77.010155,29.515318
151.46073532104492,87.44715690612793,70.997795,42.608448
154.30081176757812,87.5486888885498,72.88425,36.37653
154.49630737304688,90.10952568054199,74.58833,36.723347
154.54290008544922,93.02426147460938,78.84459,34.100784
156.36243438720703,93.5903148651123,77.31996,34.67464
161.15068817138672,92.18318557739258,73.235275,38.908684
162.65531539916992,91.28289031982422,67.58636,41.393936
169.45084381103516,88.94811058044434,59.16809,49.761997
172.49304389953613,87.56076049804688,63.591732,45.04326
172.98544311523438,85.35371589660645,68.68495,47.041576
174.01270294189453,84.84918403625488,70.84094,44.04336
173.76962280273438,85.30088233947754,73.083755,43.446117
173.98641967773438,88.16084289550781,74.13789,37.183914
179.52337265014648,89.76182556152344,66.71645,49.618958
167.3918342590332,89.76019477844238,81.08521,32.976086
169.25839614868164,92.35330200195312,80.896065,34.75183
170.20669174194336,94.08773040771484,79.09156,34.153473
171.4076271057129,96.62649917602539,78.118065,36.77134
167.59987258911133,98.43313789367676,80.05801,37.415936
166.8002700805664,98.34839630126953,78.171936,36.258987
165.10737228393555,96.85185241699219,80.55392,36.175537
167.8217887878418,97.49615287780762,76.8552,36.985844
171.73411560058594,94.15617370605469,72.142426,42.94316
170.97327041625977,91.39613914489746,74.18755,39.023273
171.50885391235352,87.93113708496094,72.16869,45.494125
164.96871948242188,87.1958122253418,75.25102,45.26313
157.8779640197754,88.24334335327148,77.44985,45.139137
157.20593643188477,89.71366119384766,70.55834,43.525284
160.68414688110352,88.0861873626709,67.838936,50.566746
156.17708587646484,91.63547897338867,67.17313,46.641777
156.80529022216797,92.75593757629395,69.01251,47.85046
151.22378158569336,94.46063423156738,73.96183,41.96519
144.93920135498047,91.72638130187988,75.80585,43.219097
143.92493438720703,91.3480396270752,75.880035,38.17358
140.79596328735352,90.79470634460449,77.46291,38.29717
138.35240173339844,90.62986946105957,78.10007,36.572323
138.35226440429688,90.7582015991211,79.50354,36.1615
142.8703956604004,91.76876640319824,74.039665,34.44019
144.27484512329102,92.50821113586426,75.98165,33.159603
148.74697494506836,93.77446746826172,75.44985,32.010483
152.1727409362793,96.24535942077637,72.267876,33.936863
156.88589477539062,98.32582664489746,64.61012,39.37293
156.4150047302246,101.47592735290527,65.998375,40.354527
160.6694793701172,103.35936737060547,65.86095,38.603104
161.9541244506836,104.73581886291504,66.72107,38.274105
167.89757537841797,104.92052841186523,64.9527,41.47483
169.70691680908203,103.25552368164062,64.77597,40.593674
173.88445281982422,101.93914413452148,57.09053,50.107185
173.26152801513672,98.87630653381348,71.41011,50.422558
169.50306701660156,95.53208541870117,83.10091,34.916206
179.27754974365234,94.91607284545898,73.5621,34.57978
176.8190040588379,93.307373046875,77.851204,36.8237
178.54255294799805,93.0014762878418,78.35436,35.566216
192.4300193786621,92.59414291381836,68.40296,40.486687
195.4802131652832,95.30038452148438,70.855125,37.436966
196.39917755126953,94.67446517944336,72.61438,39.53788
196.61669158935547,95.38855361938477,74.72574,40.151787
202.7365837097168,95.30254745483398,70.19631,41.797523
204.07577896118164,96.47522926330566,70.755806,41.461178
205.05364990234375,96.35788345336914,73.251816,36.819344
206.66510009765625,96.15006256103516,72.54468,39.5959
210.39109802246094,95.04007530212402,69.5323,40.15372
208.70775985717773,95.31851005554199,70.180244,35.202763
203.72118377685547,96.13289451599121,71.85094,40.99053
207.2146110534668,95.81039047241211,68.546715,44.12742
202.23938751220703,97.38970565795898,72.949295,38.70188
202.42723083496094,97.57402420043945,67.45212,39.88317
202.98522186279297,96.40212821960449,69.57913,37.20647
199.55841827392578,94.85823822021484,74.853775,36.344635
199.9052734375,93.52307319641113,74.92987,36.62692
195.76722717285156,93.17798805236816,77.229355,37.1685
195.41578674316406,92.44413757324219,74.62607,37.82933
191.31964874267578,91.77776145935059,76.117935,41.26871
193.05680465698242,95.91777038574219,74.95745,44.684616
189.59027481079102,97.72439002990723,75.12777,40.09463
190.22358322143555,97.23269653320312,73.91262,36.388214
195.0728988647461,96.12338447570801,68.70236,47.51289
193.63798141479492,92.50580787658691,68.79876,52.856167
190.5447540283203,92.69592094421387,67.556656,45.626163
189.98944091796875,90.88737487792969,68.52461,42.737823
188.06558227539062,92.29208946228027,70.77727,39.168262
194.2493667602539,93.65828132629395,67.18588,45.84048
198.07797813415527,92.9651985168457,58.54694,56.48429
193.45294189453125,97.08670616149902,73.66197,50.32329
191.46937942504883,97.85160827636719,75.438255,38.748367
188.54828262329102,98.55704307556152,80.68679,35.295246
197.44957733154297,98.87513732910156,74.111145,36.386993
196.72329330444336,96.54344177246094,74.617775,38.600586
198.1400909423828,93.42330169677734,73.06206,44.10237
202.0415153503418,93.49409866333008,70.31367,51.27108
204.93640518188477,92.47263145446777,69.62362,46.23923
214.71009635925293,90.2318286895752,63.515797,49.682415
218.47852325439453,90.83960914611816,58.15161,50.665386
214.3988800048828,95.75950622558594,72.220505,38.85678
224.62122344970703,97.77743530273438,67.142944,47.22473
226.59111785888672,101.11175918579102,70.992325,38.692665
231.13619995117188,105.99369621276855,60.685547,50.624012
231.77929878234863,107.66622352600098,56.970013,50.44476
226.8913917541504,109.16183471679688,67.812645,45.146057
234.2092342376709,109.92298126220703,51.3223,49.24008
237.14251136779785,110.52888679504395,53.123684,49.13261
238.8084373474121,109.87358665466309,54.04516,49.513187
241.65624809265137,110.18109893798828,54.326374,50.89215
239.2090549468994,110.08897018432617,53.621,51.753212
236.79693984985352,109.71118545532227,50.892708,50.711494
232.12337112426758,105.49381256103516,57.430275,52.627487
233.2577362060547,105.58925819396973,59.30887,54.035168
228.77123260498047,108.6922550201416,58.355743,53.79881
228.2174587249756,108.43903923034668,59.188587,56.149982
223.29106521606445,107.57105445861816,58.31919,56.743374
218.53985595703125,106.60686111450195,60.910583,57.5272
213.78703689575195,100.34502220153809,65.2806,61.85532
203.17008209228516,99.29700660705566,78.048325,55.070965
203.29445266723633,94.47440719604492,73.474144,50.9526
210.1834316253662,91.92206573486328,62.543278,57.8618
208.09172821044922,83.31776809692383,64.438034,57.83094
209.7832908630371,81.78593826293945,70.87856,54.959953
216.65245056152344,84.75068092346191,69.823044,53.33491
223.2011013031006,88.7981948852539,61.54775,56.815018
226.28834915161133,94.62627029418945,65.830894,51.928947
228.84261512756348,98.07512855529785,62.26225,55.01591
228.83116912841797,103.65442657470703,75.72418,39.82051
243.7583713531494,105.31539344787598,60.237057,50.28039
248.45474815368652,105.59012413024902,63.160267,55.119617
250.20016860961914,99.28933334350586,65.94015,56.52076
243.30037689208984,91.65207481384277,72.59462,50.451633
249.28586196899414,84.28891181945801,67.897835,59.004223
257.61228370666504,80.9918155670166,60.609585,55.966717
256.29612731933594,69.28292846679688,62.4973,59.020187
257.3939609527588,58.985422134399414,60.772808,60.365658
261.2784175872803,68.22519493103027,58.073383,59.494785
257.03776931762695,76.10513114929199,60.54621,49.812122
251.71677017211914,68.76662826538086,65.763695,51.023476
253.42976760864258,80.88715171813965,63.475975,46.55196
256.0288276672363,84.88138961791992,59.57966,52.449043
255.84589958190918,85.1863899230957,62.224003,51.376106
256.2939624786377,83.99538803100586,61.829205,50.84562
254.41513442993164,84.11010932922363,60.47242,49.75648
257.60562896728516,84.1306037902832,57.853134,47.79055
254.57528686523438,83.4005184173584,62.062332,40.280415
258.5478324890137,82.93247032165527,55.879433,45.90923
255.7577247619629,82.7680435180664,60.13186,45.594315
251.9893798828125,80.14835357666016,64.465775,51.055634
249.31581497192383,78.27204895019531,67.77241,48.579315
249.70285034179688,77.97233009338379,68.47548,55.478207
253.7176628112793,78.04792213439941,65.23376,56.73199
255.47495651245117,77.60030937194824,61.708443,58.02428
251.5884132385254,77.74210357666016,65.093864,57.985397
252.7687225341797,77.3658618927002,65.760284,58.68475
250.85492706298828,79.24333190917969,67.43463,57.50702
244.92627716064453,80.6337947845459,73.607285,53.33507
247.59128189086914,81.7533950805664,70.38723,46.57579
240.99369430541992,80.8081111907959,76.32778,47.174732
239.72421646118164,86.45336723327637,77.60128,41.43352
230.08192443847656,87.09379577636719,72.42122,43.715515
226.06993865966797,88.33871459960938,69.20021,54.106216
219.78746032714844,88.18505096435547,77.53876,42.020325
212.14312744140625,87.58586120605469,75.65744,42.20906
213.4942283630371,90.20233535766602,63.877205,50.087395
206.80841827392578,88.44798278808594,67.03439,53.421967
203.33269119262695,88.30355644226074,68.94279,53.144352
201.6198387145996,87.51221656799316,71.50085,48.964413
199.64176559448242,87.4257926940918,74.34359,50.65142
192.84429550170898,89.74786949157715,82.79801,42.835316
192.36692428588867,85.89134216308594,73.051476,57.32608
190.19298553466797,87.05253791809082,72.20476,52.828365
184.73583602905273,89.2122917175293,77.96752,48.676613
184.59442901611328,87.55246925354004,66.67883,59.596355
178.5028305053711,85.87102127075195,71.19316,57.290154
171.71977996826172,84.22567558288574,75.14154,52.828922
168.93253707885742,83.71905899047852,64.793175,55.73443
157.26121520996094,79.51628112792969,68.58699,57.847275
148.09392166137695,75.84738349914551,72.661995,52.684856
142.42554092407227,74.22975158691406,69.652534,56.726868
140.86625480651855,74.37858009338379,58.14847,55.66894
135.60772705078125,71.97541236877441,64.2408,58.57118
131.11661529541016,71.34636306762695,64.200226,58.559227
126.95845413208008,74.11019706726074,66.008965,54.34006
123.10018920898438,74.48896217346191,73.02165,49.15933
126.77284240722656,77.4628849029541,66.91823,50.258694
128.13486289978027,78.96615791320801,61.78142,51.931026
127.5895938873291,79.64044761657715,58.80189,57.929996
125.02369689941406,82.0690803527832,63.584076,55.344353
127.33294677734375,82.19170761108398,68.87285,46.818306
128.33012008666992,82.41004943847656,67.357506,46.203094
132.69643783569336,84.25534248352051,62.42565,49.311703
131.02210998535156,86.48741722106934,67.303604,43.81821
133.8699722290039,86.2592830657959,63.88739,53.771152
136.9947624206543,86.1045093536377,66.90887,49.892742
139.27339935302734,85.4076919555664,72.36221,44.413696
143.82831954956055,84.68965339660645,75.44697,42.326992
146.18710327148438,88.72663497924805,80.11354,38.909904
153.0519790649414,91.12064743041992,77.017944,39.94982
158.61703872680664,89.2579288482666,71.554634,56.082195
158.38496780395508,87.34124946594238,74.1435,51.182095
162.00053787231445,82.89879608154297,72.594734,49.54521
158.55981063842773,75.7899055480957,72.93093,48.224205
154.47813415527344,74.92324447631836,76.06474,39.72782
157.38983154296875,70.90665817260742,75.47496,40.323708
156.04471588134766,67.92105293273926,77.624435,42.570705
157.44926071166992,75.26934623718262,69.94906,49.24747
150.0840835571289,81.15417671203613,84.0264,33.19212
160.43724060058594,90.2767505645752,76.06619,40.105022
163.70195770263672,101.34782791137695,84.3828,32.36518
173.50712203979492,105.84528541564941,73.79095,44.341076
170.96498107910156,114.14295768737793,84.200485,36.10262
184.41806030273438,119.16936874389648,72.4431,41.164375
190.74123764038086,121.60198593139648,65.66422,50.063393
192.78410720825195,120.09814262390137,75.2542,39.807224
198.21095848083496,123.41334915161133,63.47527,63.053154
197.0148811340332,124.19515419006348,71.881584,46.403835
205.04669189453125,124.72512626647949,58.582504,63.822697
199.2819938659668,120.30596160888672,67.75317,66.25096
200.86968231201172,120.39640235900879,68.95093,63.09968
197.5408535003662,115.74638366699219,57.052753,64.34042
198.57760620117188,112.26803970336914,61.93524,61.398705
189.0947093963623,105.06187057495117,62.254948,62.307594
184.41314697265625,101.10012435913086,62.381332,59.350014
182.66840934753418,97.81123352050781,63.714893,55.488617
168.05430221557617,89.06904411315918,72.14965,42.91042
173.6137351989746,89.71927261352539,63.23063,44.24093
173.46073532104492,92.1444206237793,55.601204,53.17901
173.28339767456055,93.90873908996582,49.67875,52.170315
163.1624240875244,93.07682800292969,63.91586,53.662903
161.53969192504883,94.95088577270508,64.33349,53.751472
163.75592231750488,100.25234413146973,60.326565,45.357082
160.95215034484863,100.39315032958984,61.0012,43.13623
161.82086181640625,100.2707462310791,54.240356,45.058346
159.8634090423584,101.53516578674316,55.51058,40.72227
160.26386260986328,99.89563179016113,51.68933,46.77792
158.6109733581543,98.95990753173828,55.24688,42.47603
159.04207611083984,96.57305335998535,54.407578,45.021343
157.5842628479004,94.26675415039062,59.32891,37.864075
162.34487915039062,96.20338249206543,50.21129,43.91811
159.62434577941895,94.5339241027832,55.75041,36.187233
165.63103485107422,92.56487274169922,51.464813,39.12111
165.43976593017578,91.27370071411133,52.137756,40.568275
158.11958694458008,94.86575889587402,62.68621,35.02686
179.58781623840332,96.31366729736328,51.208233,47.055756
187.16228866577148,100.8433952331543,49.112343,46.350746
191.90932846069336,101.67319107055664,51.38996,48.85401
195.69511795043945,104.95318412780762,52.012413,45.93288
199.5051727294922,98.31030082702637,67.77669,41.696613
204.90124893188477,94.69571113586426,71.04398,36.600613
209.14202308654785,96.70167541503906,61.098095,37.874054
208.84306526184082,95.70969200134277,54.695614,44.007786
205.2869529724121,93.33796119689941,52.42411,46.347744
202.04289054870605,91.61873817443848,52.033817,45.497555
194.41598510742188,92.54972076416016,57.196198,43.416977
197.50557327270508,87.83636474609375,56.72103,47.318985
202.22386741638184,91.68261528015137,58.869205,41.300785
202.12675094604492,94.34535789489746,47.49479,44.1182
203.93346214294434,94.10708618164062,51.5842,45.60399
199.1922836303711,96.2786922454834,48.865265,45.882206
201.39713096618652,94.20173263549805,47.510532,47.26815
195.59341049194336,96.40968132019043,47.83744,46.10007
195.57972717285156,94.27179336547852,46.95636,47.47077
186.77364349365234,93.12833023071289,49.005447,48.011284
191.2636489868164,87.036376953125,51.99594,51.097076
188.7086296081543,83.23336601257324,58.514534,50.249043
191.4552345275879,71.48672103881836,60.306953,59.757835
186.14105987548828,76.7657299041748,64.04259,54.120304
188.56392669677734,83.24077796936035,53.115967,50.100857
191.50493812561035,86.8790111541748,50.0256,49.038044
188.4436378479004,89.76838684082031,52.721214,49.651627
191.23171043395996,90.87151908874512,48.25562,51.24854
191.78130912780762,97.70932960510254,47.548115,47.50117
190.20344352722168,97.34806442260742,54.35117,47.745262
190.70163917541504,97.79318237304688,52.452755,48.396057
190.322904586792,94.82820892333984,57.62891,50.453934
191.1056365966797,85.78558540344238,62.59912,57.62939
189.1983299255371,79.77593231201172,66.96841,51.942703
191.148775100708,90.5207691192627,62.050762,49.731808
191.6306266784668,89.22815322875977,57.26272,50.05677
195.82216262817383,83.59441375732422,56.37786,55.581085
195.68770599365234,85.36438369750977,58.134415,53.620064
204.5214786529541,88.66114234924316,55.697308,54.51588
210.88678169250488,95.27194023132324,55.80798,42.5342
215.48924827575684,100.21758460998535,53.240376,41.0516
217.7902946472168,103.99276351928711,49.231133,39.124123
219.11011505126953,104.85747146606445,48.374832,38.97863
218.1183567047119,108.75389099121094,47.78358,34.82791
218.92890167236328,110.27639579772949,44.475327,45.416172
213.73345756530762,110.20454597473145,43.586384,43.995388
205.59549140930176,102.69121551513672,47.845608,39.429565
201.13199615478516,105.32660675048828,45.71248,43.29274
197.6539707183838,102.16331672668457,44.053143,44.38786
184.73389434814453,87.38692474365234,51.158386,51.93875
173.28858184814453,62.902090072631836,66.40985,61.29189
173.63941192626953,62.047508239746094,64.072525,65.70793
175.67939376831055,67.53658485412598,66.329384,58.85487
179.69920349121094,69.03804397583008,68.10422,57.58303
185.38164138793945,79.84321594238281,72.641106,50.895813
188.3285026550293,82.06961631774902,63.89617,56.118793
192.30048370361328,72.47796440124512,61.616486,60.25983
192.8935546875,74.12017250061035,63.803833,58.861416
191.87716674804688,70.41605186462402,61.82434,62.30303
187.25018310546875,70.11311531066895,65.3801,61.811977
181.6444320678711,68.02566337585449,62.951813,57.27193
179.56829643249512,68.05443382263184,63.217945,56.39551
174.23069190979004,67.20380020141602,61.498104,57.160362
168.7751808166504,66.99529838562012,63.025795,60.582645
166.76236724853516,85.23141288757324,63.929886,46.881657
167.08662605285645,90.75413703918457,58.625957,44.056652
162.93145942687988,90.10678482055664,61.99087,38.98754
160.23509788513184,89.6974105834961,63.942814,39.064865
159.46942329406738,80.9282112121582,58.938625,47.53016
156.88005256652832,85.50293159484863,62.521374,44.227123
164.5446434020996,87.70182228088379,48.171684,43.974895
167.54933166503906,85.03862762451172,48.267746,39.11734
164.31085395812988,81.55483627319336,52.102047,42.027077
170.4395236968994,76.95769691467285,48.500378,46.596188
173.14383506774902,76.45730400085449,49.06032,46.520542
176.94309616088867,79.2939453125,47.185555,46.82721
175.93355178833008,81.69495391845703,47.786476,48.999344
175.79322052001953,82.94256401062012,51.54959,50.37186
174.89130783081055,85.26800537109375,49.487953,49.263046
168.2630786895752,87.49861907958984,52.366024,49.20929
159.97864723205566,86.37529754638672,54.61894,48.824036
154.24085235595703,83.31842803955078,53.767456,50.230896
147.7510166168213,80.36846160888672,52.348248,49.03009
141.17358016967773,75.84922218322754,52.144585,48.851543
136.0516529083252,70.76727104187012,49.791134,50.81229
131.88486671447754,65.81218147277832,52.049633,50.255795
130.17560577392578,63.723289489746094,50.559784,48.98645
126.80504989624023,62.8692626953125,52.65261,48.484177
129.37979125976562,62.920427322387695,49.477005,49.265102
130.69648361206055,63.922542572021484,50.146492,49.69268
132.80652809143066,66.26181983947754,49.088406,50.255566
135.2124366760254,68.71345138549805,49.734932,49.592827
140.5437183380127,68.29401206970215,49.248623,49.67873
140.51089477539062,69.11583518981934,53.74234,50.165928
142.72236251831055,71.99341773986816,55.022346,48.608273
147.0322780609131,71.73142623901367,52.116993,47.101585
150.8876838684082,70.70458221435547,57.09101,51.774063
152.51378631591797,69.42949485778809,56.537384,52.75382
152.64598083496094,67.92116355895996,55.441055,54.513905
150.95888900756836,66.42114448547363,58.777916,57.493954
152.98627090454102,72.17290306091309,60.246666,54.979557
150.38387298583984,70.60726165771484,63.842743,59.16252
152.77040481567383,74.39737319946289,63.857277,59.17115
155.14459228515625,78.29485893249512,58.18387,51.47591
156.67412757873535,78.21345710754395,59.312283,56.625256
158.3195571899414,78.80216598510742,62.967484,51.242897
167.02002716064453,79.58078384399414,53.836212,55.18522
164.34142112731934,77.47385215759277,55.460804,53.262333
160.67867469787598,62.39459228515625,60.236736,61.435745
164.94047164916992,67.4838924407959,58.298073,48.266087
166.5414276123047,65.7081470489502,51.975494,56.115124
159.4831085205078,62.98782920837402,57.867645,59.55994
159.06030082702637,71.58062744140625,58.865147,52.719086
159.92024612426758,72.8624038696289,51.86927,57.364532
157.18734169006348,73.21854782104492,55.360317,58.001076
154.6375904083252,72.22700881958008,58.74795,58.344154
162.58342933654785,76.48392868041992,54.449047,56.082695
159.3555850982666,71.40971183776855,55.241894,58.68108
158.54417610168457,67.86384201049805,58.12057,57.704323
168.16184997558594,69.34189796447754,59.032974,50.168056
173.75485610961914,68.4166431427002,54.124825,50.685925
172.09858512878418,50.94803810119629,57.354435,52.297955
174.2349395751953,71.76497459411621,68.121414,45.681614
188.87711334228516,76.00101089477539,54.31711,53.09565
190.074800491333,77.89766693115234,52.092556,52.876465
189.46117210388184,77.15538024902344,51.394047,53.296463
185.98925018310547,77.63249588012695,48.864853,50.72254
183.1370792388916,72.83980369567871,48.3775,54.064716
181.67288208007812,73.05444526672363,53.562927,50.583096
184.97235870361328,70.66011047363281,50.50595,53.46698
183.03928756713867,69.30556678771973,51.42713,51.914867
187.70357704162598,70.92062187194824,48.99432,50.35979
189.48159790039062,66.34522819519043,56.871902,52.918446
195.3109016418457,68.16033744812012,50.894066,52.46906
186.3940200805664,70.26027488708496,55.839798,50.1534
186.64639472961426,76.69018936157227,55.977932,52.173164
185.07768630981445,81.20537948608398,59.594154,51.013664
180.53248596191406,90.13666534423828,60.875824,49.582565
171.8747844696045,92.27502250671387,57.88944,49.97051
162.92722511291504,88.26907730102539,54.34065,52.070168
151.1822509765625,82.84479713439941,56.555634,53.111507
141.88661193847656,76.54047393798828,54.729736,53.01271
139.7179946899414,71.43218803405762,54.36476,54.512318
136.60465049743652,68.8682975769043,55.00121,52.9759
134.84628868103027,64.89055442810059,55.991886,53.717793
135.31352996826172,66.77263832092285,59.59018,53.71594
137.3646697998047,71.3002700805664,54.99652,52.701523
136.96760940551758,78.00475311279297,64.226036,45.6494
138.60707473754883,81.4349365234375,60.23481,52.072235
141.34298515319824,87.7928524017334,56.59746,51.131657
141.7398796081543,91.12453842163086,53.165886,52.814064
142.23037338256836,91.3709545135498,55.17449,53.64722
145.6177806854248,87.74983024597168,55.550648,53.61098
147.51061248779297,82.09352684020996,56.387833,52.031086
150.5460433959961,79.55866050720215,55.96599,52.167866
153.12434768676758,79.61128616333008,54.45437,52.944054
152.38242530822754,79.90561866760254,58.726315,51.602566
153.90320014953613,80.94132995605469,56.623074,52.965332
156.13380813598633,85.44558143615723,61.146263,50.670727
156.34028434753418,88.6746768951416,58.68259,53.18574
150.6744384765625,92.96076583862305,59.574036,50.707344
149.35376358032227,94.55039405822754,59.619408,53.348537
146.87466049194336,98.31388854980469,59.220848,51.63214
142.20330238342285,96.64689445495605,57.653652,53.606297
138.30860137939453,94.26005363464355,55.937317,54.786564
135.9240493774414,92.90359878540039,58.652466,51.237312
129.3266429901123,85.95461654663086,61.073887,51.875023
136.60754203796387,83.1776008605957,55.40819,50.493355
131.1772575378418,74.2874927520752,59.582832,53.032803
133.55388832092285,71.77591133117676,59.029995,56.08276
134.20353889465332,71.72885704040527,56.634,56.444416
132.57158088684082,75.75164413452148,60.083355,54.174232
134.99185371398926,79.87268829345703,57.678097,54.063232
135.10217666625977,84.17855453491211,56.384407,54.574165
137.38573265075684,89.29180526733398,53.281208,52.876762
135.97852897644043,90.06051445007324,55.58904,52.36423
130.66821670532227,90.38610458374023,59.834557,54.092735
133.5699691772461,89.86507987976074,55.739807,54.98572
132.74984741210938,88.94785690307617,59.97203,53.054756
131.871919631958,88.91949462890625,61.900967,47.546158
140.18971252441406,82.38827705383301,60.062637,51.362316
149.10215187072754,79.46095275878906,60.312283,50.903427
149.1489715576172,80.6315689086914,72.039154,43.010254
157.04262161254883,74.30162620544434,63.697823,54.4605
164.37385177612305,79.51813316345215,65.81638,47.696278
167.81553268432617,83.18557357788086,69.87745,46.123573
173.69867324829102,82.71323204040527,67.8007,56.71262
