213.0,121.0,21,95
210.57260513305664,117.36251831054688,23.953453,96.985245
205.77939224243164,116.72909545898438,29.798256,96.03763
203.2961196899414,115.33367919921875,34.53206,95.27974
202.00231170654297,114.31771850585938,37.651016,94.4655
193.6758632659912,112.71264266967773,45.36553,95.57635
192.13348960876465,111.49084091186523,45.712757,96.178154
196.05648040771484,110.02261352539062,39.006668,97.19896
199.76089000701904,109.18257904052734,31.85499,98.33411
205.05636310577393,108.5182991027832,25.342047,98.19868
206.62294006347656,106.22709274291992,26.10048,100.045494
210.9962682723999,106.33159255981445,24.719545,99.93395
210.03195476531982,107.00494003295898,30.361917,99.10413
208.60360717773438,107.49379348754883,35.75621,98.81283
205.2236099243164,108.91709899902344,41.19278,98.74069
199.84955024719238,108.83157348632812,47.549603,98.56314
198.45791244506836,107.50760650634766,51.62481,98.94319
197.0267791748047,106.97705078125,51.85927,98.49332
199.70341300964355,105.35062026977539,46.56679,98.9309
203.4444522857666,104.56733322143555,39.538754,99.32853
206.48929023742676,103.38774108886719,34.26521,100.86514
210.78590965270996,100.8520393371582,26.405033,102.418755
211.9647674560547,100.39605331420898,25.33928,102.61793
212.06568336486816,99.84772109985352,25.741222,99.99726
214.83577156066895,99.51960372924805,26.718243,100.277824
212.04167556762695,99.8997573852539,33.18537,99.75409
209.04593467712402,100.31837463378906,40.01154,98.57442
205.29386711120605,99.97340393066406,46.716053,97.457596
202.54430198669434,98.77148056030273,50.775455,98.52929
204.89519691467285,96.73439025878906,47.089596,98.00206
208.52398490905762,95.43342590332031,38.159992,99.08159
211.6393871307373,95.14783096313477,33.19121,98.20197
217.19921970367432,95.97948455810547,27.728254,98.5715
218.2639455795288,96.69654083251953,27.711977,99.646454
215.2924566268921,96.2188606262207,31.460009,99.21662
213.56969261169434,97.02226257324219,33.54247,100.532455
209.1482448577881,96.96943283081055,40.815815,101.69671
205.88919258117676,97.21197509765625,47.37985,100.56056
202.9410514831543,96.46160507202148,54.59977,101.28091
204.34193229675293,95.81305694580078,56.681736,101.45767
206.62714195251465,96.88897705078125,51.999256,98.524796
208.79269790649414,99.77647399902344,46.17736,100.99226
214.03309631347656,100.85381698608398,38.79547,101.406456
218.50054550170898,103.48926162719727,34.87104,103.64033
220.51024913787842,107.03721618652344,29.242044,102.20982
220.1331434249878,106.71578979492188,28.486673,104.1671
216.2099151611328,106.97626876831055,32.183044,102.45156
207.01214408874512,109.75766372680664,43.04636,100.200966
203.1926555633545,110.31692886352539,48.125797,99.45286
200.07882690429688,110.66080856323242,53.276184,98.90243
196.75559425354004,109.80326080322266,55.57472,99.17096
193.42609977722168,109.52113342285156,55.384953,99.35341
193.19397735595703,107.67618942260742,51.27623,98.93743
192.1990566253662,105.63256454467773,44.546345,97.50851
193.5332908630371,104.03479385375977,36.6121,98.873726
195.04975509643555,101.4208755493164,30.246803,99.7883
195.39594745635986,99.89748764038086,27.92124,102.55422
191.23612594604492,100.8354721069336,33.461586,103.34189
187.2276840209961,103.91276550292969,39.800797,102.881
186.011869430542,105.50139236450195,42.066166,102.352394
182.5630111694336,106.38912582397461,48.71971,102.406334
181.4439697265625,107.5776252746582,54.251434,103.71241
182.8870506286621,110.37085342407227,54.713234,103.655556
186.1215934753418,110.6652603149414,53.72309,102.8363
189.4252529144287,110.1544075012207,49.729633,101.89805
190.37599754333496,110.34675979614258,46.72292,99.40766
193.2783966064453,109.51828384399414,39.713715,99.01374
198.5083065032959,108.36506652832031,33.501484,99.96596
201.32491874694824,109.32822036743164,32.083683,99.69749
201.50894927978516,108.16055297851562,32.27327,96.71834
203.4807300567627,107.61929321289062,38.489132,96.15814
207.3480453491211,104.84669876098633,44.769516,96.93969
209.38145446777344,103.84303283691406,48.874756,95.59741
209.79986763000488,101.47835540771484,52.04156,96.06871
208.09967803955078,100.28826904296875,52.31407,97.056305
205.31702041625977,99.07222747802734,47.518394,95.238144
202.7869110107422,98.36945724487305,42.61075,93.202675
198.8580207824707,99.47722244262695,36.99621,92.97408
196.53563117980957,97.03647994995117,30.615398,95.40769
195.32762050628662,96.82014465332031,28.08925,95.16081
191.96179008483887,91.94172668457031,31.394672,96.07094
186.82801055908203,88.11186599731445,38.09073,93.270515
188.419771194458,82.11909103393555,41.066418,94.19744
189.49806594848633,78.3564338684082,43.8816,95.281685
187.81689453125,76.83039474487305,46.96068,96.22674
187.60223770141602,78.30529022216797,48.86326,94.02902
189.8815803527832,77.06477355957031,48.252144,94.543076
192.19840812683105,78.43473434448242,46.514393,92.901726
193.54869651794434,80.4365234375,44.57575,93.39949
196.078125,86.51319885253906,39.56273,91.96419
198.57326698303223,90.15611267089844,34.49081,95.07201
202.14549922943115,95.95940780639648,27.621767,94.28222
202.8201322555542,98.73217010498047,28.402506,94.01225
199.8238582611084,103.02613830566406,32.320087,89.59305
196.4906120300293,105.33175659179688,37.709938,89.075836
195.91618537902832,108.66553115844727,43.710537,90.48812
198.17822265625,108.63750457763672,46.919647,92.33205
199.50110816955566,110.15127944946289,47.90379,96.59908
199.24546241760254,115.2768325805664,49.202312,93.804886
198.67083740234375,121.55540466308594,46.64682,91.347015
201.08255767822266,125.55783081054688,43.55403,88.26999
202.80539512634277,126.52175521850586,37.87044,91.249886
205.96594715118408,130.20109939575195,29.254614,90.856255
205.58877849578857,129.7346954345703,26.429651,92.552216
204.4572525024414,129.05864334106445,26.586258,94.46229
199.69802474975586,130.1314353942871,32.167305,93.98817
195.3556957244873,131.22520065307617,37.344944,93.536766
195.75734329223633,130.8057632446289,39.30477,91.06006
197.23989295959473,127.1609992980957,42.32179,92.8115
197.34671783447266,124.77624893188477,45.0157,93.22694
199.47822952270508,123.03084564208984,44.447746,91.49448
198.70799827575684,120.92549514770508,39.93709,84.99659
200.0704689025879,118.50199508666992,32.843742,87.77532
202.1907501220703,118.47787475585938,30.029709,83.34056
204.53265571594238,114.91466522216797,26.846523,85.71135
206.84907150268555,114.53375244140625,24.081932,79.74548
208.43794536590576,115.21999740600586,23.542704,79.84475
207.50854015350342,115.91041946411133,24.304575,67.82639
208.07777214050293,118.13535499572754,24.082417,62.03361
207.7714729309082,117.87602615356445,23.951698,65.7983
206.97469902038574,118.98197174072266,26.169437,69.12372
205.28633880615234,121.3133544921875,28.066193,68.053406
206.05661964416504,122.40226745605469,28.380611,64.96213
207.36888885498047,120.28059768676758,28.19757,68.01806
212.77795219421387,121.94379425048828,24.035908,66.01259
216.41354370117188,123.75259971618652,21.868134,61.407658
217.57890224456787,123.88346672058105,22.230028,54.647495
218.25611114501953,123.64705276489258,21.663132,52.713905
218.30616283416748,124.79826545715332,22.503626,49.870907
219.47750568389893,124.2344799041748,22.95696,49.827625
217.55187797546387,127.06598281860352,28.386417,45.633736
217.56593132019043,128.63132095336914,31.140186,46.313286
213.27191162109375,129.56115341186523,38.86844,43.836174
213.0706558227539,130.34173583984375,41.3136,44.892014
212.1956787109375,128.68659210205078,43.45511,47.246536
216.0080394744873,129.28532791137695,42.109974,47.672523
215.70285987854004,128.44435501098633,40.48521,51.053032
221.1598777770996,130.11754035949707,35.70022,55.564846
226.47650337219238,126.97763061523438,30.76942,61.4198
232.48280334472656,127.0287857055664,24.24199,65.67107
233.65561485290527,125.99000930786133,21.706059,66.92225
234.02164268493652,126.11372756958008,22.606525,71.848274
234.09216213226318,126.17778015136719,22.688417,69.36888
236.06025886535645,126.04013061523438,21.320324,72.07849
235.9052209854126,124.15663528442383,22.330091,77.729744
234.81345558166504,123.46633911132812,25.568005,80.02568
232.2134256362915,119.6046257019043,29.193602,82.70083
230.46576976776123,117.81219863891602,30.08819,84.44906
231.16418647766113,116.54986572265625,28.89561,74.85596
232.28822803497314,117.46870803833008,26.082357,73.39954
232.63211250305176,115.27534866333008,23.674114,77.123634
232.97725582122803,114.33905029296875,22.569368,76.31085
233.50993728637695,115.66631317138672,22.578102,71.89868
230.66790199279785,114.7842788696289,27.42155,73.514145
228.3383207321167,113.33212280273438,30.21287,74.95015
223.27312660217285,111.21661376953125,36.008022,76.45154
220.94539642333984,112.00791549682617,41.021484,77.18604
221.43565368652344,109.17747116088867,41.45256,80.656944
221.67999458312988,111.48897933959961,41.304867,77.99981
222.48827743530273,110.75854873657227,39.826836,79.0915
225.60011863708496,109.03596496582031,35.85349,80.83151
228.8395824432373,109.99594497680664,32.88808,79.57206
234.6160593032837,110.67304611206055,27.515425,79.98167
237.09496212005615,108.17667770385742,23.38968,81.15092
237.69459438323975,105.17158508300781,24.020037,85.3788
235.50665950775146,108.19430923461914,27.033846,83.415794
226.6909637451172,108.94637680053711,39.56169,85.68249
221.6645793914795,106.3133544921875,48.017902,87.040054
219.83544731140137,106.3096923828125,51.39385,87.07442
219.82195472717285,108.51253509521484,51.82861,84.961334
222.53587341308594,111.56573867797852,49.74907,83.56107
224.30950355529785,109.10438537597656,46.407406,85.765305
225.10958671569824,110.0905990600586,40.912067,85.67459
226.43510246276855,109.6209945678711,33.86678,85.06331
228.4730863571167,111.80619812011719,26.008799,83.160904
226.82843685150146,108.30755996704102,23.480349,87.94067
222.09402751922607,103.94062423706055,26.396692,92.98496
216.59353733062744,105.46564483642578,31.664915,91.287735
212.8473358154297,106.82267761230469,36.971085,89.18411
208.48091888427734,103.74118041992188,44.454453,91.86383
206.77215576171875,102.78995513916016,47.952393,92.23158
206.76540565490723,103.48097610473633,48.854656,92.1498
205.95185470581055,104.15230178833008,48.929848,90.634605
207.91423416137695,102.8628921508789,45.49279,90.855484
210.31009483337402,101.49040985107422,39.87215,90.57771
214.47033309936523,101.44252014160156,30.86213,91.20398
216.4411106109619,100.63469314575195,26.085506,93.50376
216.99312114715576,101.77805709838867,26.028788,93.32589
216.18583011627197,102.24676895141602,26.024641,90.281075
215.29804801940918,102.43343734741211,29.090961,90.83401
211.7350311279297,105.24320602416992,35.332382,88.63355
211.84600257873535,105.73401641845703,38.36204,89.94356
210.6712646484375,107.81374740600586,42.00528,88.19694
213.56707763671875,108.20990371704102,41.08731,88.93459
213.1408805847168,107.6940803527832,40.29249,86.35519
213.10288524627686,106.36334991455078,31.294916,76.85983
216.82675170898438,105.8351821899414,26.037125,71.24538
218.94933795928955,104.94071578979492,23.924383,74.317055
218.99818992614746,104.96232604980469,21.363361,68.05434
218.54296016693115,105.41135025024414,23.51349,70.79037
213.11162185668945,105.83464813232422,30.376793,70.66458
208.32980346679688,104.68662643432617,35.475586,71.23223
205.44348907470703,107.31056213378906,46.784668,69.29643
203.2372226715088,109.02098083496094,39.087093,68.08937
202.4391975402832,108.16501998901367,40.130836,67.94485
202.47885131835938,109.12939071655273,35.178177,70.00144
202.73596954345703,109.93422317504883,34.905212,63.575264
202.97702980041504,108.98501014709473,33.740597,61.860607
206.43804836273193,108.01318740844727,24.604967,62.885597
208.19093704223633,108.51492118835449,23.341835,62.16373
209.45921421051025,110.69043731689453,23.818068,62.22711
208.71904468536377,112.82662010192871,23.062338,62.31798
204.29137992858887,116.21005821228027,27.443348,61.338917
206.92969608306885,120.55048561096191,25.075499,60.334423
209.29157543182373,125.48814964294434,23.414698,59.650974
208.86091804504395,127.89810943603516,24.010952,58.721558
208.87982654571533,132.4704704284668,23.830893,56.982704
208.08131504058838,134.7538719177246,22.964018,55.25245
208.09679889678955,135.32708358764648,23.085485,55.80697
208.38764572143555,136.52333641052246,22.294136,56.99503
208.99249362945557,136.28997230529785,22.185438,59.599895
208.4472417831421,137.1565456390381,23.328875,60.68601
208.0776424407959,137.5220489501953,25.320988,58.19821
206.7419900894165,137.30367469787598,26.644712,59.59486
205.79795932769775,137.05704498291016,28.009108,62.52307
204.35678577423096,137.90166091918945,30.222204,64.06104
203.85281372070312,138.75083541870117,31.16513,63.15699
202.9075050354004,138.51001739501953,35.842552,64.637726
200.96913146972656,138.39921188354492,37.591354,67.8175
200.82309341430664,137.99091339111328,38.38659,70.20654
202.3452434539795,138.21173858642578,34.82044,71.24104
203.7100715637207,138.47165298461914,30.339134,70.767815
203.70571517944336,137.6487159729004,26.90577,72.931755
201.78125476837158,136.1792869567871,25.950659,74.223946
200.33300495147705,135.7414321899414,25.347876,76.16945
197.5505781173706,136.0388069152832,25.60592,76.95707
196.34124183654785,135.60340881347656,26.298397,77.184204
190.5005054473877,136.0063018798828,32.832012,78.4005
185.13031387329102,136.5048370361328,39.597664,78.22952
182.85622787475586,137.05425262451172,43.388603,79.008484
185.473726272583,136.90256881713867,42.38232,79.80686
188.62597846984863,136.9753646850586,40.968075,80.6125
192.5046730041504,137.21265411376953,38.21601,81.81334
194.96952056884766,136.8049201965332,32.72917,82.042076
199.2234983444214,137.05870056152344,27.16279,82.606766
202.31728744506836,136.20386123657227,24.599037,84.45777
204.0483913421631,136.08441162109375,26.351276,86.43123
206.28113746643066,135.9234962463379,27.518246,86.8368
205.47616577148438,136.95611953735352,32.168686,87.08372
204.81025314331055,137.06325149536133,35.753624,87.44488
205.034029006958,136.07960510253906,37.98982,87.53493
205.71064949035645,135.4899024963379,39.703747,86.422874
208.10699462890625,133.61677169799805,38.554184,86.918785
209.11726570129395,130.92236328125,37.790234,87.12378
211.62563514709473,129.37160873413086,33.247234,89.13166
209.69692420959473,127.37857055664062,34.686886,89.04808
213.4785966873169,125.50021362304688,29.070608,85.426575
214.5015697479248,122.8133430480957,27.705189,87.331795
213.7203073501587,122.78462982177734,28.645079,86.64731
213.79470539093018,121.61488723754883,28.06124,85.05433
212.1883955001831,121.783203125,29.466684,85.47945
207.2588405609131,120.76049041748047,36.599216,86.07103
205.66238403320312,121.41202545166016,39.243515,86.17453
204.75076293945312,121.99423599243164,41.617416,86.09104
203.59318923950195,121.60505676269531,41.94285,87.5986
204.47814750671387,122.8753890991211,39.90865,85.95326
205.96001434326172,123.16339874267578,35.537445,83.41153
205.7044162750244,124.0582389831543,32.674343,82.59315
206.86373329162598,124.0883560180664,27.480175,81.36185
204.23993396759033,123.57518005371094,26.547506,80.50995
204.2903594970703,124.3875961303711,25.993668,79.498505
203.67368125915527,123.90897369384766,26.83028,81.8163
202.4239273071289,125.01265716552734,28.462189,80.54756
201.84282207489014,124.59188461303711,29.37214,81.4181
198.17233276367188,125.2734260559082,33.196304,80.06376
189.43806838989258,125.67586135864258,41.34565,78.633385
186.90752792358398,125.58126449584961,41.52897,77.84002
187.34298515319824,122.738037109375,38.735737,78.15173
187.10147857666016,121.40336227416992,36.296906,78.14355
187.56308937072754,121.3944206237793,32.829235,76.1184
187.99418449401855,121.13387298583984,28.506077,74.87245
187.77729320526123,119.59397888183594,26.202219,74.82654
187.23523712158203,119.58941650390625,23.709381,74.380936
185.4755563735962,117.77910995483398,23.898207,74.76894
183.6224594116211,115.46884536743164,24.893753,73.81478
180.71150016784668,113.28477478027344,28.135273,73.61806
181.09683990478516,111.4940414428711,27.193207,72.4944
179.9433822631836,108.93140029907227,28.711548,71.308464
178.7897777557373,108.81755828857422,29.185627,69.96742
176.03633499145508,108.92660903930664,25.08294,66.33395
173.86212158203125,106.66180801391602,22.355865,64.30761
173.61941623687744,105.04933738708496,21.16371,61.256596
174.59353923797607,102.51932144165039,20.571527,61.15
174.8784875869751,99.62162780761719,20.900587,62.081467
172.64423370361328,96.98652267456055,23.734238,62.26992
168.1297845840454,96.73624992370605,29.437681,62.607456
166.62579536437988,95.01556587219238,32.406673,63.149624
161.9224967956543,94.94774055480957,36.027107,61.47984
158.8344383239746,95.93545341491699,38.208794,59.60033
157.29828453063965,95.84577941894531,38.606968,59.42726
152.9425277709961,94.11820220947266,42.722824,59.329453
151.68397331237793,94.5430850982666,41.309055,58.301632
151.00688362121582,93.41669273376465,39.27145,58.24573
153.50000381469727,92.78577423095703,33.66555,57.469833
157.65472602844238,93.18673324584961,26.953762,58.303993
157.86612606048584,91.19072914123535,24.011507,59.728985
158.40504550933838,91.7189884185791,20.55461,59.197674
156.47150039672852,92.31756210327148,21.185875,59.525978
156.3858232498169,92.49081611633301,21.17365,60.81541
150.89328479766846,95.93979072570801,26.739859,62.390224
143.82050800323486,94.40830993652344,31.969519,67.91901
142.05175018310547,97.45716857910156,32.417297,67.13893
143.06988716125488,99.16163635253906,29.636883,66.83269
142.9115753173828,97.96366500854492,28.621246,69.65301
144.6640453338623,96.62146759033203,26.645618,71.59308
146.86062622070312,96.50326919555664,24.856842,72.21726
147.38018035888672,96.06926727294922,22.535614,72.4153
146.0700454711914,95.9115104675293,21.418762,73.52535
143.77495098114014,94.36428451538086,24.741648,76.141914
140.33556938171387,94.07266998291016,29.82619,78.29874
137.18808364868164,93.5925064086914,31.728447,78.63652
134.64698219299316,96.04944610595703,34.424007,77.70056
132.64087295532227,96.52045440673828,36.591957,77.40219
131.2014446258545,95.28684997558594,37.795246,78.70543
130.29505920410156,93.09182739257812,39.316513,80.53685
130.02043533325195,94.25270462036133,39.411263,81.557945
131.8646583557129,92.44450378417969,35.843803,81.661194
136.34810829162598,90.94792175292969,27.83633,82.77959
137.2908878326416,91.13467025756836,25.538433,85.05059
137.19916343688965,92.96780014038086,24.716328,85.28831
138.6252908706665,93.44812774658203,25.356443,85.50247
137.20929527282715,95.03584289550781,28.763813,85.71115
132.94558715820312,97.71334075927734,37.143906,86.11484
131.71853637695312,98.31441497802734,41.396362,88.859375
132.78330421447754,103.02991485595703,44.063396,89.26456
136.1042995452881,104.96294784545898,44.74294,92.083336
140.38010215759277,106.55931091308594,43.405872,91.07277
144.32286643981934,106.15020751953125,38.837513,92.0634
150.93209075927734,106.26969528198242,36.665024,91.97939
162.65378379821777,106.42778015136719,31.929401,89.024475
170.79474925994873,107.27880859375,28.07229,88.54198
171.84092903137207,106.33929443359375,27.415142,90.60454
168.34262561798096,105.27064514160156,29.7396,92.52791
165.9035758972168,105.01939392089844,34.432503,93.50038
161.9820384979248,102.7071762084961,38.512928,95.955765
157.7332763671875,105.07904815673828,42.761185,94.64598
153.97708320617676,105.28949356079102,45.36204,95.57723
149.35157012939453,105.94897079467773,48.187042,96.10755
146.1894645690918,105.32422637939453,48.66143,97.30562
145.13982391357422,105.35354232788086,44.136383,95.62324
145.1359691619873,104.45048904418945,40.038746,95.788445
147.32947731018066,102.99471282958984,33.15231,96.36748
148.79759311676025,99.59153366088867,29.46144,99.79899
147.2544355392456,100.11067962646484,27.387857,100.08348
145.44565391540527,100.12649917602539,30.349613,97.89567
144.22050285339355,99.56869888305664,32.88735,99.39706
142.4497241973877,100.66997528076172,38.32118,101.6295
140.9504108428955,101.56814193725586,41.38249,100.26246
142.1138744354248,102.44818115234375,42.535633,99.42197
141.55810356140137,103.52425765991211,44.9352,99.15214
139.49027824401855,101.95562744140625,45.11333,100.773926
139.4761619567871,98.55685424804688,42.253197,99.900116
140.24793243408203,92.53926467895508,38.43399,103.229546
143.14228916168213,89.34347915649414,31.483747,100.35174
142.97992038726807,88.83784103393555,28.002699,94.59824
142.37036514282227,88.53321838378906,28.06234,96.99675
143.77234840393066,87.42224884033203,29.641994,95.53154
148.14303398132324,91.47608184814453,31.851673,93.15695
150.5152187347412,89.97944641113281,35.914127,95.90057
150.42251777648926,94.80659103393555,37.11146,90.97904
150.48617935180664,97.6186408996582,40.64765,92.87383
146.1888313293457,102.18294906616211,46.499245,88.49372
146.96746826171875,107.1245346069336,43.52263,80.7101
149.81137466430664,110.66264343261719,41.04194,77.31993
151.93647956848145,112.62057876586914,38.802013,76.23498
158.15335655212402,114.24444580078125,32.483677,77.34267
161.43156623840332,116.17644119262695,31.584042,77.42072
163.3632516860962,117.12051010131836,29.616743,77.887566
164.814679145813,119.08001708984375,28.878683,77.541565
164.11387252807617,121.2122573852539,29.566689,76.76932
163.2998752593994,121.04838562011719,29.52441,77.06741
161.2808074951172,123.22047424316406,30.460632,75.41406
158.65443515777588,123.91777420043945,30.694822,74.42582
155.99961471557617,124.84355545043945,29.783607,71.17191
154.97770309448242,122.87790298461914,29.223213,71.671425
155.5041675567627,118.72932052612305,27.221478,71.53742
156.9559144973755,114.66954803466797,23.785086,71.886475
157.3799533843994,108.67472839355469,22.59306,72.35286
154.2988166809082,102.1140022277832,26.005852,75.61515
152.3468360900879,98.86771011352539,30.088661,74.77189
151.9200382232666,93.68864822387695,33.812405,74.346565
152.7630615234375,89.32501220703125,35.427414,74.44696
155.50804138183594,85.4022331237793,36.690094,74.326195
157.20854568481445,84.97865295410156,38.32334,72.50548
157.03108978271484,84.48275756835938,38.710236,72.91733
156.9812126159668,84.94740295410156,39.701576,74.44597
158.97270011901855,85.28891372680664,38.16692,75.33228
159.47833824157715,85.53387451171875,37.429935,78.320496
160.6756362915039,88.01387786865234,34.998108,78.15755
160.78342628479004,91.74633026123047,32.66572,80.06795
159.47680187225342,96.71631622314453,29.542765,84.24994
159.6928367614746,101.46432113647461,25.3135,82.5176
157.3890256881714,105.23130416870117,25.86822,82.95104
151.8535442352295,108.15123748779297,28.412373,87.73416
142.22177696228027,112.74591827392578,35.38886,91.49594
136.4236011505127,116.9976806640625,38.917797,89.61116
133.67123985290527,119.05374145507812,40.34934,90.93257
135.22520065307617,118.49669647216797,38.302605,93.8645
137.6742649078369,120.99681091308594,36.18957,92.80046
139.3917121887207,119.77435684204102,34.34278,95.15403
142.7715892791748,118.52090454101562,31.205982,96.0428
145.97903156280518,117.66338729858398,29.546896,94.48707
147.4503574371338,116.78787612915039,28.43362,96.54185
146.9942808151245,114.24393844604492,28.877008,96.96093
143.03051376342773,112.47553253173828,32.72056,98.77896
144.61297798156738,109.46422958374023,33.298336,97.831184
145.2987289428711,107.33650207519531,36.007217,97.369354
145.2273006439209,104.13402938842773,39.093037,98.719185
145.50583267211914,102.65587997436523,40.82543,98.7429
148.39459991455078,100.42607116699219,42.583755,97.47662
148.51047706604004,97.5274887084961,40.89912,98.0381
150.8442783355713,94.92269134521484,37.53236,95.547134
152.64708137512207,92.8807258605957,35.41601,98.41781
154.56847190856934,90.94419860839844,34.19872,97.37488
158.4721336364746,88.6614990234375,30.788551,99.05237
160.47625827789307,88.99803161621094,28.359068,97.524536
160.71758651733398,89.76229858398438,28.06565,96.95409
158.42277145385742,89.42842102050781,31.23507,97.752304
153.41752243041992,89.91424179077148,35.630318,96.810875
152.12874031066895,90.99785232543945,38.055264,97.22788
151.3352165222168,91.2136459350586,38.834846,96.91449
150.11581230163574,92.44906234741211,39.243656,95.51473
148.4819450378418,91.45077896118164,36.183662,96.4452
147.17929649353027,90.09140396118164,34.06386,95.028114
146.67487812042236,88.20906448364258,30.93572,93.998344
143.34160614013672,90.07320785522461,29.642975,91.19077
141.03131008148193,89.17518997192383,30.165392,93.810356
138.41358852386475,86.89983749389648,31.428514,96.28301
134.69144248962402,86.04162216186523,34.58382,96.36042
135.69522094726562,84.35780334472656,35.139526,97.26303
133.31000900268555,82.08164596557617,39.08329,97.32102
135.17782974243164,80.44456100463867,39.102074,96.5207
136.0969181060791,79.99686813354492,39.98524,94.666084
136.49316215515137,76.51421737670898,39.87604,96.750435
137.42156410217285,74.79739379882812,39.71403,97.411316
139.75960159301758,71.44851303100586,37.9085,98.65504
142.70950508117676,71.6764907836914,35.94009,98.67622
147.63124084472656,70.58853530883789,32.05844,97.27816
152.8501491546631,69.9661865234375,30.669117,99.60263
161.5347900390625,71.89827728271484,29.136719,96.53075
164.64727020263672,74.79142379760742,28.253967,95.94167
164.3845615386963,81.16276550292969,29.87997,97.57817
165.28204154968262,85.76636505126953,32.277332,98.155365
165.0832405090332,88.9229850769043,34.99421,97.74285
164.9429531097412,96.8199691772461,35.258366,94.62833
163.45837211608887,97.42662048339844,36.508167,95.02931
166.61049842834473,99.92866134643555,33.719418,93.246605
167.81714344024658,100.94831466674805,31.672094,91.25193
166.75131034851074,100.7574691772461,29.649815,90.621994
165.90402698516846,103.3947525024414,28.136404,90.01999
165.07388019561768,103.87364959716797,29.462957,90.001114
163.33518981933594,105.44801330566406,30.92694,91.72044
160.82257461547852,106.90085220336914,32.1932,92.485435
157.2431926727295,109.61679077148438,33.140232,91.758484
153.90734481811523,112.95231246948242,33.878,91.363304
151.20728492736816,114.6730842590332,35.26193,87.90505
149.3691577911377,116.31750106811523,36.01829,89.014015
148.08212089538574,118.7196044921875,35.994755,86.02324
146.69285202026367,120.53496932983398,34.956673,82.957695
146.8730125427246,121.85433197021484,33.176476,80.10301
146.35187339782715,122.51114654541016,32.23142,79.11839
148.1571922302246,119.90742874145508,29.916924,81.37879
148.97015380859375,120.52511596679688,28.52156,82.140854
151.19685554504395,120.32612609863281,26.947979,83.17613
152.81109523773193,120.75513458251953,26.723085,83.600845
153.89268493652344,121.41969680786133,27.470734,83.12136
153.3446626663208,123.65206146240234,28.992239,81.69437
152.37930488586426,120.43007278442383,30.65289,82.40366
152.22602081298828,122.21270370483398,31.069183,80.322655
152.62784385681152,122.51520919799805,31.113194,79.82935
153.72256755828857,120.44906234741211,30.864893,80.71485
154.5317792892456,116.92137908935547,29.037897,81.32602
154.20538139343262,115.5560188293457,27.934956,80.39631
154.58607387542725,114.33108520507812,26.107134,78.924225
154.1378583908081,111.09066390991211,26.947626,78.66613
153.29265785217285,108.50893020629883,28.615124,78.624306
152.50252151489258,108.81524658203125,30.481392,76.885666
152.89265632629395,106.3595085144043,33.30621,77.22706
154.97492218017578,103.43618774414062,34.296753,78.58803
156.78955078125,100.36481857299805,35.45027,78.19634
156.98574447631836,98.85906982421875,36.776802,78.18045
158.48814582824707,96.00231552124023,37.256466,78.69228
159.0215835571289,96.1321907043457,36.792084,78.00309
160.3143653869629,93.97066497802734,35.566475,78.13571
161.51710510253906,91.75431823730469,33.763626,81.594635
163.48466968536377,92.65887451171875,30.58927,78.02202
164.20765113830566,91.92771530151367,29.512447,79.464455
165.15692615509033,91.5228271484375,26.719366,79.43634
165.35550689697266,92.73516464233398,26.092133,78.98327
167.11930561065674,93.49885940551758,25.49935,79.29658
161.7396068572998,93.32835388183594,31.081501,78.6685
163.14469528198242,93.30401992797852,32.638268,78.8724
163.72461128234863,94.06070709228516,33.368633,77.59056
165.26075744628906,92.99202346801758,32.886734,78.32937
166.713059425354,92.31403732299805,31.543562,78.830666
167.77116203308105,92.07881927490234,29.280476,79.30257
169.38705730438232,90.68429946899414,26.660639,80.6553
168.31261348724365,87.42343521118164,25.65294,84.1755
167.20580673217773,86.60297393798828,25.197334,84.82764
163.83360385894775,85.44014358520508,27.783873,86.520134
160.77839279174805,86.12891387939453,29.392677,86.16206
156.87175178527832,88.33015823364258,31.372753,85.69282
154.04389762878418,89.05036544799805,30.968693,84.45405
151.9307861328125,91.93959426879883,31.672089,82.5019
148.7177906036377,87.9927749633789,33.00691,87.3067
146.85754203796387,90.51244735717773,33.01462,84.36297
144.20891094207764,91.54248046875,31.888575,81.43309
141.14058780670166,90.00858688354492,31.533812,79.67405
141.3995122909546,88.67999649047852,29.776506,82.004845
140.68910598754883,86.70442962646484,27.367805,83.826706
139.60949039459229,85.69297409057617,25.84764,83.197105
138.65563583374023,85.8454360961914,23.496986,82.047104
136.7471170425415,85.65419006347656,24.796934,83.6293
135.09493446350098,84.45731353759766,26.598476,84.90047
131.85208225250244,83.9424934387207,29.922392,86.02326
131.36451244354248,85.5709457397461,30.221384,83.83211
132.2760305404663,86.87307739257812,30.163317,83.06416
132.6430721282959,85.59414672851562,29.332447,84.56996
132.7255802154541,85.18367385864258,28.017803,83.27366
132.14047622680664,84.33848571777344,26.496468,82.39848
132.18534469604492,85.01837921142578,25.75872,81.53731
131.57477378845215,85.15853118896484,25.479908,82.65494
130.8856496810913,88.34350204467773,26.193895,83.69529
131.51642990112305,91.58577346801758,27.096458,84.56454
133.01222610473633,96.55888748168945,27.935219,86.285225
133.55843257904053,102.2373046875,30.786043,84.920135
136.36931133270264,109.85845947265625,31.36117,83.35422
141.62197303771973,113.92884063720703,30.387615,82.91545
148.277250289917,116.40142822265625,32.48177,83.59204
149.94669151306152,117.66737747192383,32.275425,85.009575
150.97720050811768,118.25381469726562,30.31397,83.819855
152.65497207641602,119.15756225585938,29.101723,79.51396
152.18986892700195,118.23915481567383,27.509315,76.57093
150.80455493927002,112.08967971801758,26.507559,79.338234
151.4614610671997,109.60379028320312,25.307974,79.45793
152.56907844543457,106.60935592651367,24.017742,77.674934
152.213228225708,102.78113174438477,24.74818,77.260414
148.5278444290161,97.9089241027832,28.51673,78.13102
148.40672302246094,96.57813262939453,30.560669,78.90468
147.39180183410645,92.13497543334961,32.292446,80.99236
147.68303108215332,92.11966705322266,32.3587,79.03688
148.42781829833984,93.0687141418457,31.76921,76.55689
148.0351266860962,92.26161575317383,29.843016,75.59571
145.60651779174805,88.13758850097656,28.942055,78.23572
137.42995357513428,83.62940979003906,28.14783,84.8306
129.66350746154785,80.90922546386719,29.661098,89.38382
124.40535640716553,73.29634857177734,31.310183,100.33002
115.1006031036377,64.45270538330078,36.867336,112.94672
104.58293342590332,59.55921936035156,45.354702,124.45488
102.73037910461426,54.63710021972656,50.630825,132.93462
115.74511909484863,33.272613525390625,60.918423,155.74702
137.1853141784668,30.785736083984375,64.40226,155.37862
163.7535171508789,32.05719757080078,65.23076,147.07675
197.49432373046875,27.464866638183594,65.33075,144.0459
226.27605628967285,30.052978515625,56.677624,140.11671
213.3954906463623,28.523223876953125,61.26325,139.27153
207.7027473449707,22.385238647460938,56.744133,151.32637
224.51124954223633,25.15900421142578,56.54815,150.20667
243.1469612121582,24.18907928466797,50.38778,151.18045
240.00549697875977,24.046958923339844,52.56658,150.44373
235.46740913391113,23.787796020507812,51.701443,152.77052
227.91850662231445,29.523841857910156,57.890434,150.51254
219.56646728515625,34.59941864013672,61.723114,152.2937
224.3577003479004,47.97474670410156,61.03396,155.03566
230.3685531616211,53.225494384765625,63.027237,154.31477
230.81870079040527,59.889862060546875,60.813984,153.03133
224.52688789367676,73.6955795288086,54.28088,148.68204
212.61272811889648,88.01498413085938,53.71958,147.6227
200.00561904907227,100.59507751464844,49.072777,147.52583
191.9911651611328,104.63396453857422,46.763428,147.39087
183.9498348236084,107.17929077148438,47.05306,146.84947
178.2832317352295,106.61509704589844,50.00577,149.12865
167.78329467773438,106.67239379882812,55.487152,150.79216
161.9960174560547,104.86174774169922,57.556335,148.68457
162.4266586303711,102.01036834716797,60.61168,147.31305
164.6052188873291,99.16466522216797,62.932903,146.87411
166.6263256072998,93.49640655517578,62.03821,147.52441
170.34246444702148,90.61933898925781,63.257057,145.01161
176.20222282409668,90.71404266357422,62.359806,141.14615
182.69610977172852,89.31224822998047,58.03887,140.08917
186.53787231445312,90.64176940917969,54.184753,139.64687
188.2483730316162,87.96688842773438,50.409657,143.26561
189.03386306762695,92.50711822509766,47.23269,142.02136
184.14162826538086,100.23173522949219,44.637856,138.89613
180.1426944732666,103.30313110351562,46.80055,136.27129
178.36700057983398,105.25310516357422,49.855293,138.14853
172.43728828430176,104.89188385009766,52.85162,142.69315
